9.855161169621793553e+06 6.198594781667887901e+02
9.700844499801801518e+06 6.171012909512538727e+02
9.548403071823671460e+06 6.143452165930328874e+02
9.397820112426623702e+06 6.115912526973742160e+02
9.249078955584460869e+06 6.088393968726962839e+02
9.102163041947402060e+06 6.060896467305835813e+02
8.957055918286874890e+06 6.033419998857821156e+02
8.813741236943367869e+06 6.005964539561950915e+02
8.672202766385952011e+06 5.978531012440763561e+02
8.532424393135828897e+06 5.951119654422967642e+02
8.394390109619513154e+06 5.923730439278166386e+02
8.258084010495791212e+06 5.896363340812528122e+02
8.123490292138963006e+06 5.869018332868731704e+02
7.990593252124861814e+06 5.841695389325913084e+02
7.859377288719608448e+06 5.814394484099613010e+02
7.729826900371005759e+06 5.787115591141717914e+02
7.601926685202750377e+06 5.759858684440413299e+02
7.475661340511204675e+06 5.732623738020123483e+02
7.351015662264953367e+06 5.705410725941462715e+02
7.227974544606956653e+06 5.678219622301179470e+02
7.106522979359393939e+06 5.651050401232104150e+02
6.986646055531109683e+06 5.623903036903094517e+02
6.868328958827732131e+06 5.596777503518984531e+02
6.751556971164389513e+06 5.569673775320532059e+02
6.636315470180998556e+06 5.542591826584362025e+02
6.522589928760215640e+06 5.515531631622916393e+02
6.410365914547908120e+06 5.488493164784404144e+02
6.299629089476226829e+06 5.461476400452743292e+02
6.190365209289238788e+06 5.434481313047513140e+02
6.082560123071082868e+06 5.407507877023898573e+02
5.976199772776703350e+06 5.380556066872641168e+02
5.871270192765073851e+06 5.353625857119984630e+02
5.767757509334956296e+06 5.326717222327624768e+02
5.665647940263160504e+06 5.299830137092656059e+02
5.564927794345282018e+06 5.272964576047520495e+02
5.465583470938954502e+06 5.246120513859956418e+02
5.367601459509558976e+06 5.219297925232948501e+02
5.270968339178368449e+06 5.192496784904672040e+02
5.175670778273196891e+06 5.165717067648446346e+02
5.081695533881455660e+06 5.138958748272682442e+02
4.989029451405627653e+06 5.112221801620828501e+02
4.897659464121222496e+06 5.085506202571325503e+02
4.807572592737065628e+06 5.058811926037550393e+02
4.718755944958045147e+06 5.032138946967768902e+02
4.631196715050235391e+06 5.005487240345083251e+02
4.544882184459650889e+06 4.978856903723456071e+02
4.459799721588459797e+06 4.952247943639325740e+02
4.375936780263680033e+06 4.925660334841874146e+02
4.293280899034517817e+06 4.899094052115655131e+02
4.211819700751719996e+06 4.872549070280542765e+02
4.131540892149230000e+06 4.846025364191677909e+02
4.052432263428171165e+06 4.819522908739418199e+02
3.974481687843113206e+06 4.793041678849287450e+02
3.897677121290624142e+06 4.766581649481923364e+02
3.822006601900095120e+06 4.740142795633025798e+02
3.747458249626850244e+06 4.713725092333306748e+02
3.674020265847501811e+06 4.687328514648439750e+02
3.601680932957581244e+06 4.660953037679008730e+02
3.530428613971373066e+06 4.634598636560456839e+02
3.460251752124026418e+06 4.608265286463036432e+02
3.391138870475871488e+06 4.581952962591758478e+02
3.323078571518964600e+06 4.555661640186342538e+02
3.256059536785840522e+06 4.529391294521166742e+02
3.190070526460474357e+06 4.503141900905217199e+02
3.125100374000590295e+06 4.476912739070216389e+02
3.061137985408344772e+06 4.450703691335192502e+02
2.998172344066287391e+06 4.424514734775139004e+02
2.936192511042912956e+06 4.398345846495967066e+02
2.875187624702682719e+06 4.372197003634464636e+02
2.815146900318332482e+06 4.346068183358254942e+02
2.756059629685417749e+06 4.319959362865756134e+02
2.697915180739102885e+06 4.293870519386137516e+02
2.640702997173205949e+06 4.267801630179280892e+02
2.584412598061464261e+06 4.241752672535737929e+02
2.529033577481031418e+06 4.215723623776689806e+02
2.474555604138186201e+06 4.189714461253905711e+02
2.420968420996261295e+06 4.163725162349703055e+02
2.368261844905763399e+06 4.137755704476905407e+02
2.316425766236706171e+06 4.111806065078803272e+02
2.265450148513118736e+06 4.085876221629112024e+02
2.215325028049747925e+06 4.059966151631932689e+02
2.166040513590937015e+06 4.034075832621711584e+02
2.117586785951674450e+06 4.008205242163199387e+02
2.069954088467189111e+06 3.982352801281369921e+02
2.023132723070746521e+06 3.956517767475454548e+02
1.977113059802970616e+06 3.930700122363577975e+02
1.931885540831567487e+06 3.904899847586810893e+02
1.887440680070767878e+06 3.879116924809142120e+02
1.843769062803188339e+06 3.853351335717454731e+02
1.800861345304088434e+06 3.827603062021500477e+02
1.758708254468030063e+06 3.801872085453873638e+02
1.717300587437925395e+06 3.776158387769987144e+02
1.676629211236461066e+06 3.750461950748047002e+02
1.636685062399901683e+06 3.724782756189025577e+02
1.597459146614265861e+06 3.699120785916639420e+02
1.558942538353858516e+06 3.673476021777321989e+02
1.521126380522160092e+06 3.647848445640199770e+02
1.484001884095069952e+06 3.622238039397066700e+02
1.447560327766490867e+06 3.596644784962359722e+02
1.411793057596257189e+06 3.571068664273134345e+02
1.376691486660389462e+06 3.545509659289040201e+02
1.342247094703684328e+06 3.519967751992294325e+02
1.308451421727389097e+06 3.494441652016633384e+02
1.275296046597822802e+06 3.468926774728758460e+02
1.242772594727212097e+06 3.443423106731370922e+02
1.210872760171940783e+06 3.417930634640719632e+02
1.179588305219557136e+06 3.392449345086590142e+02
1.148911059978702804e+06 3.366979224712292194e+02
1.118832921971949516e+06 3.341520260174647206e+02
1.089345855731541989e+06 3.316072438143976910e+02
1.060441892398030031e+06 3.290635745304090847e+02
1.032113129321786575e+06 3.265210168352275559e+02
1.004351729667396983e+06 3.239795693999280388e+02
9.771499220209200867e+05 3.214392308969307805e+02
9.505000000000001164e+05 3.188999999999999773e+02
9.010000000000000000e+05 3.188999999999999773e+02
8.515000000000000000e+05 3.188999999999999773e+02
8.020000000000000000e+05 3.188999999999999773e+02
7.525000000000000000e+05 3.188999999999999773e+02
7.030000000000000000e+05 3.188999999999999773e+02
6.535000000000000000e+05 3.188999999999999773e+02
6.040000000000000000e+05 3.188999999999999773e+02
5.545000000000000000e+05 3.188999999999999773e+02
5.050000000000000000e+05 3.188999999999999773e+02
4.555000000000000000e+05 3.188999999999999773e+02
4.059999999999999418e+05 3.188999999999999773e+02
3.565000000000000000e+05 3.188999999999999773e+02
3.070000000000000000e+05 3.188999999999999773e+02
2.575000000000000291e+05 3.188999999999999773e+02
2.080000000000000000e+05 3.188999999999999773e+02
1.585000000000000000e+05 3.188999999999999773e+02
1.090000000000000146e+05 3.188999999999999773e+02
5.950000000000000000e+04 3.188999999999999773e+02
1.000000000000000000e+04 3.188999999999999773e+02
1.000000000000000000e+02 3.188999999999999773e+02
1.000000000000000000e+01 3.188999999999999773e+02
1.000000000000000000e+00 3.188999999999999773e+02
9.999999999999999167e-02 3.188999999999999773e+02
1.000000000000000021e-02 3.188999999999999773e+02
1.000000000000000021e-03 3.188999999999999773e+02
