9.972214899491693825e+06 7.188561719170020297e+02
9.846824721982840449e+06 7.163240806235369291e+02
9.722637129050558433e+06 7.137927642963702510e+02
9.599643912878867239e+06 7.112622224610183821e+02
9.477836903119865805e+06 7.087324546432816987e+02
9.357207966763038188e+06 7.062034603692450219e+02
9.237749008004987612e+06 7.036752391652770484e+02
9.119451968119740486e+06 7.011477905580308061e+02
9.002308831998730078e+06 6.986211941875106959e+02
8.886311633265417069e+06 6.960955161944390284e+02
8.771452447100611404e+06 6.935707560309485871e+02
8.657723384479196742e+06 6.910469131495277679e+02
8.545116592052483931e+06 6.885239870030200109e+02
8.433624252031058073e+06 6.860019770446240273e+02
8.323238582067992538e+06 6.834808827278934587e+02
8.213951835142551921e+06 6.809607035067369907e+02
8.105756299444278702e+06 6.784414388354181256e+02
7.998644298257519491e+06 6.759230881685550685e+02
7.892608189846405759e+06 6.734056509611207275e+02
7.787640367340223864e+06 6.708891266684424863e+02
7.683733258619237691e+06 6.683735147462023178e+02
7.580879326200904325e+06 6.658588146504364431e+02
7.479071067126568407e+06 6.633450258375353314e+02
7.378301012848494574e+06 6.608321477642434729e+02
7.278561729117427953e+06 6.583201798876597195e+02
7.179845815870462917e+06 6.558091216652366029e+02
7.082145907119432464e+06 6.532989725547805619e+02
6.985454670839636587e+06 6.507897320144518289e+02
6.889764808859041892e+06 6.482813995027642022e+02
6.795069056747871451e+06 6.457739744785851599e+02
6.701360183708625846e+06 6.432674564011355187e+02
6.608630992466504686e+06 6.407618447299894342e+02
6.516874319160250016e+06 6.382571389250744005e+02
6.426083033233398572e+06 6.357533384466709094e+02
6.336250037325971760e+06 6.332504427554126778e+02
6.247368267166533507e+06 6.307484513122861927e+02
6.159430691464700736e+06 6.282473635786309387e+02
6.072430311804033816e+06 6.257471790161391709e+02
5.986360162535348907e+06 6.232478970868555734e+02
5.901213310670444742e+06 6.207495172531774870e+02
5.816982855776240118e+06 6.182520389778547951e+02
5.733661929869297892e+06 6.157554617239896970e+02
5.651243697310768999e+06 6.132597849550365936e+02
5.569721354701736011e+06 6.107650081348019739e+02
5.489088130778985098e+06 6.082711307274445289e+02
5.409337286311145872e+06 6.057781521974748102e+02
5.330462113995259628e+06 6.032860720097552303e+02
5.252455938353746198e+06 6.007948896295000623e+02
5.175312120008037426e+06 5.983046729565787700e+02
5.099024057410137728e+06 5.958154534674022216e+02
5.023585182155960239e+06 5.933272305476245947e+02
4.948988956798861735e+06 5.908400035833258244e+02
4.875228874755050056e+06 5.883537719610116028e+02
4.802298460209329613e+06 5.858685350676129246e+02
4.730191268021243624e+06 5.833842922904859734e+02
4.658900883631565608e+06 5.809010430174122348e+02
4.588420922969147563e+06 5.784187866365978152e+02
4.518745032358162105e+06 5.759375225366737823e+02
4.449866888425668702e+06 5.734572501066955965e+02
4.381780198009583168e+06 5.709779687361432252e+02
4.314478698066973127e+06 5.684996778149208012e+02
4.247956155582747422e+06 5.660223767333565092e+02
4.182206367478683125e+06 5.635460648822024723e+02
4.117223160522837657e+06 5.610707416526344105e+02
4.053000391239300836e+06 5.585964064362516410e+02
3.989531945818323176e+06 5.561230586250768511e+02
3.926811740026798099e+06 5.536506976115558700e+02
3.864833719119105954e+06 5.511793227885576698e+02
3.803591857748320792e+06 5.487089335493739100e+02
3.743080159877782688e+06 5.462395292877191650e+02
3.683292658693007659e+06 5.437711093977302426e+02
3.624223416513989680e+06 5.413036732739665240e+02
3.565866524707833305e+06 5.388372203114093963e+02
3.508216103601769544e+06 5.363717499054624795e+02
3.451266302396508399e+06 5.339072614519510580e+02
3.395011299079965800e+06 5.314437543471220806e+02
3.339445300341351889e+06 5.289812279876441607e+02
3.284562541485599708e+06 5.265196817706072352e+02
3.230357286348169204e+06 5.240591150935222231e+02
3.176823827210204210e+06 5.215995273543212534e+02
3.123956484714048449e+06 5.191409179513572099e+02
3.071749607779120561e+06 5.166832862834037314e+02
3.020197573518143035e+06 5.142266317496548709e+02
2.969294787153732497e+06 5.117709537497250949e+02
2.919035681935355999e+06 5.093162516836490568e+02
2.869414719056625385e+06 5.068625249518813689e+02
2.820426387572969310e+06 5.044097729552964893e+02
2.772065204319664277e+06 5.019579950951886644e+02
2.724325714032228570e+06 4.995071950414347839e+02
2.677202490049940068e+06 4.970573891380513487e+02
2.630690133983789012e+06 4.946085767675987199e+02
2.584783274816419929e+06 4.921607573130761466e+02
2.539476568823275622e+06 4.897139301579217090e+02
2.494764699494082015e+06 4.872680946860120343e+02
2.450642377454695757e+06 4.848232502816621263e+02
2.407104340389299206e+06 4.823793963296251945e+02
2.364145352962946985e+06 4.799365322150925408e+02
2.321760206744474825e+06 4.774946573236932750e+02
2.279943720129749272e+06 4.750537710414941444e+02
2.238690738265282940e+06 4.726138727549993632e+02
2.197996132972204126e+06 4.701749618511505560e+02
2.157854802670568228e+06 4.677370377173263591e+02
2.118261672304037958e+06 4.653000997413423647e+02
2.079211693264917471e+06 4.628641473114509495e+02
2.040699843319537351e+06 4.604291798163410476e+02
2.002721126533996779e+06 4.579951966451380372e+02
1.965270573200271931e+06 4.555621971874035125e+02
1.928343239762668964e+06 4.531301808331351140e+02
1.891934208744642790e+06 4.506991469727663002e+02
1.856038586832564324e+06 4.482690484699165836e+02
1.820651504174375208e+06 4.458398659768785137e+02
1.785768116255311994e+06 4.434115989430983404e+02
1.751383604585225461e+06 4.409842468184019140e+02
1.717493176623201696e+06 4.385578090529946849e+02
1.684092065702572698e+06 4.361322850974614198e+02
1.651175530956306728e+06 4.337076744027662016e+02
1.618738857242781669e+06 4.312839764202522019e+02
1.586777355071939994e+06 4.288611906016417379e+02
1.555286360531829996e+06 4.264393163990359881e+02
1.524261235215528402e+06 4.240183532649149356e+02
1.493697366148453671e+06 4.215983006521372545e+02
1.463590165716063930e+06 4.191791580139401958e+02
1.433935071591941873e+06 4.167609248039395311e+02
1.404727546666266629e+06 4.143436004761292679e+02
1.375963078974680277e+06 4.119271844848817636e+02
1.347637181627542479e+06 4.095116762849474412e+02
1.319745392739576055e+06 4.070970753314547892e+02
1.292283275359905791e+06 4.046833810799100775e+02
1.265246417402493069e+06 4.022705929861974710e+02
1.238630431244266452e+06 3.998587003929474690e+02
1.212430948386316421e+06 3.974475403243202436e+02
1.186643620074250735e+06 3.950371123383641248e+02
1.161264122712360695e+06 3.926274159934123418e+02
1.136288157785731601e+06 3.902184508480829663e+02
1.111711451782807475e+06 3.878102164612789124e+02
1.087529756118399324e+06 3.854027123921878228e+02
1.063738847057148116e+06 3.829959382002821258e+02
1.040334525637438055e+06 3.805898934453189781e+02
1.017312617595762364e+06 3.781845776873402656e+02
9.946689732915480854e+05 3.757799904866726024e+02
9.723994676324323518e+05 3.733761314039272179e+02
9.505000000000001164e+05 3.709730000000000132e+02
9.010000000000000000e+05 3.709730000000000132e+02
8.515000000000000000e+05 3.709730000000000132e+02
8.020000000000000000e+05 3.709730000000000132e+02
7.525000000000000000e+05 3.709730000000000132e+02
7.030000000000000000e+05 3.709730000000000132e+02
6.535000000000000000e+05 3.709730000000000132e+02
6.040000000000000000e+05 3.709730000000000132e+02
5.545000000000000000e+05 3.709730000000000132e+02
5.050000000000000000e+05 3.709730000000000132e+02
4.555000000000000000e+05 3.709730000000000132e+02
4.059999999999999418e+05 3.709730000000000132e+02
3.565000000000000000e+05 3.709730000000000132e+02
3.070000000000000000e+05 3.709730000000000132e+02
2.575000000000000291e+05 3.709730000000000132e+02
2.080000000000000000e+05 3.709730000000000132e+02
1.585000000000000000e+05 3.709730000000000132e+02
1.090000000000000146e+05 3.709730000000000132e+02
5.950000000000000000e+04 3.709730000000000132e+02
1.000000000000000000e+04 3.709730000000000132e+02
1.000000000000000000e+02 3.709730000000000132e+02
1.000000000000000000e+01 3.709730000000000132e+02
1.000000000000000000e+00 3.709730000000000132e+02
9.999999999999999167e-02 3.709730000000000132e+02
1.000000000000000021e-02 3.709730000000000132e+02
1.000000000000000021e-03 3.709730000000000132e+02
