9.971452469110660255e+06 7.264238669859990978e+02
9.920416876150105149e+06 7.253736624474573773e+02
9.869584083033548668e+06 7.243236992319210685e+02
9.818953492399219424e+06 7.232739772504386337e+02
9.768524508174501359e+06 7.222244964141026458e+02
9.718296535573575646e+06 7.211752566340495605e+02
9.668268981095045805e+06 7.201262578214598307e+02
9.618441252519629896e+06 7.190774998875579058e+02
9.568812758907742798e+06 7.180289827436118912e+02
9.519382910597212613e+06 7.169807063009338890e+02
9.470151119200909510e+06 7.159326704708798843e+02
9.421116797604424879e+06 7.148848751648496318e+02
9.372279359963724390e+06 7.138373202942866556e+02
9.323638221702840179e+06 7.127900057706782491e+02
9.275192799511523917e+06 7.117429315055553616e+02
9.226942511342963204e+06 7.106960974104928255e+02
9.178886776411427185e+06 7.096495033971090152e+02
9.131025015189990401e+06 7.086031493770659608e+02
9.083356649408215657e+06 7.075570352620692347e+02
9.035881102049859241e+06 7.065111609638682921e+02
8.988597797350553796e+06 7.054655263942557895e+02
8.941506160795552656e+06 7.044201314650681525e+02
8.894605619117418304e+06 7.033749760881853490e+02
8.847895600293740630e+06 7.023300601755306616e+02
8.801375533544870093e+06 7.012853836390710285e+02
8.755044849331632257e+06 7.002409463908165890e+02
8.708902979999862611e+06 6.991967680015821998e+02
8.662949359960431233e+06 6.981528542667987267e+02
8.617183425030436367e+06 6.971092050841594983e+02
8.571604612235704437e+06 6.960658203514099114e+02
8.526212359808657318e+06 6.950226999663475453e+02
8.481006107186213136e+06 6.939798438268220480e+02
8.435985295007638633e+06 6.929372518307349083e+02
8.391149365112479776e+06 6.918949238760397975e+02
8.346497760538415052e+06 6.908528598607422282e+02
8.302029925519189797e+06 6.898110596828997814e+02
8.257745305482487194e+06 6.887695232406216519e+02
8.213643347047850490e+06 6.877282504320692169e+02
8.169723498024599627e+06 6.866872411554554674e+02
8.125985207409722731e+06 6.856464953090452354e+02
8.082427925385806710e+06 6.846060127911550808e+02
8.039051103318959475e+06 6.835657935001534042e+02
7.995854193756726570e+06 6.825258373344602205e+02
7.952836650426026434e+06 6.814861441925471581e+02
7.909997928231080994e+06 6.804467139729375731e+02
7.867337483251358382e+06 6.794075465742064353e+02
7.824854772739495151e+06 6.783686418949802146e+02
7.782549255119248293e+06 6.773299998339368813e+02
7.740420389983460307e+06 6.762916202898060192e+02
7.698467638091986068e+06 6.752535031613685987e+02
7.656690461369662546e+06 6.742156483474569768e+02
7.615088322904263623e+06 6.731780557469550104e+02
7.573660686944459565e+06 6.721407252587979428e+02
7.532407018897789530e+06 6.711036567819721768e+02
7.491326785328631289e+06 6.700668502155157285e+02
7.450419453956169076e+06 6.690303054585176596e+02
7.409684493652379140e+06 6.679940224101183048e+02
7.369121374440010637e+06 6.669580009695092713e+02
7.328729567490556277e+06 6.659222410359332116e+02
7.288508545122277923e+06 6.648867425086841649e+02
7.248457780798153952e+06 6.638515052871071020e+02
7.208576749123903923e+06 6.628165292705980391e+02
7.168864925845999271e+06 6.617818143586042652e+02
7.129321787849616259e+06 6.607473604506237734e+02
7.089946813156710006e+06 6.597131674462058299e+02
7.050739480923986994e+06 6.586792352449505188e+02
7.011699271440917626e+06 6.576455637465089694e+02
6.972825666127770208e+06 6.566121528505830156e+02
6.934118147533633746e+06 6.555790024569254228e+02
6.895576199334424920e+06 6.545461124653397746e+02
6.857199306330953725e+06 6.535134827756805862e+02
6.818986954446913674e+06 6.524811132878529634e+02
6.780938630726955831e+06 6.514490039018128300e+02
6.743053823334703222e+06 6.504171545175667006e+02
6.705332021550819278e+06 6.493855650351719078e+02
6.667772715771029703e+06 6.483542353547363746e+02
6.630375397504201159e+06 6.473231653764186149e+02
6.593139559370375238e+06 6.462923550004277331e+02
6.556064695098834112e+06 6.452618041270233107e+02
6.519150299526171759e+06 6.442315126565155197e+02
6.482395868594354019e+06 6.432014804892650091e+02
6.445800899348780513e+06 6.421717075256827911e+02
6.409364889936374500e+06 6.411421936662303551e+02
6.373087339603647590e+06 6.401129388114196672e+02
6.336967748694784939e+06 6.390839428618128295e+02
6.301005618649724871e+06 6.380552057180224210e+02
6.265200452002252452e+06 6.370267272807112704e+02
6.229551752378095873e+06 6.359985074505925695e+02
6.194059024493010715e+06 6.349705461284295325e+02
6.158721774150878191e+06 6.339428432150357366e+02
6.123539508241810836e+06 6.329153986112747816e+02
6.088511734740266576e+06 6.318882122180605165e+02
6.053637962703146972e+06 6.308612839363569265e+02
6.018917702267915010e+06 6.298346136671780187e+02
5.984350464650707319e+06 6.288082013115877089e+02
5.949935762144456618e+06 6.277820467707001626e+02
5.915673108117016032e+06 6.267561499456793399e+02
5.881562017009285279e+06 6.257305107377392233e+02
5.847602004333342426e+06 6.247051290481437036e+02
5.813792586670566350e+06 6.236800047782064667e+02
5.780133281669796444e+06 6.226551378292912204e+02
5.746623608045456000e+06 6.216305281028114678e+02
5.713263085575698875e+06 6.206061755002302789e+02
5.680051235100557096e+06 6.195820799230607463e+02
5.646987578520107083e+06 6.185582412728656436e+02
5.614071638792598620e+06 6.175346594512573120e+02
5.581302939932632260e+06 6.165113343598978872e+02
5.548681007009319030e+06 6.154882659004991865e+02
5.516205366144432686e+06 6.144654539748223669e+02
5.483875544510595500e+06 6.134428984846784942e+02
5.451691070329439826e+06 6.124205993319279742e+02
5.419651472869788297e+06 6.113985564184807799e+02
5.387756282445826568e+06 6.103767696462963386e+02
5.356005030415288173e+06 6.093552389173835309e+02
5.324397249177652411e+06 6.083339641338008050e+02
5.292932472172307782e+06 6.073129451976557220e+02
5.261610233876774088e+06 6.062921820111055240e+02
5.230430069804876111e+06 6.052716744763565657e+02
5.199391516504948959e+06 6.042514224956644284e+02
5.168494111558048055e+06 6.032314259713342608e+02
5.137737393576150760e+06 6.022116848057202105e+02
5.107120902200360782e+06 6.011921989012257654e+02
5.076644178099126555e+06 6.001729681603034123e+02
5.046306763315097429e+06 5.991540063017082502e+02
5.016108201327638701e+06 5.981353160420020458e+02
4.986048036697142757e+06 5.971168972724636888e+02
4.956125814991495572e+06 5.960987498844289121e+02
4.926341082784377038e+06 5.950808737692904060e+02
4.896693387653577141e+06 5.940632688184974768e+02
4.867182278179315850e+06 5.930459349235562740e+02
4.837807303942552768e+06 5.920288719760297909e+02
4.808568015523320995e+06 5.910120798675377500e+02
4.779463964499033988e+06 5.899955584897562630e+02
4.750494703442836180e+06 5.889793077344183985e+02
4.721659785921913572e+06 5.879633274933136136e+02
4.692958766495845281e+06 5.869476176582880953e+02
4.664391200714923441e+06 5.859321781212443057e+02
4.635956645118509419e+06 5.849170087741414363e+02
4.607654657233364880e+06 5.839021095089950677e+02
4.579484795572007075e+06 5.828874802178770551e+02
4.551446619631052949e+06 5.818731207929157563e+02
4.523539689889579080e+06 5.808590311262959176e+02
4.495763567807462066e+06 5.798452111102584468e+02
4.468117815823753364e+06 5.788316606371006401e+02
4.440601997355029918e+06 5.778183795991759553e+02
4.413215676793770865e+06 5.768053678888941249e+02
4.385958419506715611e+06 5.757926253987210430e+02
4.358829791833232157e+06 5.747801520211786510e+02
4.331829361083696596e+06 5.737679476488449382e+02
4.304956695537871681e+06 5.727560121743540549e+02
4.278211364443287253e+06 5.717443454903961992e+02
4.251592938013613224e+06 5.707329474897175032e+02
4.225100987427053973e+06 5.697218180651200328e+02
4.198735084824735299e+06 5.687109571094616740e+02
4.172494803309099749e+06 5.677003645156563607e+02
4.146379716942294035e+06 5.666900401766738469e+02
4.120389400744574144e+06 5.656799839855395930e+02
4.094523430692702532e+06 5.646701958353348800e+02
4.068781383718347177e+06 5.636606756191966952e+02
4.043162837706498802e+06 5.626514232303177323e+02
4.017667371493873186e+06 5.616424385619463919e+02
3.992294564867327921e+06 5.606337215073866673e+02
3.967043998562275898e+06 5.596252719599981447e+02
3.941915254261103924e+06 5.586170898131958893e+02
3.916907914591591805e+06 5.576091749604506731e+02
3.892021563125345390e+06 5.566015272952886335e+02
3.867255784376213327e+06 5.555941467112912733e+02
3.842610163798731752e+06 5.545870331020956883e+02
3.818084287786540110e+06 5.535801863613943397e+02
3.793677743670829106e+06 5.525736063829349405e+02
3.769390119718771894e+06 5.515672930605204556e+02
3.745221005131980404e+06 5.505612462880092153e+02
3.721169990044937003e+06 5.495554659593149154e+02
3.697236665523446631e+06 5.485499519684061625e+02
3.673420623563091271e+06 5.475447042093070422e+02
3.649721457087676972e+06 5.465397225760965512e+02
3.626138759947697632e+06 5.455350069629088239e+02
3.602672126918786671e+06 5.445305572639331331e+02
3.579321153700189665e+06 5.435263733734136622e+02
3.556085436913224403e+06 5.425224551856497328e+02
3.532964574099745601e+06 5.415188025949955772e+02
3.509958163720623590e+06 5.405154154958603385e+02
3.487065805154216010e+06 5.395122937827079568e+02
3.464287098694838118e+06 5.385094373500573965e+02
3.441621645551254507e+06 5.375068460924823057e+02
3.419069047845152207e+06 5.365045199046111293e+02
3.396628908609632403e+06 5.355024586811271092e+02
3.374300831787697971e+06 5.345006623167682847e+02
3.352084422230739612e+06 5.334991307063272643e+02
3.329979285697036423e+06 5.324978637446512266e+02
3.307985028850249946e+06 5.314968613266421471e+02
3.286101259257923812e+06 5.304961233472563435e+02
3.264327585389988031e+06 5.294956497015049308e+02
3.242663616617267951e+06 5.284954402844533661e+02
3.221108963209984358e+06 5.274954949912216762e+02
3.199663236336275935e+06 5.264958137169843440e+02
3.178326048060698900e+06 5.254963963569700809e+02
3.157097011342756450e+06 5.244972428064620544e+02
3.135975740035417024e+06 5.234983529607978880e+02
3.114961848883627914e+06 5.224997267153693201e+02
3.094054953522853088e+06 5.215013639656224314e+02
3.073254670477594715e+06 5.205032646070576448e+02
3.052560617159921210e+06 5.195054285352293846e+02
3.031972411868011113e+06 5.185078556457464174e+02
3.011489673784676008e+06 5.175105458342713973e+02
2.991112022975916509e+06 5.165134989965213208e+02
2.970839080389451236e+06 5.155167150282671855e+02
2.950670467853270471e+06 5.145201938253339904e+02
2.930605808074173518e+06 5.135239352836006219e+02
2.910644724636334460e+06 5.125279392990000815e+02
2.890786841999842785e+06 5.115322057675192582e+02
2.871031785499265417e+06 5.105367345851988716e+02
2.851379181342205498e+06 5.095415256481335291e+02
2.831828656607861631e+06 5.085465788524716118e+02
2.812379839245597832e+06 5.075518940944153883e+02
2.793032358073506970e+06 5.065574712702208444e+02
2.773785842776978388e+06 5.055633102761976261e+02
2.754639923907275777e+06 5.045694110087090962e+02
2.735594232880113181e+06 5.035757733641723348e+02
2.716648401974226814e+06 5.025823972390579115e+02
2.697802064329965040e+06 5.015892825298901130e+02
2.679054853947866708e+06 5.005964291332467155e+02
2.660406405699751806e+06 4.996038376182503384e+02
2.641856355345785152e+06 4.986115088930315551e+02
2.623404339519987814e+06 4.976194428531061362e+02
2.605049995709844399e+06 4.966276393940441380e+02
2.586792962254902814e+06 4.956360984114699022e+02
2.568632878345390316e+06 4.946448198010619990e+02
2.550569384020817932e+06 4.936538034585532273e+02
2.532602120168595109e+06 4.926630492797305010e+02
2.514730728522645775e+06 4.916725571604349057e+02
2.496954851662029047e+06 4.906823269965616419e+02
2.479274133009559475e+06 4.896923586840599683e+02
2.461688216830432415e+06 4.887026521189332016e+02
2.444196748230844270e+06 4.877132071972385461e+02
2.426799373156632762e+06 4.867240238150873211e+02
2.409495738391899969e+06 4.857351018686446764e+02
2.392285491557652131e+06 4.847464412541296497e+02
2.375168281110435724e+06 4.837580418678152228e+02
2.358143756340977270e+06 4.827699036060281514e+02
2.341211567372827325e+06 4.817820263651489654e+02
2.324371365161002614e+06 4.807944100416119682e+02
2.307622801490642130e+06 4.798070545319052371e+02
2.290965528975650668e+06 4.788199597325705099e+02
2.274399201057351660e+06 4.778331255402031275e+02
2.257923472003150266e+06 4.768465518514521477e+02
2.241537996905187611e+06 4.758602385630201752e+02
2.225242431679002009e+06 4.748741855716633609e+02
2.209036433062195778e+06 4.738883927741913453e+02
2.192919658613098785e+06 4.729028600674673726e+02
2.176891766709439456e+06 4.719175873484080057e+02
2.160952416547018569e+06 4.709325745139833543e+02
2.145101268138383050e+06 4.699478214612168472e+02
2.129337982311499305e+06 4.689633280871852321e+02
2.113662220708440989e+06 4.679790942890186898e+02
2.098073645784064196e+06 4.669951199639005495e+02
2.082571920804698253e+06 4.660114050090675164e+02
2.067156709846830927e+06 4.650279493218094444e+02
2.051827677795798285e+06 4.640447527994693928e+02
2.036584490344478050e+06 4.630618153394435694e+02
2.021426813991989475e+06 4.620791368391812739e+02
2.006354316042387858e+06 4.610967171961850113e+02
1.991366664603363723e+06 4.601145563080101510e+02
1.976463528584951535e+06 4.591326540722652680e+02
1.961644577698231675e+06 4.581510103866118016e+02
1.946909482454041718e+06 4.571696251487641689e+02
1.932257914161688183e+06 4.561884982564897086e+02
1.917689544927658280e+06 4.552076296076086805e+02
1.903204047654338647e+06 4.542270190999941519e+02
1.888801096038733609e+06 4.532466666315720545e+02
1.874480364571188577e+06 4.522665721003210706e+02
1.860241528534112033e+06 4.512867354042726333e+02
1.846084264000703115e+06 4.503071564415109265e+02
1.832008247714244993e+06 4.493278274528987595e+02
1.818013157035363140e+06 4.483487448445416135e+02
1.804098670063161291e+06 4.473699085224008059e+02
1.790264465689042583e+06 4.463913183924848340e+02
1.776510223595396848e+06 4.454129743608493186e+02
1.762835624254296999e+06 4.444348763335970034e+02
1.749240348926195642e+06 4.434570242168777554e+02
1.735724079658624250e+06 4.424794179168885080e+02
1.722286499284898397e+06 4.415020573398732040e+02
1.708927291422819253e+06 4.405249423921229095e+02
1.695646140473383944e+06 4.395480729799755295e+02
1.682442731619498227e+06 4.385714490098160354e+02
1.669316750824685441e+06 4.375950703880762944e+02
1.656267884831805481e+06 4.366189370212350696e+02
1.643295821161772823e+06 4.356430488158179628e+02
1.630400248112277593e+06 4.346674056783974720e+02
1.617580854756512213e+06 4.336920075155928771e+02
1.604837330941894790e+06 4.327168542340702970e+02
1.592169367288801353e+06 4.317419457405425192e+02
1.579576655189295299e+06 4.307672819417691130e+02
1.567058886805866612e+06 4.297928627445563734e+02
1.554615755070165964e+06 4.288186880557572067e+02
1.542246953681745799e+06 4.278447577822711878e+02
1.529952177106804680e+06 4.268710718310445031e+02
1.517731120576930000e+06 4.258976301090699508e+02
1.505583480087850476e+06 4.249244325233868267e+02
1.493508952398182591e+06 4.239514789810810385e+02
1.481507235028188908e+06 4.229787693892849916e+02
1.469578026258531725e+06 4.220063036551774758e+02
1.457721025129030691e+06 4.210340816859838355e+02
1.445935931437427178e+06 4.200621033889757427e+02
1.434222445738147944e+06 4.190903686714712535e+02
1.422580269341073465e+06 4.181188774408349218e+02
1.411009104310302762e+06 4.171476296044774585e+02
1.399508653462931281e+06 4.161766250698560157e+02
1.388078620367822703e+06 4.152058637444739588e+02
1.376718709344386822e+06 4.142353455358808674e+02
1.365428625461361837e+06 4.132650703516726480e+02
1.354208074535594787e+06 4.122950380994913075e+02
1.343056763130828505e+06 4.113252486870250095e+02
1.331974398556489963e+06 4.103557020220081313e+02
1.320960688866480486e+06 4.093863980122210933e+02
1.310015342857969459e+06 4.084173365654904728e+02
1.299138070070190588e+06 4.074485175896888336e+02
1.288328580783239566e+06 4.064799409927347256e+02
1.277586586016878020e+06 4.055116066825927987e+02
1.266911797529336065e+06 4.045435145672736326e+02
1.256303927816118114e+06 4.035756645548337360e+02
1.245762690108814742e+06 4.026080565533755475e+02
1.235287798373911297e+06 4.016406904710473214e+02
1.224878967311605811e+06 4.006735662160432980e+02
1.214535912224461790e+06 3.997066735894615590e+02
1.204258348722056486e+06 3.987399893053631672e+02
1.194045992859784979e+06 3.977735132904262514e+02
1.183898561439726269e+06 3.968072454713637853e+02
1.173815772009335691e+06 3.958411857749235878e+02
1.163797342860137811e+06 3.948753341278882090e+02
1.153842993026419776e+06 3.939096904570749302e+02
1.143952442283935379e+06 3.929442546893358212e+02
1.134125411148602376e+06 3.919790267515576261e+02
1.124361620875213062e+06 3.910140065706618770e+02
1.114660793456136947e+06 3.900491940736046672e+02
1.105022651620034827e+06 3.890845891873768210e+02
1.095446918830573559e+06 3.881201918390037804e+02
1.085933319285140838e+06 3.871560019555456051e+02
1.076481577913568355e+06 3.861920194640969157e+02
1.067091420376852155e+06 3.852282442917870071e+02
1.057762573065880453e+06 3.842646763657796782e+02
1.048494763100161217e+06 3.833013156132732320e+02
1.039287718326556263e+06 3.823381619615005889e+02
1.030141167318014428e+06 3.813752153377290028e+02
1.021054839372311370e+06 3.804124756692604024e+02
1.012028464510789374e+06 3.794499428834310493e+02
1.003061773477099370e+06 3.784876169076116526e+02
9.941544977359531913e+05 3.775254976692073683e+02
9.853063694718672195e+05 3.765635850956577428e+02
9.765171215879213996e+05 3.756018791144367697e+02
9.677864877045088215e+05 3.746403796530526620e+02
9.591142021580992732e+05 3.736790866390480801e+02
9.505000000000001164e+05 3.727180000000000177e+02
9.010000000000000000e+05 3.727180000000000177e+02
8.515000000000000000e+05 3.727180000000000177e+02
8.020000000000000000e+05 3.727180000000000177e+02
7.525000000000000000e+05 3.727180000000000177e+02
7.030000000000000000e+05 3.727180000000000177e+02
6.535000000000000000e+05 3.727180000000000177e+02
6.040000000000000000e+05 3.727180000000000177e+02
5.545000000000000000e+05 3.727180000000000177e+02
5.050000000000000000e+05 3.727180000000000177e+02
4.555000000000000000e+05 3.727180000000000177e+02
4.059999999999999418e+05 3.727180000000000177e+02
3.565000000000000000e+05 3.727180000000000177e+02
3.070000000000000000e+05 3.727180000000000177e+02
2.575000000000000291e+05 3.727180000000000177e+02
2.080000000000000000e+05 3.727180000000000177e+02
1.585000000000000000e+05 3.727180000000000177e+02
1.090000000000000146e+05 3.727180000000000177e+02
5.950000000000000000e+04 3.727180000000000177e+02
1.000000000000000000e+04 3.727180000000000177e+02
1.000000000000000000e+02 3.727180000000000177e+02
1.000000000000000000e+01 3.727180000000000177e+02
1.000000000000000000e+00 3.727180000000000177e+02
9.999999999999999167e-02 3.727180000000000177e+02
1.000000000000000021e-02 3.727180000000000177e+02
1.000000000000000021e-03 3.727180000000000177e+02
