9.954751103916831315e+06 8.202032989906577995e+02
9.848796591304024681e+06 8.177475943499835012e+02
9.743705784953426570e+06 8.152925301140893453e+02
9.639473604961521924e+06 8.128381058739339551e+02
9.536094992265142500e+06 8.103843212207540319e+02
9.433564908571442589e+06 8.079311757460640138e+02
9.331878336288128048e+06 8.054786690416558486e+02
9.231030278453918174e+06 8.030268006995986525e+02
9.131015758669311181e+06 8.005755703122388240e+02
9.031829828118836507e+06 7.981250922806699464e+02
8.933467567423483357e+06 7.956754013898170115e+02
8.835924079269474372e+06 7.932264971840189673e+02
8.739194486137636006e+06 7.907783792079519571e+02
8.643273930240599439e+06 7.883310470066288644e+02
8.548157573460312560e+06 7.858845001253994269e+02
8.453840597285658121e+06 7.834387381099494405e+02
8.360318202750347555e+06 7.809937605063007595e+02
8.267585610371029936e+06 7.785495668608110691e+02
8.175638060085578822e+06 7.761061567201735443e+02
8.084470811191628687e+06 7.736635296314163952e+02
7.994079142285289243e+06 7.712216851419027535e+02
7.904458351200100034e+06 7.687806227993304446e+02
7.815603754946158268e+06 7.663403421517315337e+02
7.727510689649509266e+06 7.639008427474723248e+02
7.640174510491676629e+06 7.614621241352526795e+02
7.553590591649470851e+06 7.590241858641061299e+02
7.467754326234973036e+06 7.565870274833994245e+02
7.382661126235708594e+06 7.541506485428323003e+02
7.298306422455049120e+06 7.517150485924369150e+02
7.214685664452822879e+06 7.492802271825780736e+02
7.131794320486134849e+06 7.468461838639526604e+02
7.049627877450364642e+06 7.444129181875894119e+02
6.968181840820385143e+06 7.419804297048484614e+02
6.887451734592018649e+06 7.395487179674214531e+02
6.807433101223624311e+06 7.371177825273309736e+02
6.728121501577951014e+06 7.346876229369303246e+02
6.649512514864164405e+06 7.322582387489031817e+02
6.571601738580087200e+06 7.298296295162635943e+02
6.494384788454633206e+06 7.274017947923555312e+02
6.417857298390441574e+06 7.249747341308524256e+02
6.342014920406722464e+06 7.225484470857571750e+02
6.266853324582287110e+06 7.201229332114019144e+02
6.192368198998784646e+06 7.176981920624473332e+02
6.118555249684156850e+06 7.152742231938829036e+02
6.045410200556249358e+06 7.128510261610261978e+02
5.972928793366663158e+06 7.104286005195230018e+02
5.901106787644769996e+06 7.080069458253466337e+02
5.829939960641958751e+06 7.055860616347980567e+02
5.759424107276042923e+06 7.031659475045053114e+02
5.689555040075889789e+06 7.007466029914234014e+02
5.620328593793044798e+06 6.983281224399569282e+02
5.551740627238395624e+06 6.959105476472856253e+02
5.483787018379691988e+06 6.934938780791991348e+02
5.416463662174488418e+06 6.910781132018933022e+02
5.349766470520490780e+06 6.886632524819702894e+02
5.283691372206017375e+06 6.862492953864380070e+02
5.218234312860687263e+06 6.838362413827098862e+02
5.153391254906230606e+06 6.814240899386044248e+02
5.089158177507502027e+06 6.790128405223448453e+02
5.025531076523644850e+06 6.766024926025588684e+02
4.962505964459442534e+06 6.741930456482782574e+02
4.900078870416807942e+06 6.717844991289384780e+02
4.838245840046483092e+06 6.693768525143783563e+02
4.777002935499866493e+06 6.669701052748396251e+02
4.716346235381040722e+06 6.645642568809669228e+02
4.656271834698940627e+06 6.621593068038069987e+02
4.596775844819709659e+06 6.597552545148085983e+02
4.537854393419220112e+06 6.573520994858222366e+02
4.479503624435742386e+06 6.549498411890995158e+02
4.421719698022807948e+06 6.525484790972931251e+02
4.364498790502214804e+06 6.501480126834562725e+02
4.307837094317208044e+06 6.477484414210423438e+02
4.251730817985835485e+06 6.453497647839047886e+02
4.196176186054448597e+06 6.429519822462965521e+02
4.141169439051389229e+06 6.405550932828697341e+02
4.086706833440823946e+06 6.381590973686753614e+02
4.032784641576755326e+06 6.357639939791629331e+02
3.979399151657184120e+06 6.333697825901801934e+02
3.926546667678458616e+06 6.309764626779726768e+02
3.874223509389756247e+06 6.285840337191834806e+02
3.822426012247760314e+06 6.261924951908528101e+02
3.771150527371472213e+06 6.238018465704177515e+02
3.720393421497208066e+06 6.214120873357117034e+02
3.670151076933753677e+06 6.190232169649644902e+02
3.620419891517661046e+06 6.166352349368014529e+02
3.571196278568746056e+06 6.142481407302436764e+02
3.522476666845709085e+06 6.118619338247070800e+02
3.474257500501944683e+06 6.094766137000025310e+02
3.426535239041502587e+06 6.070921798363353901e+02
3.379306357275206130e+06 6.047086317143050564e+02
3.332567345276940148e+06 6.023259688149046269e+02
3.286314708421593998e+06 5.999441927499431131e+02
3.240544970710143913e+06 5.975633917277507408e+02
3.195254674495413899e+06 5.951835651441659820e+02
3.150440376983610447e+06 5.928047123955062716e+02
3.106098650194488000e+06 5.904268328785672111e+02
3.062226080921652261e+06 5.880499259906221141e+02
3.018819270693021361e+06 5.856739911294216654e+02
2.975874835731429514e+06 5.832990276931936933e+02
2.933389406915367115e+06 5.809250350806424876e+02
2.891359629739878699e+06 5.785520126909483452e+02
2.849782164277599193e+06 5.761799599237673419e+02
2.808653685139939189e+06 5.738088761792306514e+02
2.767970881438415032e+06 5.714387608579444304e+02
2.727730456746125128e+06 5.690696133609892513e+02
2.687929129059364088e+06 5.667014330899194192e+02
2.648563630759393796e+06 5.643342194467629724e+02
2.609630708574351855e+06 5.619679718340210002e+02
2.571127123541310895e+06 5.596026896546673015e+02
2.533049650968472008e+06 5.572383723121479306e+02
2.495395080397520680e+06 5.548750192103807422e+02
2.458160215566108935e+06 5.525126297537550499e+02
2.421341874370496254e+06 5.501512033471311724e+02
2.384936888828332536e+06 5.477907393958400917e+02
2.348942105041575152e+06 5.454312373056826573e+02
2.313354383159574587e+06 5.430726964829298140e+02
2.278170597342275549e+06 5.407151163343214648e+02
2.243387635723587591e+06 5.383584962670666982e+02
2.209002400374888908e+06 5.360028356888429926e+02
2.175011807268674485e+06 5.336481340077957611e+02
2.141412786242356524e+06 5.312943906325381249e+02
2.108202280962206423e+06 5.289416049721505715e+02
2.075377248887435766e+06 5.265897764361801592e+02
2.042934661234433530e+06 5.242389044346405171e+02
2.010871502941139974e+06 5.218889883780111631e+02
1.979184772631568834e+06 5.195400276772371626e+02
1.947871482580476440e+06 5.171920217437287874e+02
1.916928658678173320e+06 5.148449699893610614e+02
1.886353340395482490e+06 5.124988718264731915e+02
1.856142580748845357e+06 5.101537266678683977e+02
1.826293446265570819e+06 5.078095339268133444e+02
1.796803016949227778e+06 5.054662930170377990e+02
1.767668386245190864e+06 5.031240033527342348e+02
1.738886661006328650e+06 5.007826643485573186e+02
1.710454961635034299e+06 4.984422816537155541e+02
1.682370422128022648e+06 4.961028578070034314e+02
1.654630189856700832e+06 4.937643922144648627e+02
1.627231425443328917e+06 4.914268842826152195e+02
1.600171302727743518e+06 4.890903334184408209e+02
1.573447008734237636e+06 4.867547390293987064e+02
1.547055743638580199e+06 4.844201005234160675e+02
1.520994720735180890e+06 4.820864173088899634e+02
1.495261166404406307e+06 4.797536887946867523e+02
1.469852320080035133e+06 4.774219143901417510e+02
1.444765434216869297e+06 4.750910935050588932e+02
1.419997774258483434e+06 4.727612255497101046e+02
1.395546618605128024e+06 4.704323099348351320e+02
1.371409258581774542e+06 4.681043460716409754e+02
1.347582998406312661e+06 4.657773333718014896e+02
1.324065155157892965e+06 4.634512712474569867e+02
1.300853058745419374e+06 4.611261591112138944e+02
1.277944051876188722e+06 4.588019963761441886e+02
1.255335490024680970e+06 4.564787824557851081e+02
1.233024741401497507e+06 4.541565167641387006e+02
1.211009186922449153e+06 4.518351987156714245e+02
1.189286219864478102e+06 4.495148146290843556e+02
1.167853244677991141e+06 4.471953144320154365e+02
1.146707677344999509e+06 4.448766976025865461e+02
1.125846946559635689e+06 4.425589636193183196e+02
1.105268493695951533e+06 4.402421119611298650e+02
1.084969772775879130e+06 4.379261421073383644e+02
1.064948250437349780e+06 4.356110535376587336e+02
1.045201405902578379e+06 4.332968457322033373e+02
1.025726730946507421e+06 4.309835181714816486e+02
1.006521729865411879e+06 4.286710703363998505e+02
9.875839194456671830e+05 4.263595017082604954e+02
9.689108289326842641e+05 4.240488117687623912e+02
9.505000000000001164e+05 4.217389999999999759e+02
9.010000000000000000e+05 4.217389999999999759e+02
8.515000000000000000e+05 4.217389999999999759e+02
8.020000000000000000e+05 4.217389999999999759e+02
7.525000000000000000e+05 4.217389999999999759e+02
7.030000000000000000e+05 4.217389999999999759e+02
6.535000000000000000e+05 4.217389999999999759e+02
6.040000000000000000e+05 4.217389999999999759e+02
5.545000000000000000e+05 4.217389999999999759e+02
5.050000000000000000e+05 4.217389999999999759e+02
4.555000000000000000e+05 4.217389999999999759e+02
4.059999999999999418e+05 4.217389999999999759e+02
3.565000000000000000e+05 4.217389999999999759e+02
3.070000000000000000e+05 4.217389999999999759e+02
2.575000000000000291e+05 4.217389999999999759e+02
2.080000000000000000e+05 4.217389999999999759e+02
1.585000000000000000e+05 4.217389999999999759e+02
1.090000000000000146e+05 4.217389999999999759e+02
5.950000000000000000e+04 4.217389999999999759e+02
1.000000000000000000e+04 4.217389999999999759e+02
1.000000000000000000e+02 4.217389999999999759e+02
1.000000000000000000e+01 4.217389999999999759e+02
1.000000000000000000e+00 4.217389999999999759e+02
9.999999999999999167e-02 4.217389999999999759e+02
1.000000000000000021e-02 4.217389999999999759e+02
1.000000000000000021e-03 4.217389999999999759e+02
