9.970637554256055504e+06 8.032276738457288729e+02
9.921307076376279816e+06 8.021105818097456677e+02
9.872166079883251339e+06 8.009936925239322818e+02
9.823214023567928001e+06 7.998770093491900752e+02
9.774450368316318840e+06 7.987605599262869873e+02
9.725874576988119632e+06 7.976443441746218923e+02
9.677486113563235849e+06 7.965283620136311811e+02
9.629284443139839917e+06 7.954126133627887612e+02
9.581269031932367012e+06 7.942970981416061704e+02
9.533439347269557416e+06 7.931818162696325771e+02
9.485794857592482120e+06 7.920667676664543251e+02
9.438335032452581450e+06 7.909519522516955021e+02
9.391059342509699985e+06 7.898373699450174854e+02
9.343967259530149400e+06 7.887230206661192824e+02
9.297058256384711713e+06 7.876089043347369625e+02
9.250331807046733797e+06 7.864950208706443391e+02
9.203787386590158567e+06 7.853813701936522875e+02
9.157424471187600866e+06 7.842679522236093135e+02
9.111242538108373061e+06 7.831547668804009845e+02
9.065241065716587007e+06 7.820418140839502712e+02
9.019419533469194546e+06 7.809290937542173197e+02
8.973777421914082021e+06 7.798166058111997927e+02
8.928314212688125670e+06 7.787043501749323013e+02
8.883029388515286148e+06 7.775923267654867459e+02
8.837922433204673231e+06 7.764805355029723160e+02
8.792992831648655236e+06 7.753689763075352630e+02
8.748240069820929319e+06 7.742576490993591278e+02
8.703663634774601087e+06 7.731465537986642858e+02
8.659263014640331268e+06 7.720356903257085150e+02
8.615037698624374345e+06 7.709250586007864285e+02
8.570987177006727085e+06 7.698146585442299283e+02
8.527110941139213741e+06 7.687044900764077511e+02
8.483408483443601057e+06 7.675945531177258090e+02
8.439879297409713268e+06 7.664848475886269625e+02
8.396522877593550831e+06 7.653753734095909067e+02
8.353338719615408219e+06 7.642661305011345121e+02
8.310326320157997310e+06 7.631571187838114838e+02
8.267485176964575425e+06 7.620483381782123615e+02
8.224814788837067783e+06 7.609397886049646331e+02
8.182314655634233728e+06 7.598314699847326210e+02
8.139984278269762173e+06 7.587233822382175958e+02
8.097823158710440621e+06 7.576155252861575491e+02
8.055830799974290654e+06 7.565078990493273068e+02
8.014006706128722988e+06 7.554005034485384158e+02
7.972350382288675755e+06 7.542933384046393712e+02
7.930861334614786319e+06 7.531864038385151616e+02
7.889539070311532356e+06 7.520796996710876101e+02
7.848383097625408322e+06 7.509732258233152606e+02
7.807392925843083300e+06 7.498669822161933780e+02
7.766568065289570019e+06 7.487609687707537205e+02
7.725908027326405048e+06 7.476551854080647672e+02
7.685412324349803850e+06 7.465496320492316045e+02
7.645080469788862392e+06 7.454443086153959257e+02
7.604911978103733622e+06 7.443392150277360315e+02
7.564906364783793688e+06 7.432343512074666023e+02
7.525063146345858462e+06 7.421297170758390394e+02
7.485381840332362801e+06 7.410253125541411237e+02
7.445861965309552848e+06 7.399211375636971297e+02
7.406503040865694173e+06 7.388171920258679393e+02
7.367304587609261274e+06 7.377134758620507000e+02
7.328266127167156897e+06 7.366099889936790532e+02
7.289387182182905264e+06 7.355067313422230200e+02
7.250667276314890012e+06 7.344037028291891147e+02
7.212105934234537184e+06 7.333009033761200044e+02
7.173702681624551304e+06 7.321983329045948494e+02
7.135457045177147724e+06 7.310959913362290763e+02
7.097368552592257969e+06 7.299938785926743776e+02
7.059436732575764880e+06 7.288919945956188258e+02
7.021661114837745205e+06 7.277903392667866456e+02
6.984041230090682395e+06 7.266889125279382142e+02
6.946576610047730617e+06 7.255877143008704024e+02
6.909266787420939654e+06 7.244867445074160059e+02
6.872111295919499360e+06 7.233860030694440866e+02
6.835109670248007402e+06 7.222854899088598586e+02
6.798261446104693227e+06 7.211852049476046886e+02
6.761566160179696977e+06 7.200851481076559821e+02
6.725023350153309293e+06 7.189853193110272969e+02
6.688632554694248363e+06 7.178857184797683431e+02
6.652393313457908109e+06 7.167863455359646423e+02
6.616305167084631510e+06 7.156872004017378686e+02
6.580367657197996043e+06 7.145882829992457346e+02
6.544580326403059997e+06 7.134895932506818781e+02
6.508942718284667470e+06 7.123911310782758619e+02
6.473454377405718900e+06 7.112928964042934012e+02
6.438114849305444397e+06 7.101948891510359090e+02
6.402923680497694761e+06 7.090971092408407230e+02
6.367880418469248340e+06 7.079995565960811064e+02
6.332984611678085290e+06 7.069022311391662470e+02
6.298235809551691636e+06 7.058051327925411442e+02
6.263633562485352159e+06 7.047082614786864951e+02
6.229177421840470284e+06 7.036116171201189218e+02
6.194866939942850731e+06 7.025151996393908576e+02
6.160701670081027783e+06 7.014190089590903199e+02
6.126681166504568420e+06 7.003230450018412512e+02
6.092804984901636839e+06 6.992273275346145738e+02
6.059072682588528842e+06 6.981318647636963988e+02
6.025483818020268343e+06 6.970366565979511506e+02
5.992037950587199070e+06 6.959417029462864548e+02
5.958734640613421798e+06 6.948470037176532514e+02
5.925573449355242774e+06 6.937525588210456817e+02
5.892553938999612816e+06 6.926583681655010878e+02
5.859675672662572004e+06 6.915644316601000128e+02
5.826938214387699030e+06 6.904707492139660872e+02
5.794341129144566134e+06 6.893773207362661424e+02
5.761883982827182859e+06 6.882841461362099835e+02
5.729566342252468690e+06 6.871912253230506167e+02
5.697387775158697739e+06 6.860985582060840215e+02
5.665347850203974172e+06 6.850061446946492651e+02
5.633446136964696459e+06 6.839139846981283881e+02
5.601682205934011377e+06 6.828220781259464047e+02
5.570055628520301543e+06 6.817304248875711892e+02
5.538565977045646869e+06 6.806390248925135893e+02
5.507212824744313955e+06 6.795478780503275402e+02
5.475995745761218481e+06 6.784569842706094960e+02
5.444914315150422044e+06 6.773663434629991116e+02
5.413968108873609453e+06 6.762759555371785609e+02
5.383156703798579983e+06 6.751858204028729915e+02
5.352479677697736770e+06 6.740959379698502971e+02
5.321936609246575274e+06 6.730063081479211178e+02
5.291527078022183850e+06 6.719169308469388397e+02
5.261250664501735009e+06 6.708278059767993682e+02
5.231106950061001815e+06 6.697389334474415818e+02
5.201095516972842626e+06 6.686503131688467647e+02
5.171215948405722156e+06 6.675619450510388333e+02
5.141467828422208317e+06 6.664738290040844504e+02
5.111850741977499798e+06 6.653859649380927976e+02
5.082364274917929433e+06 6.642983527632155756e+02
5.053008013979475945e+06 6.632109923896470036e+02
5.023781546786296181e+06 6.621238837276237064e+02
4.994684461849247105e+06 6.610370266874249410e+02
4.965716348564401269e+06 6.599504211793723698e+02
4.936876797211582772e+06 6.588640671138300604e+02
4.908165398952901363e+06 6.577779644012044855e+02
4.879581745831271634e+06 6.566921129519445230e+02
4.851125430768959224e+06 6.556065126765413424e+02
4.822796047566121444e+06 6.545211634855284046e+02
4.794593190899342299e+06 6.534360652894815757e+02
4.766516456320177764e+06 6.523512179990188997e+02
4.738565440253703855e+06 6.512666215248007120e+02
4.710739739997068420e+06 6.501822757775295258e+02
4.683038953718043864e+06 6.490981806679502597e+02
4.655462680453567766e+06 6.480143361068496688e+02
4.628010520108320750e+06 6.469307420050570272e+02
4.600682073453270830e+06 6.458473982734434458e+02
4.573476942124238238e+06 6.447643048229222131e+02
4.546394728620465845e+06 6.436814615644487958e+02
4.519435036303186789e+06 6.425988684090206107e+02
4.492597469394190237e+06 6.415165252676772525e+02
4.465881632974395528e+06 6.404344320515001527e+02
4.439287132982428186e+06 6.393525886716126934e+02
4.412813576213194057e+06 6.382709950391803204e+02
4.386460570316471159e+06 6.371896510654104304e+02
4.360227723795487545e+06 6.361085566615523703e+02
4.334114646005495451e+06 6.350277117388972101e+02
4.308120947152373381e+06 6.339471162087778566e+02
4.282246238291220739e+06 6.328667699825692807e+02
4.256490131324933842e+06 6.317866729716880627e+02
4.230852239002817310e+06 6.307068250875926196e+02
4.205332174919181503e+06 6.296272262417832053e+02
4.179929553511937149e+06 6.285478763458017966e+02
4.154643990061200224e+06 6.274687753112319797e+02
4.129475100687903352e+06 6.263899230496990640e+02
4.104422502352399752e+06 6.253113194728699682e+02
4.079485812853083480e+06 6.242329644924534477e+02
4.054664650824989192e+06 6.231548580201997538e+02
4.029958635738423560e+06 6.220769999679006332e+02
4.005367387897576671e+06 6.209993902473895560e+02
3.980890528439142741e+06 6.199220287705414876e+02
3.956527679330950603e+06 6.188449154492728894e+02
3.932278463370582089e+06 6.177680501955417185e+02
3.908142504184013233e+06 6.166914329213474275e+02
3.884119426224233117e+06 6.156150635387309649e+02
3.860208854769884609e+06 6.145389419597745473e+02
3.836410415923902765e+06 6.134630680966018872e+02
3.812723736612151843e+06 6.123874418613780790e+02
3.789148444582070690e+06 6.113120631663095992e+02
3.765684168401311152e+06 6.102369319236440788e+02
3.742330537456388120e+06 6.091620480456706446e+02
3.719087181951337028e+06 6.080874114447196916e+02
3.695953732906346675e+06 6.070130220331627697e+02
3.672929822156434413e+06 6.059388797234126969e+02
3.650015082350090146e+06 6.048649844279235595e+02
3.627209146947940812e+06 6.037913360591904848e+02
3.604511650221408345e+06 6.027179345297498685e+02
3.581922227251385339e+06 6.016447797521792609e+02
3.559440513926886488e+06 6.005718716390973668e+02
3.537066147103828844e+06 5.994992187124476004e+02
3.514798764782685786e+06 5.984268307066312218e+02
3.492638005941528827e+06 5.973547075230405881e+02
3.470583510350427590e+06 5.962828490631162595e+02
3.448634918570192531e+06 5.952112552283468858e+02
3.426791871951128822e+06 5.941399259202693202e+02
3.405054012631786056e+06 5.930688610404685051e+02
3.383420983537718654e+06 5.919980604905774726e+02
3.361892428380230907e+06 5.909275241722771170e+02
3.340467991655145772e+06 5.898572519872965358e+02
3.319147318641567137e+06 5.887872438374126887e+02
3.297930055400635116e+06 5.877174996244505110e+02
3.276815848774295766e+06 5.866480192502828004e+02
3.255804346384073142e+06 5.855788026168303304e+02
3.234895196629836690e+06 5.845098496260617367e+02
3.214088048688570037e+06 5.834411601799934033e+02
3.193382552513154224e+06 5.823727341806896902e+02
3.172778358831133228e+06 5.813045715302624785e+02
3.152275119143503252e+06 5.802366721308716251e+02
3.131872485723490361e+06 5.791690358847245079e+02
3.111570111615336034e+06 5.781016626940763672e+02
3.091367650633079931e+06 5.770345524612300778e+02
3.071264757359348238e+06 5.759677050885360359e+02
3.051261087144149002e+06 5.749011204783923858e+02
3.031356296103660017e+06 5.738347985332446797e+02
3.011550041119026020e+06 5.727687391555862177e+02
2.991841979835149366e+06 5.717029422479575942e+02
2.972231770659503061e+06 5.706374077129471516e+02
2.952719072760915384e+06 5.695721354531904126e+02
2.933303546068389434e+06 5.685071253713705346e+02
2.913984851269897539e+06 5.674423773702180824e+02
2.894762649811196607e+06 5.663778913525109147e+02
2.875636603894633707e+06 5.653136672210742972e+02
2.856606376477956306e+06 5.642497048787806762e+02
2.837671631273139734e+06 5.631860042285500185e+02
2.818832032745188102e+06 5.621225651733493578e+02
2.800087246110963635e+06 5.610593876161931348e+02
2.781436937338003889e+06 5.599964714601428568e+02
2.762880773143349215e+06 5.589338166083073247e+02
2.744418420992359519e+06 5.578714229638424058e+02
2.726049549097555690e+06 5.568092904299511474e+02
2.707773826417434495e+06 5.557474189098835495e+02
2.689590922655312810e+06 5.546858083069369059e+02
2.671500508258157410e+06 5.536244585244554628e+02
2.653502254415420350e+06 5.525633694658304194e+02
2.635595833057879470e+06 5.515025410345000410e+02
2.617780916856476571e+06 5.504419731339495456e+02
2.600057179221166298e+06 5.493816656677109904e+02
2.582424294299755711e+06 5.483216185393633850e+02
2.564881936976753641e+06 5.472618316525325781e+02
2.547429782872220501e+06 5.462023049108913710e+02
2.530067508340618107e+06 5.451430382181592904e+02
2.512794790469668340e+06 5.440840314781027018e+02
2.495611307079203892e+06 5.430252845945346962e+02
2.478516736720030662e+06 5.419667974713152034e+02
2.461510758672782220e+06 5.409085700123506513e+02
2.444593052946786396e+06 5.398506021215943065e+02
2.427763300278931856e+06 5.387928937030460474e+02
2.411021182132530026e+06 5.377354446607523641e+02
2.394366380696188193e+06 5.366782548988063581e+02
2.377798578882679343e+06 5.356213243213477426e+02
2.361317460327809211e+06 5.345646528325626150e+02
2.344922709389303345e+06 5.335082403366837980e+02
2.328614011145675555e+06 5.324520867379904985e+02
2.312391051395106129e+06 5.313961919408083077e+02
2.296253516654334497e+06 5.303405558495094283e+02
2.280201094157532323e+06 5.292851783685122200e+02
2.264233471855191980e+06 5.282300594022816540e+02
2.248350338413016871e+06 5.271751988553289721e+02
2.232551383210808970e+06 5.261205966322116865e+02
2.216836296341364738e+06 5.250662526375335801e+02
2.201204768609364983e+06 5.240121667759448201e+02
2.185656491530274507e+06 5.229583389521417303e+02
2.170191157329239417e+06 5.219047690708667915e+02
2.154808458939990494e+06 5.208514570369088688e+02
2.139508090003740508e+06 5.197984027551027566e+02
2.124289744868095499e+06 5.187456061303295201e+02
2.109153118585954886e+06 5.176930670675162673e+02
2.094097906914428109e+06 5.166407854716362635e+02
2.079123806313740555e+06 5.155887612477087032e+02
2.064230513946148334e+06 5.145369943007988240e+02
2.049417727674854221e+06 5.134854845360179070e+02
2.034685146062925225e+06 5.124342318585231624e+02
2.020032468372214353e+06 5.113832361735178438e+02
2.005459394562274218e+06 5.103324973862509069e+02
1.990965625289291609e+06 5.092820154020174073e+02
1.976550861905005295e+06 5.082317901261581028e+02
1.962214806455639424e+06 5.071818214640596807e+02
1.947957161680831574e+06 5.061321093211545872e+02
1.933777631012560800e+06 5.050826536029210843e+02
1.919675918574089417e+06 5.040334542148831360e+02
1.905651729178894311e+06 5.029845110626104088e+02
1.891704768329605926e+06 5.019358240517183276e+02
1.877834742216950050e+06 5.008873930878679630e+02
1.864041357722648652e+06 4.998392183649402227e+02
1.850324322440047516e+06 4.987913013782555822e+02
1.836683344668539008e+06 4.977436420323621746e+02
1.823118133390452713e+06 4.966962402318545742e+02
1.809628398270009784e+06 4.956490958813737393e+02
1.796213849652283359e+06 4.946022088856068990e+02
1.782874198562162230e+06 4.935555791492876665e+02
1.769609156703314977e+06 4.925092065771959824e+02
1.756418436457150383e+06 4.914630910741579441e+02
1.743301750881787157e+06 4.904172325450459198e+02
1.730258813711029477e+06 4.893716308947785478e+02
1.717289339353331132e+06 4.883262860283205669e+02
1.704393042890771758e+06 4.872811978506828723e+02
1.691569640078036115e+06 4.862363662669225732e+02
1.678818847341387765e+06 4.851917911821428220e+02
1.666140381777649280e+06 4.841474725014928140e+02
1.653533961153185228e+06 4.831034101301677879e+02
1.640999303902889369e+06 4.820596039734090255e+02
1.628536129129165085e+06 4.810160539365038517e+02
1.616144156600916060e+06 4.799727599247854073e+02
1.603823106752536260e+06 4.789297218436329331e+02
1.591572700682902010e+06 4.778869395984714856e+02
1.579392660154367797e+06 4.768444130947720510e+02
1.567282707591758575e+06 4.758021422380513741e+02
1.555242566081371391e+06 4.747601269338721295e+02
1.543271959369973978e+06 4.737183670878427506e+02
1.531370611863808706e+06 4.726768626056174298e+02
1.519538248627593042e+06 4.716356133928961754e+02
1.507774595383530715e+06 4.705946193554246406e+02
1.496079378510316368e+06 4.695538803989941812e+02
1.484452325042146724e+06 4.685133964294417979e+02
1.472893162667735014e+06 4.674731673526501936e+02
1.461401619729323313e+06 4.664331930745476598e+02
1.449977425221697427e+06 4.653934735011080193e+02
1.438620308791210409e+06 4.643540085383507403e+02
1.427330000734795583e+06 4.633147980923407658e+02
1.416106231998996576e+06 4.622758420691885703e+02
1.404948734178986168e+06 4.612371403750500463e+02
1.393857239517596317e+06 4.601986929161266175e+02
1.382831480904343538e+06 4.591604995986650692e+02
1.371871191874461249e+06 4.581225603289576611e+02
1.360976106607931899e+06 4.570848750133419003e+02
1.350145959928522818e+06 4.560474435582007686e+02
1.339380487302818568e+06 4.550102658699624385e+02
1.328679424839263782e+06 4.539733418551005002e+02
1.318042509287201799e+06 4.529366714201336777e+02
1.307469478035918204e+06 4.519002544716260559e+02
1.296960069113682024e+06 4.508640909161868535e+02
1.286514021162862424e+06 4.498281785900260275e+02
1.276131073319720570e+06 4.487925069934822204e+02
1.265810965240773279e+06 4.477570760411746846e+02
1.255553437223434681e+06 4.467218856477626900e+02
1.245358230205029482e+06 4.456869357279455244e+02
1.235225085761805065e+06 4.446522261964624931e+02
1.225153746107948478e+06 4.436177569680929764e+02
1.215143954094604123e+06 4.425835279576561447e+02
1.205195453208894702e+06 4.415495390800113000e+02
1.195307987572941929e+06 4.405157902500574778e+02
1.185481301942893071e+06 4.394822813827337313e+02
1.175715141707945615e+06 4.384490123930189611e+02
1.166009252889375668e+06 4.374159831959319149e+02
1.156363382139570778e+06 4.363831937065311308e+02
1.146777276741060428e+06 4.353506438399149943e+02
1.137250684605553281e+06 4.343183335112216810e+02
1.127783354272970930e+06 4.332862626356290434e+02
1.118375034910489339e+06 4.322544311283547245e+02
1.109025476311580511e+06 4.312228389046561006e+02
1.099734428895054851e+06 4.301914858798302248e+02
1.090501643704106798e+06 4.291603719692138270e+02
1.081326872405360918e+06 4.281294970881832569e+02
1.072209867287924048e+06 4.270988611521544840e+02
1.063150381262435578e+06 4.260684640765830977e+02
1.054148167860121466e+06 4.250383057769642505e+02
1.045202981231849291e+06 4.240083861688326579e+02
1.036314576147188782e+06 4.229787051677625414e+02
1.027482707993469900e+06 4.219492626893676857e+02
1.018707132774845697e+06 4.209200586493013816e+02
1.009987607111354708e+06 4.198910929632562556e+02
1.001323888237992185e+06 4.188623655469645541e+02
9.927157340037724935e+05 4.178338763161978022e+02
9.841629028708045371e+05 4.168056251867669744e+02
9.756651539133623010e+05 4.157776120745223807e+02
9.672222468169602798e+05 4.147498368953537806e+02
9.588339418774303049e+05 4.137222995651902124e+02
9.505000000000001164e+05 4.126949999999999932e+02
9.010000000000000000e+05 4.126949999999999932e+02
8.515000000000000000e+05 4.126949999999999932e+02
8.020000000000000000e+05 4.126949999999999932e+02
7.525000000000000000e+05 4.126949999999999932e+02
7.030000000000000000e+05 4.126949999999999932e+02
6.535000000000000000e+05 4.126949999999999932e+02
6.040000000000000000e+05 4.126949999999999932e+02
5.545000000000000000e+05 4.126949999999999932e+02
5.050000000000000000e+05 4.126949999999999932e+02
4.555000000000000000e+05 4.126949999999999932e+02
4.059999999999999418e+05 4.126949999999999932e+02
3.565000000000000000e+05 4.126949999999999932e+02
3.070000000000000000e+05 4.126949999999999932e+02
2.575000000000000291e+05 4.126949999999999932e+02
2.080000000000000000e+05 4.126949999999999932e+02
1.585000000000000000e+05 4.126949999999999932e+02
1.090000000000000146e+05 4.126949999999999932e+02
5.950000000000000000e+04 4.126949999999999932e+02
1.000000000000000000e+04 4.126949999999999932e+02
1.000000000000000000e+02 4.126949999999999932e+02
1.000000000000000000e+01 4.126949999999999932e+02
1.000000000000000000e+00 4.126949999999999932e+02
9.999999999999999167e-02 4.126949999999999932e+02
1.000000000000000021e-02 4.126949999999999932e+02
1.000000000000000021e-03 4.126949999999999932e+02
