9.638781780504378505e-01 3.551149614014932621e-02 3.667145375433980472e-15 3.193522455793667657e-15 6.103258094059373431e-04 0.000000000000000000e+00
9.638781780504378505e-01 3.551149614014932621e-02 2.449227702544326668e-15 2.317543696054260842e-15 6.103258094080223723e-04 0.000000000000000000e+00
9.638781780504377394e-01 3.551149614014930539e-02 1.512313448036992691e-15 1.580044991165068101e-15 6.103258094097037531e-04 0.000000000000000000e+00
9.638781780504377394e-01 3.551149614014930539e-02 9.266093308117836311e-16 1.070532127737283715e-15 6.103258094108002067e-04 0.000000000000000000e+00
9.638781780504378505e-01 3.551149614014932621e-02 5.633266446883470272e-16 7.207618829714774693e-16 6.103258094115123107e-04 0.000000000000000000e+00
9.638781780504378505e-01 3.551149614014932621e-02 3.397929895803549392e-16 4.822039683831062178e-16 6.103258094119747229e-04 0.000000000000000000e+00
9.638781780504378505e-01 3.551149614014930539e-02 2.033345851400480103e-16 3.205367214789899783e-16 6.103258094122730954e-04 0.000000000000000000e+00
9.638781780504378505e-01 3.551149614014932621e-02 1.206989920332100512e-16 2.116871559943179667e-16 6.103258094124653244e-04 0.000000000000000000e+00
9.638781780504377394e-01 3.551149614014930539e-02 7.106327501275113981e-17 1.388811308615526077e-16 6.103258094125876224e-04 0.000000000000000000e+00
9.638781780504377394e-01 3.551149614014932621e-02 4.149450992691445179e-17 9.050803421500523973e-17 6.103258094126662271e-04 0.000000000000000000e+00
9.638781780504377394e-01 3.551149614014930539e-02 2.402679480177725969e-17 5.858552564366793572e-17 6.103258094127155583e-04 0.000000000000000000e+00
9.638781780504377394e-01 3.551149614014930539e-02 1.379345788380301380e-17 3.766012610378726926e-17 6.103258094127467833e-04 0.000000000000000000e+00
9.638781780504377394e-01 3.551149614014932621e-02 7.850293198406912486e-18 2.403983832967216496e-17 6.103258094127667326e-04 0.000000000000000000e+00
9.638781780504377394e-01 3.551149614014930539e-02 4.429075044349849902e-18 1.523780648120149222e-17 6.103258094127785504e-04 0.000000000000000000e+00
9.638781780504377394e-01 3.551149614014930539e-02 2.476945283723083159e-18 9.590105166295790940e-18 6.103258094127861398e-04 0.000000000000000000e+00
9.638781780504377394e-01 3.551149614014930539e-02 1.372968625020748466e-18 5.992464223225612916e-18 6.103258094127911272e-04 0.000000000000000000e+00
9.638781780504378505e-01 3.551149614014932621e-02 7.539510080833150180e-19 3.716248674378676585e-18 6.103258094127941629e-04 0.000000000000000000e+00
9.638781780504378505e-01 3.551149614014932621e-02 4.102741561290033999e-19 2.287758546414303171e-18 6.103258094127954640e-04 0.000000000000000000e+00
9.638781780504377394e-01 3.551149614014930539e-02 2.212194985172506483e-19 1.397967312584433411e-18 6.103258094127966566e-04 0.000000000000000000e+00
9.638781780504378505e-01 3.551149614014930539e-02 1.181225364787576643e-19 8.475325174306808083e-19 6.103258094127973071e-04 0.000000000000000000e+00
9.638781780504378505e-01 3.551149614014932621e-02 6.248670034259277924e-20 5.099620145261829760e-19 6.103258094127979577e-04 0.000000000000000000e+00
9.638781780504377394e-01 3.551149614014930539e-02 3.273117599014789064e-20 3.044094988141868563e-19 6.103258094127979577e-04 0.000000000000000000e+00
9.638781780504377394e-01 3.551149614014930539e-02 1.697901102056658440e-20 1.802867372756021304e-19 6.103258094127979577e-04 0.000000000000000000e+00
9.638781780504378505e-01 3.551149614014932621e-02 8.719470946541872112e-21 1.059090773017228456e-19 6.103258094127979577e-04 0.000000000000000000e+00
9.638781780504378505e-01 3.551149614014930539e-02 4.433533900891349244e-21 6.171785036051087354e-20 6.103258094127986082e-04 0.000000000000000000e+00
9.638781780504377394e-01 3.551149614014930539e-02 2.230768312947169791e-21 3.566186599134213038e-20 6.103258094127986082e-04 0.000000000000000000e+00
9.638781780504377394e-01 3.551149614014930539e-02 1.111113446798223031e-21 2.043797696030433024e-20 6.103258094127986082e-04 0.000000000000000000e+00
9.638781780504377394e-01 3.551149614014932621e-02 5.474639509646601146e-22 1.161085739408205568e-20 6.103258094127986082e-04 0.000000000000000000e+00
9.638781780504376284e-01 3.551149614014930539e-02 2.668923336444011217e-22 6.539672289351451266e-21 6.103258094127986082e-04 0.000000000000000000e+00
9.638781780504378505e-01 3.551149614014932621e-02 1.287337037953015662e-22 3.651795067212116675e-21 6.103258094127979577e-04 0.000000000000000000e+00
9.638781780504376284e-01 3.551149614014930539e-02 6.140131929763352871e-23 2.020765841484860402e-21 6.103258094127986082e-04 0.000000000000000000e+00
9.638781780504377394e-01 3.551149614014930539e-02 2.896043832256946406e-23 1.108140444156451111e-21 6.103258094127986082e-04 0.000000000000000000e+00
9.638781780504377394e-01 3.551149614014932621e-02 1.350776502694909742e-23 6.022125982666050437e-22 6.103258094127986082e-04 0.000000000000000000e+00
9.638781780504377394e-01 3.551149614014930539e-02 6.229230457474782352e-24 3.242779372694200402e-22 6.103258094127986082e-04 0.000000000000000000e+00
9.638781780504378505e-01 3.551149614014932621e-02 2.839592856566001404e-24 1.729874714689673923e-22 6.103258094127986082e-04 0.000000000000000000e+00
9.638781780504378505e-01 3.551149614014932621e-02 1.278708140248049880e-24 9.137273636830376502e-23 6.103258094127979577e-04 0.000000000000000000e+00
9.638781780504378505e-01 3.551149614014932621e-02 5.689543574548282779e-25 4.779710430796026086e-23 6.103258094127986082e-04 0.000000000000000000e+00
9.638781780504377394e-01 3.551149614014930539e-02 2.500892862273343534e-25 2.475741841852723900e-23 6.103258094127986082e-04 0.000000000000000000e+00
9.638781780504378505e-01 3.551149614014932621e-02 1.085789920254581958e-25 1.269591729667494857e-23 6.103258094127986082e-04 0.000000000000000000e+00
9.638781780504377394e-01 3.551149614014932621e-02 4.655342191254698022e-26 6.444873811522867937e-24 6.103258094127986082e-04 0.000000000000000000e+00
9.638781780504377394e-01 3.551149614014930539e-02 1.970767681838730251e-26 3.238125952910870602e-24 6.103258094127986082e-04 0.000000000000000000e+00
9.638781780504377394e-01 3.551149614014932621e-02 8.236096623969816120e-27 1.610053886131644853e-24 6.103258094127986082e-04 0.000000000000000000e+00
9.638781780504377394e-01 3.551149614014930539e-02 3.397311433263823794e-27 7.921256807168478288e-25 6.103258094127986082e-04 0.000000000000000000e+00
9.638781780504377394e-01 3.551149614014930539e-02 1.382945160701351075e-27 3.855636213560826360e-25 6.103258094127986082e-04 0.000000000000000000e+00
9.638781780504377394e-01 3.551149614014930539e-02 5.554101732254875884e-28 1.856313639438652602e-25 6.103258094127986082e-04 0.000000000000000000e+00
9.638781780504377394e-01 3.551149614014930539e-02 2.199773150049708014e-28 8.837096996662971506e-26 6.103258094127986082e-04 0.000000000000000000e+00
9.638781780504377394e-01 3.551149614014930539e-02 8.590451093681865395e-29 4.159151809143578710e-26 6.103258094127986082e-04 0.000000000000000000e+00
9.638781780504377394e-01 3.551149614014930539e-02 3.305056716414120608e-29 1.933987922640389196e-26 6.103258094127986082e-04 0.000000000000000000e+00
9.638781780504377394e-01 3.551149614014930539e-02 1.253181063471255307e-29 8.887417068640107191e-27 6.103258094127986082e-04 0.000000000000000000e+00
9.638781780504377394e-01 3.551149614014930539e-02 4.682420389305907568e-30 4.035796514681666961e-27 6.103258094127986082e-04 0.000000000000000000e+00
9.638781780504377394e-01 3.551149614014930539e-02 1.983299873515382680e-30 2.026348042199029516e-27 6.103258094127986082e-04 0.000000000000000000e+00
9.638781780504377394e-01 3.551149614014930539e-02 1.983299873515382680e-30 2.026348042199029516e-27 6.103258094127986082e-04 0.000000000000000000e+00
9.638781780504377394e-01 3.551149614014930539e-02 1.983299873515382680e-30 2.026348042199029516e-27 6.103258094127986082e-04 0.000000000000000000e+00
9.638781780504377394e-01 3.551149614014930539e-02 1.983299873515382680e-30 2.026348042199029516e-27 6.103258094127986082e-04 0.000000000000000000e+00
9.638781780504377394e-01 3.551149614014930539e-02 1.983299873515382680e-30 2.026348042199029516e-27 6.103258094127986082e-04 0.000000000000000000e+00
9.638781780504377394e-01 3.551149614014930539e-02 1.983299873515382680e-30 2.026348042199029516e-27 6.103258094127986082e-04 0.000000000000000000e+00
9.638781780504377394e-01 3.551149614014930539e-02 1.983299873515382680e-30 2.026348042199029516e-27 6.103258094127986082e-04 0.000000000000000000e+00
9.638781780504377394e-01 3.551149614014930539e-02 1.983299873515382680e-30 2.026348042199029516e-27 6.103258094127986082e-04 0.000000000000000000e+00
9.638781780504377394e-01 3.551149614014930539e-02 1.983299873515382680e-30 2.026348042199029516e-27 6.103258094127986082e-04 0.000000000000000000e+00
9.638781780504377394e-01 3.551149614014930539e-02 1.983299873515382680e-30 2.026348042199029516e-27 6.103258094127986082e-04 0.000000000000000000e+00
9.638781780504377394e-01 3.551149614014930539e-02 1.983299873515382680e-30 2.026348042199029516e-27 6.103258094127986082e-04 0.000000000000000000e+00
9.638781780504377394e-01 3.551149614014930539e-02 1.983299873515382680e-30 2.026348042199029516e-27 6.103258094127986082e-04 0.000000000000000000e+00
9.638781780504377394e-01 3.551149614014930539e-02 1.983299873515382680e-30 2.026348042199029516e-27 6.103258094127986082e-04 0.000000000000000000e+00
9.638781780504377394e-01 3.551149614014930539e-02 1.983299873515382680e-30 2.026348042199029516e-27 6.103258094127986082e-04 0.000000000000000000e+00
9.638781780504377394e-01 3.551149614014930539e-02 1.983299873515382680e-30 2.026348042199029516e-27 6.103258094127986082e-04 0.000000000000000000e+00
9.638781780504377394e-01 3.551149614014930539e-02 1.983299873515382680e-30 2.026348042199029516e-27 6.103258094127986082e-04 0.000000000000000000e+00
9.638781780504377394e-01 3.551149614014930539e-02 1.983299873515382680e-30 2.026348042199029516e-27 6.103258094127986082e-04 0.000000000000000000e+00
9.638781780504377394e-01 3.551149614014930539e-02 1.983299873515382680e-30 2.026348042199029516e-27 6.103258094127986082e-04 0.000000000000000000e+00
9.638781780504377394e-01 3.551149614014930539e-02 1.983299873515382680e-30 2.026348042199029516e-27 6.103258094127986082e-04 0.000000000000000000e+00
9.638781780504377394e-01 3.551149614014930539e-02 1.983299873515382680e-30 2.026348042199029516e-27 6.103258094127986082e-04 0.000000000000000000e+00
9.638781780504377394e-01 3.551149614014930539e-02 1.983299873515382680e-30 2.026348042199029516e-27 6.103258094127986082e-04 0.000000000000000000e+00
9.638781780504377394e-01 3.551149614014930539e-02 1.983299873515382680e-30 2.026348042199029516e-27 6.103258094127986082e-04 0.000000000000000000e+00
9.638781780504377394e-01 3.551149614014930539e-02 1.983299873515382680e-30 2.026348042199029516e-27 6.103258094127986082e-04 0.000000000000000000e+00
9.638781780504377394e-01 3.551149614014930539e-02 1.983299873515382680e-30 2.026348042199029516e-27 6.103258094127986082e-04 0.000000000000000000e+00
9.638781780504377394e-01 3.551149614014930539e-02 1.983299873515382680e-30 2.026348042199029516e-27 6.103258094127986082e-04 0.000000000000000000e+00
9.638781780504377394e-01 3.551149614014930539e-02 1.983299873515382680e-30 2.026348042199029516e-27 6.103258094127986082e-04 0.000000000000000000e+00
9.638781780504377394e-01 3.551149614014930539e-02 1.983299873515382680e-30 2.026348042199029516e-27 6.103258094127986082e-04 0.000000000000000000e+00
9.638781780504377394e-01 3.551149614014930539e-02 1.983299873515382680e-30 2.026348042199029516e-27 6.103258094127986082e-04 0.000000000000000000e+00
9.638781780504377394e-01 3.551149614014930539e-02 1.983299873515382680e-30 2.026348042199029516e-27 6.103258094127986082e-04 0.000000000000000000e+00
9.638781780504377394e-01 3.551149614014930539e-02 1.983299873515382680e-30 2.026348042199029516e-27 6.103258094127986082e-04 0.000000000000000000e+00
9.638781780504377394e-01 3.551149614014930539e-02 1.983299873515382680e-30 2.026348042199029516e-27 6.103258094127986082e-04 0.000000000000000000e+00
9.638781780504377394e-01 3.551149614014930539e-02 1.983299873515382680e-30 2.026348042199029516e-27 6.103258094127986082e-04 0.000000000000000000e+00
9.638781780504377394e-01 3.551149614014930539e-02 1.983299873515382680e-30 2.026348042199029516e-27 6.103258094127986082e-04 0.000000000000000000e+00
9.638781780504377394e-01 3.551149614014930539e-02 1.983299873515382680e-30 2.026348042199029516e-27 6.103258094127986082e-04 0.000000000000000000e+00
9.638781780504377394e-01 3.551149614014930539e-02 1.983299873515382680e-30 2.026348042199029516e-27 6.103258094127986082e-04 0.000000000000000000e+00
9.638781780504377394e-01 3.551149614014930539e-02 1.983299873515382680e-30 2.026348042199029516e-27 6.103258094127986082e-04 0.000000000000000000e+00
9.638781780504377394e-01 3.551149614014930539e-02 1.983299873515382680e-30 2.026348042199029516e-27 6.103258094127986082e-04 0.000000000000000000e+00
9.638781780504377394e-01 3.551149614014930539e-02 1.983299873515382680e-30 2.026348042199029516e-27 6.103258094127986082e-04 0.000000000000000000e+00
9.638781780504377394e-01 3.551149614014930539e-02 1.983299873515382680e-30 2.026348042199029516e-27 6.103258094127986082e-04 0.000000000000000000e+00
9.638781780504377394e-01 3.551149614014930539e-02 1.983299873515382680e-30 2.026348042199029516e-27 6.103258094127986082e-04 0.000000000000000000e+00
9.638781780504377394e-01 3.551149614014930539e-02 1.983299873515382680e-30 2.026348042199029516e-27 6.103258094127986082e-04 0.000000000000000000e+00
9.638781780504377394e-01 3.551149614014930539e-02 1.983299873515382680e-30 2.026348042199029516e-27 6.103258094127986082e-04 0.000000000000000000e+00
9.638781780504377394e-01 3.551149614014930539e-02 1.983299873515382680e-30 2.026348042199029516e-27 6.103258094127986082e-04 0.000000000000000000e+00
9.638781780504377394e-01 3.551149614014930539e-02 1.983299873515382680e-30 2.026348042199029516e-27 6.103258094127986082e-04 0.000000000000000000e+00
9.638781780504377394e-01 3.551149614014930539e-02 1.983299873515382680e-30 2.026348042199029516e-27 6.103258094127986082e-04 0.000000000000000000e+00
9.638781780504377394e-01 3.551149614014930539e-02 1.983299873515382680e-30 2.026348042199029516e-27 6.103258094127986082e-04 0.000000000000000000e+00
9.638781780504377394e-01 3.551149614014930539e-02 1.983299873515382680e-30 2.026348042199029516e-27 6.103258094127986082e-04 0.000000000000000000e+00
9.638781780504377394e-01 3.551149614014930539e-02 1.983299873515382680e-30 2.026348042199029516e-27 6.103258094127986082e-04 0.000000000000000000e+00
9.638781780504377394e-01 3.551149614014930539e-02 1.983299873515382680e-30 2.026348042199029516e-27 6.103258094127986082e-04 0.000000000000000000e+00
9.638781780504377394e-01 3.551149614014930539e-02 1.983299873515382680e-30 2.026348042199029516e-27 6.103258094127986082e-04 0.000000000000000000e+00
9.638781780504377394e-01 3.551149614014930539e-02 1.983299873515382680e-30 2.026348042199029516e-27 6.103258094127986082e-04 0.000000000000000000e+00
9.638781780504377394e-01 3.551149614014930539e-02 1.983299873515382680e-30 2.026348042199029516e-27 6.103258094127986082e-04 0.000000000000000000e+00
9.638781780504377394e-01 3.551149614014930539e-02 1.983299873515382680e-30 2.026348042199029516e-27 6.103258094127986082e-04 0.000000000000000000e+00
9.638781780504377394e-01 3.551149614014930539e-02 1.983299873515382680e-30 2.026348042199029516e-27 6.103258094127986082e-04 0.000000000000000000e+00
9.638781780504377394e-01 3.551149614014930539e-02 1.983299873515382680e-30 2.026348042199029516e-27 6.103258094127986082e-04 0.000000000000000000e+00
9.638781780504377394e-01 3.551149614014930539e-02 1.983299873515382680e-30 2.026348042199029516e-27 6.103258094127986082e-04 0.000000000000000000e+00
9.638781780504377394e-01 3.551149614014930539e-02 1.983299873515382680e-30 2.026348042199029516e-27 6.103258094127986082e-04 0.000000000000000000e+00
9.638781780504377394e-01 3.551149614014930539e-02 1.983299873515382680e-30 2.026348042199029516e-27 6.103258094127986082e-04 0.000000000000000000e+00
9.638781780504377394e-01 3.551149614014930539e-02 1.983299873515382680e-30 2.026348042199029516e-27 6.103258094127986082e-04 0.000000000000000000e+00
9.638781780504377394e-01 3.551149614014930539e-02 1.983299873515382680e-30 2.026348042199029516e-27 6.103258094127986082e-04 0.000000000000000000e+00
9.638781780504377394e-01 3.551149614014930539e-02 1.983299873515382680e-30 2.026348042199029516e-27 6.103258094127986082e-04 0.000000000000000000e+00
9.638781780504377394e-01 3.551149614014930539e-02 1.983299873515382680e-30 2.026348042199029516e-27 6.103258094127986082e-04 0.000000000000000000e+00
9.638781780504377394e-01 3.551149614014930539e-02 1.983299873515382680e-30 2.026348042199029516e-27 6.103258094127986082e-04 0.000000000000000000e+00
9.638781780504377394e-01 3.551149614014930539e-02 1.983299873515382680e-30 2.026348042199029516e-27 6.103258094127986082e-04 0.000000000000000000e+00
9.638781780504377394e-01 3.551149614014930539e-02 1.983299873515382680e-30 2.026348042199029516e-27 6.103258094127986082e-04 0.000000000000000000e+00
9.638781780504377394e-01 3.551149614014930539e-02 1.983299873515382680e-30 2.026348042199029516e-27 6.103258094127986082e-04 0.000000000000000000e+00
9.638781780504377394e-01 3.551149614014930539e-02 1.983299873515382680e-30 2.026348042199029516e-27 6.103258094127986082e-04 0.000000000000000000e+00
9.638781780504377394e-01 3.551149614014930539e-02 1.983299873515382680e-30 2.026348042199029516e-27 6.103258094127986082e-04 0.000000000000000000e+00
9.638781780504377394e-01 3.551149614014930539e-02 1.983299873515382680e-30 2.026348042199029516e-27 6.103258094127986082e-04 0.000000000000000000e+00
9.638781780504377394e-01 3.551149614014930539e-02 1.983299873515382680e-30 2.026348042199029516e-27 6.103258094127986082e-04 0.000000000000000000e+00
9.638781780504377394e-01 3.551149614014930539e-02 1.983299873515382680e-30 2.026348042199029516e-27 6.103258094127986082e-04 0.000000000000000000e+00
9.638781780504377394e-01 3.551149614014930539e-02 1.983299873515382680e-30 2.026348042199029516e-27 6.103258094127986082e-04 0.000000000000000000e+00
9.638781780504377394e-01 3.551149614014930539e-02 1.983299873515382680e-30 2.026348042199029516e-27 6.103258094127986082e-04 0.000000000000000000e+00
9.638781780504377394e-01 3.551149614014930539e-02 1.983299873515382680e-30 2.026348042199029516e-27 6.103258094127986082e-04 0.000000000000000000e+00
9.638781780504377394e-01 3.551149614014930539e-02 1.983299873515382680e-30 2.026348042199029516e-27 6.103258094127986082e-04 0.000000000000000000e+00
9.638781780504377394e-01 3.551149614014930539e-02 1.983299873515382680e-30 2.026348042199029516e-27 6.103258094127986082e-04 0.000000000000000000e+00
9.638781780504377394e-01 3.551149614014930539e-02 1.983299873515382680e-30 2.026348042199029516e-27 6.103258094127986082e-04 0.000000000000000000e+00
9.638781780504377394e-01 3.551149614014930539e-02 1.983299873515382680e-30 2.026348042199029516e-27 6.103258094127986082e-04 0.000000000000000000e+00
9.638781780504377394e-01 3.551149614014930539e-02 1.983299873515382680e-30 2.026348042199029516e-27 6.103258094127986082e-04 0.000000000000000000e+00
9.638781780504377394e-01 3.551149614014930539e-02 1.983299873515382680e-30 2.026348042199029516e-27 6.103258094127986082e-04 0.000000000000000000e+00
9.638781780504377394e-01 3.551149614014930539e-02 1.983299873515382680e-30 2.026348042199029516e-27 6.103258094127986082e-04 0.000000000000000000e+00
9.638781780504377394e-01 3.551149614014930539e-02 1.983299873515382680e-30 2.026348042199029516e-27 6.103258094127986082e-04 0.000000000000000000e+00
9.638781780504377394e-01 3.551149614014930539e-02 1.983299873515382680e-30 2.026348042199029516e-27 6.103258094127986082e-04 0.000000000000000000e+00
9.638781780504377394e-01 3.551149614014930539e-02 1.983299873515382680e-30 2.026348042199029516e-27 6.103258094127986082e-04 0.000000000000000000e+00
9.638781780504377394e-01 3.551149614014930539e-02 1.983299873515382680e-30 2.026348042199029516e-27 6.103258094127986082e-04 0.000000000000000000e+00
9.638781780504377394e-01 3.551149614014930539e-02 1.983299873515382680e-30 2.026348042199029516e-27 6.103258094127986082e-04 0.000000000000000000e+00
9.638781780504377394e-01 3.551149614014930539e-02 1.983299873515382680e-30 2.026348042199029516e-27 6.103258094127986082e-04 0.000000000000000000e+00
9.638781780504377394e-01 3.551149614014930539e-02 1.983299873515382680e-30 2.026348042199029516e-27 6.103258094127986082e-04 0.000000000000000000e+00
9.638781780504377394e-01 3.551149614014930539e-02 1.983299873515382680e-30 2.026348042199029516e-27 6.103258094127986082e-04 0.000000000000000000e+00
9.638781780504377394e-01 3.551149614014930539e-02 1.983299873515382680e-30 2.026348042199029516e-27 6.103258094127986082e-04 0.000000000000000000e+00
9.638781780504377394e-01 3.551149614014930539e-02 1.983299873515382680e-30 2.026348042199029516e-27 6.103258094127986082e-04 0.000000000000000000e+00
9.638781780504377394e-01 3.551149614014930539e-02 1.983299873515382680e-30 2.026348042199029516e-27 6.103258094127986082e-04 0.000000000000000000e+00
9.638781780504377394e-01 3.551149614014930539e-02 1.983299873515382680e-30 2.026348042199029516e-27 6.103258094127986082e-04 0.000000000000000000e+00
9.638781780504377394e-01 3.551149614014930539e-02 1.983299873515382680e-30 2.026348042199029516e-27 6.103258094127986082e-04 0.000000000000000000e+00
9.638781780504377394e-01 3.551149614014930539e-02 1.983299873515382680e-30 2.026348042199029516e-27 6.103258094127986082e-04 0.000000000000000000e+00
9.638781780504377394e-01 3.551149614014930539e-02 1.983299873515382680e-30 2.026348042199029516e-27 6.103258094127986082e-04 0.000000000000000000e+00
9.638781780504377394e-01 3.551149614014930539e-02 1.983299873515382680e-30 2.026348042199029516e-27 6.103258094127986082e-04 0.000000000000000000e+00
9.638781780504377394e-01 3.551149614014930539e-02 1.983299873515382680e-30 2.026348042199029516e-27 6.103258094127986082e-04 0.000000000000000000e+00
9.638781780504377394e-01 3.551149614014930539e-02 1.983299873515382680e-30 2.026348042199029516e-27 6.103258094127986082e-04 0.000000000000000000e+00
9.638781780504377394e-01 3.551149614014930539e-02 1.983299873515382680e-30 2.026348042199029516e-27 6.103258094127986082e-04 0.000000000000000000e+00
9.638781780504377394e-01 3.551149614014930539e-02 1.983299873515382680e-30 2.026348042199029516e-27 6.103258094127986082e-04 0.000000000000000000e+00
9.638781780504377394e-01 3.551149614014930539e-02 1.983299873515382680e-30 2.026348042199029516e-27 6.103258094127986082e-04 0.000000000000000000e+00
9.638781780504377394e-01 3.551149614014930539e-02 1.983299873515382680e-30 2.026348042199029516e-27 6.103258094127986082e-04 0.000000000000000000e+00
9.638781780504377394e-01 3.551149614014930539e-02 1.983299873515382680e-30 2.026348042199029516e-27 6.103258094127986082e-04 0.000000000000000000e+00
9.638781780504377394e-01 3.551149614014930539e-02 1.983299873515382680e-30 2.026348042199029516e-27 6.103258094127986082e-04 0.000000000000000000e+00
9.638781780504377394e-01 3.551149614014930539e-02 1.983299873515382680e-30 2.026348042199029516e-27 6.103258094127986082e-04 0.000000000000000000e+00
9.638781780504377394e-01 3.551149614014930539e-02 1.983299873515382680e-30 2.026348042199029516e-27 6.103258094127986082e-04 0.000000000000000000e+00
9.638781780504377394e-01 3.551149614014930539e-02 1.983299873515382680e-30 2.026348042199029516e-27 6.103258094127986082e-04 0.000000000000000000e+00
9.638781780504377394e-01 3.551149614014930539e-02 1.983299873515382680e-30 2.026348042199029516e-27 6.103258094127986082e-04 0.000000000000000000e+00
9.638781780504377394e-01 3.551149614014930539e-02 1.983299873515382680e-30 2.026348042199029516e-27 6.103258094127986082e-04 0.000000000000000000e+00
9.638781780504377394e-01 3.551149614014930539e-02 1.983299873515382680e-30 2.026348042199029516e-27 6.103258094127986082e-04 0.000000000000000000e+00
9.638781780504377394e-01 3.551149614014930539e-02 1.983299873515382680e-30 2.026348042199029516e-27 6.103258094127986082e-04 0.000000000000000000e+00
9.638781780504377394e-01 3.551149614014930539e-02 1.983299873515382680e-30 2.026348042199029516e-27 6.103258094127986082e-04 0.000000000000000000e+00
9.638781780504377394e-01 3.551149614014930539e-02 1.983299873515382680e-30 2.026348042199029516e-27 6.103258094127986082e-04 0.000000000000000000e+00
9.638781780504377394e-01 3.551149614014930539e-02 1.983299873515382680e-30 2.026348042199029516e-27 6.103258094127986082e-04 0.000000000000000000e+00
9.638781780504377394e-01 3.551149614014930539e-02 1.983299873515382680e-30 2.026348042199029516e-27 6.103258094127986082e-04 0.000000000000000000e+00
9.638781780504377394e-01 3.551149614014930539e-02 1.983299873515382680e-30 2.026348042199029516e-27 6.103258094127986082e-04 0.000000000000000000e+00
9.638781780504377394e-01 3.551149614014930539e-02 1.983299873515382680e-30 2.026348042199029516e-27 6.103258094127986082e-04 0.000000000000000000e+00
9.638781780504377394e-01 3.551149614014930539e-02 1.983299873515382680e-30 2.026348042199029516e-27 6.103258094127986082e-04 0.000000000000000000e+00
9.638781780504377394e-01 3.551149614014930539e-02 1.983299873515382680e-30 2.026348042199029516e-27 6.103258094127986082e-04 0.000000000000000000e+00
9.638781780504377394e-01 3.551149614014930539e-02 1.983299873515382680e-30 2.026348042199029516e-27 6.103258094127986082e-04 0.000000000000000000e+00
9.638781780504377394e-01 3.551149614014930539e-02 1.983299873515382680e-30 2.026348042199029516e-27 6.103258094127986082e-04 0.000000000000000000e+00
9.638781780504377394e-01 3.551149614014930539e-02 1.983299873515382680e-30 2.026348042199029516e-27 6.103258094127986082e-04 0.000000000000000000e+00
9.638781780504377394e-01 3.551149614014930539e-02 1.983299873515382680e-30 2.026348042199029516e-27 6.103258094127986082e-04 0.000000000000000000e+00
9.638781780504377394e-01 3.551149614014930539e-02 1.983299873515382680e-30 2.026348042199029516e-27 6.103258094127986082e-04 0.000000000000000000e+00
9.638781780504377394e-01 3.551149614014930539e-02 1.983299873515382680e-30 2.026348042199029516e-27 6.103258094127986082e-04 0.000000000000000000e+00
9.638781780504377394e-01 3.551149614014930539e-02 1.983299873515382680e-30 2.026348042199029516e-27 6.103258094127986082e-04 0.000000000000000000e+00
9.638781780504377394e-01 3.551149614014930539e-02 1.983299873515382680e-30 2.026348042199029516e-27 6.103258094127986082e-04 0.000000000000000000e+00
9.638781780504377394e-01 3.551149614014930539e-02 1.983299873515382680e-30 2.026348042199029516e-27 6.103258094127986082e-04 0.000000000000000000e+00
9.638781780504377394e-01 3.551149614014930539e-02 1.983299873515382680e-30 2.026348042199029516e-27 6.103258094127986082e-04 0.000000000000000000e+00
9.638781780504377394e-01 3.551149614014930539e-02 1.983299873515382680e-30 2.026348042199029516e-27 6.103258094127986082e-04 0.000000000000000000e+00
9.638781780504377394e-01 3.551149614014930539e-02 1.983299873515382680e-30 2.026348042199029516e-27 6.103258094127986082e-04 0.000000000000000000e+00
9.638781780504377394e-01 3.551149614014930539e-02 1.983299873515382680e-30 2.026348042199029516e-27 6.103258094127986082e-04 0.000000000000000000e+00
9.638781780504377394e-01 3.551149614014930539e-02 1.983299873515382680e-30 2.026348042199029516e-27 6.103258094127986082e-04 0.000000000000000000e+00
9.638781780504377394e-01 3.551149614014930539e-02 1.983299873515382680e-30 2.026348042199029516e-27 6.103258094127986082e-04 0.000000000000000000e+00
9.638781780504377394e-01 3.551149614014930539e-02 1.983299873515382680e-30 2.026348042199029516e-27 6.103258094127986082e-04 0.000000000000000000e+00
9.638781780504377394e-01 3.551149614014930539e-02 1.983299873515382680e-30 2.026348042199029516e-27 6.103258094127986082e-04 0.000000000000000000e+00
9.638781780504377394e-01 3.551149614014930539e-02 1.983299873515382680e-30 2.026348042199029516e-27 6.103258094127986082e-04 0.000000000000000000e+00
9.638781780504377394e-01 3.551149614014930539e-02 1.983299873515382680e-30 2.026348042199029516e-27 6.103258094127986082e-04 0.000000000000000000e+00
9.638781780504377394e-01 3.551149614014930539e-02 1.983299873515382680e-30 2.026348042199029516e-27 6.103258094127986082e-04 0.000000000000000000e+00
9.638781780504377394e-01 3.551149614014930539e-02 1.983299873515382680e-30 2.026348042199029516e-27 6.103258094127986082e-04 0.000000000000000000e+00
9.638781780504377394e-01 3.551149614014930539e-02 1.983299873515382680e-30 2.026348042199029516e-27 6.103258094127986082e-04 0.000000000000000000e+00
9.638781780504377394e-01 3.551149614014930539e-02 1.983299873515382680e-30 2.026348042199029516e-27 6.103258094127986082e-04 0.000000000000000000e+00
9.638781780504377394e-01 3.551149614014930539e-02 1.983299873515382680e-30 2.026348042199029516e-27 6.103258094127986082e-04 0.000000000000000000e+00
9.638781780504377394e-01 3.551149614014930539e-02 1.983299873515382680e-30 2.026348042199029516e-27 6.103258094127986082e-04 0.000000000000000000e+00
9.638781780504377394e-01 3.551149614014930539e-02 1.983299873515382680e-30 2.026348042199029516e-27 6.103258094127986082e-04 0.000000000000000000e+00
9.638781780504377394e-01 3.551149614014930539e-02 1.983299873515382680e-30 2.026348042199029516e-27 6.103258094127986082e-04 0.000000000000000000e+00
9.638781780504377394e-01 3.551149614014930539e-02 1.983299873515382680e-30 2.026348042199029516e-27 6.103258094127986082e-04 0.000000000000000000e+00
9.638781780504377394e-01 3.551149614014930539e-02 1.983299873515382680e-30 2.026348042199029516e-27 6.103258094127986082e-04 0.000000000000000000e+00
9.638781780504377394e-01 3.551149614014930539e-02 1.983299873515382680e-30 2.026348042199029516e-27 6.103258094127986082e-04 0.000000000000000000e+00
9.638781780504377394e-01 3.551149614014930539e-02 1.983299873515382680e-30 2.026348042199029516e-27 6.103258094127986082e-04 0.000000000000000000e+00
9.638781780504377394e-01 3.551149614014930539e-02 1.983299873515382680e-30 2.026348042199029516e-27 6.103258094127986082e-04 0.000000000000000000e+00
9.638781780504377394e-01 3.551149614014930539e-02 1.983299873515382680e-30 2.026348042199029516e-27 6.103258094127986082e-04 0.000000000000000000e+00
9.638781780504377394e-01 3.551149614014930539e-02 1.983299873515382680e-30 2.026348042199029516e-27 6.103258094127986082e-04 0.000000000000000000e+00
9.638781780504377394e-01 3.551149614014930539e-02 1.983299873515382680e-30 2.026348042199029516e-27 6.103258094127986082e-04 0.000000000000000000e+00
9.638781780504377394e-01 3.551149614014930539e-02 1.983299873515382680e-30 2.026348042199029516e-27 6.103258094127986082e-04 0.000000000000000000e+00
9.638781780504377394e-01 3.551149614014930539e-02 1.983299873515382680e-30 2.026348042199029516e-27 6.103258094127986082e-04 0.000000000000000000e+00
9.638781780504377394e-01 3.551149614014930539e-02 1.983299873515382680e-30 2.026348042199029516e-27 6.103258094127986082e-04 0.000000000000000000e+00
9.638781780504377394e-01 3.551149614014930539e-02 1.983299873515382680e-30 2.026348042199029516e-27 6.103258094127986082e-04 0.000000000000000000e+00
9.638781780504377394e-01 3.551149614014930539e-02 1.983299873515382680e-30 2.026348042199029516e-27 6.103258094127986082e-04 0.000000000000000000e+00
9.638781780504377394e-01 3.551149614014930539e-02 1.983299873515382680e-30 2.026348042199029516e-27 6.103258094127986082e-04 0.000000000000000000e+00
9.638781780504377394e-01 3.551149614014930539e-02 1.983299873515382680e-30 2.026348042199029516e-27 6.103258094127986082e-04 0.000000000000000000e+00
9.638781780504377394e-01 3.551149614014930539e-02 1.983299873515382680e-30 2.026348042199029516e-27 6.103258094127986082e-04 0.000000000000000000e+00
9.638781780504377394e-01 3.551149614014930539e-02 1.983299873515382680e-30 2.026348042199029516e-27 6.103258094127986082e-04 0.000000000000000000e+00
9.638781780504377394e-01 3.551149614014930539e-02 1.983299873515382680e-30 2.026348042199029516e-27 6.103258094127986082e-04 0.000000000000000000e+00
9.638781780504377394e-01 3.551149614014930539e-02 1.983299873515382680e-30 2.026348042199029516e-27 6.103258094127986082e-04 0.000000000000000000e+00
9.638781780504377394e-01 3.551149614014930539e-02 1.983299873515382680e-30 2.026348042199029516e-27 6.103258094127986082e-04 0.000000000000000000e+00
9.638781780504377394e-01 3.551149614014930539e-02 1.983299873515382680e-30 2.026348042199029516e-27 6.103258094127986082e-04 0.000000000000000000e+00
9.638781780504377394e-01 3.551149614014930539e-02 1.983299873515382680e-30 2.026348042199029516e-27 6.103258094127986082e-04 0.000000000000000000e+00
9.638781780504377394e-01 3.551149614014930539e-02 1.983299873515382680e-30 2.026348042199029516e-27 6.103258094127986082e-04 0.000000000000000000e+00
9.638781780504377394e-01 3.551149614014930539e-02 1.983299873515382680e-30 2.026348042199029516e-27 6.103258094127986082e-04 0.000000000000000000e+00
9.638781780504377394e-01 3.551149614014930539e-02 1.983299873515382680e-30 2.026348042199029516e-27 6.103258094127986082e-04 0.000000000000000000e+00
9.638781780504377394e-01 3.551149614014930539e-02 1.983299873515382680e-30 2.026348042199029516e-27 6.103258094127986082e-04 0.000000000000000000e+00
9.638781780504377394e-01 3.551149614014930539e-02 1.983299873515382680e-30 2.026348042199029516e-27 6.103258094127986082e-04 0.000000000000000000e+00
9.638781780504377394e-01 3.551149614014930539e-02 1.983299873515382680e-30 2.026348042199029516e-27 6.103258094127986082e-04 0.000000000000000000e+00
9.638781780504377394e-01 3.551149614014930539e-02 1.983299873515382680e-30 2.026348042199029516e-27 6.103258094127986082e-04 0.000000000000000000e+00
9.638781780504377394e-01 3.551149614014930539e-02 1.983299873515382680e-30 2.026348042199029516e-27 6.103258094127986082e-04 0.000000000000000000e+00
9.638781780504377394e-01 3.551149614014930539e-02 1.983299873515382680e-30 2.026348042199029516e-27 6.103258094127986082e-04 0.000000000000000000e+00
9.638781780504377394e-01 3.551149614014930539e-02 1.983299873515382680e-30 2.026348042199029516e-27 6.103258094127986082e-04 0.000000000000000000e+00
9.638781780504377394e-01 3.551149614014930539e-02 1.983299873515382680e-30 2.026348042199029516e-27 6.103258094127986082e-04 0.000000000000000000e+00
9.638781780504377394e-01 3.551149614014930539e-02 1.983299873515382680e-30 2.026348042199029516e-27 6.103258094127986082e-04 0.000000000000000000e+00
9.638781780504377394e-01 3.551149614014930539e-02 1.983299873515382680e-30 2.026348042199029516e-27 6.103258094127986082e-04 0.000000000000000000e+00
9.638781780504377394e-01 3.551149614014930539e-02 1.983299873515382680e-30 2.026348042199029516e-27 6.103258094127986082e-04 0.000000000000000000e+00
9.638781780504377394e-01 3.551149614014930539e-02 1.983299873515382680e-30 2.026348042199029516e-27 6.103258094127986082e-04 0.000000000000000000e+00
9.638781780504377394e-01 3.551149614014930539e-02 1.983299873515382680e-30 2.026348042199029516e-27 6.103258094127986082e-04 0.000000000000000000e+00
9.638781780504377394e-01 3.551149614014930539e-02 1.983299873515382680e-30 2.026348042199029516e-27 6.103258094127986082e-04 0.000000000000000000e+00
9.638781780504377394e-01 3.551149614014930539e-02 1.983299873515382680e-30 2.026348042199029516e-27 6.103258094127986082e-04 0.000000000000000000e+00
9.638781780504377394e-01 3.551149614014930539e-02 1.983299873515382680e-30 2.026348042199029516e-27 6.103258094127986082e-04 0.000000000000000000e+00
9.638781780504377394e-01 3.551149614014930539e-02 1.983299873515382680e-30 2.026348042199029516e-27 6.103258094127986082e-04 0.000000000000000000e+00
9.638781780504377394e-01 3.551149614014930539e-02 1.983299873515382680e-30 2.026348042199029516e-27 6.103258094127986082e-04 0.000000000000000000e+00
9.638781780504377394e-01 3.551149614014930539e-02 1.983299873515382680e-30 2.026348042199029516e-27 6.103258094127986082e-04 0.000000000000000000e+00
9.638781780504377394e-01 3.551149614014930539e-02 1.983299873515382680e-30 2.026348042199029516e-27 6.103258094127986082e-04 0.000000000000000000e+00
9.638781780504377394e-01 3.551149614014930539e-02 1.983299873515382680e-30 2.026348042199029516e-27 6.103258094127986082e-04 0.000000000000000000e+00
9.638781780504377394e-01 3.551149614014930539e-02 1.983299873515382680e-30 2.026348042199029516e-27 6.103258094127986082e-04 0.000000000000000000e+00
9.638781780504377394e-01 3.551149614014930539e-02 1.983299873515382680e-30 2.026348042199029516e-27 6.103258094127986082e-04 0.000000000000000000e+00
9.638781780504377394e-01 3.551149614014930539e-02 1.983299873515382680e-30 2.026348042199029516e-27 6.103258094127986082e-04 0.000000000000000000e+00
9.638781780504377394e-01 3.551149614014930539e-02 1.983299873515382680e-30 2.026348042199029516e-27 6.103258094127986082e-04 0.000000000000000000e+00
9.638781780504377394e-01 3.551149614014930539e-02 1.983299873515382680e-30 2.026348042199029516e-27 6.103258094127986082e-04 0.000000000000000000e+00
9.638781780504377394e-01 3.551149614014930539e-02 1.983299873515382680e-30 2.026348042199029516e-27 6.103258094127986082e-04 0.000000000000000000e+00
9.638781780504377394e-01 3.551149614014930539e-02 1.983299873515382680e-30 2.026348042199029516e-27 6.103258094127986082e-04 0.000000000000000000e+00
9.638781780504377394e-01 3.551149614014930539e-02 1.983299873515382680e-30 2.026348042199029516e-27 6.103258094127986082e-04 0.000000000000000000e+00
9.638781780504377394e-01 3.551149614014930539e-02 1.983299873515382680e-30 2.026348042199029516e-27 6.103258094127986082e-04 0.000000000000000000e+00
9.638781780504377394e-01 3.551149614014930539e-02 1.983299873515382680e-30 2.026348042199029516e-27 6.103258094127986082e-04 0.000000000000000000e+00
9.638781780504377394e-01 3.551149614014930539e-02 1.983299873515382680e-30 2.026348042199029516e-27 6.103258094127986082e-04 0.000000000000000000e+00
9.638781780504377394e-01 3.551149614014930539e-02 1.983299873515382680e-30 2.026348042199029516e-27 6.103258094127986082e-04 0.000000000000000000e+00
9.638781780504377394e-01 3.551149614014930539e-02 1.983299873515382680e-30 2.026348042199029516e-27 6.103258094127986082e-04 0.000000000000000000e+00
9.638781780504377394e-01 3.551149614014930539e-02 1.983299873515382680e-30 2.026348042199029516e-27 6.103258094127986082e-04 0.000000000000000000e+00
9.638781780504377394e-01 3.551149614014930539e-02 1.983299873515382680e-30 2.026348042199029516e-27 6.103258094127986082e-04 0.000000000000000000e+00
9.638781780504377394e-01 3.551149614014930539e-02 1.983299873515382680e-30 2.026348042199029516e-27 6.103258094127986082e-04 0.000000000000000000e+00
9.638781780504377394e-01 3.551149614014930539e-02 1.983299873515382680e-30 2.026348042199029516e-27 6.103258094127986082e-04 0.000000000000000000e+00
9.638781780504377394e-01 3.551149614014930539e-02 1.983299873515382680e-30 2.026348042199029516e-27 6.103258094127986082e-04 0.000000000000000000e+00
9.638781780504377394e-01 3.551149614014930539e-02 1.983299873515382680e-30 2.026348042199029516e-27 6.103258094127986082e-04 0.000000000000000000e+00
9.638781780504377394e-01 3.551149614014930539e-02 1.983299873515382680e-30 2.026348042199029516e-27 6.103258094127986082e-04 0.000000000000000000e+00
9.638781780504377394e-01 3.551149614014930539e-02 1.983299873515382680e-30 2.026348042199029516e-27 6.103258094127986082e-04 0.000000000000000000e+00
9.638781780504377394e-01 3.551149614014930539e-02 1.983299873515382680e-30 2.026348042199029516e-27 6.103258094127986082e-04 0.000000000000000000e+00
9.638781780504377394e-01 3.551149614014930539e-02 1.983299873515382680e-30 2.026348042199029516e-27 6.103258094127986082e-04 0.000000000000000000e+00
9.638781780504377394e-01 3.551149614014930539e-02 1.983299873515382680e-30 2.026348042199029516e-27 6.103258094127986082e-04 0.000000000000000000e+00
9.638781780504377394e-01 3.551149614014930539e-02 1.983299873515382680e-30 2.026348042199029516e-27 6.103258094127986082e-04 0.000000000000000000e+00
9.638781780504377394e-01 3.551149614014930539e-02 1.983299873515382680e-30 2.026348042199029516e-27 6.103258094127986082e-04 0.000000000000000000e+00
9.638781780504377394e-01 3.551149614014930539e-02 1.983299873515382680e-30 2.026348042199029516e-27 6.103258094127986082e-04 0.000000000000000000e+00
9.638781780504377394e-01 3.551149614014930539e-02 1.983299873515382680e-30 2.026348042199029516e-27 6.103258094127986082e-04 0.000000000000000000e+00
9.638781780504377394e-01 3.551149614014930539e-02 1.983299873515382680e-30 2.026348042199029516e-27 6.103258094127986082e-04 0.000000000000000000e+00
9.638781780504377394e-01 3.551149614014930539e-02 1.983299873515382680e-30 2.026348042199029516e-27 6.103258094127986082e-04 0.000000000000000000e+00
9.638781780504377394e-01 3.551149614014930539e-02 1.983299873515382680e-30 2.026348042199029516e-27 6.103258094127986082e-04 0.000000000000000000e+00
9.638781780504377394e-01 3.551149614014930539e-02 1.983299873515382680e-30 2.026348042199029516e-27 6.103258094127986082e-04 0.000000000000000000e+00
9.638781780504377394e-01 3.551149614014930539e-02 1.983299873515382680e-30 2.026348042199029516e-27 6.103258094127986082e-04 0.000000000000000000e+00
9.638781780504377394e-01 3.551149614014930539e-02 1.983299873515382680e-30 2.026348042199029516e-27 6.103258094127986082e-04 0.000000000000000000e+00
9.638781780504377394e-01 3.551149614014930539e-02 1.983299873515382680e-30 2.026348042199029516e-27 6.103258094127986082e-04 0.000000000000000000e+00
9.638781780504377394e-01 3.551149614014930539e-02 1.983299873515382680e-30 2.026348042199029516e-27 6.103258094127986082e-04 0.000000000000000000e+00
9.638781780504377394e-01 3.551149614014930539e-02 1.983299873515382680e-30 2.026348042199029516e-27 6.103258094127986082e-04 0.000000000000000000e+00
9.638781780504377394e-01 3.551149614014930539e-02 1.983299873515382680e-30 2.026348042199029516e-27 6.103258094127986082e-04 0.000000000000000000e+00
9.638781780504377394e-01 3.551149614014930539e-02 1.983299873515382680e-30 2.026348042199029516e-27 6.103258094127986082e-04 0.000000000000000000e+00
9.638781780504377394e-01 3.551149614014930539e-02 1.983299873515382680e-30 2.026348042199029516e-27 6.103258094127986082e-04 0.000000000000000000e+00
9.638781780504377394e-01 3.551149614014930539e-02 1.983299873515382680e-30 2.026348042199029516e-27 6.103258094127986082e-04 0.000000000000000000e+00
9.638781780504377394e-01 3.551149614014930539e-02 1.983299873515382680e-30 2.026348042199029516e-27 6.103258094127986082e-04 0.000000000000000000e+00
9.638781780504377394e-01 3.551149614014930539e-02 1.983299873515382680e-30 2.026348042199029516e-27 6.103258094127986082e-04 0.000000000000000000e+00
9.638781780504377394e-01 3.551149614014930539e-02 1.983299873515382680e-30 2.026348042199029516e-27 6.103258094127986082e-04 0.000000000000000000e+00
9.638781780504377394e-01 3.551149614014930539e-02 1.983299873515382680e-30 2.026348042199029516e-27 6.103258094127986082e-04 0.000000000000000000e+00
9.638781780504377394e-01 3.551149614014930539e-02 1.983299873515382680e-30 2.026348042199029516e-27 6.103258094127986082e-04 0.000000000000000000e+00
9.638781780504377394e-01 3.551149614014930539e-02 1.983299873515382680e-30 2.026348042199029516e-27 6.103258094127986082e-04 0.000000000000000000e+00
9.638781780504377394e-01 3.551149614014930539e-02 1.983299873515382680e-30 2.026348042199029516e-27 6.103258094127986082e-04 0.000000000000000000e+00
9.638781780504377394e-01 3.551149614014930539e-02 1.983299873515382680e-30 2.026348042199029516e-27 6.103258094127986082e-04 0.000000000000000000e+00
9.638781780504377394e-01 3.551149614014930539e-02 1.983299873515382680e-30 2.026348042199029516e-27 6.103258094127986082e-04 0.000000000000000000e+00
9.638781780504377394e-01 3.551149614014930539e-02 1.983299873515382680e-30 2.026348042199029516e-27 6.103258094127986082e-04 0.000000000000000000e+00
9.638781780504377394e-01 3.551149614014930539e-02 1.983299873515382680e-30 2.026348042199029516e-27 6.103258094127986082e-04 0.000000000000000000e+00
9.638781780504377394e-01 3.551149614014930539e-02 1.983299873515382680e-30 2.026348042199029516e-27 6.103258094127986082e-04 0.000000000000000000e+00
9.638781780504377394e-01 3.551149614014930539e-02 1.983299873515382680e-30 2.026348042199029516e-27 6.103258094127986082e-04 0.000000000000000000e+00
9.638781780504377394e-01 3.551149614014930539e-02 1.983299873515382680e-30 2.026348042199029516e-27 6.103258094127986082e-04 0.000000000000000000e+00
9.638781780504377394e-01 3.551149614014930539e-02 1.983299873515382680e-30 2.026348042199029516e-27 6.103258094127986082e-04 0.000000000000000000e+00
9.638781780504377394e-01 3.551149614014930539e-02 1.983299873515382680e-30 2.026348042199029516e-27 6.103258094127986082e-04 0.000000000000000000e+00
9.638781780504377394e-01 3.551149614014930539e-02 1.983299873515382680e-30 2.026348042199029516e-27 6.103258094127986082e-04 0.000000000000000000e+00
9.638781780504377394e-01 3.551149614014930539e-02 1.983299873515382680e-30 2.026348042199029516e-27 6.103258094127986082e-04 0.000000000000000000e+00
9.638781780504377394e-01 3.551149614014930539e-02 1.983299873515382680e-30 2.026348042199029516e-27 6.103258094127986082e-04 0.000000000000000000e+00
9.638781780504377394e-01 3.551149614014930539e-02 1.983299873515382680e-30 2.026348042199029516e-27 6.103258094127986082e-04 0.000000000000000000e+00
9.638781780504377394e-01 3.551149614014930539e-02 1.983299873515382680e-30 2.026348042199029516e-27 6.103258094127986082e-04 0.000000000000000000e+00
9.638781780504377394e-01 3.551149614014930539e-02 1.983299873515382680e-30 2.026348042199029516e-27 6.103258094127986082e-04 0.000000000000000000e+00
9.638781780504377394e-01 3.551149614014930539e-02 1.983299873515382680e-30 2.026348042199029516e-27 6.103258094127986082e-04 0.000000000000000000e+00
9.638781780504377394e-01 3.551149614014930539e-02 1.983299873515382680e-30 2.026348042199029516e-27 6.103258094127986082e-04 0.000000000000000000e+00
9.638781780504377394e-01 3.551149614014930539e-02 1.983299873515382680e-30 2.026348042199029516e-27 6.103258094127986082e-04 0.000000000000000000e+00
9.638781780504377394e-01 3.551149614014930539e-02 1.983299873515382680e-30 2.026348042199029516e-27 6.103258094127986082e-04 0.000000000000000000e+00
9.638781780504377394e-01 3.551149614014930539e-02 1.983299873515382680e-30 2.026348042199029516e-27 6.103258094127986082e-04 0.000000000000000000e+00
9.638781780504377394e-01 3.551149614014930539e-02 1.983299873515382680e-30 2.026348042199029516e-27 6.103258094127986082e-04 0.000000000000000000e+00
9.638781780504377394e-01 3.551149614014930539e-02 1.983299873515382680e-30 2.026348042199029516e-27 6.103258094127986082e-04 0.000000000000000000e+00
9.638781780504377394e-01 3.551149614014930539e-02 1.983299873515382680e-30 2.026348042199029516e-27 6.103258094127986082e-04 0.000000000000000000e+00
9.638781780504377394e-01 3.551149614014930539e-02 1.983299873515382680e-30 2.026348042199029516e-27 6.103258094127986082e-04 0.000000000000000000e+00
9.638781780504377394e-01 3.551149614014930539e-02 1.983299873515382680e-30 2.026348042199029516e-27 6.103258094127986082e-04 0.000000000000000000e+00
9.638781780504377394e-01 3.551149614014930539e-02 1.983299873515382680e-30 2.026348042199029516e-27 6.103258094127986082e-04 0.000000000000000000e+00
9.638781780504377394e-01 3.551149614014930539e-02 1.983299873515382680e-30 2.026348042199029516e-27 6.103258094127986082e-04 0.000000000000000000e+00
9.638781780504377394e-01 3.551149614014930539e-02 1.983299873515382680e-30 2.026348042199029516e-27 6.103258094127986082e-04 0.000000000000000000e+00
9.638781780504377394e-01 3.551149614014930539e-02 1.983299873515382680e-30 2.026348042199029516e-27 6.103258094127986082e-04 0.000000000000000000e+00
9.638781780504377394e-01 3.551149614014930539e-02 1.983299873515382680e-30 2.026348042199029516e-27 6.103258094127986082e-04 0.000000000000000000e+00
9.638781780504377394e-01 3.551149614014930539e-02 1.983299873515382680e-30 2.026348042199029516e-27 6.103258094127986082e-04 0.000000000000000000e+00
9.638781780504377394e-01 3.551149614014930539e-02 1.983299873515382680e-30 2.026348042199029516e-27 6.103258094127986082e-04 0.000000000000000000e+00
9.638781780504377394e-01 3.551149614014930539e-02 1.983299873515382680e-30 2.026348042199029516e-27 6.103258094127986082e-04 0.000000000000000000e+00
9.638781780504377394e-01 3.551149614014930539e-02 1.983299873515382680e-30 2.026348042199029516e-27 6.103258094127986082e-04 0.000000000000000000e+00
9.638781780504377394e-01 3.551149614014930539e-02 1.983299873515382680e-30 2.026348042199029516e-27 6.103258094127986082e-04 0.000000000000000000e+00
9.638781780504377394e-01 3.551149614014930539e-02 1.983299873515382680e-30 2.026348042199029516e-27 6.103258094127986082e-04 0.000000000000000000e+00
9.638781780504377394e-01 3.551149614014930539e-02 1.983299873515382680e-30 2.026348042199029516e-27 6.103258094127986082e-04 0.000000000000000000e+00
9.638781780504377394e-01 3.551149614014930539e-02 1.983299873515382680e-30 2.026348042199029516e-27 6.103258094127986082e-04 0.000000000000000000e+00
9.638781780504377394e-01 3.551149614014930539e-02 1.983299873515382680e-30 2.026348042199029516e-27 6.103258094127986082e-04 0.000000000000000000e+00
9.638781780504377394e-01 3.551149614014930539e-02 1.983299873515382680e-30 2.026348042199029516e-27 6.103258094127986082e-04 0.000000000000000000e+00
9.638781780504377394e-01 3.551149614014930539e-02 1.983299873515382680e-30 2.026348042199029516e-27 6.103258094127986082e-04 0.000000000000000000e+00
9.638781780504377394e-01 3.551149614014930539e-02 1.983299873515382680e-30 2.026348042199029516e-27 6.103258094127986082e-04 0.000000000000000000e+00
9.638781780504377394e-01 3.551149614014930539e-02 1.983299873515382680e-30 2.026348042199029516e-27 6.103258094127986082e-04 0.000000000000000000e+00
9.638781780504377394e-01 3.551149614014930539e-02 1.983299873515382680e-30 2.026348042199029516e-27 6.103258094127986082e-04 0.000000000000000000e+00
9.638781780504377394e-01 3.551149614014930539e-02 1.983299873515382680e-30 2.026348042199029516e-27 6.103258094127986082e-04 0.000000000000000000e+00
9.638781780504377394e-01 3.551149614014930539e-02 1.983299873515382680e-30 2.026348042199029516e-27 6.103258094127986082e-04 0.000000000000000000e+00
9.638781780504377394e-01 3.551149614014930539e-02 1.983299873515382680e-30 2.026348042199029516e-27 6.103258094127986082e-04 0.000000000000000000e+00
9.638781780504377394e-01 3.551149614014930539e-02 1.983299873515382680e-30 2.026348042199029516e-27 6.103258094127986082e-04 0.000000000000000000e+00
9.638781780504377394e-01 3.551149614014930539e-02 1.983299873515382680e-30 2.026348042199029516e-27 6.103258094127986082e-04 0.000000000000000000e+00
9.638781780504377394e-01 3.551149614014930539e-02 1.983299873515382680e-30 2.026348042199029516e-27 6.103258094127986082e-04 0.000000000000000000e+00
9.638781780504377394e-01 3.551149614014930539e-02 1.983299873515382680e-30 2.026348042199029516e-27 6.103258094127986082e-04 0.000000000000000000e+00
9.638781780504377394e-01 3.551149614014930539e-02 1.983299873515382680e-30 2.026348042199029516e-27 6.103258094127986082e-04 0.000000000000000000e+00
9.638781780504377394e-01 3.551149614014930539e-02 1.983299873515382680e-30 2.026348042199029516e-27 6.103258094127986082e-04 0.000000000000000000e+00
9.638781780504377394e-01 3.551149614014930539e-02 1.983299873515382680e-30 2.026348042199029516e-27 6.103258094127986082e-04 0.000000000000000000e+00
9.638781780504377394e-01 3.551149614014930539e-02 1.983299873515382680e-30 2.026348042199029516e-27 6.103258094127986082e-04 0.000000000000000000e+00
9.638781780504377394e-01 3.551149614014930539e-02 1.983299873515382680e-30 2.026348042199029516e-27 6.103258094127986082e-04 0.000000000000000000e+00
9.638781780504377394e-01 3.551149614014930539e-02 1.983299873515382680e-30 2.026348042199029516e-27 6.103258094127986082e-04 0.000000000000000000e+00
9.638781780504377394e-01 3.551149614014930539e-02 1.983299873515382680e-30 2.026348042199029516e-27 6.103258094127986082e-04 0.000000000000000000e+00
9.638781780504377394e-01 3.551149614014930539e-02 1.983299873515382680e-30 2.026348042199029516e-27 6.103258094127986082e-04 0.000000000000000000e+00
9.638781780504377394e-01 3.551149614014930539e-02 1.983299873515382680e-30 2.026348042199029516e-27 6.103258094127986082e-04 0.000000000000000000e+00
9.638781780504377394e-01 3.551149614014930539e-02 1.983299873515382680e-30 2.026348042199029516e-27 6.103258094127986082e-04 0.000000000000000000e+00
9.638781780504377394e-01 3.551149614014930539e-02 1.983299873515382680e-30 2.026348042199029516e-27 6.103258094127986082e-04 0.000000000000000000e+00
9.638781780504377394e-01 3.551149614014930539e-02 1.983299873515382680e-30 2.026348042199029516e-27 6.103258094127986082e-04 0.000000000000000000e+00
9.638781780504377394e-01 3.551149614014930539e-02 1.983299873515382680e-30 2.026348042199029516e-27 6.103258094127986082e-04 0.000000000000000000e+00
9.638781780504377394e-01 3.551149614014930539e-02 1.983299873515382680e-30 2.026348042199029516e-27 6.103258094127986082e-04 0.000000000000000000e+00
9.638781780504377394e-01 3.551149614014930539e-02 1.983299873515382680e-30 2.026348042199029516e-27 6.103258094127986082e-04 0.000000000000000000e+00
9.638781780504377394e-01 3.551149614014930539e-02 1.983299873515382680e-30 2.026348042199029516e-27 6.103258094127986082e-04 0.000000000000000000e+00
9.638781780504377394e-01 3.551149614014930539e-02 1.983299873515382680e-30 2.026348042199029516e-27 6.103258094127986082e-04 0.000000000000000000e+00
9.638781780504377394e-01 3.551149614014930539e-02 1.983299873515382680e-30 2.026348042199029516e-27 6.103258094127986082e-04 0.000000000000000000e+00
9.638781780504377394e-01 3.551149614014930539e-02 1.983299873515382680e-30 2.026348042199029516e-27 6.103258094127986082e-04 0.000000000000000000e+00
9.638781780504377394e-01 3.551149614014930539e-02 1.983299873515382680e-30 2.026348042199029516e-27 6.103258094127986082e-04 0.000000000000000000e+00
9.638781780504377394e-01 3.551149614014930539e-02 1.983299873515382680e-30 2.026348042199029516e-27 6.103258094127986082e-04 0.000000000000000000e+00
9.638781780504377394e-01 3.551149614014930539e-02 1.983299873515382680e-30 2.026348042199029516e-27 6.103258094127986082e-04 0.000000000000000000e+00
9.638781780504377394e-01 3.551149614014930539e-02 1.983299873515382680e-30 2.026348042199029516e-27 6.103258094127986082e-04 0.000000000000000000e+00
9.638781780504377394e-01 3.551149614014930539e-02 1.983299873515382680e-30 2.026348042199029516e-27 6.103258094127986082e-04 0.000000000000000000e+00
9.638781780504377394e-01 3.551149614014930539e-02 1.983299873515382680e-30 2.026348042199029516e-27 6.103258094127986082e-04 0.000000000000000000e+00
9.638781780504377394e-01 3.551149614014930539e-02 1.983299873515382680e-30 2.026348042199029516e-27 6.103258094127986082e-04 0.000000000000000000e+00
9.638781780504377394e-01 3.551149614014930539e-02 1.983299873515382680e-30 2.026348042199029516e-27 6.103258094127986082e-04 0.000000000000000000e+00
9.638781780504377394e-01 3.551149614014930539e-02 1.983299873515382680e-30 2.026348042199029516e-27 6.103258094127986082e-04 0.000000000000000000e+00
9.638781780504377394e-01 3.551149614014930539e-02 1.983299873515382680e-30 2.026348042199029516e-27 6.103258094127986082e-04 0.000000000000000000e+00
9.638781780504377394e-01 3.551149614014930539e-02 1.983299873515382680e-30 2.026348042199029516e-27 6.103258094127986082e-04 0.000000000000000000e+00
9.638781780504377394e-01 3.551149614014930539e-02 1.983299873515382680e-30 2.026348042199029516e-27 6.103258094127986082e-04 0.000000000000000000e+00
9.638781780504377394e-01 3.551149614014930539e-02 1.983299873515382680e-30 2.026348042199029516e-27 6.103258094127986082e-04 0.000000000000000000e+00
9.638781780504377394e-01 3.551149614014930539e-02 1.983299873515382680e-30 2.026348042199029516e-27 6.103258094127986082e-04 0.000000000000000000e+00
9.638781780504377394e-01 3.551149614014930539e-02 1.983299873515382680e-30 2.026348042199029516e-27 6.103258094127986082e-04 0.000000000000000000e+00
9.638781780504377394e-01 3.551149614014930539e-02 1.983299873515382680e-30 2.026348042199029516e-27 6.103258094127986082e-04 0.000000000000000000e+00
9.638781780504377394e-01 3.551149614014930539e-02 1.983299873515382680e-30 2.026348042199029516e-27 6.103258094127986082e-04 0.000000000000000000e+00
9.638781780504377394e-01 3.551149614014930539e-02 1.983299873515382680e-30 2.026348042199029516e-27 6.103258094127986082e-04 0.000000000000000000e+00
9.638781780504377394e-01 3.551149614014930539e-02 1.983299873515382680e-30 2.026348042199029516e-27 6.103258094127986082e-04 0.000000000000000000e+00
9.638781780504377394e-01 3.551149614014930539e-02 1.983299873515382680e-30 2.026348042199029516e-27 6.103258094127986082e-04 0.000000000000000000e+00
9.638781780504377394e-01 3.551149614014930539e-02 1.983299873515382680e-30 2.026348042199029516e-27 6.103258094127986082e-04 0.000000000000000000e+00
9.638781780504377394e-01 3.551149614014930539e-02 1.983299873515382680e-30 2.026348042199029516e-27 6.103258094127986082e-04 0.000000000000000000e+00
9.638781780504377394e-01 3.551149614014930539e-02 1.983299873515382680e-30 2.026348042199029516e-27 6.103258094127986082e-04 0.000000000000000000e+00
9.638781780504377394e-01 3.551149614014930539e-02 1.983299873515382680e-30 2.026348042199029516e-27 6.103258094127986082e-04 0.000000000000000000e+00
9.638781780504377394e-01 3.551149614014930539e-02 1.983299873515382680e-30 2.026348042199029516e-27 6.103258094127986082e-04 0.000000000000000000e+00
9.638781780504377394e-01 3.551149614014930539e-02 1.983299873515382680e-30 2.026348042199029516e-27 6.103258094127986082e-04 0.000000000000000000e+00
9.638781780504377394e-01 3.551149614014930539e-02 1.983299873515382680e-30 2.026348042199029516e-27 6.103258094127986082e-04 0.000000000000000000e+00
9.638781780504377394e-01 3.551149614014930539e-02 1.983299873515382680e-30 2.026348042199029516e-27 6.103258094127986082e-04 0.000000000000000000e+00
9.638781780504377394e-01 3.551149614014930539e-02 1.983299873515382680e-30 2.026348042199029516e-27 6.103258094127986082e-04 0.000000000000000000e+00
9.638781780504377394e-01 3.551149614014930539e-02 1.983299873515382680e-30 2.026348042199029516e-27 6.103258094127986082e-04 0.000000000000000000e+00
9.638781780504377394e-01 3.551149614014930539e-02 1.983299873515382680e-30 2.026348042199029516e-27 6.103258094127986082e-04 0.000000000000000000e+00
9.638781780504377394e-01 3.551149614014930539e-02 1.983299873515382680e-30 2.026348042199029516e-27 6.103258094127986082e-04 0.000000000000000000e+00
9.638781780504377394e-01 3.551149614014930539e-02 1.983299873515382680e-30 2.026348042199029516e-27 6.103258094127986082e-04 0.000000000000000000e+00
9.638781780504377394e-01 3.551149614014930539e-02 1.983299873515382680e-30 2.026348042199029516e-27 6.103258094127986082e-04 0.000000000000000000e+00
9.638781780504377394e-01 3.551149614014930539e-02 1.983299873515382680e-30 2.026348042199029516e-27 6.103258094127986082e-04 0.000000000000000000e+00
9.638781780504377394e-01 3.551149614014930539e-02 1.983299873515382680e-30 2.026348042199029516e-27 6.103258094127986082e-04 0.000000000000000000e+00
9.638781780504377394e-01 3.551149614014930539e-02 1.983299873515382680e-30 2.026348042199029516e-27 6.103258094127986082e-04 0.000000000000000000e+00
9.638781780504377394e-01 3.551149614014930539e-02 1.983299873515382680e-30 2.026348042199029516e-27 6.103258094127986082e-04 0.000000000000000000e+00
9.638781780504377394e-01 3.551149614014930539e-02 1.983299873515382680e-30 2.026348042199029516e-27 6.103258094127986082e-04 0.000000000000000000e+00
9.638781780504377394e-01 3.551149614014930539e-02 1.983299873515382680e-30 2.026348042199029516e-27 6.103258094127986082e-04 0.000000000000000000e+00
9.638781780504377394e-01 3.551149614014930539e-02 1.983299873515382680e-30 2.026348042199029516e-27 6.103258094127986082e-04 0.000000000000000000e+00
9.638781780504377394e-01 3.551149614014930539e-02 1.983299873515382680e-30 2.026348042199029516e-27 6.103258094127986082e-04 0.000000000000000000e+00
9.638781780504377394e-01 3.551149614014930539e-02 1.983299873515382680e-30 2.026348042199029516e-27 6.103258094127986082e-04 0.000000000000000000e+00
9.638781780504377394e-01 3.551149614014930539e-02 1.983299873515382680e-30 2.026348042199029516e-27 6.103258094127986082e-04 0.000000000000000000e+00
9.638781780504377394e-01 3.551149614014930539e-02 1.983299873515382680e-30 2.026348042199029516e-27 6.103258094127986082e-04 0.000000000000000000e+00
9.638781780504377394e-01 3.551149614014930539e-02 1.983299873515382680e-30 2.026348042199029516e-27 6.103258094127986082e-04 0.000000000000000000e+00
9.638781780504377394e-01 3.551149614014930539e-02 1.983299873515382680e-30 2.026348042199029516e-27 6.103258094127986082e-04 0.000000000000000000e+00
9.638781780504377394e-01 3.551149614014930539e-02 1.983299873515382680e-30 2.026348042199029516e-27 6.103258094127986082e-04 0.000000000000000000e+00
9.638781780504377394e-01 3.551149614014930539e-02 1.983299873515382680e-30 2.026348042199029516e-27 6.103258094127986082e-04 0.000000000000000000e+00
9.638781780504377394e-01 3.551149614014930539e-02 1.983299873515382680e-30 2.026348042199029516e-27 6.103258094127986082e-04 0.000000000000000000e+00
9.638781780504377394e-01 3.551149614014930539e-02 1.983299873515382680e-30 2.026348042199029516e-27 6.103258094127986082e-04 0.000000000000000000e+00
9.638781780504377394e-01 3.551149614014930539e-02 1.983299873515382680e-30 2.026348042199029516e-27 6.103258094127986082e-04 0.000000000000000000e+00
9.638781780504377394e-01 3.551149614014930539e-02 1.983299873515382680e-30 2.026348042199029516e-27 6.103258094127986082e-04 0.000000000000000000e+00
9.638781780504377394e-01 3.551149614014930539e-02 1.983299873515382680e-30 2.026348042199029516e-27 6.103258094127986082e-04 0.000000000000000000e+00
9.638781780504377394e-01 3.551149614014930539e-02 1.983299873515382680e-30 2.026348042199029516e-27 6.103258094127986082e-04 0.000000000000000000e+00
9.638781780504377394e-01 3.551149614014930539e-02 1.983299873515382680e-30 2.026348042199029516e-27 6.103258094127986082e-04 0.000000000000000000e+00
9.638781780504377394e-01 3.551149614014930539e-02 1.983299873515382680e-30 2.026348042199029516e-27 6.103258094127986082e-04 0.000000000000000000e+00
9.638781780504377394e-01 3.551149614014930539e-02 1.983299873515382680e-30 2.026348042199029516e-27 6.103258094127986082e-04 0.000000000000000000e+00
9.638781780504377394e-01 3.551149614014930539e-02 1.983299873515382680e-30 2.026348042199029516e-27 6.103258094127986082e-04 0.000000000000000000e+00
9.638781780504377394e-01 3.551149614014930539e-02 1.983299873515382680e-30 2.026348042199029516e-27 6.103258094127986082e-04 0.000000000000000000e+00
9.638781780504377394e-01 3.551149614014930539e-02 1.983299873515382680e-30 2.026348042199029516e-27 6.103258094127986082e-04 0.000000000000000000e+00
9.638781780504377394e-01 3.551149614014930539e-02 1.983299873515382680e-30 2.026348042199029516e-27 6.103258094127986082e-04 0.000000000000000000e+00
9.638781780504377394e-01 3.551149614014930539e-02 1.983299873515382680e-30 2.026348042199029516e-27 6.103258094127986082e-04 0.000000000000000000e+00
9.638781780504377394e-01 3.551149614014930539e-02 1.983299873515382680e-30 2.026348042199029516e-27 6.103258094127986082e-04 0.000000000000000000e+00
9.638781780504377394e-01 3.551149614014930539e-02 1.983299873515382680e-30 2.026348042199029516e-27 6.103258094127986082e-04 0.000000000000000000e+00
9.638781780504377394e-01 3.551149614014930539e-02 1.983299873515382680e-30 2.026348042199029516e-27 6.103258094127986082e-04 0.000000000000000000e+00
9.638781780504377394e-01 3.551149614014930539e-02 1.983299873515382680e-30 2.026348042199029516e-27 6.103258094127986082e-04 0.000000000000000000e+00
9.638781780504377394e-01 3.551149614014930539e-02 1.983299873515382680e-30 2.026348042199029516e-27 6.103258094127986082e-04 0.000000000000000000e+00
9.638781780504377394e-01 3.551149614014930539e-02 1.983299873515382680e-30 2.026348042199029516e-27 6.103258094127986082e-04 0.000000000000000000e+00
9.638781780504377394e-01 3.551149614014930539e-02 1.983299873515382680e-30 2.026348042199029516e-27 6.103258094127986082e-04 0.000000000000000000e+00
9.638781780504377394e-01 3.551149614014930539e-02 1.983299873515382680e-30 2.026348042199029516e-27 6.103258094127986082e-04 0.000000000000000000e+00
9.638781780504377394e-01 3.551149614014930539e-02 1.983299873515382680e-30 2.026348042199029516e-27 6.103258094127986082e-04 0.000000000000000000e+00
9.638781780504377394e-01 3.551149614014930539e-02 1.983299873515382680e-30 2.026348042199029516e-27 6.103258094127986082e-04 0.000000000000000000e+00
9.638781780504377394e-01 3.551149614014930539e-02 1.983299873515382680e-30 2.026348042199029516e-27 6.103258094127986082e-04 0.000000000000000000e+00
9.638781780504377394e-01 3.551149614014930539e-02 1.983299873515382680e-30 2.026348042199029516e-27 6.103258094127986082e-04 0.000000000000000000e+00
9.638781780504377394e-01 3.551149614014930539e-02 1.983299873515382680e-30 2.026348042199029516e-27 6.103258094127986082e-04 0.000000000000000000e+00
9.638781780504377394e-01 3.551149614014930539e-02 1.983299873515382680e-30 2.026348042199029516e-27 6.103258094127986082e-04 0.000000000000000000e+00
9.638781780504377394e-01 3.551149614014930539e-02 1.983299873515382680e-30 2.026348042199029516e-27 6.103258094127986082e-04 0.000000000000000000e+00
9.638781780504377394e-01 3.551149614014930539e-02 1.983299873515382680e-30 2.026348042199029516e-27 6.103258094127986082e-04 0.000000000000000000e+00
9.638781780504377394e-01 3.551149614014930539e-02 1.983299873515382680e-30 2.026348042199029516e-27 6.103258094127986082e-04 0.000000000000000000e+00
9.638781780504377394e-01 3.551149614014930539e-02 1.983299873515382680e-30 2.026348042199029516e-27 6.103258094127986082e-04 0.000000000000000000e+00
9.638781780504377394e-01 3.551149614014930539e-02 1.983299873515382680e-30 2.026348042199029516e-27 6.103258094127986082e-04 0.000000000000000000e+00
9.638781780504377394e-01 3.551149614014930539e-02 1.983299873515382680e-30 2.026348042199029516e-27 6.103258094127986082e-04 0.000000000000000000e+00
9.638781780504377394e-01 3.551149614014930539e-02 1.983299873515382680e-30 2.026348042199029516e-27 6.103258094127986082e-04 0.000000000000000000e+00
9.638781780504377394e-01 3.551149614014930539e-02 1.983299873515382680e-30 2.026348042199029516e-27 6.103258094127986082e-04 0.000000000000000000e+00
9.638781780504377394e-01 3.551149614014930539e-02 1.983299873515382680e-30 2.026348042199029516e-27 6.103258094127986082e-04 0.000000000000000000e+00
9.638781780504377394e-01 3.551149614014930539e-02 1.983299873515382680e-30 2.026348042199029516e-27 6.103258094127986082e-04 0.000000000000000000e+00
9.638781780504377394e-01 3.551149614014930539e-02 1.983299873515382680e-30 2.026348042199029516e-27 6.103258094127986082e-04 0.000000000000000000e+00
9.638781780504377394e-01 3.551149614014930539e-02 1.983299873515382680e-30 2.026348042199029516e-27 6.103258094127986082e-04 0.000000000000000000e+00
9.638781780504377394e-01 3.551149614014930539e-02 1.983299873515382680e-30 2.026348042199029516e-27 6.103258094127986082e-04 0.000000000000000000e+00
9.638781780504377394e-01 3.551149614014930539e-02 1.983299873515382680e-30 2.026348042199029516e-27 6.103258094127986082e-04 0.000000000000000000e+00
9.638781780504377394e-01 3.551149614014930539e-02 1.983299873515382680e-30 2.026348042199029516e-27 6.103258094127986082e-04 0.000000000000000000e+00
9.638781780504377394e-01 3.551149614014930539e-02 1.983299873515382680e-30 2.026348042199029516e-27 6.103258094127986082e-04 0.000000000000000000e+00
9.638781780504377394e-01 3.551149614014930539e-02 1.983299873515382680e-30 2.026348042199029516e-27 6.103258094127986082e-04 0.000000000000000000e+00
9.638781780504377394e-01 3.551149614014930539e-02 1.983299873515382680e-30 2.026348042199029516e-27 6.103258094127986082e-04 0.000000000000000000e+00
9.638781780504377394e-01 3.551149614014930539e-02 1.983299873515382680e-30 2.026348042199029516e-27 6.103258094127986082e-04 0.000000000000000000e+00
9.638781780504377394e-01 3.551149614014930539e-02 1.983299873515382680e-30 2.026348042199029516e-27 6.103258094127986082e-04 0.000000000000000000e+00
9.638781780504377394e-01 3.551149614014930539e-02 1.983299873515382680e-30 2.026348042199029516e-27 6.103258094127986082e-04 0.000000000000000000e+00
9.638781780504377394e-01 3.551149614014930539e-02 1.983299873515382680e-30 2.026348042199029516e-27 6.103258094127986082e-04 0.000000000000000000e+00
9.638781780504377394e-01 3.551149614014930539e-02 1.983299873515382680e-30 2.026348042199029516e-27 6.103258094127986082e-04 0.000000000000000000e+00
9.638781780504377394e-01 3.551149614014930539e-02 1.983299873515382680e-30 2.026348042199029516e-27 6.103258094127986082e-04 0.000000000000000000e+00
9.638781780504377394e-01 3.551149614014930539e-02 1.983299873515382680e-30 2.026348042199029516e-27 6.103258094127986082e-04 0.000000000000000000e+00
9.638781780504377394e-01 3.551149614014930539e-02 1.983299873515382680e-30 2.026348042199029516e-27 6.103258094127986082e-04 0.000000000000000000e+00
9.638781780504377394e-01 3.551149614014930539e-02 1.983299873515382680e-30 2.026348042199029516e-27 6.103258094127986082e-04 0.000000000000000000e+00
9.638781780504377394e-01 3.551149614014930539e-02 1.983299873515382680e-30 2.026348042199029516e-27 6.103258094127986082e-04 0.000000000000000000e+00
9.638781780504377394e-01 3.551149614014930539e-02 1.983299873515382680e-30 2.026348042199029516e-27 6.103258094127986082e-04 0.000000000000000000e+00
9.638781780504377394e-01 3.551149614014930539e-02 1.983299873515382680e-30 2.026348042199029516e-27 6.103258094127986082e-04 0.000000000000000000e+00
9.638781780504377394e-01 3.551149614014930539e-02 1.983299873515382680e-30 2.026348042199029516e-27 6.103258094127986082e-04 0.000000000000000000e+00
9.638781780504377394e-01 3.551149614014930539e-02 1.983299873515382680e-30 2.026348042199029516e-27 6.103258094127986082e-04 0.000000000000000000e+00
9.638781780504377394e-01 3.551149614014930539e-02 1.983299873515382680e-30 2.026348042199029516e-27 6.103258094127986082e-04 0.000000000000000000e+00
9.638781780504377394e-01 3.551149614014930539e-02 1.983299873515382680e-30 2.026348042199029516e-27 6.103258094127986082e-04 0.000000000000000000e+00
9.638781780504377394e-01 3.551149614014930539e-02 1.983299873515382680e-30 2.026348042199029516e-27 6.103258094127986082e-04 0.000000000000000000e+00
9.638781780504377394e-01 3.551149614014930539e-02 1.983299873515382680e-30 2.026348042199029516e-27 6.103258094127986082e-04 0.000000000000000000e+00
9.638781780504377394e-01 3.551149614014930539e-02 1.983299873515382680e-30 2.026348042199029516e-27 6.103258094127986082e-04 0.000000000000000000e+00
9.638781780504377394e-01 3.551149614014930539e-02 1.983299873515382680e-30 2.026348042199029516e-27 6.103258094127986082e-04 0.000000000000000000e+00
9.638781780504377394e-01 3.551149614014930539e-02 1.983299873515382680e-30 2.026348042199029516e-27 6.103258094127986082e-04 0.000000000000000000e+00
9.638781780504377394e-01 3.551149614014930539e-02 1.983299873515382680e-30 2.026348042199029516e-27 6.103258094127986082e-04 0.000000000000000000e+00
9.638781780504377394e-01 3.551149614014930539e-02 1.983299873515382680e-30 2.026348042199029516e-27 6.103258094127986082e-04 0.000000000000000000e+00
9.638781780504377394e-01 3.551149614014930539e-02 1.983299873515382680e-30 2.026348042199029516e-27 6.103258094127986082e-04 0.000000000000000000e+00
9.638781780504377394e-01 3.551149614014930539e-02 1.983299873515382680e-30 2.026348042199029516e-27 6.103258094127986082e-04 0.000000000000000000e+00
9.638781780504377394e-01 3.551149614014930539e-02 1.983299873515382680e-30 2.026348042199029516e-27 6.103258094127986082e-04 0.000000000000000000e+00
9.638781780504377394e-01 3.551149614014930539e-02 1.983299873515382680e-30 2.026348042199029516e-27 6.103258094127986082e-04 0.000000000000000000e+00
9.638781780504377394e-01 3.551149614014930539e-02 1.983299873515382680e-30 2.026348042199029516e-27 6.103258094127986082e-04 0.000000000000000000e+00
9.638781780504377394e-01 3.551149614014930539e-02 1.983299873515382680e-30 2.026348042199029516e-27 6.103258094127986082e-04 0.000000000000000000e+00
9.638781780504377394e-01 3.551149614014930539e-02 1.983299873515382680e-30 2.026348042199029516e-27 6.103258094127986082e-04 0.000000000000000000e+00
9.638781780504377394e-01 3.551149614014930539e-02 1.983299873515382680e-30 2.026348042199029516e-27 6.103258094127986082e-04 0.000000000000000000e+00
9.638781780504377394e-01 3.551149614014930539e-02 1.983299873515382680e-30 2.026348042199029516e-27 6.103258094127986082e-04 0.000000000000000000e+00
9.638781780504377394e-01 3.551149614014930539e-02 1.983299873515382680e-30 2.026348042199029516e-27 6.103258094127986082e-04 0.000000000000000000e+00
9.638781780504377394e-01 3.551149614014930539e-02 1.983299873515382680e-30 2.026348042199029516e-27 6.103258094127986082e-04 0.000000000000000000e+00
9.638781780504377394e-01 3.551149614014930539e-02 1.983299873515382680e-30 2.026348042199029516e-27 6.103258094127986082e-04 0.000000000000000000e+00
9.638781780504377394e-01 3.551149614014930539e-02 1.983299873515382680e-30 2.026348042199029516e-27 6.103258094127986082e-04 0.000000000000000000e+00
9.638781780504377394e-01 3.551149614014930539e-02 1.983299873515382680e-30 2.026348042199029516e-27 6.103258094127986082e-04 0.000000000000000000e+00
9.638781780504377394e-01 3.551149614014930539e-02 1.983299873515382680e-30 2.026348042199029516e-27 6.103258094127986082e-04 0.000000000000000000e+00
9.638781780504377394e-01 3.551149614014930539e-02 1.983299873515382680e-30 2.026348042199029516e-27 6.103258094127986082e-04 0.000000000000000000e+00
9.638781780504377394e-01 3.551149614014930539e-02 1.983299873515382680e-30 2.026348042199029516e-27 6.103258094127986082e-04 0.000000000000000000e+00
9.638781780504377394e-01 3.551149614014930539e-02 1.983299873515382680e-30 2.026348042199029516e-27 6.103258094127986082e-04 0.000000000000000000e+00
9.638781780504377394e-01 3.551149614014930539e-02 1.983299873515382680e-30 2.026348042199029516e-27 6.103258094127986082e-04 0.000000000000000000e+00
9.638781780504377394e-01 3.551149614014930539e-02 1.983299873515382680e-30 2.026348042199029516e-27 6.103258094127986082e-04 0.000000000000000000e+00
9.638781780504377394e-01 3.551149614014930539e-02 1.983299873515382680e-30 2.026348042199029516e-27 6.103258094127986082e-04 0.000000000000000000e+00
