9.991486349429353764e-01 2.474767021647513444e-05 7.695269769605432590e-14 8.129095870251405979e-18 8.266173867710117874e-04 0.000000000000000000e+00
9.991486349447449289e-01 2.474767023971295480e-05 5.581627663855646389e-14 6.308055810695479590e-18 8.266173849594305205e-04 0.000000000000000000e+00
9.991486349447449289e-01 2.474767023971295480e-05 3.938263677664002082e-14 4.788893366823843398e-18 8.266173849758691938e-04 0.000000000000000000e+00
9.991486349437236347e-01 2.474767027863268215e-05 2.762022112396680084e-14 3.617933866664448909e-18 8.266173859701428676e-04 0.000000000000000000e+00
9.991486349437235237e-01 2.474767027863268215e-05 1.925267825109678074e-14 2.719832039404632723e-18 8.266173859785118242e-04 0.000000000000000000e+00
9.991486349437234127e-01 2.474767027863268215e-05 1.333706734443649938e-14 2.034463996404716051e-18 8.266173859844277733e-04 0.000000000000000000e+00
9.991486349444694826e-01 2.474767027228836133e-05 9.181184963527044164e-15 1.514102291360226049e-18 8.266173852492128245e-04 0.000000000000000000e+00
9.991486349441645043e-01 2.474767031853649917e-05 6.280163561171789000e-15 1.121060422948774496e-18 8.266173855107371337e-04 0.000000000000000000e+00
9.991486349441643933e-01 2.474767031853649917e-05 4.268136365265969023e-15 8.257337415151192384e-19 8.266173855127497382e-04 0.000000000000000000e+00
9.991486349441643933e-01 2.474767031853649917e-05 2.881746362491421337e-15 6.049950171591727874e-19 8.266173855141368664e-04 0.000000000000000000e+00
9.991486349441643933e-01 2.474767031853649917e-05 1.932833368837111028e-15 4.409007130118739095e-19 8.266173855150860854e-04 0.000000000000000000e+00
9.991486349441643933e-01 2.474767031853649917e-05 1.287688843702872697e-15 3.195744085616548981e-19 8.266173855157309689e-04 0.000000000000000000e+00
9.991486349441645043e-01 2.474767031853649917e-05 8.521197622624020701e-16 2.303786575555730444e-19 8.266173855161671434e-04 0.000000000000000000e+00
9.991486349441645043e-01 2.474767031853649917e-05 5.600622545116678459e-16 1.651693954301716552e-19 8.266173855164595527e-04 0.000000000000000000e+00
9.991486349441645043e-01 2.474767031853649917e-05 3.655748232357129416e-16 1.177606478919510436e-19 8.266173855166539502e-04 0.000000000000000000e+00
9.991486349441645043e-01 2.474767031853649917e-05 2.369622942172029599e-16 8.348731953152466497e-20 8.266173855167824281e-04 0.000000000000000000e+00
9.991486349441645043e-01 2.474767031853649917e-05 1.525121241242012974e-16 5.885148224242105994e-20 8.266173855168669959e-04 0.000000000000000000e+00
9.991486349441643933e-01 2.474767031853649917e-05 9.745664318107654519e-17 4.124565345979975987e-20 8.266173855169219650e-04 0.000000000000000000e+00
9.991486349441645043e-01 2.474767031853649917e-05 6.182456798394945409e-17 2.873762373948124300e-20 8.266173855169574184e-04 0.000000000000000000e+00
9.991486349441643933e-01 2.474767031853649917e-05 3.893138753911469565e-17 1.990361981179913449e-20 8.266173855169802950e-04 0.000000000000000000e+00
9.991486349441643933e-01 2.474767031853649917e-05 2.433293654566621723e-17 1.370233934795246345e-20 8.266173855169954739e-04 0.000000000000000000e+00
9.991486349441645043e-01 2.474767031853649917e-05 1.509383844978295079e-17 9.375663195507578170e-21 8.266173855170047980e-04 0.000000000000000000e+00
9.991486349441643933e-01 2.474767031853649917e-05 9.291161301706973826e-18 6.375540599021712589e-21 8.266173855170098938e-04 0.000000000000000000e+00
9.991486349441645043e-01 2.474767031853649917e-05 5.674943211576303055e-18 4.308282812400738999e-21 8.266173855170141221e-04 0.000000000000000000e+00
9.991486349441645043e-01 2.474767031853649917e-05 3.439238353883080756e-18 2.893037827369082148e-21 8.266173855170157484e-04 0.000000000000000000e+00
9.991486349441646153e-01 2.474767031853649917e-05 2.067883598843362726e-18 1.930319749815961699e-21 8.266173855170174832e-04 0.000000000000000000e+00
9.991486349441645043e-01 2.474767031853649917e-05 1.233401888305750756e-18 1.279647447023544600e-21 8.266173855170183505e-04 0.000000000000000000e+00
9.991486349441645043e-01 2.474767031853649917e-05 7.297093807750475045e-19 8.427493211471586603e-22 8.266173855170191095e-04 0.000000000000000000e+00
9.991486349441643933e-01 2.474767031853649917e-05 4.281685413282485099e-19 5.513343254445567757e-22 8.266173855170191095e-04 0.000000000000000000e+00
9.991486349441645043e-01 2.474767031853649917e-05 2.491452404311581913e-19 3.582633541864070179e-22 8.266173855170191095e-04 0.000000000000000000e+00
9.991486349441645043e-01 2.474767031853649917e-05 1.437533495601846831e-19 2.312189829256514607e-22 8.266173855170191095e-04 0.000000000000000000e+00
9.991486349441645043e-01 2.474767031853649917e-05 8.223688878938139476e-20 1.481980024751089432e-22 8.266173855170191095e-04 0.000000000000000000e+00
9.991486349441646153e-01 2.474767031853649917e-05 4.663740591809533159e-20 9.432064609316626508e-23 8.266173855170191095e-04 0.000000000000000000e+00
9.991486349441645043e-01 2.474767031853649917e-05 2.621682690512733026e-20 5.960509129610422071e-23 8.266173855170191095e-04 0.000000000000000000e+00
9.991486349441645043e-01 2.474767031853649917e-05 1.460674464751137767e-20 3.739651137567892741e-23 8.266173855170191095e-04 0.000000000000000000e+00
9.991486349441643933e-01 2.474767031853649917e-05 8.064958952383973604e-21 2.329204151061083512e-23 8.266173855170199768e-04 0.000000000000000000e+00
9.991486349441645043e-01 2.474767031853649917e-05 4.412280760167288529e-21 1.439996539316843705e-23 8.266173855170191095e-04 0.000000000000000000e+00
9.991486349441643933e-01 2.474767031853649917e-05 2.391671139305836964e-21 8.836174902574365732e-24 8.266173855170199768e-04 0.000000000000000000e+00
9.991486349441645043e-01 2.474767031853649917e-05 1.284283520688377075e-21 5.381092455717606836e-24 8.266173855170191095e-04 0.000000000000000000e+00
9.991486349441646153e-01 2.474767031853649917e-05 6.830985192197149214e-22 3.251866015316052282e-24 8.266173855170191095e-04 0.000000000000000000e+00
9.991486349441645043e-01 2.474767031853649917e-05 3.598385242791888615e-22 1.949850018609875585e-24 8.266173855170191095e-04 0.000000000000000000e+00
9.991486349441645043e-01 2.474767031853649917e-05 1.877096541634814409e-22 1.159945775223257000e-24 8.266173855170191095e-04 0.000000000000000000e+00
9.991486349441645043e-01 2.474767031853649917e-05 9.695140189583005576e-23 6.845235121439057131e-25 8.266173855170191095e-04 0.000000000000000000e+00
9.991486349441643933e-01 2.474767031853649917e-05 4.957450049561220486e-23 4.006924278805429632e-25 8.266173855170191095e-04 0.000000000000000000e+00
9.991486349441645043e-01 2.474767031853649917e-05 2.509260572870526072e-23 2.326282048269196761e-25 8.266173855170191095e-04 0.000000000000000000e+00
9.991486349441643933e-01 2.474767031853649917e-05 1.257068995815509613e-23 1.339354238841563897e-25 8.266173855170191095e-04 0.000000000000000000e+00
9.991486349441643933e-01 2.474767031853649917e-05 6.231660497896221887e-24 7.645983964312345791e-26 8.266173855170199768e-04 0.000000000000000000e+00
9.991486349441645043e-01 2.474767031853649917e-05 3.056460067995274067e-24 4.327394565474435923e-26 8.266173855170191095e-04 0.000000000000000000e+00
9.991486349441643933e-01 2.474767031853649917e-05 1.483077866655433331e-24 2.427963719094537312e-26 8.266173855170199768e-04 0.000000000000000000e+00
9.991486349441645043e-01 2.474767031853649917e-05 7.117735337913456018e-25 1.350209746279956768e-26 8.266173855170199768e-04 0.000000000000000000e+00
9.991486349441643933e-01 2.474767031853649917e-05 3.720897015834401299e-25 8.038954875344831358e-27 8.266173855170191095e-04 0.000000000000000000e+00
9.991486349441643933e-01 2.474767031853649917e-05 3.720897015834401299e-25 8.038954875344831358e-27 8.266173855170191095e-04 0.000000000000000000e+00
9.991486349441643933e-01 2.474767031853649917e-05 3.720897015834401299e-25 8.038954875344831358e-27 8.266173855170191095e-04 0.000000000000000000e+00
9.991486349441643933e-01 2.474767031853649917e-05 3.720897015834401299e-25 8.038954875344831358e-27 8.266173855170191095e-04 0.000000000000000000e+00
9.991486349441643933e-01 2.474767031853649917e-05 3.720897015834401299e-25 8.038954875344831358e-27 8.266173855170191095e-04 0.000000000000000000e+00
9.991486349441643933e-01 2.474767031853649917e-05 3.720897015834401299e-25 8.038954875344831358e-27 8.266173855170191095e-04 0.000000000000000000e+00
9.991486349441643933e-01 2.474767031853649917e-05 3.720897015834401299e-25 8.038954875344831358e-27 8.266173855170191095e-04 0.000000000000000000e+00
9.991486349441643933e-01 2.474767031853649917e-05 3.720897015834401299e-25 8.038954875344831358e-27 8.266173855170191095e-04 0.000000000000000000e+00
9.991486349441643933e-01 2.474767031853649917e-05 3.720897015834401299e-25 8.038954875344831358e-27 8.266173855170191095e-04 0.000000000000000000e+00
9.991486349441643933e-01 2.474767031853649917e-05 3.720897015834401299e-25 8.038954875344831358e-27 8.266173855170191095e-04 0.000000000000000000e+00
9.991486349441643933e-01 2.474767031853649917e-05 3.720897015834401299e-25 8.038954875344831358e-27 8.266173855170191095e-04 0.000000000000000000e+00
9.991486349441643933e-01 2.474767031853649917e-05 3.720897015834401299e-25 8.038954875344831358e-27 8.266173855170191095e-04 0.000000000000000000e+00
9.991486349441643933e-01 2.474767031853649917e-05 3.720897015834401299e-25 8.038954875344831358e-27 8.266173855170191095e-04 0.000000000000000000e+00
9.991486349441643933e-01 2.474767031853649917e-05 3.720897015834401299e-25 8.038954875344831358e-27 8.266173855170191095e-04 0.000000000000000000e+00
9.991486349441643933e-01 2.474767031853649917e-05 3.720897015834401299e-25 8.038954875344831358e-27 8.266173855170191095e-04 0.000000000000000000e+00
9.991486349441643933e-01 2.474767031853649917e-05 3.720897015834401299e-25 8.038954875344831358e-27 8.266173855170191095e-04 0.000000000000000000e+00
9.991486349441643933e-01 2.474767031853649917e-05 3.720897015834401299e-25 8.038954875344831358e-27 8.266173855170191095e-04 0.000000000000000000e+00
9.991486349441643933e-01 2.474767031853649917e-05 3.720897015834401299e-25 8.038954875344831358e-27 8.266173855170191095e-04 0.000000000000000000e+00
9.991486349441643933e-01 2.474767031853649917e-05 3.720897015834401299e-25 8.038954875344831358e-27 8.266173855170191095e-04 0.000000000000000000e+00
9.991486349441643933e-01 2.474767031853649917e-05 3.720897015834401299e-25 8.038954875344831358e-27 8.266173855170191095e-04 0.000000000000000000e+00
9.991486349441643933e-01 2.474767031853649917e-05 3.720897015834401299e-25 8.038954875344831358e-27 8.266173855170191095e-04 0.000000000000000000e+00
9.991486349441643933e-01 2.474767031853649917e-05 3.720897015834401299e-25 8.038954875344831358e-27 8.266173855170191095e-04 0.000000000000000000e+00
9.991486349441643933e-01 2.474767031853649917e-05 3.720897015834401299e-25 8.038954875344831358e-27 8.266173855170191095e-04 0.000000000000000000e+00
9.991486349441643933e-01 2.474767031853649917e-05 3.720897015834401299e-25 8.038954875344831358e-27 8.266173855170191095e-04 0.000000000000000000e+00
9.991486349441643933e-01 2.474767031853649917e-05 3.720897015834401299e-25 8.038954875344831358e-27 8.266173855170191095e-04 0.000000000000000000e+00
9.991486349441643933e-01 2.474767031853649917e-05 3.720897015834401299e-25 8.038954875344831358e-27 8.266173855170191095e-04 0.000000000000000000e+00
9.991486349441643933e-01 2.474767031853649917e-05 3.720897015834401299e-25 8.038954875344831358e-27 8.266173855170191095e-04 0.000000000000000000e+00
9.991486349441643933e-01 2.474767031853649917e-05 3.720897015834401299e-25 8.038954875344831358e-27 8.266173855170191095e-04 0.000000000000000000e+00
9.991486349441643933e-01 2.474767031853649917e-05 3.720897015834401299e-25 8.038954875344831358e-27 8.266173855170191095e-04 0.000000000000000000e+00
9.991486349441643933e-01 2.474767031853649917e-05 3.720897015834401299e-25 8.038954875344831358e-27 8.266173855170191095e-04 0.000000000000000000e+00
9.991486349441643933e-01 2.474767031853649917e-05 3.720897015834401299e-25 8.038954875344831358e-27 8.266173855170191095e-04 0.000000000000000000e+00
9.991486349441643933e-01 2.474767031853649917e-05 3.720897015834401299e-25 8.038954875344831358e-27 8.266173855170191095e-04 0.000000000000000000e+00
9.991486349441643933e-01 2.474767031853649917e-05 3.720897015834401299e-25 8.038954875344831358e-27 8.266173855170191095e-04 0.000000000000000000e+00
9.991486349441643933e-01 2.474767031853649917e-05 3.720897015834401299e-25 8.038954875344831358e-27 8.266173855170191095e-04 0.000000000000000000e+00
9.991486349441643933e-01 2.474767031853649917e-05 3.720897015834401299e-25 8.038954875344831358e-27 8.266173855170191095e-04 0.000000000000000000e+00
9.991486349441643933e-01 2.474767031853649917e-05 3.720897015834401299e-25 8.038954875344831358e-27 8.266173855170191095e-04 0.000000000000000000e+00
9.991486349441643933e-01 2.474767031853649917e-05 3.720897015834401299e-25 8.038954875344831358e-27 8.266173855170191095e-04 0.000000000000000000e+00
9.991486349441643933e-01 2.474767031853649917e-05 3.720897015834401299e-25 8.038954875344831358e-27 8.266173855170191095e-04 0.000000000000000000e+00
9.991486349441643933e-01 2.474767031853649917e-05 3.720897015834401299e-25 8.038954875344831358e-27 8.266173855170191095e-04 0.000000000000000000e+00
9.991486349441643933e-01 2.474767031853649917e-05 3.720897015834401299e-25 8.038954875344831358e-27 8.266173855170191095e-04 0.000000000000000000e+00
9.991486349441643933e-01 2.474767031853649917e-05 3.720897015834401299e-25 8.038954875344831358e-27 8.266173855170191095e-04 0.000000000000000000e+00
9.991486349441643933e-01 2.474767031853649917e-05 3.720897015834401299e-25 8.038954875344831358e-27 8.266173855170191095e-04 0.000000000000000000e+00
9.991486349441643933e-01 2.474767031853649917e-05 3.720897015834401299e-25 8.038954875344831358e-27 8.266173855170191095e-04 0.000000000000000000e+00
9.991486349441643933e-01 2.474767031853649917e-05 3.720897015834401299e-25 8.038954875344831358e-27 8.266173855170191095e-04 0.000000000000000000e+00
9.991486349441643933e-01 2.474767031853649917e-05 3.720897015834401299e-25 8.038954875344831358e-27 8.266173855170191095e-04 0.000000000000000000e+00
9.991486349441643933e-01 2.474767031853649917e-05 3.720897015834401299e-25 8.038954875344831358e-27 8.266173855170191095e-04 0.000000000000000000e+00
9.991486349441643933e-01 2.474767031853649917e-05 3.720897015834401299e-25 8.038954875344831358e-27 8.266173855170191095e-04 0.000000000000000000e+00
9.991486349441643933e-01 2.474767031853649917e-05 3.720897015834401299e-25 8.038954875344831358e-27 8.266173855170191095e-04 0.000000000000000000e+00
9.991486349441643933e-01 2.474767031853649917e-05 3.720897015834401299e-25 8.038954875344831358e-27 8.266173855170191095e-04 0.000000000000000000e+00
9.991486349441643933e-01 2.474767031853649917e-05 3.720897015834401299e-25 8.038954875344831358e-27 8.266173855170191095e-04 0.000000000000000000e+00
9.991486349441643933e-01 2.474767031853649917e-05 3.720897015834401299e-25 8.038954875344831358e-27 8.266173855170191095e-04 0.000000000000000000e+00
9.991486349441643933e-01 2.474767031853649917e-05 3.720897015834401299e-25 8.038954875344831358e-27 8.266173855170191095e-04 0.000000000000000000e+00
9.991486349441643933e-01 2.474767031853649917e-05 3.720897015834401299e-25 8.038954875344831358e-27 8.266173855170191095e-04 0.000000000000000000e+00
9.991486349441643933e-01 2.474767031853649917e-05 3.720897015834401299e-25 8.038954875344831358e-27 8.266173855170191095e-04 0.000000000000000000e+00
9.991486349441643933e-01 2.474767031853649917e-05 3.720897015834401299e-25 8.038954875344831358e-27 8.266173855170191095e-04 0.000000000000000000e+00
9.991486349441643933e-01 2.474767031853649917e-05 3.720897015834401299e-25 8.038954875344831358e-27 8.266173855170191095e-04 0.000000000000000000e+00
9.991486349441643933e-01 2.474767031853649917e-05 3.720897015834401299e-25 8.038954875344831358e-27 8.266173855170191095e-04 0.000000000000000000e+00
9.991486349441643933e-01 2.474767031853649917e-05 3.720897015834401299e-25 8.038954875344831358e-27 8.266173855170191095e-04 0.000000000000000000e+00
9.991486349441643933e-01 2.474767031853649917e-05 3.720897015834401299e-25 8.038954875344831358e-27 8.266173855170191095e-04 0.000000000000000000e+00
9.991486349441643933e-01 2.474767031853649917e-05 3.720897015834401299e-25 8.038954875344831358e-27 8.266173855170191095e-04 0.000000000000000000e+00
9.991486349441643933e-01 2.474767031853649917e-05 3.720897015834401299e-25 8.038954875344831358e-27 8.266173855170191095e-04 0.000000000000000000e+00
9.991486349441643933e-01 2.474767031853649917e-05 3.720897015834401299e-25 8.038954875344831358e-27 8.266173855170191095e-04 0.000000000000000000e+00
9.991486349441643933e-01 2.474767031853649917e-05 3.720897015834401299e-25 8.038954875344831358e-27 8.266173855170191095e-04 0.000000000000000000e+00
9.991486349441643933e-01 2.474767031853649917e-05 3.720897015834401299e-25 8.038954875344831358e-27 8.266173855170191095e-04 0.000000000000000000e+00
9.991486349441643933e-01 2.474767031853649917e-05 3.720897015834401299e-25 8.038954875344831358e-27 8.266173855170191095e-04 0.000000000000000000e+00
9.991486349441643933e-01 2.474767031853649917e-05 3.720897015834401299e-25 8.038954875344831358e-27 8.266173855170191095e-04 0.000000000000000000e+00
9.991486349441643933e-01 2.474767031853649917e-05 3.720897015834401299e-25 8.038954875344831358e-27 8.266173855170191095e-04 0.000000000000000000e+00
9.991486349441643933e-01 2.474767031853649917e-05 3.720897015834401299e-25 8.038954875344831358e-27 8.266173855170191095e-04 0.000000000000000000e+00
9.991486349441643933e-01 2.474767031853649917e-05 3.720897015834401299e-25 8.038954875344831358e-27 8.266173855170191095e-04 0.000000000000000000e+00
9.991486349441643933e-01 2.474767031853649917e-05 3.720897015834401299e-25 8.038954875344831358e-27 8.266173855170191095e-04 0.000000000000000000e+00
9.991486349441643933e-01 2.474767031853649917e-05 3.720897015834401299e-25 8.038954875344831358e-27 8.266173855170191095e-04 0.000000000000000000e+00
9.991486349441643933e-01 2.474767031853649917e-05 3.720897015834401299e-25 8.038954875344831358e-27 8.266173855170191095e-04 0.000000000000000000e+00
9.991486349441643933e-01 2.474767031853649917e-05 3.720897015834401299e-25 8.038954875344831358e-27 8.266173855170191095e-04 0.000000000000000000e+00
9.991486349441643933e-01 2.474767031853649917e-05 3.720897015834401299e-25 8.038954875344831358e-27 8.266173855170191095e-04 0.000000000000000000e+00
9.991486349441643933e-01 2.474767031853649917e-05 3.720897015834401299e-25 8.038954875344831358e-27 8.266173855170191095e-04 0.000000000000000000e+00
9.991486349441643933e-01 2.474767031853649917e-05 3.720897015834401299e-25 8.038954875344831358e-27 8.266173855170191095e-04 0.000000000000000000e+00
9.991486349441643933e-01 2.474767031853649917e-05 3.720897015834401299e-25 8.038954875344831358e-27 8.266173855170191095e-04 0.000000000000000000e+00
9.991486349441643933e-01 2.474767031853649917e-05 3.720897015834401299e-25 8.038954875344831358e-27 8.266173855170191095e-04 0.000000000000000000e+00
9.991486349441643933e-01 2.474767031853649917e-05 3.720897015834401299e-25 8.038954875344831358e-27 8.266173855170191095e-04 0.000000000000000000e+00
9.991486349441643933e-01 2.474767031853649917e-05 3.720897015834401299e-25 8.038954875344831358e-27 8.266173855170191095e-04 0.000000000000000000e+00
9.991486349441643933e-01 2.474767031853649917e-05 3.720897015834401299e-25 8.038954875344831358e-27 8.266173855170191095e-04 0.000000000000000000e+00
9.991486349441643933e-01 2.474767031853649917e-05 3.720897015834401299e-25 8.038954875344831358e-27 8.266173855170191095e-04 0.000000000000000000e+00
9.991486349441643933e-01 2.474767031853649917e-05 3.720897015834401299e-25 8.038954875344831358e-27 8.266173855170191095e-04 0.000000000000000000e+00
9.991486349441643933e-01 2.474767031853649917e-05 3.720897015834401299e-25 8.038954875344831358e-27 8.266173855170191095e-04 0.000000000000000000e+00
9.991486349441643933e-01 2.474767031853649917e-05 3.720897015834401299e-25 8.038954875344831358e-27 8.266173855170191095e-04 0.000000000000000000e+00
9.991486349441643933e-01 2.474767031853649917e-05 3.720897015834401299e-25 8.038954875344831358e-27 8.266173855170191095e-04 0.000000000000000000e+00
9.991486349441643933e-01 2.474767031853649917e-05 3.720897015834401299e-25 8.038954875344831358e-27 8.266173855170191095e-04 0.000000000000000000e+00
9.991486349441643933e-01 2.474767031853649917e-05 3.720897015834401299e-25 8.038954875344831358e-27 8.266173855170191095e-04 0.000000000000000000e+00
9.991486349441643933e-01 2.474767031853649917e-05 3.720897015834401299e-25 8.038954875344831358e-27 8.266173855170191095e-04 0.000000000000000000e+00
9.991486349441643933e-01 2.474767031853649917e-05 3.720897015834401299e-25 8.038954875344831358e-27 8.266173855170191095e-04 0.000000000000000000e+00
9.991486349441643933e-01 2.474767031853649917e-05 3.720897015834401299e-25 8.038954875344831358e-27 8.266173855170191095e-04 0.000000000000000000e+00
9.991486349441643933e-01 2.474767031853649917e-05 3.720897015834401299e-25 8.038954875344831358e-27 8.266173855170191095e-04 0.000000000000000000e+00
9.991486349441643933e-01 2.474767031853649917e-05 3.720897015834401299e-25 8.038954875344831358e-27 8.266173855170191095e-04 0.000000000000000000e+00
9.991486349441643933e-01 2.474767031853649917e-05 3.720897015834401299e-25 8.038954875344831358e-27 8.266173855170191095e-04 0.000000000000000000e+00
9.991486349441643933e-01 2.474767031853649917e-05 3.720897015834401299e-25 8.038954875344831358e-27 8.266173855170191095e-04 0.000000000000000000e+00
9.991486349441643933e-01 2.474767031853649917e-05 3.720897015834401299e-25 8.038954875344831358e-27 8.266173855170191095e-04 0.000000000000000000e+00
9.991486349441643933e-01 2.474767031853649917e-05 3.720897015834401299e-25 8.038954875344831358e-27 8.266173855170191095e-04 0.000000000000000000e+00
9.991486349441643933e-01 2.474767031853649917e-05 3.720897015834401299e-25 8.038954875344831358e-27 8.266173855170191095e-04 0.000000000000000000e+00
9.991486349441643933e-01 2.474767031853649917e-05 3.720897015834401299e-25 8.038954875344831358e-27 8.266173855170191095e-04 0.000000000000000000e+00
9.991486349441643933e-01 2.474767031853649917e-05 3.720897015834401299e-25 8.038954875344831358e-27 8.266173855170191095e-04 0.000000000000000000e+00
9.991486349441643933e-01 2.474767031853649917e-05 3.720897015834401299e-25 8.038954875344831358e-27 8.266173855170191095e-04 0.000000000000000000e+00
9.991486349441643933e-01 2.474767031853649917e-05 3.720897015834401299e-25 8.038954875344831358e-27 8.266173855170191095e-04 0.000000000000000000e+00
9.991486349441643933e-01 2.474767031853649917e-05 3.720897015834401299e-25 8.038954875344831358e-27 8.266173855170191095e-04 0.000000000000000000e+00
9.991486349441643933e-01 2.474767031853649917e-05 3.720897015834401299e-25 8.038954875344831358e-27 8.266173855170191095e-04 0.000000000000000000e+00
9.991486349441643933e-01 2.474767031853649917e-05 3.720897015834401299e-25 8.038954875344831358e-27 8.266173855170191095e-04 0.000000000000000000e+00
9.991486349441643933e-01 2.474767031853649917e-05 3.720897015834401299e-25 8.038954875344831358e-27 8.266173855170191095e-04 0.000000000000000000e+00
9.991486349441643933e-01 2.474767031853649917e-05 3.720897015834401299e-25 8.038954875344831358e-27 8.266173855170191095e-04 0.000000000000000000e+00
9.991486349441643933e-01 2.474767031853649917e-05 3.720897015834401299e-25 8.038954875344831358e-27 8.266173855170191095e-04 0.000000000000000000e+00
9.991486349441643933e-01 2.474767031853649917e-05 3.720897015834401299e-25 8.038954875344831358e-27 8.266173855170191095e-04 0.000000000000000000e+00
9.991486349441643933e-01 2.474767031853649917e-05 3.720897015834401299e-25 8.038954875344831358e-27 8.266173855170191095e-04 0.000000000000000000e+00
9.991486349441643933e-01 2.474767031853649917e-05 3.720897015834401299e-25 8.038954875344831358e-27 8.266173855170191095e-04 0.000000000000000000e+00
9.991486349441643933e-01 2.474767031853649917e-05 3.720897015834401299e-25 8.038954875344831358e-27 8.266173855170191095e-04 0.000000000000000000e+00
9.991486349441643933e-01 2.474767031853649917e-05 3.720897015834401299e-25 8.038954875344831358e-27 8.266173855170191095e-04 0.000000000000000000e+00
9.991486349441643933e-01 2.474767031853649917e-05 3.720897015834401299e-25 8.038954875344831358e-27 8.266173855170191095e-04 0.000000000000000000e+00
9.991486349441643933e-01 2.474767031853649917e-05 3.720897015834401299e-25 8.038954875344831358e-27 8.266173855170191095e-04 0.000000000000000000e+00
9.991486349441643933e-01 2.474767031853649917e-05 3.720897015834401299e-25 8.038954875344831358e-27 8.266173855170191095e-04 0.000000000000000000e+00
9.991486349441643933e-01 2.474767031853649917e-05 3.720897015834401299e-25 8.038954875344831358e-27 8.266173855170191095e-04 0.000000000000000000e+00
9.991486349441643933e-01 2.474767031853649917e-05 3.720897015834401299e-25 8.038954875344831358e-27 8.266173855170191095e-04 0.000000000000000000e+00
9.991486349441643933e-01 2.474767031853649917e-05 3.720897015834401299e-25 8.038954875344831358e-27 8.266173855170191095e-04 0.000000000000000000e+00
9.991486349441643933e-01 2.474767031853649917e-05 3.720897015834401299e-25 8.038954875344831358e-27 8.266173855170191095e-04 0.000000000000000000e+00
9.991486349441643933e-01 2.474767031853649917e-05 3.720897015834401299e-25 8.038954875344831358e-27 8.266173855170191095e-04 0.000000000000000000e+00
9.991486349441643933e-01 2.474767031853649917e-05 3.720897015834401299e-25 8.038954875344831358e-27 8.266173855170191095e-04 0.000000000000000000e+00
9.991486349441643933e-01 2.474767031853649917e-05 3.720897015834401299e-25 8.038954875344831358e-27 8.266173855170191095e-04 0.000000000000000000e+00
9.991486349441643933e-01 2.474767031853649917e-05 3.720897015834401299e-25 8.038954875344831358e-27 8.266173855170191095e-04 0.000000000000000000e+00
9.991486349441643933e-01 2.474767031853649917e-05 3.720897015834401299e-25 8.038954875344831358e-27 8.266173855170191095e-04 0.000000000000000000e+00
9.991486349441643933e-01 2.474767031853649917e-05 3.720897015834401299e-25 8.038954875344831358e-27 8.266173855170191095e-04 0.000000000000000000e+00
9.991486349441643933e-01 2.474767031853649917e-05 3.720897015834401299e-25 8.038954875344831358e-27 8.266173855170191095e-04 0.000000000000000000e+00
9.991486349441643933e-01 2.474767031853649917e-05 3.720897015834401299e-25 8.038954875344831358e-27 8.266173855170191095e-04 0.000000000000000000e+00
9.991486349441643933e-01 2.474767031853649917e-05 3.720897015834401299e-25 8.038954875344831358e-27 8.266173855170191095e-04 0.000000000000000000e+00
9.991486349441643933e-01 2.474767031853649917e-05 3.720897015834401299e-25 8.038954875344831358e-27 8.266173855170191095e-04 0.000000000000000000e+00
9.991486349441643933e-01 2.474767031853649917e-05 3.720897015834401299e-25 8.038954875344831358e-27 8.266173855170191095e-04 0.000000000000000000e+00
9.991486349441643933e-01 2.474767031853649917e-05 3.720897015834401299e-25 8.038954875344831358e-27 8.266173855170191095e-04 0.000000000000000000e+00
9.991486349441643933e-01 2.474767031853649917e-05 3.720897015834401299e-25 8.038954875344831358e-27 8.266173855170191095e-04 0.000000000000000000e+00
9.991486349441643933e-01 2.474767031853649917e-05 3.720897015834401299e-25 8.038954875344831358e-27 8.266173855170191095e-04 0.000000000000000000e+00
9.991486349441643933e-01 2.474767031853649917e-05 3.720897015834401299e-25 8.038954875344831358e-27 8.266173855170191095e-04 0.000000000000000000e+00
9.991486349441643933e-01 2.474767031853649917e-05 3.720897015834401299e-25 8.038954875344831358e-27 8.266173855170191095e-04 0.000000000000000000e+00
9.991486349441643933e-01 2.474767031853649917e-05 3.720897015834401299e-25 8.038954875344831358e-27 8.266173855170191095e-04 0.000000000000000000e+00
9.991486349441643933e-01 2.474767031853649917e-05 3.720897015834401299e-25 8.038954875344831358e-27 8.266173855170191095e-04 0.000000000000000000e+00
9.991486349441643933e-01 2.474767031853649917e-05 3.720897015834401299e-25 8.038954875344831358e-27 8.266173855170191095e-04 0.000000000000000000e+00
9.991486349441643933e-01 2.474767031853649917e-05 3.720897015834401299e-25 8.038954875344831358e-27 8.266173855170191095e-04 0.000000000000000000e+00
9.991486349441643933e-01 2.474767031853649917e-05 3.720897015834401299e-25 8.038954875344831358e-27 8.266173855170191095e-04 0.000000000000000000e+00
9.991486349441643933e-01 2.474767031853649917e-05 3.720897015834401299e-25 8.038954875344831358e-27 8.266173855170191095e-04 0.000000000000000000e+00
9.991486349441643933e-01 2.474767031853649917e-05 3.720897015834401299e-25 8.038954875344831358e-27 8.266173855170191095e-04 0.000000000000000000e+00
9.991486349441643933e-01 2.474767031853649917e-05 3.720897015834401299e-25 8.038954875344831358e-27 8.266173855170191095e-04 0.000000000000000000e+00
9.991486349441643933e-01 2.474767031853649917e-05 3.720897015834401299e-25 8.038954875344831358e-27 8.266173855170191095e-04 0.000000000000000000e+00
9.991486349441643933e-01 2.474767031853649917e-05 3.720897015834401299e-25 8.038954875344831358e-27 8.266173855170191095e-04 0.000000000000000000e+00
9.991486349441643933e-01 2.474767031853649917e-05 3.720897015834401299e-25 8.038954875344831358e-27 8.266173855170191095e-04 0.000000000000000000e+00
9.991486349441643933e-01 2.474767031853649917e-05 3.720897015834401299e-25 8.038954875344831358e-27 8.266173855170191095e-04 0.000000000000000000e+00
9.991486349441643933e-01 2.474767031853649917e-05 3.720897015834401299e-25 8.038954875344831358e-27 8.266173855170191095e-04 0.000000000000000000e+00
9.991486349441643933e-01 2.474767031853649917e-05 3.720897015834401299e-25 8.038954875344831358e-27 8.266173855170191095e-04 0.000000000000000000e+00
9.991486349441643933e-01 2.474767031853649917e-05 3.720897015834401299e-25 8.038954875344831358e-27 8.266173855170191095e-04 0.000000000000000000e+00
9.991486349441643933e-01 2.474767031853649917e-05 3.720897015834401299e-25 8.038954875344831358e-27 8.266173855170191095e-04 0.000000000000000000e+00
9.991486349441643933e-01 2.474767031853649917e-05 3.720897015834401299e-25 8.038954875344831358e-27 8.266173855170191095e-04 0.000000000000000000e+00
9.991486349441643933e-01 2.474767031853649917e-05 3.720897015834401299e-25 8.038954875344831358e-27 8.266173855170191095e-04 0.000000000000000000e+00
9.991486349441643933e-01 2.474767031853649917e-05 3.720897015834401299e-25 8.038954875344831358e-27 8.266173855170191095e-04 0.000000000000000000e+00
9.991486349441643933e-01 2.474767031853649917e-05 3.720897015834401299e-25 8.038954875344831358e-27 8.266173855170191095e-04 0.000000000000000000e+00
9.991486349441643933e-01 2.474767031853649917e-05 3.720897015834401299e-25 8.038954875344831358e-27 8.266173855170191095e-04 0.000000000000000000e+00
9.991486349441643933e-01 2.474767031853649917e-05 3.720897015834401299e-25 8.038954875344831358e-27 8.266173855170191095e-04 0.000000000000000000e+00
9.991486349441643933e-01 2.474767031853649917e-05 3.720897015834401299e-25 8.038954875344831358e-27 8.266173855170191095e-04 0.000000000000000000e+00
9.991486349441643933e-01 2.474767031853649917e-05 3.720897015834401299e-25 8.038954875344831358e-27 8.266173855170191095e-04 0.000000000000000000e+00
9.991486349441643933e-01 2.474767031853649917e-05 3.720897015834401299e-25 8.038954875344831358e-27 8.266173855170191095e-04 0.000000000000000000e+00
9.991486349441643933e-01 2.474767031853649917e-05 3.720897015834401299e-25 8.038954875344831358e-27 8.266173855170191095e-04 0.000000000000000000e+00
9.991486349441643933e-01 2.474767031853649917e-05 3.720897015834401299e-25 8.038954875344831358e-27 8.266173855170191095e-04 0.000000000000000000e+00
9.991486349441643933e-01 2.474767031853649917e-05 3.720897015834401299e-25 8.038954875344831358e-27 8.266173855170191095e-04 0.000000000000000000e+00
9.991486349441643933e-01 2.474767031853649917e-05 3.720897015834401299e-25 8.038954875344831358e-27 8.266173855170191095e-04 0.000000000000000000e+00
9.991486349441643933e-01 2.474767031853649917e-05 3.720897015834401299e-25 8.038954875344831358e-27 8.266173855170191095e-04 0.000000000000000000e+00
9.991486349441643933e-01 2.474767031853649917e-05 3.720897015834401299e-25 8.038954875344831358e-27 8.266173855170191095e-04 0.000000000000000000e+00
9.991486349441643933e-01 2.474767031853649917e-05 3.720897015834401299e-25 8.038954875344831358e-27 8.266173855170191095e-04 0.000000000000000000e+00
9.991486349441643933e-01 2.474767031853649917e-05 3.720897015834401299e-25 8.038954875344831358e-27 8.266173855170191095e-04 0.000000000000000000e+00
9.991486349441643933e-01 2.474767031853649917e-05 3.720897015834401299e-25 8.038954875344831358e-27 8.266173855170191095e-04 0.000000000000000000e+00
9.991486349441643933e-01 2.474767031853649917e-05 3.720897015834401299e-25 8.038954875344831358e-27 8.266173855170191095e-04 0.000000000000000000e+00
9.991486349441643933e-01 2.474767031853649917e-05 3.720897015834401299e-25 8.038954875344831358e-27 8.266173855170191095e-04 0.000000000000000000e+00
9.991486349441643933e-01 2.474767031853649917e-05 3.720897015834401299e-25 8.038954875344831358e-27 8.266173855170191095e-04 0.000000000000000000e+00
9.991486349441643933e-01 2.474767031853649917e-05 3.720897015834401299e-25 8.038954875344831358e-27 8.266173855170191095e-04 0.000000000000000000e+00
9.991486349441643933e-01 2.474767031853649917e-05 3.720897015834401299e-25 8.038954875344831358e-27 8.266173855170191095e-04 0.000000000000000000e+00
9.991486349441643933e-01 2.474767031853649917e-05 3.720897015834401299e-25 8.038954875344831358e-27 8.266173855170191095e-04 0.000000000000000000e+00
9.991486349441643933e-01 2.474767031853649917e-05 3.720897015834401299e-25 8.038954875344831358e-27 8.266173855170191095e-04 0.000000000000000000e+00
9.991486349441643933e-01 2.474767031853649917e-05 3.720897015834401299e-25 8.038954875344831358e-27 8.266173855170191095e-04 0.000000000000000000e+00
9.991486349441643933e-01 2.474767031853649917e-05 3.720897015834401299e-25 8.038954875344831358e-27 8.266173855170191095e-04 0.000000000000000000e+00
9.991486349441643933e-01 2.474767031853649917e-05 3.720897015834401299e-25 8.038954875344831358e-27 8.266173855170191095e-04 0.000000000000000000e+00
9.991486349441643933e-01 2.474767031853649917e-05 3.720897015834401299e-25 8.038954875344831358e-27 8.266173855170191095e-04 0.000000000000000000e+00
9.991486349441643933e-01 2.474767031853649917e-05 3.720897015834401299e-25 8.038954875344831358e-27 8.266173855170191095e-04 0.000000000000000000e+00
9.991486349441643933e-01 2.474767031853649917e-05 3.720897015834401299e-25 8.038954875344831358e-27 8.266173855170191095e-04 0.000000000000000000e+00
9.991486349441643933e-01 2.474767031853649917e-05 3.720897015834401299e-25 8.038954875344831358e-27 8.266173855170191095e-04 0.000000000000000000e+00
9.991486349441643933e-01 2.474767031853649917e-05 3.720897015834401299e-25 8.038954875344831358e-27 8.266173855170191095e-04 0.000000000000000000e+00
9.991486349441643933e-01 2.474767031853649917e-05 3.720897015834401299e-25 8.038954875344831358e-27 8.266173855170191095e-04 0.000000000000000000e+00
9.991486349441643933e-01 2.474767031853649917e-05 3.720897015834401299e-25 8.038954875344831358e-27 8.266173855170191095e-04 0.000000000000000000e+00
9.991486349441643933e-01 2.474767031853649917e-05 3.720897015834401299e-25 8.038954875344831358e-27 8.266173855170191095e-04 0.000000000000000000e+00
9.991486349441643933e-01 2.474767031853649917e-05 3.720897015834401299e-25 8.038954875344831358e-27 8.266173855170191095e-04 0.000000000000000000e+00
9.991486349441643933e-01 2.474767031853649917e-05 3.720897015834401299e-25 8.038954875344831358e-27 8.266173855170191095e-04 0.000000000000000000e+00
9.991486349441643933e-01 2.474767031853649917e-05 3.720897015834401299e-25 8.038954875344831358e-27 8.266173855170191095e-04 0.000000000000000000e+00
9.991486349441643933e-01 2.474767031853649917e-05 3.720897015834401299e-25 8.038954875344831358e-27 8.266173855170191095e-04 0.000000000000000000e+00
9.991486349441643933e-01 2.474767031853649917e-05 3.720897015834401299e-25 8.038954875344831358e-27 8.266173855170191095e-04 0.000000000000000000e+00
9.991486349441643933e-01 2.474767031853649917e-05 3.720897015834401299e-25 8.038954875344831358e-27 8.266173855170191095e-04 0.000000000000000000e+00
9.991486349441643933e-01 2.474767031853649917e-05 3.720897015834401299e-25 8.038954875344831358e-27 8.266173855170191095e-04 0.000000000000000000e+00
9.991486349441643933e-01 2.474767031853649917e-05 3.720897015834401299e-25 8.038954875344831358e-27 8.266173855170191095e-04 0.000000000000000000e+00
9.991486349441643933e-01 2.474767031853649917e-05 3.720897015834401299e-25 8.038954875344831358e-27 8.266173855170191095e-04 0.000000000000000000e+00
9.991486349441643933e-01 2.474767031853649917e-05 3.720897015834401299e-25 8.038954875344831358e-27 8.266173855170191095e-04 0.000000000000000000e+00
9.991486349441643933e-01 2.474767031853649917e-05 3.720897015834401299e-25 8.038954875344831358e-27 8.266173855170191095e-04 0.000000000000000000e+00
9.991486349441643933e-01 2.474767031853649917e-05 3.720897015834401299e-25 8.038954875344831358e-27 8.266173855170191095e-04 0.000000000000000000e+00
9.991486349441643933e-01 2.474767031853649917e-05 3.720897015834401299e-25 8.038954875344831358e-27 8.266173855170191095e-04 0.000000000000000000e+00
9.991486349441643933e-01 2.474767031853649917e-05 3.720897015834401299e-25 8.038954875344831358e-27 8.266173855170191095e-04 0.000000000000000000e+00
9.991486349441643933e-01 2.474767031853649917e-05 3.720897015834401299e-25 8.038954875344831358e-27 8.266173855170191095e-04 0.000000000000000000e+00
9.991486349441643933e-01 2.474767031853649917e-05 3.720897015834401299e-25 8.038954875344831358e-27 8.266173855170191095e-04 0.000000000000000000e+00
9.991486349441643933e-01 2.474767031853649917e-05 3.720897015834401299e-25 8.038954875344831358e-27 8.266173855170191095e-04 0.000000000000000000e+00
9.991486349441643933e-01 2.474767031853649917e-05 3.720897015834401299e-25 8.038954875344831358e-27 8.266173855170191095e-04 0.000000000000000000e+00
9.991486349441643933e-01 2.474767031853649917e-05 3.720897015834401299e-25 8.038954875344831358e-27 8.266173855170191095e-04 0.000000000000000000e+00
9.991486349441643933e-01 2.474767031853649917e-05 3.720897015834401299e-25 8.038954875344831358e-27 8.266173855170191095e-04 0.000000000000000000e+00
9.991486349441643933e-01 2.474767031853649917e-05 3.720897015834401299e-25 8.038954875344831358e-27 8.266173855170191095e-04 0.000000000000000000e+00
9.991486349441643933e-01 2.474767031853649917e-05 3.720897015834401299e-25 8.038954875344831358e-27 8.266173855170191095e-04 0.000000000000000000e+00
9.991486349441643933e-01 2.474767031853649917e-05 3.720897015834401299e-25 8.038954875344831358e-27 8.266173855170191095e-04 0.000000000000000000e+00
9.991486349441643933e-01 2.474767031853649917e-05 3.720897015834401299e-25 8.038954875344831358e-27 8.266173855170191095e-04 0.000000000000000000e+00
9.991486349441643933e-01 2.474767031853649917e-05 3.720897015834401299e-25 8.038954875344831358e-27 8.266173855170191095e-04 0.000000000000000000e+00
9.991486349441643933e-01 2.474767031853649917e-05 3.720897015834401299e-25 8.038954875344831358e-27 8.266173855170191095e-04 0.000000000000000000e+00
9.991486349441643933e-01 2.474767031853649917e-05 3.720897015834401299e-25 8.038954875344831358e-27 8.266173855170191095e-04 0.000000000000000000e+00
9.991486349441643933e-01 2.474767031853649917e-05 3.720897015834401299e-25 8.038954875344831358e-27 8.266173855170191095e-04 0.000000000000000000e+00
9.991486349441643933e-01 2.474767031853649917e-05 3.720897015834401299e-25 8.038954875344831358e-27 8.266173855170191095e-04 0.000000000000000000e+00
9.991486349441643933e-01 2.474767031853649917e-05 3.720897015834401299e-25 8.038954875344831358e-27 8.266173855170191095e-04 0.000000000000000000e+00
9.991486349441643933e-01 2.474767031853649917e-05 3.720897015834401299e-25 8.038954875344831358e-27 8.266173855170191095e-04 0.000000000000000000e+00
9.991486349441643933e-01 2.474767031853649917e-05 3.720897015834401299e-25 8.038954875344831358e-27 8.266173855170191095e-04 0.000000000000000000e+00
9.991486349441643933e-01 2.474767031853649917e-05 3.720897015834401299e-25 8.038954875344831358e-27 8.266173855170191095e-04 0.000000000000000000e+00
9.991486349441643933e-01 2.474767031853649917e-05 3.720897015834401299e-25 8.038954875344831358e-27 8.266173855170191095e-04 0.000000000000000000e+00
9.991486349441643933e-01 2.474767031853649917e-05 3.720897015834401299e-25 8.038954875344831358e-27 8.266173855170191095e-04 0.000000000000000000e+00
9.991486349441643933e-01 2.474767031853649917e-05 3.720897015834401299e-25 8.038954875344831358e-27 8.266173855170191095e-04 0.000000000000000000e+00
9.991486349441643933e-01 2.474767031853649917e-05 3.720897015834401299e-25 8.038954875344831358e-27 8.266173855170191095e-04 0.000000000000000000e+00
9.991486349441643933e-01 2.474767031853649917e-05 3.720897015834401299e-25 8.038954875344831358e-27 8.266173855170191095e-04 0.000000000000000000e+00
9.991486349441643933e-01 2.474767031853649917e-05 3.720897015834401299e-25 8.038954875344831358e-27 8.266173855170191095e-04 0.000000000000000000e+00
9.991486349441643933e-01 2.474767031853649917e-05 3.720897015834401299e-25 8.038954875344831358e-27 8.266173855170191095e-04 0.000000000000000000e+00
9.991486349441643933e-01 2.474767031853649917e-05 3.720897015834401299e-25 8.038954875344831358e-27 8.266173855170191095e-04 0.000000000000000000e+00
9.991486349441643933e-01 2.474767031853649917e-05 3.720897015834401299e-25 8.038954875344831358e-27 8.266173855170191095e-04 0.000000000000000000e+00
9.991486349441643933e-01 2.474767031853649917e-05 3.720897015834401299e-25 8.038954875344831358e-27 8.266173855170191095e-04 0.000000000000000000e+00
9.991486349441643933e-01 2.474767031853649917e-05 3.720897015834401299e-25 8.038954875344831358e-27 8.266173855170191095e-04 0.000000000000000000e+00
9.991486349441643933e-01 2.474767031853649917e-05 3.720897015834401299e-25 8.038954875344831358e-27 8.266173855170191095e-04 0.000000000000000000e+00
9.991486349441643933e-01 2.474767031853649917e-05 3.720897015834401299e-25 8.038954875344831358e-27 8.266173855170191095e-04 0.000000000000000000e+00
9.991486349441643933e-01 2.474767031853649917e-05 3.720897015834401299e-25 8.038954875344831358e-27 8.266173855170191095e-04 0.000000000000000000e+00
9.991486349441643933e-01 2.474767031853649917e-05 3.720897015834401299e-25 8.038954875344831358e-27 8.266173855170191095e-04 0.000000000000000000e+00
9.991486349441643933e-01 2.474767031853649917e-05 3.720897015834401299e-25 8.038954875344831358e-27 8.266173855170191095e-04 0.000000000000000000e+00
9.991486349441643933e-01 2.474767031853649917e-05 3.720897015834401299e-25 8.038954875344831358e-27 8.266173855170191095e-04 0.000000000000000000e+00
9.991486349441643933e-01 2.474767031853649917e-05 3.720897015834401299e-25 8.038954875344831358e-27 8.266173855170191095e-04 0.000000000000000000e+00
9.991486349441643933e-01 2.474767031853649917e-05 3.720897015834401299e-25 8.038954875344831358e-27 8.266173855170191095e-04 0.000000000000000000e+00
9.991486349441643933e-01 2.474767031853649917e-05 3.720897015834401299e-25 8.038954875344831358e-27 8.266173855170191095e-04 0.000000000000000000e+00
9.991486349441643933e-01 2.474767031853649917e-05 3.720897015834401299e-25 8.038954875344831358e-27 8.266173855170191095e-04 0.000000000000000000e+00
9.991486349441643933e-01 2.474767031853649917e-05 3.720897015834401299e-25 8.038954875344831358e-27 8.266173855170191095e-04 0.000000000000000000e+00
9.991486349441643933e-01 2.474767031853649917e-05 3.720897015834401299e-25 8.038954875344831358e-27 8.266173855170191095e-04 0.000000000000000000e+00
9.991486349441643933e-01 2.474767031853649917e-05 3.720897015834401299e-25 8.038954875344831358e-27 8.266173855170191095e-04 0.000000000000000000e+00
9.991486349441643933e-01 2.474767031853649917e-05 3.720897015834401299e-25 8.038954875344831358e-27 8.266173855170191095e-04 0.000000000000000000e+00
9.991486349441643933e-01 2.474767031853649917e-05 3.720897015834401299e-25 8.038954875344831358e-27 8.266173855170191095e-04 0.000000000000000000e+00
9.991486349441643933e-01 2.474767031853649917e-05 3.720897015834401299e-25 8.038954875344831358e-27 8.266173855170191095e-04 0.000000000000000000e+00
9.991486349441643933e-01 2.474767031853649917e-05 3.720897015834401299e-25 8.038954875344831358e-27 8.266173855170191095e-04 0.000000000000000000e+00
9.991486349441643933e-01 2.474767031853649917e-05 3.720897015834401299e-25 8.038954875344831358e-27 8.266173855170191095e-04 0.000000000000000000e+00
9.991486349441643933e-01 2.474767031853649917e-05 3.720897015834401299e-25 8.038954875344831358e-27 8.266173855170191095e-04 0.000000000000000000e+00
9.991486349441643933e-01 2.474767031853649917e-05 3.720897015834401299e-25 8.038954875344831358e-27 8.266173855170191095e-04 0.000000000000000000e+00
9.991486349441643933e-01 2.474767031853649917e-05 3.720897015834401299e-25 8.038954875344831358e-27 8.266173855170191095e-04 0.000000000000000000e+00
9.991486349441643933e-01 2.474767031853649917e-05 3.720897015834401299e-25 8.038954875344831358e-27 8.266173855170191095e-04 0.000000000000000000e+00
9.991486349441643933e-01 2.474767031853649917e-05 3.720897015834401299e-25 8.038954875344831358e-27 8.266173855170191095e-04 0.000000000000000000e+00
9.991486349441643933e-01 2.474767031853649917e-05 3.720897015834401299e-25 8.038954875344831358e-27 8.266173855170191095e-04 0.000000000000000000e+00
9.991486349441643933e-01 2.474767031853649917e-05 3.720897015834401299e-25 8.038954875344831358e-27 8.266173855170191095e-04 0.000000000000000000e+00
9.991486349441643933e-01 2.474767031853649917e-05 3.720897015834401299e-25 8.038954875344831358e-27 8.266173855170191095e-04 0.000000000000000000e+00
9.991486349441643933e-01 2.474767031853649917e-05 3.720897015834401299e-25 8.038954875344831358e-27 8.266173855170191095e-04 0.000000000000000000e+00
9.991486349441643933e-01 2.474767031853649917e-05 3.720897015834401299e-25 8.038954875344831358e-27 8.266173855170191095e-04 0.000000000000000000e+00
9.991486349441643933e-01 2.474767031853649917e-05 3.720897015834401299e-25 8.038954875344831358e-27 8.266173855170191095e-04 0.000000000000000000e+00
9.991486349441643933e-01 2.474767031853649917e-05 3.720897015834401299e-25 8.038954875344831358e-27 8.266173855170191095e-04 0.000000000000000000e+00
9.991486349441643933e-01 2.474767031853649917e-05 3.720897015834401299e-25 8.038954875344831358e-27 8.266173855170191095e-04 0.000000000000000000e+00
9.991486349441643933e-01 2.474767031853649917e-05 3.720897015834401299e-25 8.038954875344831358e-27 8.266173855170191095e-04 0.000000000000000000e+00
9.991486349441643933e-01 2.474767031853649917e-05 3.720897015834401299e-25 8.038954875344831358e-27 8.266173855170191095e-04 0.000000000000000000e+00
9.991486349441643933e-01 2.474767031853649917e-05 3.720897015834401299e-25 8.038954875344831358e-27 8.266173855170191095e-04 0.000000000000000000e+00
9.991486349441643933e-01 2.474767031853649917e-05 3.720897015834401299e-25 8.038954875344831358e-27 8.266173855170191095e-04 0.000000000000000000e+00
9.991486349441643933e-01 2.474767031853649917e-05 3.720897015834401299e-25 8.038954875344831358e-27 8.266173855170191095e-04 0.000000000000000000e+00
9.991486349441643933e-01 2.474767031853649917e-05 3.720897015834401299e-25 8.038954875344831358e-27 8.266173855170191095e-04 0.000000000000000000e+00
9.991486349441643933e-01 2.474767031853649917e-05 3.720897015834401299e-25 8.038954875344831358e-27 8.266173855170191095e-04 0.000000000000000000e+00
9.991486349441643933e-01 2.474767031853649917e-05 3.720897015834401299e-25 8.038954875344831358e-27 8.266173855170191095e-04 0.000000000000000000e+00
9.991486349441643933e-01 2.474767031853649917e-05 3.720897015834401299e-25 8.038954875344831358e-27 8.266173855170191095e-04 0.000000000000000000e+00
9.991486349441643933e-01 2.474767031853649917e-05 3.720897015834401299e-25 8.038954875344831358e-27 8.266173855170191095e-04 0.000000000000000000e+00
9.991486349441643933e-01 2.474767031853649917e-05 3.720897015834401299e-25 8.038954875344831358e-27 8.266173855170191095e-04 0.000000000000000000e+00
9.991486349441643933e-01 2.474767031853649917e-05 3.720897015834401299e-25 8.038954875344831358e-27 8.266173855170191095e-04 0.000000000000000000e+00
9.991486349441643933e-01 2.474767031853649917e-05 3.720897015834401299e-25 8.038954875344831358e-27 8.266173855170191095e-04 0.000000000000000000e+00
9.991486349441643933e-01 2.474767031853649917e-05 3.720897015834401299e-25 8.038954875344831358e-27 8.266173855170191095e-04 0.000000000000000000e+00
9.991486349441643933e-01 2.474767031853649917e-05 3.720897015834401299e-25 8.038954875344831358e-27 8.266173855170191095e-04 0.000000000000000000e+00
9.991486349441643933e-01 2.474767031853649917e-05 3.720897015834401299e-25 8.038954875344831358e-27 8.266173855170191095e-04 0.000000000000000000e+00
9.991486349441643933e-01 2.474767031853649917e-05 3.720897015834401299e-25 8.038954875344831358e-27 8.266173855170191095e-04 0.000000000000000000e+00
9.991486349441643933e-01 2.474767031853649917e-05 3.720897015834401299e-25 8.038954875344831358e-27 8.266173855170191095e-04 0.000000000000000000e+00
9.991486349441643933e-01 2.474767031853649917e-05 3.720897015834401299e-25 8.038954875344831358e-27 8.266173855170191095e-04 0.000000000000000000e+00
9.991486349441643933e-01 2.474767031853649917e-05 3.720897015834401299e-25 8.038954875344831358e-27 8.266173855170191095e-04 0.000000000000000000e+00
9.991486349441643933e-01 2.474767031853649917e-05 3.720897015834401299e-25 8.038954875344831358e-27 8.266173855170191095e-04 0.000000000000000000e+00
9.991486349441643933e-01 2.474767031853649917e-05 3.720897015834401299e-25 8.038954875344831358e-27 8.266173855170191095e-04 0.000000000000000000e+00
9.991486349441643933e-01 2.474767031853649917e-05 3.720897015834401299e-25 8.038954875344831358e-27 8.266173855170191095e-04 0.000000000000000000e+00
9.991486349441643933e-01 2.474767031853649917e-05 3.720897015834401299e-25 8.038954875344831358e-27 8.266173855170191095e-04 0.000000000000000000e+00
9.991486349441643933e-01 2.474767031853649917e-05 3.720897015834401299e-25 8.038954875344831358e-27 8.266173855170191095e-04 0.000000000000000000e+00
9.991486349441643933e-01 2.474767031853649917e-05 3.720897015834401299e-25 8.038954875344831358e-27 8.266173855170191095e-04 0.000000000000000000e+00
9.991486349441643933e-01 2.474767031853649917e-05 3.720897015834401299e-25 8.038954875344831358e-27 8.266173855170191095e-04 0.000000000000000000e+00
9.991486349441643933e-01 2.474767031853649917e-05 3.720897015834401299e-25 8.038954875344831358e-27 8.266173855170191095e-04 0.000000000000000000e+00
9.991486349441643933e-01 2.474767031853649917e-05 3.720897015834401299e-25 8.038954875344831358e-27 8.266173855170191095e-04 0.000000000000000000e+00
9.991486349441643933e-01 2.474767031853649917e-05 3.720897015834401299e-25 8.038954875344831358e-27 8.266173855170191095e-04 0.000000000000000000e+00
9.991486349441643933e-01 2.474767031853649917e-05 3.720897015834401299e-25 8.038954875344831358e-27 8.266173855170191095e-04 0.000000000000000000e+00
9.991486349441643933e-01 2.474767031853649917e-05 3.720897015834401299e-25 8.038954875344831358e-27 8.266173855170191095e-04 0.000000000000000000e+00
9.991486349441643933e-01 2.474767031853649917e-05 3.720897015834401299e-25 8.038954875344831358e-27 8.266173855170191095e-04 0.000000000000000000e+00
9.991486349441643933e-01 2.474767031853649917e-05 3.720897015834401299e-25 8.038954875344831358e-27 8.266173855170191095e-04 0.000000000000000000e+00
9.991486349441643933e-01 2.474767031853649917e-05 3.720897015834401299e-25 8.038954875344831358e-27 8.266173855170191095e-04 0.000000000000000000e+00
9.991486349441643933e-01 2.474767031853649917e-05 3.720897015834401299e-25 8.038954875344831358e-27 8.266173855170191095e-04 0.000000000000000000e+00
9.991486349441643933e-01 2.474767031853649917e-05 3.720897015834401299e-25 8.038954875344831358e-27 8.266173855170191095e-04 0.000000000000000000e+00
9.991486349441643933e-01 2.474767031853649917e-05 3.720897015834401299e-25 8.038954875344831358e-27 8.266173855170191095e-04 0.000000000000000000e+00
9.991486349441643933e-01 2.474767031853649917e-05 3.720897015834401299e-25 8.038954875344831358e-27 8.266173855170191095e-04 0.000000000000000000e+00
9.991486349441643933e-01 2.474767031853649917e-05 3.720897015834401299e-25 8.038954875344831358e-27 8.266173855170191095e-04 0.000000000000000000e+00
9.991486349441643933e-01 2.474767031853649917e-05 3.720897015834401299e-25 8.038954875344831358e-27 8.266173855170191095e-04 0.000000000000000000e+00
9.991486349441643933e-01 2.474767031853649917e-05 3.720897015834401299e-25 8.038954875344831358e-27 8.266173855170191095e-04 0.000000000000000000e+00
9.991486349441643933e-01 2.474767031853649917e-05 3.720897015834401299e-25 8.038954875344831358e-27 8.266173855170191095e-04 0.000000000000000000e+00
9.991486349441643933e-01 2.474767031853649917e-05 3.720897015834401299e-25 8.038954875344831358e-27 8.266173855170191095e-04 0.000000000000000000e+00
9.991486349441643933e-01 2.474767031853649917e-05 3.720897015834401299e-25 8.038954875344831358e-27 8.266173855170191095e-04 0.000000000000000000e+00
9.991486349441643933e-01 2.474767031853649917e-05 3.720897015834401299e-25 8.038954875344831358e-27 8.266173855170191095e-04 0.000000000000000000e+00
9.991486349441643933e-01 2.474767031853649917e-05 3.720897015834401299e-25 8.038954875344831358e-27 8.266173855170191095e-04 0.000000000000000000e+00
9.991486349441643933e-01 2.474767031853649917e-05 3.720897015834401299e-25 8.038954875344831358e-27 8.266173855170191095e-04 0.000000000000000000e+00
9.991486349441643933e-01 2.474767031853649917e-05 3.720897015834401299e-25 8.038954875344831358e-27 8.266173855170191095e-04 0.000000000000000000e+00
9.991486349441643933e-01 2.474767031853649917e-05 3.720897015834401299e-25 8.038954875344831358e-27 8.266173855170191095e-04 0.000000000000000000e+00
9.991486349441643933e-01 2.474767031853649917e-05 3.720897015834401299e-25 8.038954875344831358e-27 8.266173855170191095e-04 0.000000000000000000e+00
9.991486349441643933e-01 2.474767031853649917e-05 3.720897015834401299e-25 8.038954875344831358e-27 8.266173855170191095e-04 0.000000000000000000e+00
9.991486349441643933e-01 2.474767031853649917e-05 3.720897015834401299e-25 8.038954875344831358e-27 8.266173855170191095e-04 0.000000000000000000e+00
9.991486349441643933e-01 2.474767031853649917e-05 3.720897015834401299e-25 8.038954875344831358e-27 8.266173855170191095e-04 0.000000000000000000e+00
9.991486349441643933e-01 2.474767031853649917e-05 3.720897015834401299e-25 8.038954875344831358e-27 8.266173855170191095e-04 0.000000000000000000e+00
9.991486349441643933e-01 2.474767031853649917e-05 3.720897015834401299e-25 8.038954875344831358e-27 8.266173855170191095e-04 0.000000000000000000e+00
9.991486349441643933e-01 2.474767031853649917e-05 3.720897015834401299e-25 8.038954875344831358e-27 8.266173855170191095e-04 0.000000000000000000e+00
9.991486349441643933e-01 2.474767031853649917e-05 3.720897015834401299e-25 8.038954875344831358e-27 8.266173855170191095e-04 0.000000000000000000e+00
9.991486349441643933e-01 2.474767031853649917e-05 3.720897015834401299e-25 8.038954875344831358e-27 8.266173855170191095e-04 0.000000000000000000e+00
9.991486349441643933e-01 2.474767031853649917e-05 3.720897015834401299e-25 8.038954875344831358e-27 8.266173855170191095e-04 0.000000000000000000e+00
9.991486349441643933e-01 2.474767031853649917e-05 3.720897015834401299e-25 8.038954875344831358e-27 8.266173855170191095e-04 0.000000000000000000e+00
9.991486349441643933e-01 2.474767031853649917e-05 3.720897015834401299e-25 8.038954875344831358e-27 8.266173855170191095e-04 0.000000000000000000e+00
9.991486349441643933e-01 2.474767031853649917e-05 3.720897015834401299e-25 8.038954875344831358e-27 8.266173855170191095e-04 0.000000000000000000e+00
9.991486349441643933e-01 2.474767031853649917e-05 3.720897015834401299e-25 8.038954875344831358e-27 8.266173855170191095e-04 0.000000000000000000e+00
9.991486349441643933e-01 2.474767031853649917e-05 3.720897015834401299e-25 8.038954875344831358e-27 8.266173855170191095e-04 0.000000000000000000e+00
9.991486349441643933e-01 2.474767031853649917e-05 3.720897015834401299e-25 8.038954875344831358e-27 8.266173855170191095e-04 0.000000000000000000e+00
9.991486349441643933e-01 2.474767031853649917e-05 3.720897015834401299e-25 8.038954875344831358e-27 8.266173855170191095e-04 0.000000000000000000e+00
9.991486349441643933e-01 2.474767031853649917e-05 3.720897015834401299e-25 8.038954875344831358e-27 8.266173855170191095e-04 0.000000000000000000e+00
9.991486349441643933e-01 2.474767031853649917e-05 3.720897015834401299e-25 8.038954875344831358e-27 8.266173855170191095e-04 0.000000000000000000e+00
9.991486349441643933e-01 2.474767031853649917e-05 3.720897015834401299e-25 8.038954875344831358e-27 8.266173855170191095e-04 0.000000000000000000e+00
9.991486349441643933e-01 2.474767031853649917e-05 3.720897015834401299e-25 8.038954875344831358e-27 8.266173855170191095e-04 0.000000000000000000e+00
9.991486349441643933e-01 2.474767031853649917e-05 3.720897015834401299e-25 8.038954875344831358e-27 8.266173855170191095e-04 0.000000000000000000e+00
9.991486349441643933e-01 2.474767031853649917e-05 3.720897015834401299e-25 8.038954875344831358e-27 8.266173855170191095e-04 0.000000000000000000e+00
9.991486349441643933e-01 2.474767031853649917e-05 3.720897015834401299e-25 8.038954875344831358e-27 8.266173855170191095e-04 0.000000000000000000e+00
9.991486349441643933e-01 2.474767031853649917e-05 3.720897015834401299e-25 8.038954875344831358e-27 8.266173855170191095e-04 0.000000000000000000e+00
9.991486349441643933e-01 2.474767031853649917e-05 3.720897015834401299e-25 8.038954875344831358e-27 8.266173855170191095e-04 0.000000000000000000e+00
9.991486349441643933e-01 2.474767031853649917e-05 3.720897015834401299e-25 8.038954875344831358e-27 8.266173855170191095e-04 0.000000000000000000e+00
9.991486349441643933e-01 2.474767031853649917e-05 3.720897015834401299e-25 8.038954875344831358e-27 8.266173855170191095e-04 0.000000000000000000e+00
9.991486349441643933e-01 2.474767031853649917e-05 3.720897015834401299e-25 8.038954875344831358e-27 8.266173855170191095e-04 0.000000000000000000e+00
9.991486349441643933e-01 2.474767031853649917e-05 3.720897015834401299e-25 8.038954875344831358e-27 8.266173855170191095e-04 0.000000000000000000e+00
9.991486349441643933e-01 2.474767031853649917e-05 3.720897015834401299e-25 8.038954875344831358e-27 8.266173855170191095e-04 0.000000000000000000e+00
9.991486349441643933e-01 2.474767031853649917e-05 3.720897015834401299e-25 8.038954875344831358e-27 8.266173855170191095e-04 0.000000000000000000e+00
9.991486349441643933e-01 2.474767031853649917e-05 3.720897015834401299e-25 8.038954875344831358e-27 8.266173855170191095e-04 0.000000000000000000e+00
9.991486349441643933e-01 2.474767031853649917e-05 3.720897015834401299e-25 8.038954875344831358e-27 8.266173855170191095e-04 0.000000000000000000e+00
9.991486349441643933e-01 2.474767031853649917e-05 3.720897015834401299e-25 8.038954875344831358e-27 8.266173855170191095e-04 0.000000000000000000e+00
9.991486349441643933e-01 2.474767031853649917e-05 3.720897015834401299e-25 8.038954875344831358e-27 8.266173855170191095e-04 0.000000000000000000e+00
9.991486349441643933e-01 2.474767031853649917e-05 3.720897015834401299e-25 8.038954875344831358e-27 8.266173855170191095e-04 0.000000000000000000e+00
9.991486349441643933e-01 2.474767031853649917e-05 3.720897015834401299e-25 8.038954875344831358e-27 8.266173855170191095e-04 0.000000000000000000e+00
9.991486349441643933e-01 2.474767031853649917e-05 3.720897015834401299e-25 8.038954875344831358e-27 8.266173855170191095e-04 0.000000000000000000e+00
9.991486349441643933e-01 2.474767031853649917e-05 3.720897015834401299e-25 8.038954875344831358e-27 8.266173855170191095e-04 0.000000000000000000e+00
9.991486349441643933e-01 2.474767031853649917e-05 3.720897015834401299e-25 8.038954875344831358e-27 8.266173855170191095e-04 0.000000000000000000e+00
9.991486349441643933e-01 2.474767031853649917e-05 3.720897015834401299e-25 8.038954875344831358e-27 8.266173855170191095e-04 0.000000000000000000e+00
9.991486349441643933e-01 2.474767031853649917e-05 3.720897015834401299e-25 8.038954875344831358e-27 8.266173855170191095e-04 0.000000000000000000e+00
9.991486349441643933e-01 2.474767031853649917e-05 3.720897015834401299e-25 8.038954875344831358e-27 8.266173855170191095e-04 0.000000000000000000e+00
9.991486349441643933e-01 2.474767031853649917e-05 3.720897015834401299e-25 8.038954875344831358e-27 8.266173855170191095e-04 0.000000000000000000e+00
9.991486349441643933e-01 2.474767031853649917e-05 3.720897015834401299e-25 8.038954875344831358e-27 8.266173855170191095e-04 0.000000000000000000e+00
9.991486349441643933e-01 2.474767031853649917e-05 3.720897015834401299e-25 8.038954875344831358e-27 8.266173855170191095e-04 0.000000000000000000e+00
9.991486349441643933e-01 2.474767031853649917e-05 3.720897015834401299e-25 8.038954875344831358e-27 8.266173855170191095e-04 0.000000000000000000e+00
9.991486349441643933e-01 2.474767031853649917e-05 3.720897015834401299e-25 8.038954875344831358e-27 8.266173855170191095e-04 0.000000000000000000e+00
9.991486349441643933e-01 2.474767031853649917e-05 3.720897015834401299e-25 8.038954875344831358e-27 8.266173855170191095e-04 0.000000000000000000e+00
9.991486349441643933e-01 2.474767031853649917e-05 3.720897015834401299e-25 8.038954875344831358e-27 8.266173855170191095e-04 0.000000000000000000e+00
9.991486349441643933e-01 2.474767031853649917e-05 3.720897015834401299e-25 8.038954875344831358e-27 8.266173855170191095e-04 0.000000000000000000e+00
9.991486349441643933e-01 2.474767031853649917e-05 3.720897015834401299e-25 8.038954875344831358e-27 8.266173855170191095e-04 0.000000000000000000e+00
9.991486349441643933e-01 2.474767031853649917e-05 3.720897015834401299e-25 8.038954875344831358e-27 8.266173855170191095e-04 0.000000000000000000e+00
9.991486349441643933e-01 2.474767031853649917e-05 3.720897015834401299e-25 8.038954875344831358e-27 8.266173855170191095e-04 0.000000000000000000e+00
9.991486349441643933e-01 2.474767031853649917e-05 3.720897015834401299e-25 8.038954875344831358e-27 8.266173855170191095e-04 0.000000000000000000e+00
9.991486349441643933e-01 2.474767031853649917e-05 3.720897015834401299e-25 8.038954875344831358e-27 8.266173855170191095e-04 0.000000000000000000e+00
9.991486349441643933e-01 2.474767031853649917e-05 3.720897015834401299e-25 8.038954875344831358e-27 8.266173855170191095e-04 0.000000000000000000e+00
9.991486349441643933e-01 2.474767031853649917e-05 3.720897015834401299e-25 8.038954875344831358e-27 8.266173855170191095e-04 0.000000000000000000e+00
9.991486349441643933e-01 2.474767031853649917e-05 3.720897015834401299e-25 8.038954875344831358e-27 8.266173855170191095e-04 0.000000000000000000e+00
9.991486349441643933e-01 2.474767031853649917e-05 3.720897015834401299e-25 8.038954875344831358e-27 8.266173855170191095e-04 0.000000000000000000e+00
9.991486349441643933e-01 2.474767031853649917e-05 3.720897015834401299e-25 8.038954875344831358e-27 8.266173855170191095e-04 0.000000000000000000e+00
9.991486349441643933e-01 2.474767031853649917e-05 3.720897015834401299e-25 8.038954875344831358e-27 8.266173855170191095e-04 0.000000000000000000e+00
9.991486349441643933e-01 2.474767031853649917e-05 3.720897015834401299e-25 8.038954875344831358e-27 8.266173855170191095e-04 0.000000000000000000e+00
9.991486349441643933e-01 2.474767031853649917e-05 3.720897015834401299e-25 8.038954875344831358e-27 8.266173855170191095e-04 0.000000000000000000e+00
9.991486349441643933e-01 2.474767031853649917e-05 3.720897015834401299e-25 8.038954875344831358e-27 8.266173855170191095e-04 0.000000000000000000e+00
9.991486349441643933e-01 2.474767031853649917e-05 3.720897015834401299e-25 8.038954875344831358e-27 8.266173855170191095e-04 0.000000000000000000e+00
9.991486349441643933e-01 2.474767031853649917e-05 3.720897015834401299e-25 8.038954875344831358e-27 8.266173855170191095e-04 0.000000000000000000e+00
9.991486349441643933e-01 2.474767031853649917e-05 3.720897015834401299e-25 8.038954875344831358e-27 8.266173855170191095e-04 0.000000000000000000e+00
9.991486349441643933e-01 2.474767031853649917e-05 3.720897015834401299e-25 8.038954875344831358e-27 8.266173855170191095e-04 0.000000000000000000e+00
9.991486349441643933e-01 2.474767031853649917e-05 3.720897015834401299e-25 8.038954875344831358e-27 8.266173855170191095e-04 0.000000000000000000e+00
9.991486349441643933e-01 2.474767031853649917e-05 3.720897015834401299e-25 8.038954875344831358e-27 8.266173855170191095e-04 0.000000000000000000e+00
9.991486349441643933e-01 2.474767031853649917e-05 3.720897015834401299e-25 8.038954875344831358e-27 8.266173855170191095e-04 0.000000000000000000e+00
9.991486349441643933e-01 2.474767031853649917e-05 3.720897015834401299e-25 8.038954875344831358e-27 8.266173855170191095e-04 0.000000000000000000e+00
9.991486349441643933e-01 2.474767031853649917e-05 3.720897015834401299e-25 8.038954875344831358e-27 8.266173855170191095e-04 0.000000000000000000e+00
9.991486349441643933e-01 2.474767031853649917e-05 3.720897015834401299e-25 8.038954875344831358e-27 8.266173855170191095e-04 0.000000000000000000e+00
9.991486349441643933e-01 2.474767031853649917e-05 3.720897015834401299e-25 8.038954875344831358e-27 8.266173855170191095e-04 0.000000000000000000e+00
9.991486349441643933e-01 2.474767031853649917e-05 3.720897015834401299e-25 8.038954875344831358e-27 8.266173855170191095e-04 0.000000000000000000e+00
9.991486349441643933e-01 2.474767031853649917e-05 3.720897015834401299e-25 8.038954875344831358e-27 8.266173855170191095e-04 0.000000000000000000e+00
9.991486349441643933e-01 2.474767031853649917e-05 3.720897015834401299e-25 8.038954875344831358e-27 8.266173855170191095e-04 0.000000000000000000e+00
9.991486349441643933e-01 2.474767031853649917e-05 3.720897015834401299e-25 8.038954875344831358e-27 8.266173855170191095e-04 0.000000000000000000e+00
9.991486349441643933e-01 2.474767031853649917e-05 3.720897015834401299e-25 8.038954875344831358e-27 8.266173855170191095e-04 0.000000000000000000e+00
9.991486349441643933e-01 2.474767031853649917e-05 3.720897015834401299e-25 8.038954875344831358e-27 8.266173855170191095e-04 0.000000000000000000e+00
9.991486349441643933e-01 2.474767031853649917e-05 3.720897015834401299e-25 8.038954875344831358e-27 8.266173855170191095e-04 0.000000000000000000e+00
9.991486349441643933e-01 2.474767031853649917e-05 3.720897015834401299e-25 8.038954875344831358e-27 8.266173855170191095e-04 0.000000000000000000e+00
9.991486349441643933e-01 2.474767031853649917e-05 3.720897015834401299e-25 8.038954875344831358e-27 8.266173855170191095e-04 0.000000000000000000e+00
9.991486349441643933e-01 2.474767031853649917e-05 3.720897015834401299e-25 8.038954875344831358e-27 8.266173855170191095e-04 0.000000000000000000e+00
9.991486349441643933e-01 2.474767031853649917e-05 3.720897015834401299e-25 8.038954875344831358e-27 8.266173855170191095e-04 0.000000000000000000e+00
9.991486349441643933e-01 2.474767031853649917e-05 3.720897015834401299e-25 8.038954875344831358e-27 8.266173855170191095e-04 0.000000000000000000e+00
9.991486349441643933e-01 2.474767031853649917e-05 3.720897015834401299e-25 8.038954875344831358e-27 8.266173855170191095e-04 0.000000000000000000e+00
9.991486349441643933e-01 2.474767031853649917e-05 3.720897015834401299e-25 8.038954875344831358e-27 8.266173855170191095e-04 0.000000000000000000e+00
9.991486349441643933e-01 2.474767031853649917e-05 3.720897015834401299e-25 8.038954875344831358e-27 8.266173855170191095e-04 0.000000000000000000e+00
9.991486349441643933e-01 2.474767031853649917e-05 3.720897015834401299e-25 8.038954875344831358e-27 8.266173855170191095e-04 0.000000000000000000e+00
9.991486349441643933e-01 2.474767031853649917e-05 3.720897015834401299e-25 8.038954875344831358e-27 8.266173855170191095e-04 0.000000000000000000e+00
9.991486349441643933e-01 2.474767031853649917e-05 3.720897015834401299e-25 8.038954875344831358e-27 8.266173855170191095e-04 0.000000000000000000e+00
9.991486349441643933e-01 2.474767031853649917e-05 3.720897015834401299e-25 8.038954875344831358e-27 8.266173855170191095e-04 0.000000000000000000e+00
9.991486349441643933e-01 2.474767031853649917e-05 3.720897015834401299e-25 8.038954875344831358e-27 8.266173855170191095e-04 0.000000000000000000e+00
9.991486349441643933e-01 2.474767031853649917e-05 3.720897015834401299e-25 8.038954875344831358e-27 8.266173855170191095e-04 0.000000000000000000e+00
9.991486349441643933e-01 2.474767031853649917e-05 3.720897015834401299e-25 8.038954875344831358e-27 8.266173855170191095e-04 0.000000000000000000e+00
9.991486349441643933e-01 2.474767031853649917e-05 3.720897015834401299e-25 8.038954875344831358e-27 8.266173855170191095e-04 0.000000000000000000e+00
9.991486349441643933e-01 2.474767031853649917e-05 3.720897015834401299e-25 8.038954875344831358e-27 8.266173855170191095e-04 0.000000000000000000e+00
9.991486349441643933e-01 2.474767031853649917e-05 3.720897015834401299e-25 8.038954875344831358e-27 8.266173855170191095e-04 0.000000000000000000e+00
9.991486349441643933e-01 2.474767031853649917e-05 3.720897015834401299e-25 8.038954875344831358e-27 8.266173855170191095e-04 0.000000000000000000e+00
9.991486349441643933e-01 2.474767031853649917e-05 3.720897015834401299e-25 8.038954875344831358e-27 8.266173855170191095e-04 0.000000000000000000e+00
9.991486349441643933e-01 2.474767031853649917e-05 3.720897015834401299e-25 8.038954875344831358e-27 8.266173855170191095e-04 0.000000000000000000e+00
9.991486349441643933e-01 2.474767031853649917e-05 3.720897015834401299e-25 8.038954875344831358e-27 8.266173855170191095e-04 0.000000000000000000e+00
9.991486349441643933e-01 2.474767031853649917e-05 3.720897015834401299e-25 8.038954875344831358e-27 8.266173855170191095e-04 0.000000000000000000e+00
9.991486349441643933e-01 2.474767031853649917e-05 3.720897015834401299e-25 8.038954875344831358e-27 8.266173855170191095e-04 0.000000000000000000e+00
9.991486349441643933e-01 2.474767031853649917e-05 3.720897015834401299e-25 8.038954875344831358e-27 8.266173855170191095e-04 0.000000000000000000e+00
9.991486349441643933e-01 2.474767031853649917e-05 3.720897015834401299e-25 8.038954875344831358e-27 8.266173855170191095e-04 0.000000000000000000e+00
9.991486349441643933e-01 2.474767031853649917e-05 3.720897015834401299e-25 8.038954875344831358e-27 8.266173855170191095e-04 0.000000000000000000e+00
9.991486349441643933e-01 2.474767031853649917e-05 3.720897015834401299e-25 8.038954875344831358e-27 8.266173855170191095e-04 0.000000000000000000e+00
9.991486349441643933e-01 2.474767031853649917e-05 3.720897015834401299e-25 8.038954875344831358e-27 8.266173855170191095e-04 0.000000000000000000e+00
9.991486349441643933e-01 2.474767031853649917e-05 3.720897015834401299e-25 8.038954875344831358e-27 8.266173855170191095e-04 0.000000000000000000e+00
9.991486349441643933e-01 2.474767031853649917e-05 3.720897015834401299e-25 8.038954875344831358e-27 8.266173855170191095e-04 0.000000000000000000e+00
9.991486349441643933e-01 2.474767031853649917e-05 3.720897015834401299e-25 8.038954875344831358e-27 8.266173855170191095e-04 0.000000000000000000e+00
9.991486349441643933e-01 2.474767031853649917e-05 3.720897015834401299e-25 8.038954875344831358e-27 8.266173855170191095e-04 0.000000000000000000e+00
9.991486349441643933e-01 2.474767031853649917e-05 3.720897015834401299e-25 8.038954875344831358e-27 8.266173855170191095e-04 0.000000000000000000e+00
9.991486349441643933e-01 2.474767031853649917e-05 3.720897015834401299e-25 8.038954875344831358e-27 8.266173855170191095e-04 0.000000000000000000e+00
9.991486349441643933e-01 2.474767031853649917e-05 3.720897015834401299e-25 8.038954875344831358e-27 8.266173855170191095e-04 0.000000000000000000e+00
9.991486349441643933e-01 2.474767031853649917e-05 3.720897015834401299e-25 8.038954875344831358e-27 8.266173855170191095e-04 0.000000000000000000e+00
9.991486349441643933e-01 2.474767031853649917e-05 3.720897015834401299e-25 8.038954875344831358e-27 8.266173855170191095e-04 0.000000000000000000e+00
9.991486349441643933e-01 2.474767031853649917e-05 3.720897015834401299e-25 8.038954875344831358e-27 8.266173855170191095e-04 0.000000000000000000e+00
9.991486349441643933e-01 2.474767031853649917e-05 3.720897015834401299e-25 8.038954875344831358e-27 8.266173855170191095e-04 0.000000000000000000e+00
9.991486349441643933e-01 2.474767031853649917e-05 3.720897015834401299e-25 8.038954875344831358e-27 8.266173855170191095e-04 0.000000000000000000e+00
9.991486349441643933e-01 2.474767031853649917e-05 3.720897015834401299e-25 8.038954875344831358e-27 8.266173855170191095e-04 0.000000000000000000e+00
9.991486349441643933e-01 2.474767031853649917e-05 3.720897015834401299e-25 8.038954875344831358e-27 8.266173855170191095e-04 0.000000000000000000e+00
9.991486349441643933e-01 2.474767031853649917e-05 3.720897015834401299e-25 8.038954875344831358e-27 8.266173855170191095e-04 0.000000000000000000e+00
9.991486349441643933e-01 2.474767031853649917e-05 3.720897015834401299e-25 8.038954875344831358e-27 8.266173855170191095e-04 0.000000000000000000e+00
9.991486349441643933e-01 2.474767031853649917e-05 3.720897015834401299e-25 8.038954875344831358e-27 8.266173855170191095e-04 0.000000000000000000e+00
9.991486349441643933e-01 2.474767031853649917e-05 3.720897015834401299e-25 8.038954875344831358e-27 8.266173855170191095e-04 0.000000000000000000e+00
9.991486349441643933e-01 2.474767031853649917e-05 3.720897015834401299e-25 8.038954875344831358e-27 8.266173855170191095e-04 0.000000000000000000e+00
9.991486349441643933e-01 2.474767031853649917e-05 3.720897015834401299e-25 8.038954875344831358e-27 8.266173855170191095e-04 0.000000000000000000e+00
9.991486349441643933e-01 2.474767031853649917e-05 3.720897015834401299e-25 8.038954875344831358e-27 8.266173855170191095e-04 0.000000000000000000e+00
9.991486349441643933e-01 2.474767031853649917e-05 3.720897015834401299e-25 8.038954875344831358e-27 8.266173855170191095e-04 0.000000000000000000e+00
9.991486349441643933e-01 2.474767031853649917e-05 3.720897015834401299e-25 8.038954875344831358e-27 8.266173855170191095e-04 0.000000000000000000e+00
9.991486349441643933e-01 2.474767031853649917e-05 3.720897015834401299e-25 8.038954875344831358e-27 8.266173855170191095e-04 0.000000000000000000e+00
