9.991846743090201377e-01 2.975676315719388365e-05 2.572003183541850375e-15 5.890141395160377528e-19 7.855689278201036761e-04 0.000000000000000000e+00
9.991846743071201020e-01 2.975676322512423196e-05 1.781792858065520170e-15 4.404441295135162148e-19 7.855689296530183555e-04 0.000000000000000000e+00
9.991846743071201020e-01 2.975676322512423196e-05 1.197109359026315254e-15 3.214217612124450612e-19 7.855689296536040415e-04 0.000000000000000000e+00
9.991846743071202130e-01 2.975676322512423196e-05 7.989135950621569566e-16 2.332980843115692267e-19 7.855689296540024858e-04 0.000000000000000000e+00
9.991846743071201020e-01 2.975676322512423196e-05 5.295854364813784514e-16 1.684160934843176719e-19 7.855689296542715848e-04 0.000000000000000000e+00
9.991846743071202130e-01 2.975676322512423196e-05 3.486816967337997336e-16 1.209154969139308168e-19 7.855689296544523213e-04 0.000000000000000000e+00
9.991846743071202130e-01 2.975676322512423196e-05 2.280015971948519524e-16 8.633219712442091331e-20 7.855689296545727762e-04 0.000000000000000000e+00
9.991846743071201020e-01 2.975676322512423196e-05 1.480535902003932306e-16 6.129441761296304228e-20 7.855689296546531156e-04 0.000000000000000000e+00
9.991846743071201020e-01 2.975676322512423196e-05 9.546225075358954502e-17 4.327064241080465804e-20 7.855689296547061331e-04 0.000000000000000000e+00
9.991846743071202130e-01 2.975676322512423196e-05 6.111383000436475183e-17 3.037108637018388725e-20 7.855689296547398517e-04 0.000000000000000000e+00
9.991846743071199910e-01 2.975676322512423196e-05 3.884166822455170237e-17 2.119267062600766578e-20 7.855689296547622947e-04 0.000000000000000000e+00
9.991846743071201020e-01 2.975676322512423196e-05 2.450543653030062548e-17 1.470054424606642255e-20 7.855689296547768230e-04 0.000000000000000000e+00
9.991846743071201020e-01 2.975676322512423196e-05 1.534578871801450306e-17 1.013602713255347696e-20 7.855689296547856051e-04 0.000000000000000000e+00
9.991846743071201020e-01 2.975676322512423196e-05 9.537503018525663788e-18 6.946297772947648925e-21 7.855689296547921103e-04 0.000000000000000000e+00
9.991846743071201020e-01 2.975676322512423196e-05 5.882419917522186345e-18 4.731027712219717622e-21 7.855689296547952545e-04 0.000000000000000000e+00
9.991846743071201020e-01 2.975676322512423196e-05 3.600088946417101209e-18 3.202149251347285403e-21 7.855689296547976397e-04 0.000000000000000000e+00
9.991846743071201020e-01 2.975676322512423196e-05 2.186194675222497975e-18 2.153762151822545613e-21 7.855689296547992660e-04 0.000000000000000000e+00
9.991846743071199910e-01 2.975676322512423196e-05 1.317115025214264915e-18 1.439382283399289976e-21 7.855689296548001334e-04 0.000000000000000000e+00
9.991846743071201020e-01 2.975676322512423196e-05 7.872266033318068353e-19 9.557888242850147244e-22 7.855689296548001334e-04 0.000000000000000000e+00
9.991846743071201020e-01 2.975676322512423196e-05 4.667058168685592966e-19 6.305148002033434454e-22 7.855689296548008923e-04 0.000000000000000000e+00
9.991846743071201020e-01 2.975676322512423196e-05 2.744283917517615504e-19 4.131956118610723310e-22 7.855689296548008923e-04 0.000000000000000000e+00
9.991846743071201020e-01 2.975676322512423196e-05 1.600314163666070915e-19 2.689682055781298348e-22 7.855689296548008923e-04 0.000000000000000000e+00
9.991846743071201020e-01 2.975676322512423196e-05 9.253616730170249948e-20 1.738929721502071648e-22 7.855689296548008923e-04 0.000000000000000000e+00
9.991846743071202130e-01 2.975676322512423196e-05 5.305269483252691328e-20 1.116518915492882830e-22 7.855689296548016513e-04 0.000000000000000000e+00
9.991846743071202130e-01 2.975676322512423196e-05 3.015400389395681041e-20 7.118918189389313289e-23 7.855689296548008923e-04 0.000000000000000000e+00
9.991846743071199910e-01 2.975676322512423196e-05 1.698925024985927701e-20 4.506975516922833117e-23 7.855689296548016513e-04 0.000000000000000000e+00
9.991846743071201020e-01 2.975676322512423196e-05 9.487264802867387145e-21 2.832929033019170583e-23 7.855689296548016513e-04 0.000000000000000000e+00
9.991846743071202130e-01 2.975676322512423196e-05 5.250332024355916500e-21 1.767737760678051718e-23 7.855689296548016513e-04 0.000000000000000000e+00
9.991846743071201020e-01 2.975676322512423196e-05 2.879202505629037140e-21 1.094963531246401167e-23 7.855689296548016513e-04 0.000000000000000000e+00
9.991846743071201020e-01 2.975676322512423196e-05 1.564414725912374461e-21 6.732000633650226178e-24 7.855689296548016513e-04 0.000000000000000000e+00
9.991846743071201020e-01 2.975676322512423196e-05 8.420551668837235734e-22 4.107543507442050181e-24 7.855689296548016513e-04 0.000000000000000000e+00
9.991846743071199910e-01 2.975676322512423196e-05 4.489823621622444028e-22 2.487174690104868415e-24 7.855689296548016513e-04 0.000000000000000000e+00
9.991846743071201020e-01 2.975676322512423196e-05 2.370922231236364106e-22 1.494289549159909571e-24 7.855689296548016513e-04 0.000000000000000000e+00
9.991846743071201020e-01 2.975676322512423196e-05 1.239897691166577951e-22 8.907424105386001051e-25 7.855689296548016513e-04 0.000000000000000000e+00
9.991846743071199910e-01 2.975676322512423196e-05 6.420549014261366268e-23 5.267534812296799517e-25 7.855689296548016513e-04 0.000000000000000000e+00
9.991846743071201020e-01 2.975676322512423196e-05 3.291499756586362961e-23 3.089823700442053458e-25 7.855689296548016513e-04 0.000000000000000000e+00
9.991846743071202130e-01 2.975676322512423196e-05 1.670374705497698595e-23 1.797632274864386902e-25 7.855689296548016513e-04 0.000000000000000000e+00
9.991846743071201020e-01 2.975676322512423196e-05 8.390163938064625760e-24 1.037190410514768925e-25 7.855689296548016513e-04 0.000000000000000000e+00
9.991846743071201020e-01 2.975676322512423196e-05 4.170474975492045286e-24 5.933939053941732598e-26 7.855689296548016513e-04 0.000000000000000000e+00
9.991846743071202130e-01 2.975676322512423196e-05 2.051138669172803259e-24 3.365909720437643539e-26 7.855689296548016513e-04 0.000000000000000000e+00
9.991846743071201020e-01 2.975676322512423196e-05 9.980219410032836367e-25 1.892730435058070145e-26 7.855689296548016513e-04 0.000000000000000000e+00
9.991846743071201020e-01 2.975676322512423196e-05 4.803261005015668011e-25 1.054953573919679328e-26 7.855689296548016513e-04 0.000000000000000000e+00
9.991846743071201020e-01 2.975676322512423196e-05 2.286318104951096147e-25 5.827713655388318216e-27 7.855689296548016513e-04 0.000000000000000000e+00
9.991846743071201020e-01 2.975676322512423196e-05 1.076199795391154224e-25 3.190389949582866727e-27 7.855689296548016513e-04 0.000000000000000000e+00
9.991846743071201020e-01 2.975676322512423196e-05 5.008525429162172256e-26 1.730584769863336460e-27 7.855689296548016513e-04 0.000000000000000000e+00
9.991846743071201020e-01 2.975676322512423196e-05 2.304309115414386103e-26 9.300522868222633792e-28 7.855689296548016513e-04 0.000000000000000000e+00
9.991846743071201020e-01 2.975676322512423196e-05 1.047856982326539904e-26 4.951301259431370369e-28 7.855689296548016513e-04 0.000000000000000000e+00
9.991846743071199910e-01 2.975676322512423196e-05 4.708579634511621879e-27 2.610621913999311890e-28 7.855689296548016513e-04 0.000000000000000000e+00
9.991846743071201020e-01 2.975676322512423196e-05 2.090159194457690120e-27 1.362949081203934200e-28 7.855689296548016513e-04 0.000000000000000000e+00
9.991846743071201020e-01 2.975676322512423196e-05 9.165245573401735461e-28 7.045386660979710360e-29 7.855689296548016513e-04 0.000000000000000000e+00
9.991846743071201020e-01 2.975676322512423196e-05 4.565814448608807121e-28 4.033133541177555273e-29 7.855689296548016513e-04 0.000000000000000000e+00
9.991846743071201020e-01 2.975676322512423196e-05 4.565814448608807121e-28 4.033133541177555273e-29 7.855689296548016513e-04 0.000000000000000000e+00
9.991846743071201020e-01 2.975676322512423196e-05 4.565814448608807121e-28 4.033133541177555273e-29 7.855689296548016513e-04 0.000000000000000000e+00
9.991846743071201020e-01 2.975676322512423196e-05 4.565814448608807121e-28 4.033133541177555273e-29 7.855689296548016513e-04 0.000000000000000000e+00
9.991846743071201020e-01 2.975676322512423196e-05 4.565814448608807121e-28 4.033133541177555273e-29 7.855689296548016513e-04 0.000000000000000000e+00
9.991846743071201020e-01 2.975676322512423196e-05 4.565814448608807121e-28 4.033133541177555273e-29 7.855689296548016513e-04 0.000000000000000000e+00
9.991846743071201020e-01 2.975676322512423196e-05 4.565814448608807121e-28 4.033133541177555273e-29 7.855689296548016513e-04 0.000000000000000000e+00
9.991846743071201020e-01 2.975676322512423196e-05 4.565814448608807121e-28 4.033133541177555273e-29 7.855689296548016513e-04 0.000000000000000000e+00
9.991846743071201020e-01 2.975676322512423196e-05 4.565814448608807121e-28 4.033133541177555273e-29 7.855689296548016513e-04 0.000000000000000000e+00
9.991846743071201020e-01 2.975676322512423196e-05 4.565814448608807121e-28 4.033133541177555273e-29 7.855689296548016513e-04 0.000000000000000000e+00
9.991846743071201020e-01 2.975676322512423196e-05 4.565814448608807121e-28 4.033133541177555273e-29 7.855689296548016513e-04 0.000000000000000000e+00
9.991846743071201020e-01 2.975676322512423196e-05 4.565814448608807121e-28 4.033133541177555273e-29 7.855689296548016513e-04 0.000000000000000000e+00
9.991846743071201020e-01 2.975676322512423196e-05 4.565814448608807121e-28 4.033133541177555273e-29 7.855689296548016513e-04 0.000000000000000000e+00
9.991846743071201020e-01 2.975676322512423196e-05 4.565814448608807121e-28 4.033133541177555273e-29 7.855689296548016513e-04 0.000000000000000000e+00
9.991846743071201020e-01 2.975676322512423196e-05 4.565814448608807121e-28 4.033133541177555273e-29 7.855689296548016513e-04 0.000000000000000000e+00
9.991846743071201020e-01 2.975676322512423196e-05 4.565814448608807121e-28 4.033133541177555273e-29 7.855689296548016513e-04 0.000000000000000000e+00
9.991846743071201020e-01 2.975676322512423196e-05 4.565814448608807121e-28 4.033133541177555273e-29 7.855689296548016513e-04 0.000000000000000000e+00
9.991846743071201020e-01 2.975676322512423196e-05 4.565814448608807121e-28 4.033133541177555273e-29 7.855689296548016513e-04 0.000000000000000000e+00
9.991846743071201020e-01 2.975676322512423196e-05 4.565814448608807121e-28 4.033133541177555273e-29 7.855689296548016513e-04 0.000000000000000000e+00
9.991846743071201020e-01 2.975676322512423196e-05 4.565814448608807121e-28 4.033133541177555273e-29 7.855689296548016513e-04 0.000000000000000000e+00
9.991846743071201020e-01 2.975676322512423196e-05 4.565814448608807121e-28 4.033133541177555273e-29 7.855689296548016513e-04 0.000000000000000000e+00
9.991846743071201020e-01 2.975676322512423196e-05 4.565814448608807121e-28 4.033133541177555273e-29 7.855689296548016513e-04 0.000000000000000000e+00
9.991846743071201020e-01 2.975676322512423196e-05 4.565814448608807121e-28 4.033133541177555273e-29 7.855689296548016513e-04 0.000000000000000000e+00
9.991846743071201020e-01 2.975676322512423196e-05 4.565814448608807121e-28 4.033133541177555273e-29 7.855689296548016513e-04 0.000000000000000000e+00
9.991846743071201020e-01 2.975676322512423196e-05 4.565814448608807121e-28 4.033133541177555273e-29 7.855689296548016513e-04 0.000000000000000000e+00
9.991846743071201020e-01 2.975676322512423196e-05 4.565814448608807121e-28 4.033133541177555273e-29 7.855689296548016513e-04 0.000000000000000000e+00
9.991846743071201020e-01 2.975676322512423196e-05 4.565814448608807121e-28 4.033133541177555273e-29 7.855689296548016513e-04 0.000000000000000000e+00
9.991846743071201020e-01 2.975676322512423196e-05 4.565814448608807121e-28 4.033133541177555273e-29 7.855689296548016513e-04 0.000000000000000000e+00
9.991846743071201020e-01 2.975676322512423196e-05 4.565814448608807121e-28 4.033133541177555273e-29 7.855689296548016513e-04 0.000000000000000000e+00
9.991846743071201020e-01 2.975676322512423196e-05 4.565814448608807121e-28 4.033133541177555273e-29 7.855689296548016513e-04 0.000000000000000000e+00
9.991846743071201020e-01 2.975676322512423196e-05 4.565814448608807121e-28 4.033133541177555273e-29 7.855689296548016513e-04 0.000000000000000000e+00
9.991846743071201020e-01 2.975676322512423196e-05 4.565814448608807121e-28 4.033133541177555273e-29 7.855689296548016513e-04 0.000000000000000000e+00
9.991846743071201020e-01 2.975676322512423196e-05 4.565814448608807121e-28 4.033133541177555273e-29 7.855689296548016513e-04 0.000000000000000000e+00
9.991846743071201020e-01 2.975676322512423196e-05 4.565814448608807121e-28 4.033133541177555273e-29 7.855689296548016513e-04 0.000000000000000000e+00
9.991846743071201020e-01 2.975676322512423196e-05 4.565814448608807121e-28 4.033133541177555273e-29 7.855689296548016513e-04 0.000000000000000000e+00
9.991846743071201020e-01 2.975676322512423196e-05 4.565814448608807121e-28 4.033133541177555273e-29 7.855689296548016513e-04 0.000000000000000000e+00
9.991846743071201020e-01 2.975676322512423196e-05 4.565814448608807121e-28 4.033133541177555273e-29 7.855689296548016513e-04 0.000000000000000000e+00
9.991846743071201020e-01 2.975676322512423196e-05 4.565814448608807121e-28 4.033133541177555273e-29 7.855689296548016513e-04 0.000000000000000000e+00
9.991846743071201020e-01 2.975676322512423196e-05 4.565814448608807121e-28 4.033133541177555273e-29 7.855689296548016513e-04 0.000000000000000000e+00
9.991846743071201020e-01 2.975676322512423196e-05 4.565814448608807121e-28 4.033133541177555273e-29 7.855689296548016513e-04 0.000000000000000000e+00
9.991846743071201020e-01 2.975676322512423196e-05 4.565814448608807121e-28 4.033133541177555273e-29 7.855689296548016513e-04 0.000000000000000000e+00
9.991846743071201020e-01 2.975676322512423196e-05 4.565814448608807121e-28 4.033133541177555273e-29 7.855689296548016513e-04 0.000000000000000000e+00
9.991846743071201020e-01 2.975676322512423196e-05 4.565814448608807121e-28 4.033133541177555273e-29 7.855689296548016513e-04 0.000000000000000000e+00
9.991846743071201020e-01 2.975676322512423196e-05 4.565814448608807121e-28 4.033133541177555273e-29 7.855689296548016513e-04 0.000000000000000000e+00
9.991846743071201020e-01 2.975676322512423196e-05 4.565814448608807121e-28 4.033133541177555273e-29 7.855689296548016513e-04 0.000000000000000000e+00
9.991846743071201020e-01 2.975676322512423196e-05 4.565814448608807121e-28 4.033133541177555273e-29 7.855689296548016513e-04 0.000000000000000000e+00
9.991846743071201020e-01 2.975676322512423196e-05 4.565814448608807121e-28 4.033133541177555273e-29 7.855689296548016513e-04 0.000000000000000000e+00
9.991846743071201020e-01 2.975676322512423196e-05 4.565814448608807121e-28 4.033133541177555273e-29 7.855689296548016513e-04 0.000000000000000000e+00
9.991846743071201020e-01 2.975676322512423196e-05 4.565814448608807121e-28 4.033133541177555273e-29 7.855689296548016513e-04 0.000000000000000000e+00
9.991846743071201020e-01 2.975676322512423196e-05 4.565814448608807121e-28 4.033133541177555273e-29 7.855689296548016513e-04 0.000000000000000000e+00
9.991846743071201020e-01 2.975676322512423196e-05 4.565814448608807121e-28 4.033133541177555273e-29 7.855689296548016513e-04 0.000000000000000000e+00
9.991846743071201020e-01 2.975676322512423196e-05 4.565814448608807121e-28 4.033133541177555273e-29 7.855689296548016513e-04 0.000000000000000000e+00
9.991846743071201020e-01 2.975676322512423196e-05 4.565814448608807121e-28 4.033133541177555273e-29 7.855689296548016513e-04 0.000000000000000000e+00
9.991846743071201020e-01 2.975676322512423196e-05 4.565814448608807121e-28 4.033133541177555273e-29 7.855689296548016513e-04 0.000000000000000000e+00
9.991846743071201020e-01 2.975676322512423196e-05 4.565814448608807121e-28 4.033133541177555273e-29 7.855689296548016513e-04 0.000000000000000000e+00
9.991846743071201020e-01 2.975676322512423196e-05 4.565814448608807121e-28 4.033133541177555273e-29 7.855689296548016513e-04 0.000000000000000000e+00
9.991846743071201020e-01 2.975676322512423196e-05 4.565814448608807121e-28 4.033133541177555273e-29 7.855689296548016513e-04 0.000000000000000000e+00
9.991846743071201020e-01 2.975676322512423196e-05 4.565814448608807121e-28 4.033133541177555273e-29 7.855689296548016513e-04 0.000000000000000000e+00
9.991846743071201020e-01 2.975676322512423196e-05 4.565814448608807121e-28 4.033133541177555273e-29 7.855689296548016513e-04 0.000000000000000000e+00
9.991846743071201020e-01 2.975676322512423196e-05 4.565814448608807121e-28 4.033133541177555273e-29 7.855689296548016513e-04 0.000000000000000000e+00
9.991846743071201020e-01 2.975676322512423196e-05 4.565814448608807121e-28 4.033133541177555273e-29 7.855689296548016513e-04 0.000000000000000000e+00
9.991846743071201020e-01 2.975676322512423196e-05 4.565814448608807121e-28 4.033133541177555273e-29 7.855689296548016513e-04 0.000000000000000000e+00
9.991846743071201020e-01 2.975676322512423196e-05 4.565814448608807121e-28 4.033133541177555273e-29 7.855689296548016513e-04 0.000000000000000000e+00
9.991846743071201020e-01 2.975676322512423196e-05 4.565814448608807121e-28 4.033133541177555273e-29 7.855689296548016513e-04 0.000000000000000000e+00
9.991846743071201020e-01 2.975676322512423196e-05 4.565814448608807121e-28 4.033133541177555273e-29 7.855689296548016513e-04 0.000000000000000000e+00
9.991846743071201020e-01 2.975676322512423196e-05 4.565814448608807121e-28 4.033133541177555273e-29 7.855689296548016513e-04 0.000000000000000000e+00
9.991846743071201020e-01 2.975676322512423196e-05 4.565814448608807121e-28 4.033133541177555273e-29 7.855689296548016513e-04 0.000000000000000000e+00
9.991846743071201020e-01 2.975676322512423196e-05 4.565814448608807121e-28 4.033133541177555273e-29 7.855689296548016513e-04 0.000000000000000000e+00
9.991846743071201020e-01 2.975676322512423196e-05 4.565814448608807121e-28 4.033133541177555273e-29 7.855689296548016513e-04 0.000000000000000000e+00
9.991846743071201020e-01 2.975676322512423196e-05 4.565814448608807121e-28 4.033133541177555273e-29 7.855689296548016513e-04 0.000000000000000000e+00
9.991846743071201020e-01 2.975676322512423196e-05 4.565814448608807121e-28 4.033133541177555273e-29 7.855689296548016513e-04 0.000000000000000000e+00
9.991846743071201020e-01 2.975676322512423196e-05 4.565814448608807121e-28 4.033133541177555273e-29 7.855689296548016513e-04 0.000000000000000000e+00
9.991846743071201020e-01 2.975676322512423196e-05 4.565814448608807121e-28 4.033133541177555273e-29 7.855689296548016513e-04 0.000000000000000000e+00
9.991846743071201020e-01 2.975676322512423196e-05 4.565814448608807121e-28 4.033133541177555273e-29 7.855689296548016513e-04 0.000000000000000000e+00
9.991846743071201020e-01 2.975676322512423196e-05 4.565814448608807121e-28 4.033133541177555273e-29 7.855689296548016513e-04 0.000000000000000000e+00
9.991846743071201020e-01 2.975676322512423196e-05 4.565814448608807121e-28 4.033133541177555273e-29 7.855689296548016513e-04 0.000000000000000000e+00
9.991846743071201020e-01 2.975676322512423196e-05 4.565814448608807121e-28 4.033133541177555273e-29 7.855689296548016513e-04 0.000000000000000000e+00
9.991846743071201020e-01 2.975676322512423196e-05 4.565814448608807121e-28 4.033133541177555273e-29 7.855689296548016513e-04 0.000000000000000000e+00
9.991846743071201020e-01 2.975676322512423196e-05 4.565814448608807121e-28 4.033133541177555273e-29 7.855689296548016513e-04 0.000000000000000000e+00
9.991846743071201020e-01 2.975676322512423196e-05 4.565814448608807121e-28 4.033133541177555273e-29 7.855689296548016513e-04 0.000000000000000000e+00
9.991846743071201020e-01 2.975676322512423196e-05 4.565814448608807121e-28 4.033133541177555273e-29 7.855689296548016513e-04 0.000000000000000000e+00
9.991846743071201020e-01 2.975676322512423196e-05 4.565814448608807121e-28 4.033133541177555273e-29 7.855689296548016513e-04 0.000000000000000000e+00
9.991846743071201020e-01 2.975676322512423196e-05 4.565814448608807121e-28 4.033133541177555273e-29 7.855689296548016513e-04 0.000000000000000000e+00
9.991846743071201020e-01 2.975676322512423196e-05 4.565814448608807121e-28 4.033133541177555273e-29 7.855689296548016513e-04 0.000000000000000000e+00
9.991846743071201020e-01 2.975676322512423196e-05 4.565814448608807121e-28 4.033133541177555273e-29 7.855689296548016513e-04 0.000000000000000000e+00
9.991846743071201020e-01 2.975676322512423196e-05 4.565814448608807121e-28 4.033133541177555273e-29 7.855689296548016513e-04 0.000000000000000000e+00
9.991846743071201020e-01 2.975676322512423196e-05 4.565814448608807121e-28 4.033133541177555273e-29 7.855689296548016513e-04 0.000000000000000000e+00
9.991846743071201020e-01 2.975676322512423196e-05 4.565814448608807121e-28 4.033133541177555273e-29 7.855689296548016513e-04 0.000000000000000000e+00
9.991846743071201020e-01 2.975676322512423196e-05 4.565814448608807121e-28 4.033133541177555273e-29 7.855689296548016513e-04 0.000000000000000000e+00
9.991846743071201020e-01 2.975676322512423196e-05 4.565814448608807121e-28 4.033133541177555273e-29 7.855689296548016513e-04 0.000000000000000000e+00
9.991846743071201020e-01 2.975676322512423196e-05 4.565814448608807121e-28 4.033133541177555273e-29 7.855689296548016513e-04 0.000000000000000000e+00
9.991846743071201020e-01 2.975676322512423196e-05 4.565814448608807121e-28 4.033133541177555273e-29 7.855689296548016513e-04 0.000000000000000000e+00
9.991846743071201020e-01 2.975676322512423196e-05 4.565814448608807121e-28 4.033133541177555273e-29 7.855689296548016513e-04 0.000000000000000000e+00
9.991846743071201020e-01 2.975676322512423196e-05 4.565814448608807121e-28 4.033133541177555273e-29 7.855689296548016513e-04 0.000000000000000000e+00
9.991846743071201020e-01 2.975676322512423196e-05 4.565814448608807121e-28 4.033133541177555273e-29 7.855689296548016513e-04 0.000000000000000000e+00
9.991846743071201020e-01 2.975676322512423196e-05 4.565814448608807121e-28 4.033133541177555273e-29 7.855689296548016513e-04 0.000000000000000000e+00
9.991846743071201020e-01 2.975676322512423196e-05 4.565814448608807121e-28 4.033133541177555273e-29 7.855689296548016513e-04 0.000000000000000000e+00
9.991846743071201020e-01 2.975676322512423196e-05 4.565814448608807121e-28 4.033133541177555273e-29 7.855689296548016513e-04 0.000000000000000000e+00
9.991846743071201020e-01 2.975676322512423196e-05 4.565814448608807121e-28 4.033133541177555273e-29 7.855689296548016513e-04 0.000000000000000000e+00
9.991846743071201020e-01 2.975676322512423196e-05 4.565814448608807121e-28 4.033133541177555273e-29 7.855689296548016513e-04 0.000000000000000000e+00
9.991846743071201020e-01 2.975676322512423196e-05 4.565814448608807121e-28 4.033133541177555273e-29 7.855689296548016513e-04 0.000000000000000000e+00
9.991846743071201020e-01 2.975676322512423196e-05 4.565814448608807121e-28 4.033133541177555273e-29 7.855689296548016513e-04 0.000000000000000000e+00
9.991846743071201020e-01 2.975676322512423196e-05 4.565814448608807121e-28 4.033133541177555273e-29 7.855689296548016513e-04 0.000000000000000000e+00
9.991846743071201020e-01 2.975676322512423196e-05 4.565814448608807121e-28 4.033133541177555273e-29 7.855689296548016513e-04 0.000000000000000000e+00
9.991846743071201020e-01 2.975676322512423196e-05 4.565814448608807121e-28 4.033133541177555273e-29 7.855689296548016513e-04 0.000000000000000000e+00
9.991846743071201020e-01 2.975676322512423196e-05 4.565814448608807121e-28 4.033133541177555273e-29 7.855689296548016513e-04 0.000000000000000000e+00
9.991846743071201020e-01 2.975676322512423196e-05 4.565814448608807121e-28 4.033133541177555273e-29 7.855689296548016513e-04 0.000000000000000000e+00
9.991846743071201020e-01 2.975676322512423196e-05 4.565814448608807121e-28 4.033133541177555273e-29 7.855689296548016513e-04 0.000000000000000000e+00
9.991846743071201020e-01 2.975676322512423196e-05 4.565814448608807121e-28 4.033133541177555273e-29 7.855689296548016513e-04 0.000000000000000000e+00
9.991846743071201020e-01 2.975676322512423196e-05 4.565814448608807121e-28 4.033133541177555273e-29 7.855689296548016513e-04 0.000000000000000000e+00
9.991846743071201020e-01 2.975676322512423196e-05 4.565814448608807121e-28 4.033133541177555273e-29 7.855689296548016513e-04 0.000000000000000000e+00
9.991846743071201020e-01 2.975676322512423196e-05 4.565814448608807121e-28 4.033133541177555273e-29 7.855689296548016513e-04 0.000000000000000000e+00
9.991846743071201020e-01 2.975676322512423196e-05 4.565814448608807121e-28 4.033133541177555273e-29 7.855689296548016513e-04 0.000000000000000000e+00
9.991846743071201020e-01 2.975676322512423196e-05 4.565814448608807121e-28 4.033133541177555273e-29 7.855689296548016513e-04 0.000000000000000000e+00
9.991846743071201020e-01 2.975676322512423196e-05 4.565814448608807121e-28 4.033133541177555273e-29 7.855689296548016513e-04 0.000000000000000000e+00
9.991846743071201020e-01 2.975676322512423196e-05 4.565814448608807121e-28 4.033133541177555273e-29 7.855689296548016513e-04 0.000000000000000000e+00
9.991846743071201020e-01 2.975676322512423196e-05 4.565814448608807121e-28 4.033133541177555273e-29 7.855689296548016513e-04 0.000000000000000000e+00
9.991846743071201020e-01 2.975676322512423196e-05 4.565814448608807121e-28 4.033133541177555273e-29 7.855689296548016513e-04 0.000000000000000000e+00
9.991846743071201020e-01 2.975676322512423196e-05 4.565814448608807121e-28 4.033133541177555273e-29 7.855689296548016513e-04 0.000000000000000000e+00
9.991846743071201020e-01 2.975676322512423196e-05 4.565814448608807121e-28 4.033133541177555273e-29 7.855689296548016513e-04 0.000000000000000000e+00
9.991846743071201020e-01 2.975676322512423196e-05 4.565814448608807121e-28 4.033133541177555273e-29 7.855689296548016513e-04 0.000000000000000000e+00
9.991846743071201020e-01 2.975676322512423196e-05 4.565814448608807121e-28 4.033133541177555273e-29 7.855689296548016513e-04 0.000000000000000000e+00
9.991846743071201020e-01 2.975676322512423196e-05 4.565814448608807121e-28 4.033133541177555273e-29 7.855689296548016513e-04 0.000000000000000000e+00
9.991846743071201020e-01 2.975676322512423196e-05 4.565814448608807121e-28 4.033133541177555273e-29 7.855689296548016513e-04 0.000000000000000000e+00
9.991846743071201020e-01 2.975676322512423196e-05 4.565814448608807121e-28 4.033133541177555273e-29 7.855689296548016513e-04 0.000000000000000000e+00
9.991846743071201020e-01 2.975676322512423196e-05 4.565814448608807121e-28 4.033133541177555273e-29 7.855689296548016513e-04 0.000000000000000000e+00
9.991846743071201020e-01 2.975676322512423196e-05 4.565814448608807121e-28 4.033133541177555273e-29 7.855689296548016513e-04 0.000000000000000000e+00
9.991846743071201020e-01 2.975676322512423196e-05 4.565814448608807121e-28 4.033133541177555273e-29 7.855689296548016513e-04 0.000000000000000000e+00
9.991846743071201020e-01 2.975676322512423196e-05 4.565814448608807121e-28 4.033133541177555273e-29 7.855689296548016513e-04 0.000000000000000000e+00
9.991846743071201020e-01 2.975676322512423196e-05 4.565814448608807121e-28 4.033133541177555273e-29 7.855689296548016513e-04 0.000000000000000000e+00
9.991846743071201020e-01 2.975676322512423196e-05 4.565814448608807121e-28 4.033133541177555273e-29 7.855689296548016513e-04 0.000000000000000000e+00
9.991846743071201020e-01 2.975676322512423196e-05 4.565814448608807121e-28 4.033133541177555273e-29 7.855689296548016513e-04 0.000000000000000000e+00
9.991846743071201020e-01 2.975676322512423196e-05 4.565814448608807121e-28 4.033133541177555273e-29 7.855689296548016513e-04 0.000000000000000000e+00
9.991846743071201020e-01 2.975676322512423196e-05 4.565814448608807121e-28 4.033133541177555273e-29 7.855689296548016513e-04 0.000000000000000000e+00
9.991846743071201020e-01 2.975676322512423196e-05 4.565814448608807121e-28 4.033133541177555273e-29 7.855689296548016513e-04 0.000000000000000000e+00
9.991846743071201020e-01 2.975676322512423196e-05 4.565814448608807121e-28 4.033133541177555273e-29 7.855689296548016513e-04 0.000000000000000000e+00
9.991846743071201020e-01 2.975676322512423196e-05 4.565814448608807121e-28 4.033133541177555273e-29 7.855689296548016513e-04 0.000000000000000000e+00
9.991846743071201020e-01 2.975676322512423196e-05 4.565814448608807121e-28 4.033133541177555273e-29 7.855689296548016513e-04 0.000000000000000000e+00
9.991846743071201020e-01 2.975676322512423196e-05 4.565814448608807121e-28 4.033133541177555273e-29 7.855689296548016513e-04 0.000000000000000000e+00
9.991846743071201020e-01 2.975676322512423196e-05 4.565814448608807121e-28 4.033133541177555273e-29 7.855689296548016513e-04 0.000000000000000000e+00
9.991846743071201020e-01 2.975676322512423196e-05 4.565814448608807121e-28 4.033133541177555273e-29 7.855689296548016513e-04 0.000000000000000000e+00
9.991846743071201020e-01 2.975676322512423196e-05 4.565814448608807121e-28 4.033133541177555273e-29 7.855689296548016513e-04 0.000000000000000000e+00
9.991846743071201020e-01 2.975676322512423196e-05 4.565814448608807121e-28 4.033133541177555273e-29 7.855689296548016513e-04 0.000000000000000000e+00
9.991846743071201020e-01 2.975676322512423196e-05 4.565814448608807121e-28 4.033133541177555273e-29 7.855689296548016513e-04 0.000000000000000000e+00
9.991846743071201020e-01 2.975676322512423196e-05 4.565814448608807121e-28 4.033133541177555273e-29 7.855689296548016513e-04 0.000000000000000000e+00
9.991846743071201020e-01 2.975676322512423196e-05 4.565814448608807121e-28 4.033133541177555273e-29 7.855689296548016513e-04 0.000000000000000000e+00
9.991846743071201020e-01 2.975676322512423196e-05 4.565814448608807121e-28 4.033133541177555273e-29 7.855689296548016513e-04 0.000000000000000000e+00
9.991846743071201020e-01 2.975676322512423196e-05 4.565814448608807121e-28 4.033133541177555273e-29 7.855689296548016513e-04 0.000000000000000000e+00
9.991846743071201020e-01 2.975676322512423196e-05 4.565814448608807121e-28 4.033133541177555273e-29 7.855689296548016513e-04 0.000000000000000000e+00
9.991846743071201020e-01 2.975676322512423196e-05 4.565814448608807121e-28 4.033133541177555273e-29 7.855689296548016513e-04 0.000000000000000000e+00
9.991846743071201020e-01 2.975676322512423196e-05 4.565814448608807121e-28 4.033133541177555273e-29 7.855689296548016513e-04 0.000000000000000000e+00
9.991846743071201020e-01 2.975676322512423196e-05 4.565814448608807121e-28 4.033133541177555273e-29 7.855689296548016513e-04 0.000000000000000000e+00
9.991846743071201020e-01 2.975676322512423196e-05 4.565814448608807121e-28 4.033133541177555273e-29 7.855689296548016513e-04 0.000000000000000000e+00
9.991846743071201020e-01 2.975676322512423196e-05 4.565814448608807121e-28 4.033133541177555273e-29 7.855689296548016513e-04 0.000000000000000000e+00
9.991846743071201020e-01 2.975676322512423196e-05 4.565814448608807121e-28 4.033133541177555273e-29 7.855689296548016513e-04 0.000000000000000000e+00
9.991846743071201020e-01 2.975676322512423196e-05 4.565814448608807121e-28 4.033133541177555273e-29 7.855689296548016513e-04 0.000000000000000000e+00
9.991846743071201020e-01 2.975676322512423196e-05 4.565814448608807121e-28 4.033133541177555273e-29 7.855689296548016513e-04 0.000000000000000000e+00
9.991846743071201020e-01 2.975676322512423196e-05 4.565814448608807121e-28 4.033133541177555273e-29 7.855689296548016513e-04 0.000000000000000000e+00
9.991846743071201020e-01 2.975676322512423196e-05 4.565814448608807121e-28 4.033133541177555273e-29 7.855689296548016513e-04 0.000000000000000000e+00
9.991846743071201020e-01 2.975676322512423196e-05 4.565814448608807121e-28 4.033133541177555273e-29 7.855689296548016513e-04 0.000000000000000000e+00
9.991846743071201020e-01 2.975676322512423196e-05 4.565814448608807121e-28 4.033133541177555273e-29 7.855689296548016513e-04 0.000000000000000000e+00
9.991846743071201020e-01 2.975676322512423196e-05 4.565814448608807121e-28 4.033133541177555273e-29 7.855689296548016513e-04 0.000000000000000000e+00
9.991846743071201020e-01 2.975676322512423196e-05 4.565814448608807121e-28 4.033133541177555273e-29 7.855689296548016513e-04 0.000000000000000000e+00
9.991846743071201020e-01 2.975676322512423196e-05 4.565814448608807121e-28 4.033133541177555273e-29 7.855689296548016513e-04 0.000000000000000000e+00
9.991846743071201020e-01 2.975676322512423196e-05 4.565814448608807121e-28 4.033133541177555273e-29 7.855689296548016513e-04 0.000000000000000000e+00
9.991846743071201020e-01 2.975676322512423196e-05 4.565814448608807121e-28 4.033133541177555273e-29 7.855689296548016513e-04 0.000000000000000000e+00
9.991846743071201020e-01 2.975676322512423196e-05 4.565814448608807121e-28 4.033133541177555273e-29 7.855689296548016513e-04 0.000000000000000000e+00
9.991846743071201020e-01 2.975676322512423196e-05 4.565814448608807121e-28 4.033133541177555273e-29 7.855689296548016513e-04 0.000000000000000000e+00
9.991846743071201020e-01 2.975676322512423196e-05 4.565814448608807121e-28 4.033133541177555273e-29 7.855689296548016513e-04 0.000000000000000000e+00
9.991846743071201020e-01 2.975676322512423196e-05 4.565814448608807121e-28 4.033133541177555273e-29 7.855689296548016513e-04 0.000000000000000000e+00
9.991846743071201020e-01 2.975676322512423196e-05 4.565814448608807121e-28 4.033133541177555273e-29 7.855689296548016513e-04 0.000000000000000000e+00
9.991846743071201020e-01 2.975676322512423196e-05 4.565814448608807121e-28 4.033133541177555273e-29 7.855689296548016513e-04 0.000000000000000000e+00
9.991846743071201020e-01 2.975676322512423196e-05 4.565814448608807121e-28 4.033133541177555273e-29 7.855689296548016513e-04 0.000000000000000000e+00
9.991846743071201020e-01 2.975676322512423196e-05 4.565814448608807121e-28 4.033133541177555273e-29 7.855689296548016513e-04 0.000000000000000000e+00
9.991846743071201020e-01 2.975676322512423196e-05 4.565814448608807121e-28 4.033133541177555273e-29 7.855689296548016513e-04 0.000000000000000000e+00
9.991846743071201020e-01 2.975676322512423196e-05 4.565814448608807121e-28 4.033133541177555273e-29 7.855689296548016513e-04 0.000000000000000000e+00
9.991846743071201020e-01 2.975676322512423196e-05 4.565814448608807121e-28 4.033133541177555273e-29 7.855689296548016513e-04 0.000000000000000000e+00
9.991846743071201020e-01 2.975676322512423196e-05 4.565814448608807121e-28 4.033133541177555273e-29 7.855689296548016513e-04 0.000000000000000000e+00
9.991846743071201020e-01 2.975676322512423196e-05 4.565814448608807121e-28 4.033133541177555273e-29 7.855689296548016513e-04 0.000000000000000000e+00
9.991846743071201020e-01 2.975676322512423196e-05 4.565814448608807121e-28 4.033133541177555273e-29 7.855689296548016513e-04 0.000000000000000000e+00
9.991846743071201020e-01 2.975676322512423196e-05 4.565814448608807121e-28 4.033133541177555273e-29 7.855689296548016513e-04 0.000000000000000000e+00
9.991846743071201020e-01 2.975676322512423196e-05 4.565814448608807121e-28 4.033133541177555273e-29 7.855689296548016513e-04 0.000000000000000000e+00
9.991846743071201020e-01 2.975676322512423196e-05 4.565814448608807121e-28 4.033133541177555273e-29 7.855689296548016513e-04 0.000000000000000000e+00
9.991846743071201020e-01 2.975676322512423196e-05 4.565814448608807121e-28 4.033133541177555273e-29 7.855689296548016513e-04 0.000000000000000000e+00
9.991846743071201020e-01 2.975676322512423196e-05 4.565814448608807121e-28 4.033133541177555273e-29 7.855689296548016513e-04 0.000000000000000000e+00
9.991846743071201020e-01 2.975676322512423196e-05 4.565814448608807121e-28 4.033133541177555273e-29 7.855689296548016513e-04 0.000000000000000000e+00
9.991846743071201020e-01 2.975676322512423196e-05 4.565814448608807121e-28 4.033133541177555273e-29 7.855689296548016513e-04 0.000000000000000000e+00
9.991846743071201020e-01 2.975676322512423196e-05 4.565814448608807121e-28 4.033133541177555273e-29 7.855689296548016513e-04 0.000000000000000000e+00
9.991846743071201020e-01 2.975676322512423196e-05 4.565814448608807121e-28 4.033133541177555273e-29 7.855689296548016513e-04 0.000000000000000000e+00
9.991846743071201020e-01 2.975676322512423196e-05 4.565814448608807121e-28 4.033133541177555273e-29 7.855689296548016513e-04 0.000000000000000000e+00
9.991846743071201020e-01 2.975676322512423196e-05 4.565814448608807121e-28 4.033133541177555273e-29 7.855689296548016513e-04 0.000000000000000000e+00
9.991846743071201020e-01 2.975676322512423196e-05 4.565814448608807121e-28 4.033133541177555273e-29 7.855689296548016513e-04 0.000000000000000000e+00
9.991846743071201020e-01 2.975676322512423196e-05 4.565814448608807121e-28 4.033133541177555273e-29 7.855689296548016513e-04 0.000000000000000000e+00
9.991846743071201020e-01 2.975676322512423196e-05 4.565814448608807121e-28 4.033133541177555273e-29 7.855689296548016513e-04 0.000000000000000000e+00
9.991846743071201020e-01 2.975676322512423196e-05 4.565814448608807121e-28 4.033133541177555273e-29 7.855689296548016513e-04 0.000000000000000000e+00
9.991846743071201020e-01 2.975676322512423196e-05 4.565814448608807121e-28 4.033133541177555273e-29 7.855689296548016513e-04 0.000000000000000000e+00
9.991846743071201020e-01 2.975676322512423196e-05 4.565814448608807121e-28 4.033133541177555273e-29 7.855689296548016513e-04 0.000000000000000000e+00
9.991846743071201020e-01 2.975676322512423196e-05 4.565814448608807121e-28 4.033133541177555273e-29 7.855689296548016513e-04 0.000000000000000000e+00
9.991846743071201020e-01 2.975676322512423196e-05 4.565814448608807121e-28 4.033133541177555273e-29 7.855689296548016513e-04 0.000000000000000000e+00
9.991846743071201020e-01 2.975676322512423196e-05 4.565814448608807121e-28 4.033133541177555273e-29 7.855689296548016513e-04 0.000000000000000000e+00
9.991846743071201020e-01 2.975676322512423196e-05 4.565814448608807121e-28 4.033133541177555273e-29 7.855689296548016513e-04 0.000000000000000000e+00
9.991846743071201020e-01 2.975676322512423196e-05 4.565814448608807121e-28 4.033133541177555273e-29 7.855689296548016513e-04 0.000000000000000000e+00
9.991846743071201020e-01 2.975676322512423196e-05 4.565814448608807121e-28 4.033133541177555273e-29 7.855689296548016513e-04 0.000000000000000000e+00
9.991846743071201020e-01 2.975676322512423196e-05 4.565814448608807121e-28 4.033133541177555273e-29 7.855689296548016513e-04 0.000000000000000000e+00
9.991846743071201020e-01 2.975676322512423196e-05 4.565814448608807121e-28 4.033133541177555273e-29 7.855689296548016513e-04 0.000000000000000000e+00
9.991846743071201020e-01 2.975676322512423196e-05 4.565814448608807121e-28 4.033133541177555273e-29 7.855689296548016513e-04 0.000000000000000000e+00
9.991846743071201020e-01 2.975676322512423196e-05 4.565814448608807121e-28 4.033133541177555273e-29 7.855689296548016513e-04 0.000000000000000000e+00
9.991846743071201020e-01 2.975676322512423196e-05 4.565814448608807121e-28 4.033133541177555273e-29 7.855689296548016513e-04 0.000000000000000000e+00
9.991846743071201020e-01 2.975676322512423196e-05 4.565814448608807121e-28 4.033133541177555273e-29 7.855689296548016513e-04 0.000000000000000000e+00
9.991846743071201020e-01 2.975676322512423196e-05 4.565814448608807121e-28 4.033133541177555273e-29 7.855689296548016513e-04 0.000000000000000000e+00
9.991846743071201020e-01 2.975676322512423196e-05 4.565814448608807121e-28 4.033133541177555273e-29 7.855689296548016513e-04 0.000000000000000000e+00
9.991846743071201020e-01 2.975676322512423196e-05 4.565814448608807121e-28 4.033133541177555273e-29 7.855689296548016513e-04 0.000000000000000000e+00
9.991846743071201020e-01 2.975676322512423196e-05 4.565814448608807121e-28 4.033133541177555273e-29 7.855689296548016513e-04 0.000000000000000000e+00
9.991846743071201020e-01 2.975676322512423196e-05 4.565814448608807121e-28 4.033133541177555273e-29 7.855689296548016513e-04 0.000000000000000000e+00
9.991846743071201020e-01 2.975676322512423196e-05 4.565814448608807121e-28 4.033133541177555273e-29 7.855689296548016513e-04 0.000000000000000000e+00
9.991846743071201020e-01 2.975676322512423196e-05 4.565814448608807121e-28 4.033133541177555273e-29 7.855689296548016513e-04 0.000000000000000000e+00
9.991846743071201020e-01 2.975676322512423196e-05 4.565814448608807121e-28 4.033133541177555273e-29 7.855689296548016513e-04 0.000000000000000000e+00
9.991846743071201020e-01 2.975676322512423196e-05 4.565814448608807121e-28 4.033133541177555273e-29 7.855689296548016513e-04 0.000000000000000000e+00
9.991846743071201020e-01 2.975676322512423196e-05 4.565814448608807121e-28 4.033133541177555273e-29 7.855689296548016513e-04 0.000000000000000000e+00
9.991846743071201020e-01 2.975676322512423196e-05 4.565814448608807121e-28 4.033133541177555273e-29 7.855689296548016513e-04 0.000000000000000000e+00
9.991846743071201020e-01 2.975676322512423196e-05 4.565814448608807121e-28 4.033133541177555273e-29 7.855689296548016513e-04 0.000000000000000000e+00
9.991846743071201020e-01 2.975676322512423196e-05 4.565814448608807121e-28 4.033133541177555273e-29 7.855689296548016513e-04 0.000000000000000000e+00
9.991846743071201020e-01 2.975676322512423196e-05 4.565814448608807121e-28 4.033133541177555273e-29 7.855689296548016513e-04 0.000000000000000000e+00
9.991846743071201020e-01 2.975676322512423196e-05 4.565814448608807121e-28 4.033133541177555273e-29 7.855689296548016513e-04 0.000000000000000000e+00
9.991846743071201020e-01 2.975676322512423196e-05 4.565814448608807121e-28 4.033133541177555273e-29 7.855689296548016513e-04 0.000000000000000000e+00
9.991846743071201020e-01 2.975676322512423196e-05 4.565814448608807121e-28 4.033133541177555273e-29 7.855689296548016513e-04 0.000000000000000000e+00
9.991846743071201020e-01 2.975676322512423196e-05 4.565814448608807121e-28 4.033133541177555273e-29 7.855689296548016513e-04 0.000000000000000000e+00
9.991846743071201020e-01 2.975676322512423196e-05 4.565814448608807121e-28 4.033133541177555273e-29 7.855689296548016513e-04 0.000000000000000000e+00
9.991846743071201020e-01 2.975676322512423196e-05 4.565814448608807121e-28 4.033133541177555273e-29 7.855689296548016513e-04 0.000000000000000000e+00
9.991846743071201020e-01 2.975676322512423196e-05 4.565814448608807121e-28 4.033133541177555273e-29 7.855689296548016513e-04 0.000000000000000000e+00
9.991846743071201020e-01 2.975676322512423196e-05 4.565814448608807121e-28 4.033133541177555273e-29 7.855689296548016513e-04 0.000000000000000000e+00
9.991846743071201020e-01 2.975676322512423196e-05 4.565814448608807121e-28 4.033133541177555273e-29 7.855689296548016513e-04 0.000000000000000000e+00
9.991846743071201020e-01 2.975676322512423196e-05 4.565814448608807121e-28 4.033133541177555273e-29 7.855689296548016513e-04 0.000000000000000000e+00
9.991846743071201020e-01 2.975676322512423196e-05 4.565814448608807121e-28 4.033133541177555273e-29 7.855689296548016513e-04 0.000000000000000000e+00
9.991846743071201020e-01 2.975676322512423196e-05 4.565814448608807121e-28 4.033133541177555273e-29 7.855689296548016513e-04 0.000000000000000000e+00
9.991846743071201020e-01 2.975676322512423196e-05 4.565814448608807121e-28 4.033133541177555273e-29 7.855689296548016513e-04 0.000000000000000000e+00
9.991846743071201020e-01 2.975676322512423196e-05 4.565814448608807121e-28 4.033133541177555273e-29 7.855689296548016513e-04 0.000000000000000000e+00
9.991846743071201020e-01 2.975676322512423196e-05 4.565814448608807121e-28 4.033133541177555273e-29 7.855689296548016513e-04 0.000000000000000000e+00
9.991846743071201020e-01 2.975676322512423196e-05 4.565814448608807121e-28 4.033133541177555273e-29 7.855689296548016513e-04 0.000000000000000000e+00
9.991846743071201020e-01 2.975676322512423196e-05 4.565814448608807121e-28 4.033133541177555273e-29 7.855689296548016513e-04 0.000000000000000000e+00
9.991846743071201020e-01 2.975676322512423196e-05 4.565814448608807121e-28 4.033133541177555273e-29 7.855689296548016513e-04 0.000000000000000000e+00
9.991846743071201020e-01 2.975676322512423196e-05 4.565814448608807121e-28 4.033133541177555273e-29 7.855689296548016513e-04 0.000000000000000000e+00
9.991846743071201020e-01 2.975676322512423196e-05 4.565814448608807121e-28 4.033133541177555273e-29 7.855689296548016513e-04 0.000000000000000000e+00
9.991846743071201020e-01 2.975676322512423196e-05 4.565814448608807121e-28 4.033133541177555273e-29 7.855689296548016513e-04 0.000000000000000000e+00
9.991846743071201020e-01 2.975676322512423196e-05 4.565814448608807121e-28 4.033133541177555273e-29 7.855689296548016513e-04 0.000000000000000000e+00
9.991846743071201020e-01 2.975676322512423196e-05 4.565814448608807121e-28 4.033133541177555273e-29 7.855689296548016513e-04 0.000000000000000000e+00
9.991846743071201020e-01 2.975676322512423196e-05 4.565814448608807121e-28 4.033133541177555273e-29 7.855689296548016513e-04 0.000000000000000000e+00
9.991846743071201020e-01 2.975676322512423196e-05 4.565814448608807121e-28 4.033133541177555273e-29 7.855689296548016513e-04 0.000000000000000000e+00
9.991846743071201020e-01 2.975676322512423196e-05 4.565814448608807121e-28 4.033133541177555273e-29 7.855689296548016513e-04 0.000000000000000000e+00
9.991846743071201020e-01 2.975676322512423196e-05 4.565814448608807121e-28 4.033133541177555273e-29 7.855689296548016513e-04 0.000000000000000000e+00
9.991846743071201020e-01 2.975676322512423196e-05 4.565814448608807121e-28 4.033133541177555273e-29 7.855689296548016513e-04 0.000000000000000000e+00
9.991846743071201020e-01 2.975676322512423196e-05 4.565814448608807121e-28 4.033133541177555273e-29 7.855689296548016513e-04 0.000000000000000000e+00
9.991846743071201020e-01 2.975676322512423196e-05 4.565814448608807121e-28 4.033133541177555273e-29 7.855689296548016513e-04 0.000000000000000000e+00
9.991846743071201020e-01 2.975676322512423196e-05 4.565814448608807121e-28 4.033133541177555273e-29 7.855689296548016513e-04 0.000000000000000000e+00
9.991846743071201020e-01 2.975676322512423196e-05 4.565814448608807121e-28 4.033133541177555273e-29 7.855689296548016513e-04 0.000000000000000000e+00
9.991846743071201020e-01 2.975676322512423196e-05 4.565814448608807121e-28 4.033133541177555273e-29 7.855689296548016513e-04 0.000000000000000000e+00
9.991846743071201020e-01 2.975676322512423196e-05 4.565814448608807121e-28 4.033133541177555273e-29 7.855689296548016513e-04 0.000000000000000000e+00
9.991846743071201020e-01 2.975676322512423196e-05 4.565814448608807121e-28 4.033133541177555273e-29 7.855689296548016513e-04 0.000000000000000000e+00
9.991846743071201020e-01 2.975676322512423196e-05 4.565814448608807121e-28 4.033133541177555273e-29 7.855689296548016513e-04 0.000000000000000000e+00
9.991846743071201020e-01 2.975676322512423196e-05 4.565814448608807121e-28 4.033133541177555273e-29 7.855689296548016513e-04 0.000000000000000000e+00
9.991846743071201020e-01 2.975676322512423196e-05 4.565814448608807121e-28 4.033133541177555273e-29 7.855689296548016513e-04 0.000000000000000000e+00
9.991846743071201020e-01 2.975676322512423196e-05 4.565814448608807121e-28 4.033133541177555273e-29 7.855689296548016513e-04 0.000000000000000000e+00
9.991846743071201020e-01 2.975676322512423196e-05 4.565814448608807121e-28 4.033133541177555273e-29 7.855689296548016513e-04 0.000000000000000000e+00
9.991846743071201020e-01 2.975676322512423196e-05 4.565814448608807121e-28 4.033133541177555273e-29 7.855689296548016513e-04 0.000000000000000000e+00
9.991846743071201020e-01 2.975676322512423196e-05 4.565814448608807121e-28 4.033133541177555273e-29 7.855689296548016513e-04 0.000000000000000000e+00
9.991846743071201020e-01 2.975676322512423196e-05 4.565814448608807121e-28 4.033133541177555273e-29 7.855689296548016513e-04 0.000000000000000000e+00
9.991846743071201020e-01 2.975676322512423196e-05 4.565814448608807121e-28 4.033133541177555273e-29 7.855689296548016513e-04 0.000000000000000000e+00
9.991846743071201020e-01 2.975676322512423196e-05 4.565814448608807121e-28 4.033133541177555273e-29 7.855689296548016513e-04 0.000000000000000000e+00
9.991846743071201020e-01 2.975676322512423196e-05 4.565814448608807121e-28 4.033133541177555273e-29 7.855689296548016513e-04 0.000000000000000000e+00
9.991846743071201020e-01 2.975676322512423196e-05 4.565814448608807121e-28 4.033133541177555273e-29 7.855689296548016513e-04 0.000000000000000000e+00
9.991846743071201020e-01 2.975676322512423196e-05 4.565814448608807121e-28 4.033133541177555273e-29 7.855689296548016513e-04 0.000000000000000000e+00
9.991846743071201020e-01 2.975676322512423196e-05 4.565814448608807121e-28 4.033133541177555273e-29 7.855689296548016513e-04 0.000000000000000000e+00
9.991846743071201020e-01 2.975676322512423196e-05 4.565814448608807121e-28 4.033133541177555273e-29 7.855689296548016513e-04 0.000000000000000000e+00
9.991846743071201020e-01 2.975676322512423196e-05 4.565814448608807121e-28 4.033133541177555273e-29 7.855689296548016513e-04 0.000000000000000000e+00
9.991846743071201020e-01 2.975676322512423196e-05 4.565814448608807121e-28 4.033133541177555273e-29 7.855689296548016513e-04 0.000000000000000000e+00
9.991846743071201020e-01 2.975676322512423196e-05 4.565814448608807121e-28 4.033133541177555273e-29 7.855689296548016513e-04 0.000000000000000000e+00
9.991846743071201020e-01 2.975676322512423196e-05 4.565814448608807121e-28 4.033133541177555273e-29 7.855689296548016513e-04 0.000000000000000000e+00
9.991846743071201020e-01 2.975676322512423196e-05 4.565814448608807121e-28 4.033133541177555273e-29 7.855689296548016513e-04 0.000000000000000000e+00
9.991846743071201020e-01 2.975676322512423196e-05 4.565814448608807121e-28 4.033133541177555273e-29 7.855689296548016513e-04 0.000000000000000000e+00
9.991846743071201020e-01 2.975676322512423196e-05 4.565814448608807121e-28 4.033133541177555273e-29 7.855689296548016513e-04 0.000000000000000000e+00
9.991846743071201020e-01 2.975676322512423196e-05 4.565814448608807121e-28 4.033133541177555273e-29 7.855689296548016513e-04 0.000000000000000000e+00
9.991846743071201020e-01 2.975676322512423196e-05 4.565814448608807121e-28 4.033133541177555273e-29 7.855689296548016513e-04 0.000000000000000000e+00
9.991846743071201020e-01 2.975676322512423196e-05 4.565814448608807121e-28 4.033133541177555273e-29 7.855689296548016513e-04 0.000000000000000000e+00
9.991846743071201020e-01 2.975676322512423196e-05 4.565814448608807121e-28 4.033133541177555273e-29 7.855689296548016513e-04 0.000000000000000000e+00
9.991846743071201020e-01 2.975676322512423196e-05 4.565814448608807121e-28 4.033133541177555273e-29 7.855689296548016513e-04 0.000000000000000000e+00
9.991846743071201020e-01 2.975676322512423196e-05 4.565814448608807121e-28 4.033133541177555273e-29 7.855689296548016513e-04 0.000000000000000000e+00
9.991846743071201020e-01 2.975676322512423196e-05 4.565814448608807121e-28 4.033133541177555273e-29 7.855689296548016513e-04 0.000000000000000000e+00
9.991846743071201020e-01 2.975676322512423196e-05 4.565814448608807121e-28 4.033133541177555273e-29 7.855689296548016513e-04 0.000000000000000000e+00
9.991846743071201020e-01 2.975676322512423196e-05 4.565814448608807121e-28 4.033133541177555273e-29 7.855689296548016513e-04 0.000000000000000000e+00
9.991846743071201020e-01 2.975676322512423196e-05 4.565814448608807121e-28 4.033133541177555273e-29 7.855689296548016513e-04 0.000000000000000000e+00
9.991846743071201020e-01 2.975676322512423196e-05 4.565814448608807121e-28 4.033133541177555273e-29 7.855689296548016513e-04 0.000000000000000000e+00
9.991846743071201020e-01 2.975676322512423196e-05 4.565814448608807121e-28 4.033133541177555273e-29 7.855689296548016513e-04 0.000000000000000000e+00
9.991846743071201020e-01 2.975676322512423196e-05 4.565814448608807121e-28 4.033133541177555273e-29 7.855689296548016513e-04 0.000000000000000000e+00
9.991846743071201020e-01 2.975676322512423196e-05 4.565814448608807121e-28 4.033133541177555273e-29 7.855689296548016513e-04 0.000000000000000000e+00
9.991846743071201020e-01 2.975676322512423196e-05 4.565814448608807121e-28 4.033133541177555273e-29 7.855689296548016513e-04 0.000000000000000000e+00
9.991846743071201020e-01 2.975676322512423196e-05 4.565814448608807121e-28 4.033133541177555273e-29 7.855689296548016513e-04 0.000000000000000000e+00
9.991846743071201020e-01 2.975676322512423196e-05 4.565814448608807121e-28 4.033133541177555273e-29 7.855689296548016513e-04 0.000000000000000000e+00
9.991846743071201020e-01 2.975676322512423196e-05 4.565814448608807121e-28 4.033133541177555273e-29 7.855689296548016513e-04 0.000000000000000000e+00
9.991846743071201020e-01 2.975676322512423196e-05 4.565814448608807121e-28 4.033133541177555273e-29 7.855689296548016513e-04 0.000000000000000000e+00
9.991846743071201020e-01 2.975676322512423196e-05 4.565814448608807121e-28 4.033133541177555273e-29 7.855689296548016513e-04 0.000000000000000000e+00
9.991846743071201020e-01 2.975676322512423196e-05 4.565814448608807121e-28 4.033133541177555273e-29 7.855689296548016513e-04 0.000000000000000000e+00
9.991846743071201020e-01 2.975676322512423196e-05 4.565814448608807121e-28 4.033133541177555273e-29 7.855689296548016513e-04 0.000000000000000000e+00
9.991846743071201020e-01 2.975676322512423196e-05 4.565814448608807121e-28 4.033133541177555273e-29 7.855689296548016513e-04 0.000000000000000000e+00
9.991846743071201020e-01 2.975676322512423196e-05 4.565814448608807121e-28 4.033133541177555273e-29 7.855689296548016513e-04 0.000000000000000000e+00
9.991846743071201020e-01 2.975676322512423196e-05 4.565814448608807121e-28 4.033133541177555273e-29 7.855689296548016513e-04 0.000000000000000000e+00
9.991846743071201020e-01 2.975676322512423196e-05 4.565814448608807121e-28 4.033133541177555273e-29 7.855689296548016513e-04 0.000000000000000000e+00
9.991846743071201020e-01 2.975676322512423196e-05 4.565814448608807121e-28 4.033133541177555273e-29 7.855689296548016513e-04 0.000000000000000000e+00
9.991846743071201020e-01 2.975676322512423196e-05 4.565814448608807121e-28 4.033133541177555273e-29 7.855689296548016513e-04 0.000000000000000000e+00
9.991846743071201020e-01 2.975676322512423196e-05 4.565814448608807121e-28 4.033133541177555273e-29 7.855689296548016513e-04 0.000000000000000000e+00
9.991846743071201020e-01 2.975676322512423196e-05 4.565814448608807121e-28 4.033133541177555273e-29 7.855689296548016513e-04 0.000000000000000000e+00
9.991846743071201020e-01 2.975676322512423196e-05 4.565814448608807121e-28 4.033133541177555273e-29 7.855689296548016513e-04 0.000000000000000000e+00
9.991846743071201020e-01 2.975676322512423196e-05 4.565814448608807121e-28 4.033133541177555273e-29 7.855689296548016513e-04 0.000000000000000000e+00
9.991846743071201020e-01 2.975676322512423196e-05 4.565814448608807121e-28 4.033133541177555273e-29 7.855689296548016513e-04 0.000000000000000000e+00
9.991846743071201020e-01 2.975676322512423196e-05 4.565814448608807121e-28 4.033133541177555273e-29 7.855689296548016513e-04 0.000000000000000000e+00
9.991846743071201020e-01 2.975676322512423196e-05 4.565814448608807121e-28 4.033133541177555273e-29 7.855689296548016513e-04 0.000000000000000000e+00
9.991846743071201020e-01 2.975676322512423196e-05 4.565814448608807121e-28 4.033133541177555273e-29 7.855689296548016513e-04 0.000000000000000000e+00
9.991846743071201020e-01 2.975676322512423196e-05 4.565814448608807121e-28 4.033133541177555273e-29 7.855689296548016513e-04 0.000000000000000000e+00
9.991846743071201020e-01 2.975676322512423196e-05 4.565814448608807121e-28 4.033133541177555273e-29 7.855689296548016513e-04 0.000000000000000000e+00
9.991846743071201020e-01 2.975676322512423196e-05 4.565814448608807121e-28 4.033133541177555273e-29 7.855689296548016513e-04 0.000000000000000000e+00
9.991846743071201020e-01 2.975676322512423196e-05 4.565814448608807121e-28 4.033133541177555273e-29 7.855689296548016513e-04 0.000000000000000000e+00
9.991846743071201020e-01 2.975676322512423196e-05 4.565814448608807121e-28 4.033133541177555273e-29 7.855689296548016513e-04 0.000000000000000000e+00
9.991846743071201020e-01 2.975676322512423196e-05 4.565814448608807121e-28 4.033133541177555273e-29 7.855689296548016513e-04 0.000000000000000000e+00
9.991846743071201020e-01 2.975676322512423196e-05 4.565814448608807121e-28 4.033133541177555273e-29 7.855689296548016513e-04 0.000000000000000000e+00
9.991846743071201020e-01 2.975676322512423196e-05 4.565814448608807121e-28 4.033133541177555273e-29 7.855689296548016513e-04 0.000000000000000000e+00
9.991846743071201020e-01 2.975676322512423196e-05 4.565814448608807121e-28 4.033133541177555273e-29 7.855689296548016513e-04 0.000000000000000000e+00
9.991846743071201020e-01 2.975676322512423196e-05 4.565814448608807121e-28 4.033133541177555273e-29 7.855689296548016513e-04 0.000000000000000000e+00
9.991846743071201020e-01 2.975676322512423196e-05 4.565814448608807121e-28 4.033133541177555273e-29 7.855689296548016513e-04 0.000000000000000000e+00
9.991846743071201020e-01 2.975676322512423196e-05 4.565814448608807121e-28 4.033133541177555273e-29 7.855689296548016513e-04 0.000000000000000000e+00
9.991846743071201020e-01 2.975676322512423196e-05 4.565814448608807121e-28 4.033133541177555273e-29 7.855689296548016513e-04 0.000000000000000000e+00
9.991846743071201020e-01 2.975676322512423196e-05 4.565814448608807121e-28 4.033133541177555273e-29 7.855689296548016513e-04 0.000000000000000000e+00
9.991846743071201020e-01 2.975676322512423196e-05 4.565814448608807121e-28 4.033133541177555273e-29 7.855689296548016513e-04 0.000000000000000000e+00
9.991846743071201020e-01 2.975676322512423196e-05 4.565814448608807121e-28 4.033133541177555273e-29 7.855689296548016513e-04 0.000000000000000000e+00
9.991846743071201020e-01 2.975676322512423196e-05 4.565814448608807121e-28 4.033133541177555273e-29 7.855689296548016513e-04 0.000000000000000000e+00
9.991846743071201020e-01 2.975676322512423196e-05 4.565814448608807121e-28 4.033133541177555273e-29 7.855689296548016513e-04 0.000000000000000000e+00
9.991846743071201020e-01 2.975676322512423196e-05 4.565814448608807121e-28 4.033133541177555273e-29 7.855689296548016513e-04 0.000000000000000000e+00
9.991846743071201020e-01 2.975676322512423196e-05 4.565814448608807121e-28 4.033133541177555273e-29 7.855689296548016513e-04 0.000000000000000000e+00
9.991846743071201020e-01 2.975676322512423196e-05 4.565814448608807121e-28 4.033133541177555273e-29 7.855689296548016513e-04 0.000000000000000000e+00
9.991846743071201020e-01 2.975676322512423196e-05 4.565814448608807121e-28 4.033133541177555273e-29 7.855689296548016513e-04 0.000000000000000000e+00
9.991846743071201020e-01 2.975676322512423196e-05 4.565814448608807121e-28 4.033133541177555273e-29 7.855689296548016513e-04 0.000000000000000000e+00
9.991846743071201020e-01 2.975676322512423196e-05 4.565814448608807121e-28 4.033133541177555273e-29 7.855689296548016513e-04 0.000000000000000000e+00
9.991846743071201020e-01 2.975676322512423196e-05 4.565814448608807121e-28 4.033133541177555273e-29 7.855689296548016513e-04 0.000000000000000000e+00
9.991846743071201020e-01 2.975676322512423196e-05 4.565814448608807121e-28 4.033133541177555273e-29 7.855689296548016513e-04 0.000000000000000000e+00
9.991846743071201020e-01 2.975676322512423196e-05 4.565814448608807121e-28 4.033133541177555273e-29 7.855689296548016513e-04 0.000000000000000000e+00
9.991846743071201020e-01 2.975676322512423196e-05 4.565814448608807121e-28 4.033133541177555273e-29 7.855689296548016513e-04 0.000000000000000000e+00
9.991846743071201020e-01 2.975676322512423196e-05 4.565814448608807121e-28 4.033133541177555273e-29 7.855689296548016513e-04 0.000000000000000000e+00
9.991846743071201020e-01 2.975676322512423196e-05 4.565814448608807121e-28 4.033133541177555273e-29 7.855689296548016513e-04 0.000000000000000000e+00
9.991846743071201020e-01 2.975676322512423196e-05 4.565814448608807121e-28 4.033133541177555273e-29 7.855689296548016513e-04 0.000000000000000000e+00
9.991846743071201020e-01 2.975676322512423196e-05 4.565814448608807121e-28 4.033133541177555273e-29 7.855689296548016513e-04 0.000000000000000000e+00
9.991846743071201020e-01 2.975676322512423196e-05 4.565814448608807121e-28 4.033133541177555273e-29 7.855689296548016513e-04 0.000000000000000000e+00
9.991846743071201020e-01 2.975676322512423196e-05 4.565814448608807121e-28 4.033133541177555273e-29 7.855689296548016513e-04 0.000000000000000000e+00
9.991846743071201020e-01 2.975676322512423196e-05 4.565814448608807121e-28 4.033133541177555273e-29 7.855689296548016513e-04 0.000000000000000000e+00
9.991846743071201020e-01 2.975676322512423196e-05 4.565814448608807121e-28 4.033133541177555273e-29 7.855689296548016513e-04 0.000000000000000000e+00
9.991846743071201020e-01 2.975676322512423196e-05 4.565814448608807121e-28 4.033133541177555273e-29 7.855689296548016513e-04 0.000000000000000000e+00
9.991846743071201020e-01 2.975676322512423196e-05 4.565814448608807121e-28 4.033133541177555273e-29 7.855689296548016513e-04 0.000000000000000000e+00
9.991846743071201020e-01 2.975676322512423196e-05 4.565814448608807121e-28 4.033133541177555273e-29 7.855689296548016513e-04 0.000000000000000000e+00
9.991846743071201020e-01 2.975676322512423196e-05 4.565814448608807121e-28 4.033133541177555273e-29 7.855689296548016513e-04 0.000000000000000000e+00
9.991846743071201020e-01 2.975676322512423196e-05 4.565814448608807121e-28 4.033133541177555273e-29 7.855689296548016513e-04 0.000000000000000000e+00
9.991846743071201020e-01 2.975676322512423196e-05 4.565814448608807121e-28 4.033133541177555273e-29 7.855689296548016513e-04 0.000000000000000000e+00
9.991846743071201020e-01 2.975676322512423196e-05 4.565814448608807121e-28 4.033133541177555273e-29 7.855689296548016513e-04 0.000000000000000000e+00
9.991846743071201020e-01 2.975676322512423196e-05 4.565814448608807121e-28 4.033133541177555273e-29 7.855689296548016513e-04 0.000000000000000000e+00
9.991846743071201020e-01 2.975676322512423196e-05 4.565814448608807121e-28 4.033133541177555273e-29 7.855689296548016513e-04 0.000000000000000000e+00
9.991846743071201020e-01 2.975676322512423196e-05 4.565814448608807121e-28 4.033133541177555273e-29 7.855689296548016513e-04 0.000000000000000000e+00
9.991846743071201020e-01 2.975676322512423196e-05 4.565814448608807121e-28 4.033133541177555273e-29 7.855689296548016513e-04 0.000000000000000000e+00
9.991846743071201020e-01 2.975676322512423196e-05 4.565814448608807121e-28 4.033133541177555273e-29 7.855689296548016513e-04 0.000000000000000000e+00
9.991846743071201020e-01 2.975676322512423196e-05 4.565814448608807121e-28 4.033133541177555273e-29 7.855689296548016513e-04 0.000000000000000000e+00
9.991846743071201020e-01 2.975676322512423196e-05 4.565814448608807121e-28 4.033133541177555273e-29 7.855689296548016513e-04 0.000000000000000000e+00
9.991846743071201020e-01 2.975676322512423196e-05 4.565814448608807121e-28 4.033133541177555273e-29 7.855689296548016513e-04 0.000000000000000000e+00
9.991846743071201020e-01 2.975676322512423196e-05 4.565814448608807121e-28 4.033133541177555273e-29 7.855689296548016513e-04 0.000000000000000000e+00
9.991846743071201020e-01 2.975676322512423196e-05 4.565814448608807121e-28 4.033133541177555273e-29 7.855689296548016513e-04 0.000000000000000000e+00
9.991846743071201020e-01 2.975676322512423196e-05 4.565814448608807121e-28 4.033133541177555273e-29 7.855689296548016513e-04 0.000000000000000000e+00
9.991846743071201020e-01 2.975676322512423196e-05 4.565814448608807121e-28 4.033133541177555273e-29 7.855689296548016513e-04 0.000000000000000000e+00
9.991846743071201020e-01 2.975676322512423196e-05 4.565814448608807121e-28 4.033133541177555273e-29 7.855689296548016513e-04 0.000000000000000000e+00
9.991846743071201020e-01 2.975676322512423196e-05 4.565814448608807121e-28 4.033133541177555273e-29 7.855689296548016513e-04 0.000000000000000000e+00
9.991846743071201020e-01 2.975676322512423196e-05 4.565814448608807121e-28 4.033133541177555273e-29 7.855689296548016513e-04 0.000000000000000000e+00
9.991846743071201020e-01 2.975676322512423196e-05 4.565814448608807121e-28 4.033133541177555273e-29 7.855689296548016513e-04 0.000000000000000000e+00
9.991846743071201020e-01 2.975676322512423196e-05 4.565814448608807121e-28 4.033133541177555273e-29 7.855689296548016513e-04 0.000000000000000000e+00
9.991846743071201020e-01 2.975676322512423196e-05 4.565814448608807121e-28 4.033133541177555273e-29 7.855689296548016513e-04 0.000000000000000000e+00
9.991846743071201020e-01 2.975676322512423196e-05 4.565814448608807121e-28 4.033133541177555273e-29 7.855689296548016513e-04 0.000000000000000000e+00
9.991846743071201020e-01 2.975676322512423196e-05 4.565814448608807121e-28 4.033133541177555273e-29 7.855689296548016513e-04 0.000000000000000000e+00
9.991846743071201020e-01 2.975676322512423196e-05 4.565814448608807121e-28 4.033133541177555273e-29 7.855689296548016513e-04 0.000000000000000000e+00
9.991846743071201020e-01 2.975676322512423196e-05 4.565814448608807121e-28 4.033133541177555273e-29 7.855689296548016513e-04 0.000000000000000000e+00
9.991846743071201020e-01 2.975676322512423196e-05 4.565814448608807121e-28 4.033133541177555273e-29 7.855689296548016513e-04 0.000000000000000000e+00
9.991846743071201020e-01 2.975676322512423196e-05 4.565814448608807121e-28 4.033133541177555273e-29 7.855689296548016513e-04 0.000000000000000000e+00
9.991846743071201020e-01 2.975676322512423196e-05 4.565814448608807121e-28 4.033133541177555273e-29 7.855689296548016513e-04 0.000000000000000000e+00
9.991846743071201020e-01 2.975676322512423196e-05 4.565814448608807121e-28 4.033133541177555273e-29 7.855689296548016513e-04 0.000000000000000000e+00
9.991846743071201020e-01 2.975676322512423196e-05 4.565814448608807121e-28 4.033133541177555273e-29 7.855689296548016513e-04 0.000000000000000000e+00
9.991846743071201020e-01 2.975676322512423196e-05 4.565814448608807121e-28 4.033133541177555273e-29 7.855689296548016513e-04 0.000000000000000000e+00
9.991846743071201020e-01 2.975676322512423196e-05 4.565814448608807121e-28 4.033133541177555273e-29 7.855689296548016513e-04 0.000000000000000000e+00
9.991846743071201020e-01 2.975676322512423196e-05 4.565814448608807121e-28 4.033133541177555273e-29 7.855689296548016513e-04 0.000000000000000000e+00
9.991846743071201020e-01 2.975676322512423196e-05 4.565814448608807121e-28 4.033133541177555273e-29 7.855689296548016513e-04 0.000000000000000000e+00
9.991846743071201020e-01 2.975676322512423196e-05 4.565814448608807121e-28 4.033133541177555273e-29 7.855689296548016513e-04 0.000000000000000000e+00
9.991846743071201020e-01 2.975676322512423196e-05 4.565814448608807121e-28 4.033133541177555273e-29 7.855689296548016513e-04 0.000000000000000000e+00
9.991846743071201020e-01 2.975676322512423196e-05 4.565814448608807121e-28 4.033133541177555273e-29 7.855689296548016513e-04 0.000000000000000000e+00
9.991846743071201020e-01 2.975676322512423196e-05 4.565814448608807121e-28 4.033133541177555273e-29 7.855689296548016513e-04 0.000000000000000000e+00
9.991846743071201020e-01 2.975676322512423196e-05 4.565814448608807121e-28 4.033133541177555273e-29 7.855689296548016513e-04 0.000000000000000000e+00
9.991846743071201020e-01 2.975676322512423196e-05 4.565814448608807121e-28 4.033133541177555273e-29 7.855689296548016513e-04 0.000000000000000000e+00
9.991846743071201020e-01 2.975676322512423196e-05 4.565814448608807121e-28 4.033133541177555273e-29 7.855689296548016513e-04 0.000000000000000000e+00
9.991846743071201020e-01 2.975676322512423196e-05 4.565814448608807121e-28 4.033133541177555273e-29 7.855689296548016513e-04 0.000000000000000000e+00
9.991846743071201020e-01 2.975676322512423196e-05 4.565814448608807121e-28 4.033133541177555273e-29 7.855689296548016513e-04 0.000000000000000000e+00
9.991846743071201020e-01 2.975676322512423196e-05 4.565814448608807121e-28 4.033133541177555273e-29 7.855689296548016513e-04 0.000000000000000000e+00
9.991846743071201020e-01 2.975676322512423196e-05 4.565814448608807121e-28 4.033133541177555273e-29 7.855689296548016513e-04 0.000000000000000000e+00
9.991846743071201020e-01 2.975676322512423196e-05 4.565814448608807121e-28 4.033133541177555273e-29 7.855689296548016513e-04 0.000000000000000000e+00
9.991846743071201020e-01 2.975676322512423196e-05 4.565814448608807121e-28 4.033133541177555273e-29 7.855689296548016513e-04 0.000000000000000000e+00
9.991846743071201020e-01 2.975676322512423196e-05 4.565814448608807121e-28 4.033133541177555273e-29 7.855689296548016513e-04 0.000000000000000000e+00
9.991846743071201020e-01 2.975676322512423196e-05 4.565814448608807121e-28 4.033133541177555273e-29 7.855689296548016513e-04 0.000000000000000000e+00
9.991846743071201020e-01 2.975676322512423196e-05 4.565814448608807121e-28 4.033133541177555273e-29 7.855689296548016513e-04 0.000000000000000000e+00
9.991846743071201020e-01 2.975676322512423196e-05 4.565814448608807121e-28 4.033133541177555273e-29 7.855689296548016513e-04 0.000000000000000000e+00
9.991846743071201020e-01 2.975676322512423196e-05 4.565814448608807121e-28 4.033133541177555273e-29 7.855689296548016513e-04 0.000000000000000000e+00
9.991846743071201020e-01 2.975676322512423196e-05 4.565814448608807121e-28 4.033133541177555273e-29 7.855689296548016513e-04 0.000000000000000000e+00
9.991846743071201020e-01 2.975676322512423196e-05 4.565814448608807121e-28 4.033133541177555273e-29 7.855689296548016513e-04 0.000000000000000000e+00
9.991846743071201020e-01 2.975676322512423196e-05 4.565814448608807121e-28 4.033133541177555273e-29 7.855689296548016513e-04 0.000000000000000000e+00
9.991846743071201020e-01 2.975676322512423196e-05 4.565814448608807121e-28 4.033133541177555273e-29 7.855689296548016513e-04 0.000000000000000000e+00
9.991846743071201020e-01 2.975676322512423196e-05 4.565814448608807121e-28 4.033133541177555273e-29 7.855689296548016513e-04 0.000000000000000000e+00
9.991846743071201020e-01 2.975676322512423196e-05 4.565814448608807121e-28 4.033133541177555273e-29 7.855689296548016513e-04 0.000000000000000000e+00
9.991846743071201020e-01 2.975676322512423196e-05 4.565814448608807121e-28 4.033133541177555273e-29 7.855689296548016513e-04 0.000000000000000000e+00
9.991846743071201020e-01 2.975676322512423196e-05 4.565814448608807121e-28 4.033133541177555273e-29 7.855689296548016513e-04 0.000000000000000000e+00
9.991846743071201020e-01 2.975676322512423196e-05 4.565814448608807121e-28 4.033133541177555273e-29 7.855689296548016513e-04 0.000000000000000000e+00
9.991846743071201020e-01 2.975676322512423196e-05 4.565814448608807121e-28 4.033133541177555273e-29 7.855689296548016513e-04 0.000000000000000000e+00
9.991846743071201020e-01 2.975676322512423196e-05 4.565814448608807121e-28 4.033133541177555273e-29 7.855689296548016513e-04 0.000000000000000000e+00
9.991846743071201020e-01 2.975676322512423196e-05 4.565814448608807121e-28 4.033133541177555273e-29 7.855689296548016513e-04 0.000000000000000000e+00
9.991846743071201020e-01 2.975676322512423196e-05 4.565814448608807121e-28 4.033133541177555273e-29 7.855689296548016513e-04 0.000000000000000000e+00
9.991846743071201020e-01 2.975676322512423196e-05 4.565814448608807121e-28 4.033133541177555273e-29 7.855689296548016513e-04 0.000000000000000000e+00
9.991846743071201020e-01 2.975676322512423196e-05 4.565814448608807121e-28 4.033133541177555273e-29 7.855689296548016513e-04 0.000000000000000000e+00
9.991846743071201020e-01 2.975676322512423196e-05 4.565814448608807121e-28 4.033133541177555273e-29 7.855689296548016513e-04 0.000000000000000000e+00
9.991846743071201020e-01 2.975676322512423196e-05 4.565814448608807121e-28 4.033133541177555273e-29 7.855689296548016513e-04 0.000000000000000000e+00
9.991846743071201020e-01 2.975676322512423196e-05 4.565814448608807121e-28 4.033133541177555273e-29 7.855689296548016513e-04 0.000000000000000000e+00
9.991846743071201020e-01 2.975676322512423196e-05 4.565814448608807121e-28 4.033133541177555273e-29 7.855689296548016513e-04 0.000000000000000000e+00
9.991846743071201020e-01 2.975676322512423196e-05 4.565814448608807121e-28 4.033133541177555273e-29 7.855689296548016513e-04 0.000000000000000000e+00
9.991846743071201020e-01 2.975676322512423196e-05 4.565814448608807121e-28 4.033133541177555273e-29 7.855689296548016513e-04 0.000000000000000000e+00
9.991846743071201020e-01 2.975676322512423196e-05 4.565814448608807121e-28 4.033133541177555273e-29 7.855689296548016513e-04 0.000000000000000000e+00
9.991846743071201020e-01 2.975676322512423196e-05 4.565814448608807121e-28 4.033133541177555273e-29 7.855689296548016513e-04 0.000000000000000000e+00
9.991846743071201020e-01 2.975676322512423196e-05 4.565814448608807121e-28 4.033133541177555273e-29 7.855689296548016513e-04 0.000000000000000000e+00
9.991846743071201020e-01 2.975676322512423196e-05 4.565814448608807121e-28 4.033133541177555273e-29 7.855689296548016513e-04 0.000000000000000000e+00
9.991846743071201020e-01 2.975676322512423196e-05 4.565814448608807121e-28 4.033133541177555273e-29 7.855689296548016513e-04 0.000000000000000000e+00
9.991846743071201020e-01 2.975676322512423196e-05 4.565814448608807121e-28 4.033133541177555273e-29 7.855689296548016513e-04 0.000000000000000000e+00
9.991846743071201020e-01 2.975676322512423196e-05 4.565814448608807121e-28 4.033133541177555273e-29 7.855689296548016513e-04 0.000000000000000000e+00
9.991846743071201020e-01 2.975676322512423196e-05 4.565814448608807121e-28 4.033133541177555273e-29 7.855689296548016513e-04 0.000000000000000000e+00
9.991846743071201020e-01 2.975676322512423196e-05 4.565814448608807121e-28 4.033133541177555273e-29 7.855689296548016513e-04 0.000000000000000000e+00
9.991846743071201020e-01 2.975676322512423196e-05 4.565814448608807121e-28 4.033133541177555273e-29 7.855689296548016513e-04 0.000000000000000000e+00
9.991846743071201020e-01 2.975676322512423196e-05 4.565814448608807121e-28 4.033133541177555273e-29 7.855689296548016513e-04 0.000000000000000000e+00
9.991846743071201020e-01 2.975676322512423196e-05 4.565814448608807121e-28 4.033133541177555273e-29 7.855689296548016513e-04 0.000000000000000000e+00
9.991846743071201020e-01 2.975676322512423196e-05 4.565814448608807121e-28 4.033133541177555273e-29 7.855689296548016513e-04 0.000000000000000000e+00
9.991846743071201020e-01 2.975676322512423196e-05 4.565814448608807121e-28 4.033133541177555273e-29 7.855689296548016513e-04 0.000000000000000000e+00
9.991846743071201020e-01 2.975676322512423196e-05 4.565814448608807121e-28 4.033133541177555273e-29 7.855689296548016513e-04 0.000000000000000000e+00
9.991846743071201020e-01 2.975676322512423196e-05 4.565814448608807121e-28 4.033133541177555273e-29 7.855689296548016513e-04 0.000000000000000000e+00
9.991846743071201020e-01 2.975676322512423196e-05 4.565814448608807121e-28 4.033133541177555273e-29 7.855689296548016513e-04 0.000000000000000000e+00
9.991846743071201020e-01 2.975676322512423196e-05 4.565814448608807121e-28 4.033133541177555273e-29 7.855689296548016513e-04 0.000000000000000000e+00
9.991846743071201020e-01 2.975676322512423196e-05 4.565814448608807121e-28 4.033133541177555273e-29 7.855689296548016513e-04 0.000000000000000000e+00
9.991846743071201020e-01 2.975676322512423196e-05 4.565814448608807121e-28 4.033133541177555273e-29 7.855689296548016513e-04 0.000000000000000000e+00
9.991846743071201020e-01 2.975676322512423196e-05 4.565814448608807121e-28 4.033133541177555273e-29 7.855689296548016513e-04 0.000000000000000000e+00
