9.990925402648402898e-01 1.927417230346226151e-05 4.524148745888732368e-13 2.698731261943757985e-17 8.881855624038195816e-04 0.000000000000000000e+00
9.990925402648699327e-01 1.927417240300102660e-05 3.309884753911507243e-13 2.109423399038837869e-17 8.881855623958490693e-04 0.000000000000000000e+00
9.990925402648697107e-01 1.927417249550352626e-05 2.399684988874958235e-13 1.636894749436634669e-17 8.881855623946937435e-04 0.000000000000000000e+00
9.990925402647976572e-01 1.927417257125195479e-05 1.729778739803200561e-13 1.264319031757637778e-17 8.881855624581164264e-04 0.000000000000000000e+00
9.990925402643652253e-01 1.927417262087462445e-05 1.239613095570909149e-13 9.719471634810326562e-18 8.881855628899517664e-04 0.000000000000000000e+00
9.990925402647252707e-01 1.927417264700038332e-05 8.830915834247692357e-14 7.436184287457783715e-18 8.881855625392247235e-04 0.000000000000000000e+00
9.990925402644116327e-01 1.927417268301955815e-05 6.253751133169738508e-14 5.662037577853536869e-18 8.881855628428715881e-04 0.000000000000000000e+00
9.990925402655231879e-01 1.927417268577844611e-05 4.402226934082017223e-14 4.290384423056963026e-18 8.881855617469316261e-04 0.000000000000000000e+00
9.990925402648643816e-01 1.927417272329127885e-05 3.080162204696496356e-14 3.235177318644187155e-18 8.881855623815100619e-04 0.000000000000000000e+00
9.990925402648642706e-01 1.927417272329127885e-05 2.141900552730302592e-14 2.427404428097368050e-18 8.881855623908911212e-04 0.000000000000000000e+00
9.990925402648642706e-01 1.927417272329127885e-05 1.480199310469605266e-14 1.812193304830164037e-18 8.881855623975101754e-04 0.000000000000000000e+00
9.990925402648642706e-01 1.927417272329127885e-05 1.016475285705315372e-14 1.346025428491201728e-18 8.881855624021493681e-04 0.000000000000000000e+00
9.990925402648642706e-01 1.927417272329127885e-05 6.935677593918468112e-15 9.946166284392689374e-19 8.881855624053789896e-04 0.000000000000000000e+00
9.990925402648642706e-01 1.927417272329127885e-05 4.701757108355347119e-15 7.311096045207664789e-19 8.881855624076132050e-04 0.000000000000000000e+00
9.990925402646247955e-01 1.927417274914454043e-05 3.166428062776283164e-15 5.345647032201937572e-19 8.881855626228624644e-04 0.000000000000000000e+00
9.990925402646357867e-01 1.927417274764347269e-05 2.118261401628981573e-15 3.887572797911792885e-19 8.881855626144377798e-04 0.000000000000000000e+00
9.990925402646357867e-01 1.927417274764347269e-05 1.407560823919618691e-15 2.811894523823656660e-19 8.881855626151489080e-04 0.000000000000000000e+00
9.990925402646357867e-01 1.927417274764347269e-05 9.290145156200928498e-16 2.022806075104503621e-19 8.881855626156275833e-04 0.000000000000000000e+00
9.990925402646357867e-01 1.927417274764347269e-05 6.089812390955647213e-16 1.447139649497155828e-19 8.881855626159481818e-04 0.000000000000000000e+00
9.990925402646357867e-01 1.927417274764347269e-05 3.964373189962635193e-16 1.029526758781886012e-19 8.881855626161598181e-04 0.000000000000000000e+00
9.990925402646357867e-01 1.927417274764347269e-05 2.562687851732802426e-16 7.282901670375603305e-20 8.881855626163005476e-04 0.000000000000000000e+00
9.990925402646357867e-01 1.927417274764347269e-05 1.644834780890789745e-16 5.122408354902173404e-20 8.881855626163922711e-04 0.000000000000000000e+00
9.990925402646358977e-01 1.927417274764347269e-05 1.048121776279011479e-16 3.581891071137435714e-20 8.881855626164522274e-04 0.000000000000000000e+00
9.990925402646357867e-01 1.927417274764347269e-05 6.630181814615629356e-17 2.489932369258944295e-20 8.881855626164903914e-04 0.000000000000000000e+00
9.990925402646356757e-01 1.927417274764347269e-05 4.163098948709344165e-17 1.720528478436029244e-20 8.881855626165157617e-04 0.000000000000000000e+00
9.990925402646357867e-01 1.927417274764347269e-05 2.594433671347484191e-17 1.181681214459411426e-20 8.881855626165312658e-04 0.000000000000000000e+00
9.990925402646357867e-01 1.927417274764347269e-05 1.604588544648249793e-17 8.066237749210819139e-21 8.881855626165402647e-04 0.000000000000000000e+00
9.990925402646357867e-01 1.927417274764347269e-05 9.847693304068183835e-18 5.471884318821441271e-21 8.881855626165466614e-04 0.000000000000000000e+00
9.990925402646357867e-01 1.927417274764347269e-05 5.996781258718670838e-18 3.688657416450879252e-21 8.881855626165512151e-04 0.000000000000000000e+00
9.990925402646356757e-01 1.927417274764347269e-05 3.623219062313006592e-18 2.470865191286226778e-21 8.881855626165530582e-04 0.000000000000000000e+00
9.990925402646357867e-01 1.927417274764347269e-05 2.171796061258521260e-18 1.644533820306011198e-21 8.881855626165547930e-04 0.000000000000000000e+00
9.990925402646357867e-01 1.927417274764347269e-05 1.291315319412029059e-18 1.087430471225001970e-21 8.881855626165557687e-04 0.000000000000000000e+00
9.990925402646357867e-01 1.927417274764347269e-05 7.615509509337890424e-19 7.143256771404003476e-22 8.881855626165557687e-04 0.000000000000000000e+00
9.990925402646356757e-01 1.927417274764347269e-05 4.454206111912033422e-19 4.661090094359720922e-22 8.881855626165566361e-04 0.000000000000000000e+00
9.990925402646356757e-01 1.927417274764347269e-05 2.583439204097975774e-19 3.020898296487140813e-22 8.881855626165566361e-04 0.000000000000000000e+00
9.990925402646357867e-01 1.927417274764347269e-05 1.485714970262300455e-19 1.944480696160347185e-22 8.881855626165566361e-04 0.000000000000000000e+00
9.990925402646358977e-01 1.927417274764347269e-05 8.470794718441848322e-20 1.242919633152810460e-22 8.881855626165566361e-04 0.000000000000000000e+00
9.990925402646357867e-01 1.927417274764347269e-05 4.787618147964593329e-20 7.888927288288674426e-23 8.881855626165566361e-04 0.000000000000000000e+00
9.990925402646357867e-01 1.927417274764347269e-05 2.682142586769392342e-20 4.971598283113174064e-23 8.881855626165566361e-04 0.000000000000000000e+00
9.990925402646357867e-01 1.927417274764347269e-05 1.489140937541824524e-20 3.110398743565063728e-23 8.881855626165566361e-04 0.000000000000000000e+00
9.990925402646357867e-01 1.927417274764347269e-05 8.193269299516893545e-21 1.931782956714106285e-23 8.881855626165566361e-04 0.000000000000000000e+00
9.990925402646357867e-01 1.927417274764347269e-05 4.466502803798850214e-21 1.190855558454059038e-23 8.881855626165566361e-04 0.000000000000000000e+00
9.990925402646356757e-01 1.927417274764347269e-05 2.412292278219530729e-21 7.285983540887099665e-24 8.881855626165566361e-04 0.000000000000000000e+00
9.990925402646357867e-01 1.927417274764347269e-05 1.290601519532054869e-21 4.423880089499312074e-24 8.881855626165566361e-04 0.000000000000000000e+00
9.990925402646356757e-01 1.927417274764347269e-05 6.839065292023001740e-22 2.665371484150333934e-24 8.881855626165566361e-04 0.000000000000000000e+00
9.990925402646357867e-01 1.927417274764347269e-05 3.589109289799035679e-22 1.593327529409861539e-24 8.881855626165566361e-04 0.000000000000000000e+00
9.990925402646357867e-01 1.927417274764347269e-05 1.865115922914950132e-22 9.449299852840308327e-25 8.881855626165566361e-04 0.000000000000000000e+00
9.990925402646356757e-01 1.927417274764347269e-05 9.596196400796639669e-23 5.558999992910365691e-25 8.881855626165566361e-04 0.000000000000000000e+00
9.990925402646357867e-01 1.927417274764347269e-05 4.887793713220049634e-23 3.243788238711433073e-25 8.881855626165566361e-04 0.000000000000000000e+00
9.990925402646357867e-01 1.927417274764347269e-05 2.464237312918276451e-23 1.877217758031465697e-25 8.881855626165566361e-04 0.000000000000000000e+00
9.990925402646357867e-01 1.927417274764347269e-05 1.438820073361655927e-23 1.221411034963284373e-25 8.881855626165566361e-04 0.000000000000000000e+00
9.990925402646357867e-01 1.927417274764347269e-05 1.438820073361655927e-23 1.221411034963284373e-25 8.881855626165566361e-04 0.000000000000000000e+00
9.990925402646357867e-01 1.927417274764347269e-05 1.438820073361655927e-23 1.221411034963284373e-25 8.881855626165566361e-04 0.000000000000000000e+00
9.990925402646357867e-01 1.927417274764347269e-05 1.438820073361655927e-23 1.221411034963284373e-25 8.881855626165566361e-04 0.000000000000000000e+00
9.990925402646357867e-01 1.927417274764347269e-05 1.438820073361655927e-23 1.221411034963284373e-25 8.881855626165566361e-04 0.000000000000000000e+00
9.990925402646357867e-01 1.927417274764347269e-05 1.438820073361655927e-23 1.221411034963284373e-25 8.881855626165566361e-04 0.000000000000000000e+00
9.990925402646357867e-01 1.927417274764347269e-05 1.438820073361655927e-23 1.221411034963284373e-25 8.881855626165566361e-04 0.000000000000000000e+00
9.990925402646357867e-01 1.927417274764347269e-05 1.438820073361655927e-23 1.221411034963284373e-25 8.881855626165566361e-04 0.000000000000000000e+00
9.990925402646357867e-01 1.927417274764347269e-05 1.438820073361655927e-23 1.221411034963284373e-25 8.881855626165566361e-04 0.000000000000000000e+00
9.990925402646357867e-01 1.927417274764347269e-05 1.438820073361655927e-23 1.221411034963284373e-25 8.881855626165566361e-04 0.000000000000000000e+00
9.990925402646357867e-01 1.927417274764347269e-05 1.438820073361655927e-23 1.221411034963284373e-25 8.881855626165566361e-04 0.000000000000000000e+00
9.990925402646357867e-01 1.927417274764347269e-05 1.438820073361655927e-23 1.221411034963284373e-25 8.881855626165566361e-04 0.000000000000000000e+00
9.990925402646357867e-01 1.927417274764347269e-05 1.438820073361655927e-23 1.221411034963284373e-25 8.881855626165566361e-04 0.000000000000000000e+00
9.990925402646357867e-01 1.927417274764347269e-05 1.438820073361655927e-23 1.221411034963284373e-25 8.881855626165566361e-04 0.000000000000000000e+00
9.990925402646357867e-01 1.927417274764347269e-05 1.438820073361655927e-23 1.221411034963284373e-25 8.881855626165566361e-04 0.000000000000000000e+00
9.990925402646357867e-01 1.927417274764347269e-05 1.438820073361655927e-23 1.221411034963284373e-25 8.881855626165566361e-04 0.000000000000000000e+00
9.990925402646357867e-01 1.927417274764347269e-05 1.438820073361655927e-23 1.221411034963284373e-25 8.881855626165566361e-04 0.000000000000000000e+00
9.990925402646357867e-01 1.927417274764347269e-05 1.438820073361655927e-23 1.221411034963284373e-25 8.881855626165566361e-04 0.000000000000000000e+00
9.990925402646357867e-01 1.927417274764347269e-05 1.438820073361655927e-23 1.221411034963284373e-25 8.881855626165566361e-04 0.000000000000000000e+00
9.990925402646357867e-01 1.927417274764347269e-05 1.438820073361655927e-23 1.221411034963284373e-25 8.881855626165566361e-04 0.000000000000000000e+00
9.990925402646357867e-01 1.927417274764347269e-05 1.438820073361655927e-23 1.221411034963284373e-25 8.881855626165566361e-04 0.000000000000000000e+00
9.990925402646357867e-01 1.927417274764347269e-05 1.438820073361655927e-23 1.221411034963284373e-25 8.881855626165566361e-04 0.000000000000000000e+00
9.990925402646357867e-01 1.927417274764347269e-05 1.438820073361655927e-23 1.221411034963284373e-25 8.881855626165566361e-04 0.000000000000000000e+00
9.990925402646357867e-01 1.927417274764347269e-05 1.438820073361655927e-23 1.221411034963284373e-25 8.881855626165566361e-04 0.000000000000000000e+00
9.990925402646357867e-01 1.927417274764347269e-05 1.438820073361655927e-23 1.221411034963284373e-25 8.881855626165566361e-04 0.000000000000000000e+00
9.990925402646357867e-01 1.927417274764347269e-05 1.438820073361655927e-23 1.221411034963284373e-25 8.881855626165566361e-04 0.000000000000000000e+00
9.990925402646357867e-01 1.927417274764347269e-05 1.438820073361655927e-23 1.221411034963284373e-25 8.881855626165566361e-04 0.000000000000000000e+00
9.990925402646357867e-01 1.927417274764347269e-05 1.438820073361655927e-23 1.221411034963284373e-25 8.881855626165566361e-04 0.000000000000000000e+00
9.990925402646357867e-01 1.927417274764347269e-05 1.438820073361655927e-23 1.221411034963284373e-25 8.881855626165566361e-04 0.000000000000000000e+00
9.990925402646357867e-01 1.927417274764347269e-05 1.438820073361655927e-23 1.221411034963284373e-25 8.881855626165566361e-04 0.000000000000000000e+00
9.990925402646357867e-01 1.927417274764347269e-05 1.438820073361655927e-23 1.221411034963284373e-25 8.881855626165566361e-04 0.000000000000000000e+00
9.990925402646357867e-01 1.927417274764347269e-05 1.438820073361655927e-23 1.221411034963284373e-25 8.881855626165566361e-04 0.000000000000000000e+00
9.990925402646357867e-01 1.927417274764347269e-05 1.438820073361655927e-23 1.221411034963284373e-25 8.881855626165566361e-04 0.000000000000000000e+00
9.990925402646357867e-01 1.927417274764347269e-05 1.438820073361655927e-23 1.221411034963284373e-25 8.881855626165566361e-04 0.000000000000000000e+00
9.990925402646357867e-01 1.927417274764347269e-05 1.438820073361655927e-23 1.221411034963284373e-25 8.881855626165566361e-04 0.000000000000000000e+00
9.990925402646357867e-01 1.927417274764347269e-05 1.438820073361655927e-23 1.221411034963284373e-25 8.881855626165566361e-04 0.000000000000000000e+00
9.990925402646357867e-01 1.927417274764347269e-05 1.438820073361655927e-23 1.221411034963284373e-25 8.881855626165566361e-04 0.000000000000000000e+00
9.990925402646357867e-01 1.927417274764347269e-05 1.438820073361655927e-23 1.221411034963284373e-25 8.881855626165566361e-04 0.000000000000000000e+00
9.990925402646357867e-01 1.927417274764347269e-05 1.438820073361655927e-23 1.221411034963284373e-25 8.881855626165566361e-04 0.000000000000000000e+00
9.990925402646357867e-01 1.927417274764347269e-05 1.438820073361655927e-23 1.221411034963284373e-25 8.881855626165566361e-04 0.000000000000000000e+00
9.990925402646357867e-01 1.927417274764347269e-05 1.438820073361655927e-23 1.221411034963284373e-25 8.881855626165566361e-04 0.000000000000000000e+00
9.990925402646357867e-01 1.927417274764347269e-05 1.438820073361655927e-23 1.221411034963284373e-25 8.881855626165566361e-04 0.000000000000000000e+00
9.990925402646357867e-01 1.927417274764347269e-05 1.438820073361655927e-23 1.221411034963284373e-25 8.881855626165566361e-04 0.000000000000000000e+00
9.990925402646357867e-01 1.927417274764347269e-05 1.438820073361655927e-23 1.221411034963284373e-25 8.881855626165566361e-04 0.000000000000000000e+00
9.990925402646357867e-01 1.927417274764347269e-05 1.438820073361655927e-23 1.221411034963284373e-25 8.881855626165566361e-04 0.000000000000000000e+00
9.990925402646357867e-01 1.927417274764347269e-05 1.438820073361655927e-23 1.221411034963284373e-25 8.881855626165566361e-04 0.000000000000000000e+00
9.990925402646357867e-01 1.927417274764347269e-05 1.438820073361655927e-23 1.221411034963284373e-25 8.881855626165566361e-04 0.000000000000000000e+00
9.990925402646357867e-01 1.927417274764347269e-05 1.438820073361655927e-23 1.221411034963284373e-25 8.881855626165566361e-04 0.000000000000000000e+00
9.990925402646357867e-01 1.927417274764347269e-05 1.438820073361655927e-23 1.221411034963284373e-25 8.881855626165566361e-04 0.000000000000000000e+00
9.990925402646357867e-01 1.927417274764347269e-05 1.438820073361655927e-23 1.221411034963284373e-25 8.881855626165566361e-04 0.000000000000000000e+00
9.990925402646357867e-01 1.927417274764347269e-05 1.438820073361655927e-23 1.221411034963284373e-25 8.881855626165566361e-04 0.000000000000000000e+00
9.990925402646357867e-01 1.927417274764347269e-05 1.438820073361655927e-23 1.221411034963284373e-25 8.881855626165566361e-04 0.000000000000000000e+00
9.990925402646357867e-01 1.927417274764347269e-05 1.438820073361655927e-23 1.221411034963284373e-25 8.881855626165566361e-04 0.000000000000000000e+00
9.990925402646357867e-01 1.927417274764347269e-05 1.438820073361655927e-23 1.221411034963284373e-25 8.881855626165566361e-04 0.000000000000000000e+00
9.990925402646357867e-01 1.927417274764347269e-05 1.438820073361655927e-23 1.221411034963284373e-25 8.881855626165566361e-04 0.000000000000000000e+00
9.990925402646357867e-01 1.927417274764347269e-05 1.438820073361655927e-23 1.221411034963284373e-25 8.881855626165566361e-04 0.000000000000000000e+00
9.990925402646357867e-01 1.927417274764347269e-05 1.438820073361655927e-23 1.221411034963284373e-25 8.881855626165566361e-04 0.000000000000000000e+00
9.990925402646357867e-01 1.927417274764347269e-05 1.438820073361655927e-23 1.221411034963284373e-25 8.881855626165566361e-04 0.000000000000000000e+00
9.990925402646357867e-01 1.927417274764347269e-05 1.438820073361655927e-23 1.221411034963284373e-25 8.881855626165566361e-04 0.000000000000000000e+00
9.990925402646357867e-01 1.927417274764347269e-05 1.438820073361655927e-23 1.221411034963284373e-25 8.881855626165566361e-04 0.000000000000000000e+00
9.990925402646357867e-01 1.927417274764347269e-05 1.438820073361655927e-23 1.221411034963284373e-25 8.881855626165566361e-04 0.000000000000000000e+00
9.990925402646357867e-01 1.927417274764347269e-05 1.438820073361655927e-23 1.221411034963284373e-25 8.881855626165566361e-04 0.000000000000000000e+00
9.990925402646357867e-01 1.927417274764347269e-05 1.438820073361655927e-23 1.221411034963284373e-25 8.881855626165566361e-04 0.000000000000000000e+00
9.990925402646357867e-01 1.927417274764347269e-05 1.438820073361655927e-23 1.221411034963284373e-25 8.881855626165566361e-04 0.000000000000000000e+00
9.990925402646357867e-01 1.927417274764347269e-05 1.438820073361655927e-23 1.221411034963284373e-25 8.881855626165566361e-04 0.000000000000000000e+00
9.990925402646357867e-01 1.927417274764347269e-05 1.438820073361655927e-23 1.221411034963284373e-25 8.881855626165566361e-04 0.000000000000000000e+00
9.990925402646357867e-01 1.927417274764347269e-05 1.438820073361655927e-23 1.221411034963284373e-25 8.881855626165566361e-04 0.000000000000000000e+00
9.990925402646357867e-01 1.927417274764347269e-05 1.438820073361655927e-23 1.221411034963284373e-25 8.881855626165566361e-04 0.000000000000000000e+00
9.990925402646357867e-01 1.927417274764347269e-05 1.438820073361655927e-23 1.221411034963284373e-25 8.881855626165566361e-04 0.000000000000000000e+00
9.990925402646357867e-01 1.927417274764347269e-05 1.438820073361655927e-23 1.221411034963284373e-25 8.881855626165566361e-04 0.000000000000000000e+00
9.990925402646357867e-01 1.927417274764347269e-05 1.438820073361655927e-23 1.221411034963284373e-25 8.881855626165566361e-04 0.000000000000000000e+00
9.990925402646357867e-01 1.927417274764347269e-05 1.438820073361655927e-23 1.221411034963284373e-25 8.881855626165566361e-04 0.000000000000000000e+00
9.990925402646357867e-01 1.927417274764347269e-05 1.438820073361655927e-23 1.221411034963284373e-25 8.881855626165566361e-04 0.000000000000000000e+00
9.990925402646357867e-01 1.927417274764347269e-05 1.438820073361655927e-23 1.221411034963284373e-25 8.881855626165566361e-04 0.000000000000000000e+00
9.990925402646357867e-01 1.927417274764347269e-05 1.438820073361655927e-23 1.221411034963284373e-25 8.881855626165566361e-04 0.000000000000000000e+00
9.990925402646357867e-01 1.927417274764347269e-05 1.438820073361655927e-23 1.221411034963284373e-25 8.881855626165566361e-04 0.000000000000000000e+00
9.990925402646357867e-01 1.927417274764347269e-05 1.438820073361655927e-23 1.221411034963284373e-25 8.881855626165566361e-04 0.000000000000000000e+00
9.990925402646357867e-01 1.927417274764347269e-05 1.438820073361655927e-23 1.221411034963284373e-25 8.881855626165566361e-04 0.000000000000000000e+00
9.990925402646357867e-01 1.927417274764347269e-05 1.438820073361655927e-23 1.221411034963284373e-25 8.881855626165566361e-04 0.000000000000000000e+00
9.990925402646357867e-01 1.927417274764347269e-05 1.438820073361655927e-23 1.221411034963284373e-25 8.881855626165566361e-04 0.000000000000000000e+00
9.990925402646357867e-01 1.927417274764347269e-05 1.438820073361655927e-23 1.221411034963284373e-25 8.881855626165566361e-04 0.000000000000000000e+00
9.990925402646357867e-01 1.927417274764347269e-05 1.438820073361655927e-23 1.221411034963284373e-25 8.881855626165566361e-04 0.000000000000000000e+00
9.990925402646357867e-01 1.927417274764347269e-05 1.438820073361655927e-23 1.221411034963284373e-25 8.881855626165566361e-04 0.000000000000000000e+00
9.990925402646357867e-01 1.927417274764347269e-05 1.438820073361655927e-23 1.221411034963284373e-25 8.881855626165566361e-04 0.000000000000000000e+00
9.990925402646357867e-01 1.927417274764347269e-05 1.438820073361655927e-23 1.221411034963284373e-25 8.881855626165566361e-04 0.000000000000000000e+00
9.990925402646357867e-01 1.927417274764347269e-05 1.438820073361655927e-23 1.221411034963284373e-25 8.881855626165566361e-04 0.000000000000000000e+00
9.990925402646357867e-01 1.927417274764347269e-05 1.438820073361655927e-23 1.221411034963284373e-25 8.881855626165566361e-04 0.000000000000000000e+00
9.990925402646357867e-01 1.927417274764347269e-05 1.438820073361655927e-23 1.221411034963284373e-25 8.881855626165566361e-04 0.000000000000000000e+00
9.990925402646357867e-01 1.927417274764347269e-05 1.438820073361655927e-23 1.221411034963284373e-25 8.881855626165566361e-04 0.000000000000000000e+00
9.990925402646357867e-01 1.927417274764347269e-05 1.438820073361655927e-23 1.221411034963284373e-25 8.881855626165566361e-04 0.000000000000000000e+00
9.990925402646357867e-01 1.927417274764347269e-05 1.438820073361655927e-23 1.221411034963284373e-25 8.881855626165566361e-04 0.000000000000000000e+00
9.990925402646357867e-01 1.927417274764347269e-05 1.438820073361655927e-23 1.221411034963284373e-25 8.881855626165566361e-04 0.000000000000000000e+00
9.990925402646357867e-01 1.927417274764347269e-05 1.438820073361655927e-23 1.221411034963284373e-25 8.881855626165566361e-04 0.000000000000000000e+00
9.990925402646357867e-01 1.927417274764347269e-05 1.438820073361655927e-23 1.221411034963284373e-25 8.881855626165566361e-04 0.000000000000000000e+00
9.990925402646357867e-01 1.927417274764347269e-05 1.438820073361655927e-23 1.221411034963284373e-25 8.881855626165566361e-04 0.000000000000000000e+00
9.990925402646357867e-01 1.927417274764347269e-05 1.438820073361655927e-23 1.221411034963284373e-25 8.881855626165566361e-04 0.000000000000000000e+00
9.990925402646357867e-01 1.927417274764347269e-05 1.438820073361655927e-23 1.221411034963284373e-25 8.881855626165566361e-04 0.000000000000000000e+00
9.990925402646357867e-01 1.927417274764347269e-05 1.438820073361655927e-23 1.221411034963284373e-25 8.881855626165566361e-04 0.000000000000000000e+00
9.990925402646357867e-01 1.927417274764347269e-05 1.438820073361655927e-23 1.221411034963284373e-25 8.881855626165566361e-04 0.000000000000000000e+00
9.990925402646357867e-01 1.927417274764347269e-05 1.438820073361655927e-23 1.221411034963284373e-25 8.881855626165566361e-04 0.000000000000000000e+00
9.990925402646357867e-01 1.927417274764347269e-05 1.438820073361655927e-23 1.221411034963284373e-25 8.881855626165566361e-04 0.000000000000000000e+00
9.990925402646357867e-01 1.927417274764347269e-05 1.438820073361655927e-23 1.221411034963284373e-25 8.881855626165566361e-04 0.000000000000000000e+00
9.990925402646357867e-01 1.927417274764347269e-05 1.438820073361655927e-23 1.221411034963284373e-25 8.881855626165566361e-04 0.000000000000000000e+00
9.990925402646357867e-01 1.927417274764347269e-05 1.438820073361655927e-23 1.221411034963284373e-25 8.881855626165566361e-04 0.000000000000000000e+00
9.990925402646357867e-01 1.927417274764347269e-05 1.438820073361655927e-23 1.221411034963284373e-25 8.881855626165566361e-04 0.000000000000000000e+00
9.990925402646357867e-01 1.927417274764347269e-05 1.438820073361655927e-23 1.221411034963284373e-25 8.881855626165566361e-04 0.000000000000000000e+00
9.990925402646357867e-01 1.927417274764347269e-05 1.438820073361655927e-23 1.221411034963284373e-25 8.881855626165566361e-04 0.000000000000000000e+00
9.990925402646357867e-01 1.927417274764347269e-05 1.438820073361655927e-23 1.221411034963284373e-25 8.881855626165566361e-04 0.000000000000000000e+00
9.990925402646357867e-01 1.927417274764347269e-05 1.438820073361655927e-23 1.221411034963284373e-25 8.881855626165566361e-04 0.000000000000000000e+00
9.990925402646357867e-01 1.927417274764347269e-05 1.438820073361655927e-23 1.221411034963284373e-25 8.881855626165566361e-04 0.000000000000000000e+00
9.990925402646357867e-01 1.927417274764347269e-05 1.438820073361655927e-23 1.221411034963284373e-25 8.881855626165566361e-04 0.000000000000000000e+00
9.990925402646357867e-01 1.927417274764347269e-05 1.438820073361655927e-23 1.221411034963284373e-25 8.881855626165566361e-04 0.000000000000000000e+00
9.990925402646357867e-01 1.927417274764347269e-05 1.438820073361655927e-23 1.221411034963284373e-25 8.881855626165566361e-04 0.000000000000000000e+00
9.990925402646357867e-01 1.927417274764347269e-05 1.438820073361655927e-23 1.221411034963284373e-25 8.881855626165566361e-04 0.000000000000000000e+00
9.990925402646357867e-01 1.927417274764347269e-05 1.438820073361655927e-23 1.221411034963284373e-25 8.881855626165566361e-04 0.000000000000000000e+00
9.990925402646357867e-01 1.927417274764347269e-05 1.438820073361655927e-23 1.221411034963284373e-25 8.881855626165566361e-04 0.000000000000000000e+00
9.990925402646357867e-01 1.927417274764347269e-05 1.438820073361655927e-23 1.221411034963284373e-25 8.881855626165566361e-04 0.000000000000000000e+00
9.990925402646357867e-01 1.927417274764347269e-05 1.438820073361655927e-23 1.221411034963284373e-25 8.881855626165566361e-04 0.000000000000000000e+00
9.990925402646357867e-01 1.927417274764347269e-05 1.438820073361655927e-23 1.221411034963284373e-25 8.881855626165566361e-04 0.000000000000000000e+00
9.990925402646357867e-01 1.927417274764347269e-05 1.438820073361655927e-23 1.221411034963284373e-25 8.881855626165566361e-04 0.000000000000000000e+00
9.990925402646357867e-01 1.927417274764347269e-05 1.438820073361655927e-23 1.221411034963284373e-25 8.881855626165566361e-04 0.000000000000000000e+00
9.990925402646357867e-01 1.927417274764347269e-05 1.438820073361655927e-23 1.221411034963284373e-25 8.881855626165566361e-04 0.000000000000000000e+00
9.990925402646357867e-01 1.927417274764347269e-05 1.438820073361655927e-23 1.221411034963284373e-25 8.881855626165566361e-04 0.000000000000000000e+00
9.990925402646357867e-01 1.927417274764347269e-05 1.438820073361655927e-23 1.221411034963284373e-25 8.881855626165566361e-04 0.000000000000000000e+00
9.990925402646357867e-01 1.927417274764347269e-05 1.438820073361655927e-23 1.221411034963284373e-25 8.881855626165566361e-04 0.000000000000000000e+00
9.990925402646357867e-01 1.927417274764347269e-05 1.438820073361655927e-23 1.221411034963284373e-25 8.881855626165566361e-04 0.000000000000000000e+00
9.990925402646357867e-01 1.927417274764347269e-05 1.438820073361655927e-23 1.221411034963284373e-25 8.881855626165566361e-04 0.000000000000000000e+00
9.990925402646357867e-01 1.927417274764347269e-05 1.438820073361655927e-23 1.221411034963284373e-25 8.881855626165566361e-04 0.000000000000000000e+00
9.990925402646357867e-01 1.927417274764347269e-05 1.438820073361655927e-23 1.221411034963284373e-25 8.881855626165566361e-04 0.000000000000000000e+00
9.990925402646357867e-01 1.927417274764347269e-05 1.438820073361655927e-23 1.221411034963284373e-25 8.881855626165566361e-04 0.000000000000000000e+00
9.990925402646357867e-01 1.927417274764347269e-05 1.438820073361655927e-23 1.221411034963284373e-25 8.881855626165566361e-04 0.000000000000000000e+00
9.990925402646357867e-01 1.927417274764347269e-05 1.438820073361655927e-23 1.221411034963284373e-25 8.881855626165566361e-04 0.000000000000000000e+00
9.990925402646357867e-01 1.927417274764347269e-05 1.438820073361655927e-23 1.221411034963284373e-25 8.881855626165566361e-04 0.000000000000000000e+00
9.990925402646357867e-01 1.927417274764347269e-05 1.438820073361655927e-23 1.221411034963284373e-25 8.881855626165566361e-04 0.000000000000000000e+00
9.990925402646357867e-01 1.927417274764347269e-05 1.438820073361655927e-23 1.221411034963284373e-25 8.881855626165566361e-04 0.000000000000000000e+00
9.990925402646357867e-01 1.927417274764347269e-05 1.438820073361655927e-23 1.221411034963284373e-25 8.881855626165566361e-04 0.000000000000000000e+00
9.990925402646357867e-01 1.927417274764347269e-05 1.438820073361655927e-23 1.221411034963284373e-25 8.881855626165566361e-04 0.000000000000000000e+00
9.990925402646357867e-01 1.927417274764347269e-05 1.438820073361655927e-23 1.221411034963284373e-25 8.881855626165566361e-04 0.000000000000000000e+00
9.990925402646357867e-01 1.927417274764347269e-05 1.438820073361655927e-23 1.221411034963284373e-25 8.881855626165566361e-04 0.000000000000000000e+00
9.990925402646357867e-01 1.927417274764347269e-05 1.438820073361655927e-23 1.221411034963284373e-25 8.881855626165566361e-04 0.000000000000000000e+00
9.990925402646357867e-01 1.927417274764347269e-05 1.438820073361655927e-23 1.221411034963284373e-25 8.881855626165566361e-04 0.000000000000000000e+00
9.990925402646357867e-01 1.927417274764347269e-05 1.438820073361655927e-23 1.221411034963284373e-25 8.881855626165566361e-04 0.000000000000000000e+00
9.990925402646357867e-01 1.927417274764347269e-05 1.438820073361655927e-23 1.221411034963284373e-25 8.881855626165566361e-04 0.000000000000000000e+00
9.990925402646357867e-01 1.927417274764347269e-05 1.438820073361655927e-23 1.221411034963284373e-25 8.881855626165566361e-04 0.000000000000000000e+00
9.990925402646357867e-01 1.927417274764347269e-05 1.438820073361655927e-23 1.221411034963284373e-25 8.881855626165566361e-04 0.000000000000000000e+00
9.990925402646357867e-01 1.927417274764347269e-05 1.438820073361655927e-23 1.221411034963284373e-25 8.881855626165566361e-04 0.000000000000000000e+00
9.990925402646357867e-01 1.927417274764347269e-05 1.438820073361655927e-23 1.221411034963284373e-25 8.881855626165566361e-04 0.000000000000000000e+00
9.990925402646357867e-01 1.927417274764347269e-05 1.438820073361655927e-23 1.221411034963284373e-25 8.881855626165566361e-04 0.000000000000000000e+00
9.990925402646357867e-01 1.927417274764347269e-05 1.438820073361655927e-23 1.221411034963284373e-25 8.881855626165566361e-04 0.000000000000000000e+00
9.990925402646357867e-01 1.927417274764347269e-05 1.438820073361655927e-23 1.221411034963284373e-25 8.881855626165566361e-04 0.000000000000000000e+00
9.990925402646357867e-01 1.927417274764347269e-05 1.438820073361655927e-23 1.221411034963284373e-25 8.881855626165566361e-04 0.000000000000000000e+00
9.990925402646357867e-01 1.927417274764347269e-05 1.438820073361655927e-23 1.221411034963284373e-25 8.881855626165566361e-04 0.000000000000000000e+00
9.990925402646357867e-01 1.927417274764347269e-05 1.438820073361655927e-23 1.221411034963284373e-25 8.881855626165566361e-04 0.000000000000000000e+00
9.990925402646357867e-01 1.927417274764347269e-05 1.438820073361655927e-23 1.221411034963284373e-25 8.881855626165566361e-04 0.000000000000000000e+00
9.990925402646357867e-01 1.927417274764347269e-05 1.438820073361655927e-23 1.221411034963284373e-25 8.881855626165566361e-04 0.000000000000000000e+00
9.990925402646357867e-01 1.927417274764347269e-05 1.438820073361655927e-23 1.221411034963284373e-25 8.881855626165566361e-04 0.000000000000000000e+00
9.990925402646357867e-01 1.927417274764347269e-05 1.438820073361655927e-23 1.221411034963284373e-25 8.881855626165566361e-04 0.000000000000000000e+00
9.990925402646357867e-01 1.927417274764347269e-05 1.438820073361655927e-23 1.221411034963284373e-25 8.881855626165566361e-04 0.000000000000000000e+00
9.990925402646357867e-01 1.927417274764347269e-05 1.438820073361655927e-23 1.221411034963284373e-25 8.881855626165566361e-04 0.000000000000000000e+00
9.990925402646357867e-01 1.927417274764347269e-05 1.438820073361655927e-23 1.221411034963284373e-25 8.881855626165566361e-04 0.000000000000000000e+00
9.990925402646357867e-01 1.927417274764347269e-05 1.438820073361655927e-23 1.221411034963284373e-25 8.881855626165566361e-04 0.000000000000000000e+00
9.990925402646357867e-01 1.927417274764347269e-05 1.438820073361655927e-23 1.221411034963284373e-25 8.881855626165566361e-04 0.000000000000000000e+00
9.990925402646357867e-01 1.927417274764347269e-05 1.438820073361655927e-23 1.221411034963284373e-25 8.881855626165566361e-04 0.000000000000000000e+00
9.990925402646357867e-01 1.927417274764347269e-05 1.438820073361655927e-23 1.221411034963284373e-25 8.881855626165566361e-04 0.000000000000000000e+00
9.990925402646357867e-01 1.927417274764347269e-05 1.438820073361655927e-23 1.221411034963284373e-25 8.881855626165566361e-04 0.000000000000000000e+00
9.990925402646357867e-01 1.927417274764347269e-05 1.438820073361655927e-23 1.221411034963284373e-25 8.881855626165566361e-04 0.000000000000000000e+00
9.990925402646357867e-01 1.927417274764347269e-05 1.438820073361655927e-23 1.221411034963284373e-25 8.881855626165566361e-04 0.000000000000000000e+00
9.990925402646357867e-01 1.927417274764347269e-05 1.438820073361655927e-23 1.221411034963284373e-25 8.881855626165566361e-04 0.000000000000000000e+00
9.990925402646357867e-01 1.927417274764347269e-05 1.438820073361655927e-23 1.221411034963284373e-25 8.881855626165566361e-04 0.000000000000000000e+00
9.990925402646357867e-01 1.927417274764347269e-05 1.438820073361655927e-23 1.221411034963284373e-25 8.881855626165566361e-04 0.000000000000000000e+00
9.990925402646357867e-01 1.927417274764347269e-05 1.438820073361655927e-23 1.221411034963284373e-25 8.881855626165566361e-04 0.000000000000000000e+00
9.990925402646357867e-01 1.927417274764347269e-05 1.438820073361655927e-23 1.221411034963284373e-25 8.881855626165566361e-04 0.000000000000000000e+00
9.990925402646357867e-01 1.927417274764347269e-05 1.438820073361655927e-23 1.221411034963284373e-25 8.881855626165566361e-04 0.000000000000000000e+00
9.990925402646357867e-01 1.927417274764347269e-05 1.438820073361655927e-23 1.221411034963284373e-25 8.881855626165566361e-04 0.000000000000000000e+00
9.990925402646357867e-01 1.927417274764347269e-05 1.438820073361655927e-23 1.221411034963284373e-25 8.881855626165566361e-04 0.000000000000000000e+00
9.990925402646357867e-01 1.927417274764347269e-05 1.438820073361655927e-23 1.221411034963284373e-25 8.881855626165566361e-04 0.000000000000000000e+00
9.990925402646357867e-01 1.927417274764347269e-05 1.438820073361655927e-23 1.221411034963284373e-25 8.881855626165566361e-04 0.000000000000000000e+00
9.990925402646357867e-01 1.927417274764347269e-05 1.438820073361655927e-23 1.221411034963284373e-25 8.881855626165566361e-04 0.000000000000000000e+00
9.990925402646357867e-01 1.927417274764347269e-05 1.438820073361655927e-23 1.221411034963284373e-25 8.881855626165566361e-04 0.000000000000000000e+00
9.990925402646357867e-01 1.927417274764347269e-05 1.438820073361655927e-23 1.221411034963284373e-25 8.881855626165566361e-04 0.000000000000000000e+00
9.990925402646357867e-01 1.927417274764347269e-05 1.438820073361655927e-23 1.221411034963284373e-25 8.881855626165566361e-04 0.000000000000000000e+00
9.990925402646357867e-01 1.927417274764347269e-05 1.438820073361655927e-23 1.221411034963284373e-25 8.881855626165566361e-04 0.000000000000000000e+00
9.990925402646357867e-01 1.927417274764347269e-05 1.438820073361655927e-23 1.221411034963284373e-25 8.881855626165566361e-04 0.000000000000000000e+00
9.990925402646357867e-01 1.927417274764347269e-05 1.438820073361655927e-23 1.221411034963284373e-25 8.881855626165566361e-04 0.000000000000000000e+00
9.990925402646357867e-01 1.927417274764347269e-05 1.438820073361655927e-23 1.221411034963284373e-25 8.881855626165566361e-04 0.000000000000000000e+00
9.990925402646357867e-01 1.927417274764347269e-05 1.438820073361655927e-23 1.221411034963284373e-25 8.881855626165566361e-04 0.000000000000000000e+00
9.990925402646357867e-01 1.927417274764347269e-05 1.438820073361655927e-23 1.221411034963284373e-25 8.881855626165566361e-04 0.000000000000000000e+00
9.990925402646357867e-01 1.927417274764347269e-05 1.438820073361655927e-23 1.221411034963284373e-25 8.881855626165566361e-04 0.000000000000000000e+00
9.990925402646357867e-01 1.927417274764347269e-05 1.438820073361655927e-23 1.221411034963284373e-25 8.881855626165566361e-04 0.000000000000000000e+00
9.990925402646357867e-01 1.927417274764347269e-05 1.438820073361655927e-23 1.221411034963284373e-25 8.881855626165566361e-04 0.000000000000000000e+00
9.990925402646357867e-01 1.927417274764347269e-05 1.438820073361655927e-23 1.221411034963284373e-25 8.881855626165566361e-04 0.000000000000000000e+00
9.990925402646357867e-01 1.927417274764347269e-05 1.438820073361655927e-23 1.221411034963284373e-25 8.881855626165566361e-04 0.000000000000000000e+00
9.990925402646357867e-01 1.927417274764347269e-05 1.438820073361655927e-23 1.221411034963284373e-25 8.881855626165566361e-04 0.000000000000000000e+00
9.990925402646357867e-01 1.927417274764347269e-05 1.438820073361655927e-23 1.221411034963284373e-25 8.881855626165566361e-04 0.000000000000000000e+00
9.990925402646357867e-01 1.927417274764347269e-05 1.438820073361655927e-23 1.221411034963284373e-25 8.881855626165566361e-04 0.000000000000000000e+00
9.990925402646357867e-01 1.927417274764347269e-05 1.438820073361655927e-23 1.221411034963284373e-25 8.881855626165566361e-04 0.000000000000000000e+00
9.990925402646357867e-01 1.927417274764347269e-05 1.438820073361655927e-23 1.221411034963284373e-25 8.881855626165566361e-04 0.000000000000000000e+00
9.990925402646357867e-01 1.927417274764347269e-05 1.438820073361655927e-23 1.221411034963284373e-25 8.881855626165566361e-04 0.000000000000000000e+00
9.990925402646357867e-01 1.927417274764347269e-05 1.438820073361655927e-23 1.221411034963284373e-25 8.881855626165566361e-04 0.000000000000000000e+00
9.990925402646357867e-01 1.927417274764347269e-05 1.438820073361655927e-23 1.221411034963284373e-25 8.881855626165566361e-04 0.000000000000000000e+00
9.990925402646357867e-01 1.927417274764347269e-05 1.438820073361655927e-23 1.221411034963284373e-25 8.881855626165566361e-04 0.000000000000000000e+00
9.990925402646357867e-01 1.927417274764347269e-05 1.438820073361655927e-23 1.221411034963284373e-25 8.881855626165566361e-04 0.000000000000000000e+00
9.990925402646357867e-01 1.927417274764347269e-05 1.438820073361655927e-23 1.221411034963284373e-25 8.881855626165566361e-04 0.000000000000000000e+00
9.990925402646357867e-01 1.927417274764347269e-05 1.438820073361655927e-23 1.221411034963284373e-25 8.881855626165566361e-04 0.000000000000000000e+00
9.990925402646357867e-01 1.927417274764347269e-05 1.438820073361655927e-23 1.221411034963284373e-25 8.881855626165566361e-04 0.000000000000000000e+00
9.990925402646357867e-01 1.927417274764347269e-05 1.438820073361655927e-23 1.221411034963284373e-25 8.881855626165566361e-04 0.000000000000000000e+00
9.990925402646357867e-01 1.927417274764347269e-05 1.438820073361655927e-23 1.221411034963284373e-25 8.881855626165566361e-04 0.000000000000000000e+00
9.990925402646357867e-01 1.927417274764347269e-05 1.438820073361655927e-23 1.221411034963284373e-25 8.881855626165566361e-04 0.000000000000000000e+00
9.990925402646357867e-01 1.927417274764347269e-05 1.438820073361655927e-23 1.221411034963284373e-25 8.881855626165566361e-04 0.000000000000000000e+00
9.990925402646357867e-01 1.927417274764347269e-05 1.438820073361655927e-23 1.221411034963284373e-25 8.881855626165566361e-04 0.000000000000000000e+00
9.990925402646357867e-01 1.927417274764347269e-05 1.438820073361655927e-23 1.221411034963284373e-25 8.881855626165566361e-04 0.000000000000000000e+00
9.990925402646357867e-01 1.927417274764347269e-05 1.438820073361655927e-23 1.221411034963284373e-25 8.881855626165566361e-04 0.000000000000000000e+00
9.990925402646357867e-01 1.927417274764347269e-05 1.438820073361655927e-23 1.221411034963284373e-25 8.881855626165566361e-04 0.000000000000000000e+00
9.990925402646357867e-01 1.927417274764347269e-05 1.438820073361655927e-23 1.221411034963284373e-25 8.881855626165566361e-04 0.000000000000000000e+00
9.990925402646357867e-01 1.927417274764347269e-05 1.438820073361655927e-23 1.221411034963284373e-25 8.881855626165566361e-04 0.000000000000000000e+00
9.990925402646357867e-01 1.927417274764347269e-05 1.438820073361655927e-23 1.221411034963284373e-25 8.881855626165566361e-04 0.000000000000000000e+00
9.990925402646357867e-01 1.927417274764347269e-05 1.438820073361655927e-23 1.221411034963284373e-25 8.881855626165566361e-04 0.000000000000000000e+00
9.990925402646357867e-01 1.927417274764347269e-05 1.438820073361655927e-23 1.221411034963284373e-25 8.881855626165566361e-04 0.000000000000000000e+00
9.990925402646357867e-01 1.927417274764347269e-05 1.438820073361655927e-23 1.221411034963284373e-25 8.881855626165566361e-04 0.000000000000000000e+00
9.990925402646357867e-01 1.927417274764347269e-05 1.438820073361655927e-23 1.221411034963284373e-25 8.881855626165566361e-04 0.000000000000000000e+00
9.990925402646357867e-01 1.927417274764347269e-05 1.438820073361655927e-23 1.221411034963284373e-25 8.881855626165566361e-04 0.000000000000000000e+00
9.990925402646357867e-01 1.927417274764347269e-05 1.438820073361655927e-23 1.221411034963284373e-25 8.881855626165566361e-04 0.000000000000000000e+00
9.990925402646357867e-01 1.927417274764347269e-05 1.438820073361655927e-23 1.221411034963284373e-25 8.881855626165566361e-04 0.000000000000000000e+00
9.990925402646357867e-01 1.927417274764347269e-05 1.438820073361655927e-23 1.221411034963284373e-25 8.881855626165566361e-04 0.000000000000000000e+00
9.990925402646357867e-01 1.927417274764347269e-05 1.438820073361655927e-23 1.221411034963284373e-25 8.881855626165566361e-04 0.000000000000000000e+00
9.990925402646357867e-01 1.927417274764347269e-05 1.438820073361655927e-23 1.221411034963284373e-25 8.881855626165566361e-04 0.000000000000000000e+00
9.990925402646357867e-01 1.927417274764347269e-05 1.438820073361655927e-23 1.221411034963284373e-25 8.881855626165566361e-04 0.000000000000000000e+00
9.990925402646357867e-01 1.927417274764347269e-05 1.438820073361655927e-23 1.221411034963284373e-25 8.881855626165566361e-04 0.000000000000000000e+00
9.990925402646357867e-01 1.927417274764347269e-05 1.438820073361655927e-23 1.221411034963284373e-25 8.881855626165566361e-04 0.000000000000000000e+00
9.990925402646357867e-01 1.927417274764347269e-05 1.438820073361655927e-23 1.221411034963284373e-25 8.881855626165566361e-04 0.000000000000000000e+00
9.990925402646357867e-01 1.927417274764347269e-05 1.438820073361655927e-23 1.221411034963284373e-25 8.881855626165566361e-04 0.000000000000000000e+00
9.990925402646357867e-01 1.927417274764347269e-05 1.438820073361655927e-23 1.221411034963284373e-25 8.881855626165566361e-04 0.000000000000000000e+00
9.990925402646357867e-01 1.927417274764347269e-05 1.438820073361655927e-23 1.221411034963284373e-25 8.881855626165566361e-04 0.000000000000000000e+00
9.990925402646357867e-01 1.927417274764347269e-05 1.438820073361655927e-23 1.221411034963284373e-25 8.881855626165566361e-04 0.000000000000000000e+00
9.990925402646357867e-01 1.927417274764347269e-05 1.438820073361655927e-23 1.221411034963284373e-25 8.881855626165566361e-04 0.000000000000000000e+00
9.990925402646357867e-01 1.927417274764347269e-05 1.438820073361655927e-23 1.221411034963284373e-25 8.881855626165566361e-04 0.000000000000000000e+00
9.990925402646357867e-01 1.927417274764347269e-05 1.438820073361655927e-23 1.221411034963284373e-25 8.881855626165566361e-04 0.000000000000000000e+00
9.990925402646357867e-01 1.927417274764347269e-05 1.438820073361655927e-23 1.221411034963284373e-25 8.881855626165566361e-04 0.000000000000000000e+00
9.990925402646357867e-01 1.927417274764347269e-05 1.438820073361655927e-23 1.221411034963284373e-25 8.881855626165566361e-04 0.000000000000000000e+00
9.990925402646357867e-01 1.927417274764347269e-05 1.438820073361655927e-23 1.221411034963284373e-25 8.881855626165566361e-04 0.000000000000000000e+00
9.990925402646357867e-01 1.927417274764347269e-05 1.438820073361655927e-23 1.221411034963284373e-25 8.881855626165566361e-04 0.000000000000000000e+00
9.990925402646357867e-01 1.927417274764347269e-05 1.438820073361655927e-23 1.221411034963284373e-25 8.881855626165566361e-04 0.000000000000000000e+00
9.990925402646357867e-01 1.927417274764347269e-05 1.438820073361655927e-23 1.221411034963284373e-25 8.881855626165566361e-04 0.000000000000000000e+00
9.990925402646357867e-01 1.927417274764347269e-05 1.438820073361655927e-23 1.221411034963284373e-25 8.881855626165566361e-04 0.000000000000000000e+00
9.990925402646357867e-01 1.927417274764347269e-05 1.438820073361655927e-23 1.221411034963284373e-25 8.881855626165566361e-04 0.000000000000000000e+00
9.990925402646357867e-01 1.927417274764347269e-05 1.438820073361655927e-23 1.221411034963284373e-25 8.881855626165566361e-04 0.000000000000000000e+00
9.990925402646357867e-01 1.927417274764347269e-05 1.438820073361655927e-23 1.221411034963284373e-25 8.881855626165566361e-04 0.000000000000000000e+00
9.990925402646357867e-01 1.927417274764347269e-05 1.438820073361655927e-23 1.221411034963284373e-25 8.881855626165566361e-04 0.000000000000000000e+00
9.990925402646357867e-01 1.927417274764347269e-05 1.438820073361655927e-23 1.221411034963284373e-25 8.881855626165566361e-04 0.000000000000000000e+00
9.990925402646357867e-01 1.927417274764347269e-05 1.438820073361655927e-23 1.221411034963284373e-25 8.881855626165566361e-04 0.000000000000000000e+00
9.990925402646357867e-01 1.927417274764347269e-05 1.438820073361655927e-23 1.221411034963284373e-25 8.881855626165566361e-04 0.000000000000000000e+00
9.990925402646357867e-01 1.927417274764347269e-05 1.438820073361655927e-23 1.221411034963284373e-25 8.881855626165566361e-04 0.000000000000000000e+00
9.990925402646357867e-01 1.927417274764347269e-05 1.438820073361655927e-23 1.221411034963284373e-25 8.881855626165566361e-04 0.000000000000000000e+00
9.990925402646357867e-01 1.927417274764347269e-05 1.438820073361655927e-23 1.221411034963284373e-25 8.881855626165566361e-04 0.000000000000000000e+00
9.990925402646357867e-01 1.927417274764347269e-05 1.438820073361655927e-23 1.221411034963284373e-25 8.881855626165566361e-04 0.000000000000000000e+00
9.990925402646357867e-01 1.927417274764347269e-05 1.438820073361655927e-23 1.221411034963284373e-25 8.881855626165566361e-04 0.000000000000000000e+00
9.990925402646357867e-01 1.927417274764347269e-05 1.438820073361655927e-23 1.221411034963284373e-25 8.881855626165566361e-04 0.000000000000000000e+00
9.990925402646357867e-01 1.927417274764347269e-05 1.438820073361655927e-23 1.221411034963284373e-25 8.881855626165566361e-04 0.000000000000000000e+00
9.990925402646357867e-01 1.927417274764347269e-05 1.438820073361655927e-23 1.221411034963284373e-25 8.881855626165566361e-04 0.000000000000000000e+00
9.990925402646357867e-01 1.927417274764347269e-05 1.438820073361655927e-23 1.221411034963284373e-25 8.881855626165566361e-04 0.000000000000000000e+00
9.990925402646357867e-01 1.927417274764347269e-05 1.438820073361655927e-23 1.221411034963284373e-25 8.881855626165566361e-04 0.000000000000000000e+00
9.990925402646357867e-01 1.927417274764347269e-05 1.438820073361655927e-23 1.221411034963284373e-25 8.881855626165566361e-04 0.000000000000000000e+00
9.990925402646357867e-01 1.927417274764347269e-05 1.438820073361655927e-23 1.221411034963284373e-25 8.881855626165566361e-04 0.000000000000000000e+00
9.990925402646357867e-01 1.927417274764347269e-05 1.438820073361655927e-23 1.221411034963284373e-25 8.881855626165566361e-04 0.000000000000000000e+00
9.990925402646357867e-01 1.927417274764347269e-05 1.438820073361655927e-23 1.221411034963284373e-25 8.881855626165566361e-04 0.000000000000000000e+00
9.990925402646357867e-01 1.927417274764347269e-05 1.438820073361655927e-23 1.221411034963284373e-25 8.881855626165566361e-04 0.000000000000000000e+00
9.990925402646357867e-01 1.927417274764347269e-05 1.438820073361655927e-23 1.221411034963284373e-25 8.881855626165566361e-04 0.000000000000000000e+00
9.990925402646357867e-01 1.927417274764347269e-05 1.438820073361655927e-23 1.221411034963284373e-25 8.881855626165566361e-04 0.000000000000000000e+00
9.990925402646357867e-01 1.927417274764347269e-05 1.438820073361655927e-23 1.221411034963284373e-25 8.881855626165566361e-04 0.000000000000000000e+00
9.990925402646357867e-01 1.927417274764347269e-05 1.438820073361655927e-23 1.221411034963284373e-25 8.881855626165566361e-04 0.000000000000000000e+00
9.990925402646357867e-01 1.927417274764347269e-05 1.438820073361655927e-23 1.221411034963284373e-25 8.881855626165566361e-04 0.000000000000000000e+00
9.990925402646357867e-01 1.927417274764347269e-05 1.438820073361655927e-23 1.221411034963284373e-25 8.881855626165566361e-04 0.000000000000000000e+00
9.990925402646357867e-01 1.927417274764347269e-05 1.438820073361655927e-23 1.221411034963284373e-25 8.881855626165566361e-04 0.000000000000000000e+00
9.990925402646357867e-01 1.927417274764347269e-05 1.438820073361655927e-23 1.221411034963284373e-25 8.881855626165566361e-04 0.000000000000000000e+00
9.990925402646357867e-01 1.927417274764347269e-05 1.438820073361655927e-23 1.221411034963284373e-25 8.881855626165566361e-04 0.000000000000000000e+00
9.990925402646357867e-01 1.927417274764347269e-05 1.438820073361655927e-23 1.221411034963284373e-25 8.881855626165566361e-04 0.000000000000000000e+00
9.990925402646357867e-01 1.927417274764347269e-05 1.438820073361655927e-23 1.221411034963284373e-25 8.881855626165566361e-04 0.000000000000000000e+00
9.990925402646357867e-01 1.927417274764347269e-05 1.438820073361655927e-23 1.221411034963284373e-25 8.881855626165566361e-04 0.000000000000000000e+00
9.990925402646357867e-01 1.927417274764347269e-05 1.438820073361655927e-23 1.221411034963284373e-25 8.881855626165566361e-04 0.000000000000000000e+00
9.990925402646357867e-01 1.927417274764347269e-05 1.438820073361655927e-23 1.221411034963284373e-25 8.881855626165566361e-04 0.000000000000000000e+00
9.990925402646357867e-01 1.927417274764347269e-05 1.438820073361655927e-23 1.221411034963284373e-25 8.881855626165566361e-04 0.000000000000000000e+00
9.990925402646357867e-01 1.927417274764347269e-05 1.438820073361655927e-23 1.221411034963284373e-25 8.881855626165566361e-04 0.000000000000000000e+00
9.990925402646357867e-01 1.927417274764347269e-05 1.438820073361655927e-23 1.221411034963284373e-25 8.881855626165566361e-04 0.000000000000000000e+00
9.990925402646357867e-01 1.927417274764347269e-05 1.438820073361655927e-23 1.221411034963284373e-25 8.881855626165566361e-04 0.000000000000000000e+00
9.990925402646357867e-01 1.927417274764347269e-05 1.438820073361655927e-23 1.221411034963284373e-25 8.881855626165566361e-04 0.000000000000000000e+00
9.990925402646357867e-01 1.927417274764347269e-05 1.438820073361655927e-23 1.221411034963284373e-25 8.881855626165566361e-04 0.000000000000000000e+00
9.990925402646357867e-01 1.927417274764347269e-05 1.438820073361655927e-23 1.221411034963284373e-25 8.881855626165566361e-04 0.000000000000000000e+00
9.990925402646357867e-01 1.927417274764347269e-05 1.438820073361655927e-23 1.221411034963284373e-25 8.881855626165566361e-04 0.000000000000000000e+00
9.990925402646357867e-01 1.927417274764347269e-05 1.438820073361655927e-23 1.221411034963284373e-25 8.881855626165566361e-04 0.000000000000000000e+00
9.990925402646357867e-01 1.927417274764347269e-05 1.438820073361655927e-23 1.221411034963284373e-25 8.881855626165566361e-04 0.000000000000000000e+00
9.990925402646357867e-01 1.927417274764347269e-05 1.438820073361655927e-23 1.221411034963284373e-25 8.881855626165566361e-04 0.000000000000000000e+00
9.990925402646357867e-01 1.927417274764347269e-05 1.438820073361655927e-23 1.221411034963284373e-25 8.881855626165566361e-04 0.000000000000000000e+00
9.990925402646357867e-01 1.927417274764347269e-05 1.438820073361655927e-23 1.221411034963284373e-25 8.881855626165566361e-04 0.000000000000000000e+00
9.990925402646357867e-01 1.927417274764347269e-05 1.438820073361655927e-23 1.221411034963284373e-25 8.881855626165566361e-04 0.000000000000000000e+00
9.990925402646357867e-01 1.927417274764347269e-05 1.438820073361655927e-23 1.221411034963284373e-25 8.881855626165566361e-04 0.000000000000000000e+00
9.990925402646357867e-01 1.927417274764347269e-05 1.438820073361655927e-23 1.221411034963284373e-25 8.881855626165566361e-04 0.000000000000000000e+00
9.990925402646357867e-01 1.927417274764347269e-05 1.438820073361655927e-23 1.221411034963284373e-25 8.881855626165566361e-04 0.000000000000000000e+00
9.990925402646357867e-01 1.927417274764347269e-05 1.438820073361655927e-23 1.221411034963284373e-25 8.881855626165566361e-04 0.000000000000000000e+00
9.990925402646357867e-01 1.927417274764347269e-05 1.438820073361655927e-23 1.221411034963284373e-25 8.881855626165566361e-04 0.000000000000000000e+00
9.990925402646357867e-01 1.927417274764347269e-05 1.438820073361655927e-23 1.221411034963284373e-25 8.881855626165566361e-04 0.000000000000000000e+00
9.990925402646357867e-01 1.927417274764347269e-05 1.438820073361655927e-23 1.221411034963284373e-25 8.881855626165566361e-04 0.000000000000000000e+00
9.990925402646357867e-01 1.927417274764347269e-05 1.438820073361655927e-23 1.221411034963284373e-25 8.881855626165566361e-04 0.000000000000000000e+00
9.990925402646357867e-01 1.927417274764347269e-05 1.438820073361655927e-23 1.221411034963284373e-25 8.881855626165566361e-04 0.000000000000000000e+00
9.990925402646357867e-01 1.927417274764347269e-05 1.438820073361655927e-23 1.221411034963284373e-25 8.881855626165566361e-04 0.000000000000000000e+00
9.990925402646357867e-01 1.927417274764347269e-05 1.438820073361655927e-23 1.221411034963284373e-25 8.881855626165566361e-04 0.000000000000000000e+00
9.990925402646357867e-01 1.927417274764347269e-05 1.438820073361655927e-23 1.221411034963284373e-25 8.881855626165566361e-04 0.000000000000000000e+00
9.990925402646357867e-01 1.927417274764347269e-05 1.438820073361655927e-23 1.221411034963284373e-25 8.881855626165566361e-04 0.000000000000000000e+00
9.990925402646357867e-01 1.927417274764347269e-05 1.438820073361655927e-23 1.221411034963284373e-25 8.881855626165566361e-04 0.000000000000000000e+00
9.990925402646357867e-01 1.927417274764347269e-05 1.438820073361655927e-23 1.221411034963284373e-25 8.881855626165566361e-04 0.000000000000000000e+00
9.990925402646357867e-01 1.927417274764347269e-05 1.438820073361655927e-23 1.221411034963284373e-25 8.881855626165566361e-04 0.000000000000000000e+00
9.990925402646357867e-01 1.927417274764347269e-05 1.438820073361655927e-23 1.221411034963284373e-25 8.881855626165566361e-04 0.000000000000000000e+00
9.990925402646357867e-01 1.927417274764347269e-05 1.438820073361655927e-23 1.221411034963284373e-25 8.881855626165566361e-04 0.000000000000000000e+00
9.990925402646357867e-01 1.927417274764347269e-05 1.438820073361655927e-23 1.221411034963284373e-25 8.881855626165566361e-04 0.000000000000000000e+00
9.990925402646357867e-01 1.927417274764347269e-05 1.438820073361655927e-23 1.221411034963284373e-25 8.881855626165566361e-04 0.000000000000000000e+00
9.990925402646357867e-01 1.927417274764347269e-05 1.438820073361655927e-23 1.221411034963284373e-25 8.881855626165566361e-04 0.000000000000000000e+00
9.990925402646357867e-01 1.927417274764347269e-05 1.438820073361655927e-23 1.221411034963284373e-25 8.881855626165566361e-04 0.000000000000000000e+00
9.990925402646357867e-01 1.927417274764347269e-05 1.438820073361655927e-23 1.221411034963284373e-25 8.881855626165566361e-04 0.000000000000000000e+00
9.990925402646357867e-01 1.927417274764347269e-05 1.438820073361655927e-23 1.221411034963284373e-25 8.881855626165566361e-04 0.000000000000000000e+00
9.990925402646357867e-01 1.927417274764347269e-05 1.438820073361655927e-23 1.221411034963284373e-25 8.881855626165566361e-04 0.000000000000000000e+00
9.990925402646357867e-01 1.927417274764347269e-05 1.438820073361655927e-23 1.221411034963284373e-25 8.881855626165566361e-04 0.000000000000000000e+00
9.990925402646357867e-01 1.927417274764347269e-05 1.438820073361655927e-23 1.221411034963284373e-25 8.881855626165566361e-04 0.000000000000000000e+00
9.990925402646357867e-01 1.927417274764347269e-05 1.438820073361655927e-23 1.221411034963284373e-25 8.881855626165566361e-04 0.000000000000000000e+00
9.990925402646357867e-01 1.927417274764347269e-05 1.438820073361655927e-23 1.221411034963284373e-25 8.881855626165566361e-04 0.000000000000000000e+00
9.990925402646357867e-01 1.927417274764347269e-05 1.438820073361655927e-23 1.221411034963284373e-25 8.881855626165566361e-04 0.000000000000000000e+00
9.990925402646357867e-01 1.927417274764347269e-05 1.438820073361655927e-23 1.221411034963284373e-25 8.881855626165566361e-04 0.000000000000000000e+00
9.990925402646357867e-01 1.927417274764347269e-05 1.438820073361655927e-23 1.221411034963284373e-25 8.881855626165566361e-04 0.000000000000000000e+00
9.990925402646357867e-01 1.927417274764347269e-05 1.438820073361655927e-23 1.221411034963284373e-25 8.881855626165566361e-04 0.000000000000000000e+00
9.990925402646357867e-01 1.927417274764347269e-05 1.438820073361655927e-23 1.221411034963284373e-25 8.881855626165566361e-04 0.000000000000000000e+00
9.990925402646357867e-01 1.927417274764347269e-05 1.438820073361655927e-23 1.221411034963284373e-25 8.881855626165566361e-04 0.000000000000000000e+00
9.990925402646357867e-01 1.927417274764347269e-05 1.438820073361655927e-23 1.221411034963284373e-25 8.881855626165566361e-04 0.000000000000000000e+00
9.990925402646357867e-01 1.927417274764347269e-05 1.438820073361655927e-23 1.221411034963284373e-25 8.881855626165566361e-04 0.000000000000000000e+00
9.990925402646357867e-01 1.927417274764347269e-05 1.438820073361655927e-23 1.221411034963284373e-25 8.881855626165566361e-04 0.000000000000000000e+00
9.990925402646357867e-01 1.927417274764347269e-05 1.438820073361655927e-23 1.221411034963284373e-25 8.881855626165566361e-04 0.000000000000000000e+00
9.990925402646357867e-01 1.927417274764347269e-05 1.438820073361655927e-23 1.221411034963284373e-25 8.881855626165566361e-04 0.000000000000000000e+00
9.990925402646357867e-01 1.927417274764347269e-05 1.438820073361655927e-23 1.221411034963284373e-25 8.881855626165566361e-04 0.000000000000000000e+00
9.990925402646357867e-01 1.927417274764347269e-05 1.438820073361655927e-23 1.221411034963284373e-25 8.881855626165566361e-04 0.000000000000000000e+00
9.990925402646357867e-01 1.927417274764347269e-05 1.438820073361655927e-23 1.221411034963284373e-25 8.881855626165566361e-04 0.000000000000000000e+00
9.990925402646357867e-01 1.927417274764347269e-05 1.438820073361655927e-23 1.221411034963284373e-25 8.881855626165566361e-04 0.000000000000000000e+00
9.990925402646357867e-01 1.927417274764347269e-05 1.438820073361655927e-23 1.221411034963284373e-25 8.881855626165566361e-04 0.000000000000000000e+00
9.990925402646357867e-01 1.927417274764347269e-05 1.438820073361655927e-23 1.221411034963284373e-25 8.881855626165566361e-04 0.000000000000000000e+00
9.990925402646357867e-01 1.927417274764347269e-05 1.438820073361655927e-23 1.221411034963284373e-25 8.881855626165566361e-04 0.000000000000000000e+00
9.990925402646357867e-01 1.927417274764347269e-05 1.438820073361655927e-23 1.221411034963284373e-25 8.881855626165566361e-04 0.000000000000000000e+00
9.990925402646357867e-01 1.927417274764347269e-05 1.438820073361655927e-23 1.221411034963284373e-25 8.881855626165566361e-04 0.000000000000000000e+00
9.990925402646357867e-01 1.927417274764347269e-05 1.438820073361655927e-23 1.221411034963284373e-25 8.881855626165566361e-04 0.000000000000000000e+00
9.990925402646357867e-01 1.927417274764347269e-05 1.438820073361655927e-23 1.221411034963284373e-25 8.881855626165566361e-04 0.000000000000000000e+00
9.990925402646357867e-01 1.927417274764347269e-05 1.438820073361655927e-23 1.221411034963284373e-25 8.881855626165566361e-04 0.000000000000000000e+00
9.990925402646357867e-01 1.927417274764347269e-05 1.438820073361655927e-23 1.221411034963284373e-25 8.881855626165566361e-04 0.000000000000000000e+00
9.990925402646357867e-01 1.927417274764347269e-05 1.438820073361655927e-23 1.221411034963284373e-25 8.881855626165566361e-04 0.000000000000000000e+00
9.990925402646357867e-01 1.927417274764347269e-05 1.438820073361655927e-23 1.221411034963284373e-25 8.881855626165566361e-04 0.000000000000000000e+00
9.990925402646357867e-01 1.927417274764347269e-05 1.438820073361655927e-23 1.221411034963284373e-25 8.881855626165566361e-04 0.000000000000000000e+00
9.990925402646357867e-01 1.927417274764347269e-05 1.438820073361655927e-23 1.221411034963284373e-25 8.881855626165566361e-04 0.000000000000000000e+00
9.990925402646357867e-01 1.927417274764347269e-05 1.438820073361655927e-23 1.221411034963284373e-25 8.881855626165566361e-04 0.000000000000000000e+00
9.990925402646357867e-01 1.927417274764347269e-05 1.438820073361655927e-23 1.221411034963284373e-25 8.881855626165566361e-04 0.000000000000000000e+00
9.990925402646357867e-01 1.927417274764347269e-05 1.438820073361655927e-23 1.221411034963284373e-25 8.881855626165566361e-04 0.000000000000000000e+00
9.990925402646357867e-01 1.927417274764347269e-05 1.438820073361655927e-23 1.221411034963284373e-25 8.881855626165566361e-04 0.000000000000000000e+00
9.990925402646357867e-01 1.927417274764347269e-05 1.438820073361655927e-23 1.221411034963284373e-25 8.881855626165566361e-04 0.000000000000000000e+00
9.990925402646357867e-01 1.927417274764347269e-05 1.438820073361655927e-23 1.221411034963284373e-25 8.881855626165566361e-04 0.000000000000000000e+00
9.990925402646357867e-01 1.927417274764347269e-05 1.438820073361655927e-23 1.221411034963284373e-25 8.881855626165566361e-04 0.000000000000000000e+00
9.990925402646357867e-01 1.927417274764347269e-05 1.438820073361655927e-23 1.221411034963284373e-25 8.881855626165566361e-04 0.000000000000000000e+00
9.990925402646357867e-01 1.927417274764347269e-05 1.438820073361655927e-23 1.221411034963284373e-25 8.881855626165566361e-04 0.000000000000000000e+00
9.990925402646357867e-01 1.927417274764347269e-05 1.438820073361655927e-23 1.221411034963284373e-25 8.881855626165566361e-04 0.000000000000000000e+00
9.990925402646357867e-01 1.927417274764347269e-05 1.438820073361655927e-23 1.221411034963284373e-25 8.881855626165566361e-04 0.000000000000000000e+00
9.990925402646357867e-01 1.927417274764347269e-05 1.438820073361655927e-23 1.221411034963284373e-25 8.881855626165566361e-04 0.000000000000000000e+00
9.990925402646357867e-01 1.927417274764347269e-05 1.438820073361655927e-23 1.221411034963284373e-25 8.881855626165566361e-04 0.000000000000000000e+00
9.990925402646357867e-01 1.927417274764347269e-05 1.438820073361655927e-23 1.221411034963284373e-25 8.881855626165566361e-04 0.000000000000000000e+00
9.990925402646357867e-01 1.927417274764347269e-05 1.438820073361655927e-23 1.221411034963284373e-25 8.881855626165566361e-04 0.000000000000000000e+00
9.990925402646357867e-01 1.927417274764347269e-05 1.438820073361655927e-23 1.221411034963284373e-25 8.881855626165566361e-04 0.000000000000000000e+00
9.990925402646357867e-01 1.927417274764347269e-05 1.438820073361655927e-23 1.221411034963284373e-25 8.881855626165566361e-04 0.000000000000000000e+00
9.990925402646357867e-01 1.927417274764347269e-05 1.438820073361655927e-23 1.221411034963284373e-25 8.881855626165566361e-04 0.000000000000000000e+00
9.990925402646357867e-01 1.927417274764347269e-05 1.438820073361655927e-23 1.221411034963284373e-25 8.881855626165566361e-04 0.000000000000000000e+00
9.990925402646357867e-01 1.927417274764347269e-05 1.438820073361655927e-23 1.221411034963284373e-25 8.881855626165566361e-04 0.000000000000000000e+00
9.990925402646357867e-01 1.927417274764347269e-05 1.438820073361655927e-23 1.221411034963284373e-25 8.881855626165566361e-04 0.000000000000000000e+00
9.990925402646357867e-01 1.927417274764347269e-05 1.438820073361655927e-23 1.221411034963284373e-25 8.881855626165566361e-04 0.000000000000000000e+00
9.990925402646357867e-01 1.927417274764347269e-05 1.438820073361655927e-23 1.221411034963284373e-25 8.881855626165566361e-04 0.000000000000000000e+00
9.990925402646357867e-01 1.927417274764347269e-05 1.438820073361655927e-23 1.221411034963284373e-25 8.881855626165566361e-04 0.000000000000000000e+00
9.990925402646357867e-01 1.927417274764347269e-05 1.438820073361655927e-23 1.221411034963284373e-25 8.881855626165566361e-04 0.000000000000000000e+00
9.990925402646357867e-01 1.927417274764347269e-05 1.438820073361655927e-23 1.221411034963284373e-25 8.881855626165566361e-04 0.000000000000000000e+00
9.990925402646357867e-01 1.927417274764347269e-05 1.438820073361655927e-23 1.221411034963284373e-25 8.881855626165566361e-04 0.000000000000000000e+00
9.990925402646357867e-01 1.927417274764347269e-05 1.438820073361655927e-23 1.221411034963284373e-25 8.881855626165566361e-04 0.000000000000000000e+00
9.990925402646357867e-01 1.927417274764347269e-05 1.438820073361655927e-23 1.221411034963284373e-25 8.881855626165566361e-04 0.000000000000000000e+00
9.990925402646357867e-01 1.927417274764347269e-05 1.438820073361655927e-23 1.221411034963284373e-25 8.881855626165566361e-04 0.000000000000000000e+00
9.990925402646357867e-01 1.927417274764347269e-05 1.438820073361655927e-23 1.221411034963284373e-25 8.881855626165566361e-04 0.000000000000000000e+00
9.990925402646357867e-01 1.927417274764347269e-05 1.438820073361655927e-23 1.221411034963284373e-25 8.881855626165566361e-04 0.000000000000000000e+00
9.990925402646357867e-01 1.927417274764347269e-05 1.438820073361655927e-23 1.221411034963284373e-25 8.881855626165566361e-04 0.000000000000000000e+00
9.990925402646357867e-01 1.927417274764347269e-05 1.438820073361655927e-23 1.221411034963284373e-25 8.881855626165566361e-04 0.000000000000000000e+00
9.990925402646357867e-01 1.927417274764347269e-05 1.438820073361655927e-23 1.221411034963284373e-25 8.881855626165566361e-04 0.000000000000000000e+00
9.990925402646357867e-01 1.927417274764347269e-05 1.438820073361655927e-23 1.221411034963284373e-25 8.881855626165566361e-04 0.000000000000000000e+00
9.990925402646357867e-01 1.927417274764347269e-05 1.438820073361655927e-23 1.221411034963284373e-25 8.881855626165566361e-04 0.000000000000000000e+00
9.990925402646357867e-01 1.927417274764347269e-05 1.438820073361655927e-23 1.221411034963284373e-25 8.881855626165566361e-04 0.000000000000000000e+00
9.990925402646357867e-01 1.927417274764347269e-05 1.438820073361655927e-23 1.221411034963284373e-25 8.881855626165566361e-04 0.000000000000000000e+00
9.990925402646357867e-01 1.927417274764347269e-05 1.438820073361655927e-23 1.221411034963284373e-25 8.881855626165566361e-04 0.000000000000000000e+00
9.990925402646357867e-01 1.927417274764347269e-05 1.438820073361655927e-23 1.221411034963284373e-25 8.881855626165566361e-04 0.000000000000000000e+00
9.990925402646357867e-01 1.927417274764347269e-05 1.438820073361655927e-23 1.221411034963284373e-25 8.881855626165566361e-04 0.000000000000000000e+00
9.990925402646357867e-01 1.927417274764347269e-05 1.438820073361655927e-23 1.221411034963284373e-25 8.881855626165566361e-04 0.000000000000000000e+00
9.990925402646357867e-01 1.927417274764347269e-05 1.438820073361655927e-23 1.221411034963284373e-25 8.881855626165566361e-04 0.000000000000000000e+00
9.990925402646357867e-01 1.927417274764347269e-05 1.438820073361655927e-23 1.221411034963284373e-25 8.881855626165566361e-04 0.000000000000000000e+00
9.990925402646357867e-01 1.927417274764347269e-05 1.438820073361655927e-23 1.221411034963284373e-25 8.881855626165566361e-04 0.000000000000000000e+00
9.990925402646357867e-01 1.927417274764347269e-05 1.438820073361655927e-23 1.221411034963284373e-25 8.881855626165566361e-04 0.000000000000000000e+00
9.990925402646357867e-01 1.927417274764347269e-05 1.438820073361655927e-23 1.221411034963284373e-25 8.881855626165566361e-04 0.000000000000000000e+00
9.990925402646357867e-01 1.927417274764347269e-05 1.438820073361655927e-23 1.221411034963284373e-25 8.881855626165566361e-04 0.000000000000000000e+00
9.990925402646357867e-01 1.927417274764347269e-05 1.438820073361655927e-23 1.221411034963284373e-25 8.881855626165566361e-04 0.000000000000000000e+00
9.990925402646357867e-01 1.927417274764347269e-05 1.438820073361655927e-23 1.221411034963284373e-25 8.881855626165566361e-04 0.000000000000000000e+00
9.990925402646357867e-01 1.927417274764347269e-05 1.438820073361655927e-23 1.221411034963284373e-25 8.881855626165566361e-04 0.000000000000000000e+00
9.990925402646357867e-01 1.927417274764347269e-05 1.438820073361655927e-23 1.221411034963284373e-25 8.881855626165566361e-04 0.000000000000000000e+00
9.990925402646357867e-01 1.927417274764347269e-05 1.438820073361655927e-23 1.221411034963284373e-25 8.881855626165566361e-04 0.000000000000000000e+00
9.990925402646357867e-01 1.927417274764347269e-05 1.438820073361655927e-23 1.221411034963284373e-25 8.881855626165566361e-04 0.000000000000000000e+00
9.990925402646357867e-01 1.927417274764347269e-05 1.438820073361655927e-23 1.221411034963284373e-25 8.881855626165566361e-04 0.000000000000000000e+00
9.990925402646357867e-01 1.927417274764347269e-05 1.438820073361655927e-23 1.221411034963284373e-25 8.881855626165566361e-04 0.000000000000000000e+00
9.990925402646357867e-01 1.927417274764347269e-05 1.438820073361655927e-23 1.221411034963284373e-25 8.881855626165566361e-04 0.000000000000000000e+00
9.990925402646357867e-01 1.927417274764347269e-05 1.438820073361655927e-23 1.221411034963284373e-25 8.881855626165566361e-04 0.000000000000000000e+00
9.990925402646357867e-01 1.927417274764347269e-05 1.438820073361655927e-23 1.221411034963284373e-25 8.881855626165566361e-04 0.000000000000000000e+00
9.990925402646357867e-01 1.927417274764347269e-05 1.438820073361655927e-23 1.221411034963284373e-25 8.881855626165566361e-04 0.000000000000000000e+00
9.990925402646357867e-01 1.927417274764347269e-05 1.438820073361655927e-23 1.221411034963284373e-25 8.881855626165566361e-04 0.000000000000000000e+00
9.990925402646357867e-01 1.927417274764347269e-05 1.438820073361655927e-23 1.221411034963284373e-25 8.881855626165566361e-04 0.000000000000000000e+00
9.990925402646357867e-01 1.927417274764347269e-05 1.438820073361655927e-23 1.221411034963284373e-25 8.881855626165566361e-04 0.000000000000000000e+00
9.990925402646357867e-01 1.927417274764347269e-05 1.438820073361655927e-23 1.221411034963284373e-25 8.881855626165566361e-04 0.000000000000000000e+00
9.990925402646357867e-01 1.927417274764347269e-05 1.438820073361655927e-23 1.221411034963284373e-25 8.881855626165566361e-04 0.000000000000000000e+00
9.990925402646357867e-01 1.927417274764347269e-05 1.438820073361655927e-23 1.221411034963284373e-25 8.881855626165566361e-04 0.000000000000000000e+00
9.990925402646357867e-01 1.927417274764347269e-05 1.438820073361655927e-23 1.221411034963284373e-25 8.881855626165566361e-04 0.000000000000000000e+00
9.990925402646357867e-01 1.927417274764347269e-05 1.438820073361655927e-23 1.221411034963284373e-25 8.881855626165566361e-04 0.000000000000000000e+00
9.990925402646357867e-01 1.927417274764347269e-05 1.438820073361655927e-23 1.221411034963284373e-25 8.881855626165566361e-04 0.000000000000000000e+00
9.990925402646357867e-01 1.927417274764347269e-05 1.438820073361655927e-23 1.221411034963284373e-25 8.881855626165566361e-04 0.000000000000000000e+00
9.990925402646357867e-01 1.927417274764347269e-05 1.438820073361655927e-23 1.221411034963284373e-25 8.881855626165566361e-04 0.000000000000000000e+00
9.990925402646357867e-01 1.927417274764347269e-05 1.438820073361655927e-23 1.221411034963284373e-25 8.881855626165566361e-04 0.000000000000000000e+00
9.990925402646357867e-01 1.927417274764347269e-05 1.438820073361655927e-23 1.221411034963284373e-25 8.881855626165566361e-04 0.000000000000000000e+00
9.990925402646357867e-01 1.927417274764347269e-05 1.438820073361655927e-23 1.221411034963284373e-25 8.881855626165566361e-04 0.000000000000000000e+00
9.990925402646357867e-01 1.927417274764347269e-05 1.438820073361655927e-23 1.221411034963284373e-25 8.881855626165566361e-04 0.000000000000000000e+00
9.990925402646357867e-01 1.927417274764347269e-05 1.438820073361655927e-23 1.221411034963284373e-25 8.881855626165566361e-04 0.000000000000000000e+00
9.990925402646357867e-01 1.927417274764347269e-05 1.438820073361655927e-23 1.221411034963284373e-25 8.881855626165566361e-04 0.000000000000000000e+00
9.990925402646357867e-01 1.927417274764347269e-05 1.438820073361655927e-23 1.221411034963284373e-25 8.881855626165566361e-04 0.000000000000000000e+00
9.990925402646357867e-01 1.927417274764347269e-05 1.438820073361655927e-23 1.221411034963284373e-25 8.881855626165566361e-04 0.000000000000000000e+00
9.990925402646357867e-01 1.927417274764347269e-05 1.438820073361655927e-23 1.221411034963284373e-25 8.881855626165566361e-04 0.000000000000000000e+00
9.990925402646357867e-01 1.927417274764347269e-05 1.438820073361655927e-23 1.221411034963284373e-25 8.881855626165566361e-04 0.000000000000000000e+00
9.990925402646357867e-01 1.927417274764347269e-05 1.438820073361655927e-23 1.221411034963284373e-25 8.881855626165566361e-04 0.000000000000000000e+00
9.990925402646357867e-01 1.927417274764347269e-05 1.438820073361655927e-23 1.221411034963284373e-25 8.881855626165566361e-04 0.000000000000000000e+00
9.990925402646357867e-01 1.927417274764347269e-05 1.438820073361655927e-23 1.221411034963284373e-25 8.881855626165566361e-04 0.000000000000000000e+00
9.990925402646357867e-01 1.927417274764347269e-05 1.438820073361655927e-23 1.221411034963284373e-25 8.881855626165566361e-04 0.000000000000000000e+00
9.990925402646357867e-01 1.927417274764347269e-05 1.438820073361655927e-23 1.221411034963284373e-25 8.881855626165566361e-04 0.000000000000000000e+00
9.990925402646357867e-01 1.927417274764347269e-05 1.438820073361655927e-23 1.221411034963284373e-25 8.881855626165566361e-04 0.000000000000000000e+00
9.990925402646357867e-01 1.927417274764347269e-05 1.438820073361655927e-23 1.221411034963284373e-25 8.881855626165566361e-04 0.000000000000000000e+00
9.990925402646357867e-01 1.927417274764347269e-05 1.438820073361655927e-23 1.221411034963284373e-25 8.881855626165566361e-04 0.000000000000000000e+00
9.990925402646357867e-01 1.927417274764347269e-05 1.438820073361655927e-23 1.221411034963284373e-25 8.881855626165566361e-04 0.000000000000000000e+00
9.990925402646357867e-01 1.927417274764347269e-05 1.438820073361655927e-23 1.221411034963284373e-25 8.881855626165566361e-04 0.000000000000000000e+00
9.990925402646357867e-01 1.927417274764347269e-05 1.438820073361655927e-23 1.221411034963284373e-25 8.881855626165566361e-04 0.000000000000000000e+00
9.990925402646357867e-01 1.927417274764347269e-05 1.438820073361655927e-23 1.221411034963284373e-25 8.881855626165566361e-04 0.000000000000000000e+00
9.990925402646357867e-01 1.927417274764347269e-05 1.438820073361655927e-23 1.221411034963284373e-25 8.881855626165566361e-04 0.000000000000000000e+00
9.990925402646357867e-01 1.927417274764347269e-05 1.438820073361655927e-23 1.221411034963284373e-25 8.881855626165566361e-04 0.000000000000000000e+00
9.990925402646357867e-01 1.927417274764347269e-05 1.438820073361655927e-23 1.221411034963284373e-25 8.881855626165566361e-04 0.000000000000000000e+00
9.990925402646357867e-01 1.927417274764347269e-05 1.438820073361655927e-23 1.221411034963284373e-25 8.881855626165566361e-04 0.000000000000000000e+00
9.990925402646357867e-01 1.927417274764347269e-05 1.438820073361655927e-23 1.221411034963284373e-25 8.881855626165566361e-04 0.000000000000000000e+00
