9.993700189383044608e-01 2.346893196097440954e-05 1.071656523646085059e-13 9.575298303920366857e-18 6.065121296275181612e-04 0.000000000000000000e+00
9.993700189368358577e-01 2.346893201456068517e-05 7.934664863149385317e-14 7.553135985638256855e-18 6.065121310700890504e-04 0.000000000000000000e+00
9.993700189369243425e-01 2.346893204631245720e-05 5.653703326606528545e-14 5.779668382586714125e-18 6.065121309728783994e-04 0.000000000000000000e+00
9.993700189369242315e-01 2.346893204631245720e-05 4.004481607730902789e-14 4.401376691632189829e-18 6.065121309893611997e-04 0.000000000000000000e+00
9.993700189369243425e-01 2.346893204631245720e-05 2.819468307446563931e-14 3.335674020460602750e-18 6.065121310012173842e-04 0.000000000000000000e+00
9.993700189379971510e-01 2.346893204723658031e-05 1.973136761455593977e-14 2.515688545597869254e-18 6.065121299358212405e-04 0.000000000000000000e+00
9.993700189379972620e-01 2.346893204723658031e-05 1.372390723745268204e-14 1.887892258750248263e-18 6.065121299418352015e-04 0.000000000000000000e+00
9.993700189371732545e-01 2.346893208364703355e-05 9.486166959359731926e-15 1.409657603686058577e-18 6.065121307336682720e-04 0.000000000000000000e+00
9.993700189368199815e-01 2.346893209926076456e-05 6.515658257933882740e-15 1.047214094289041316e-18 6.065121310743794552e-04 0.000000000000000000e+00
9.993700189368198705e-01 2.346893209926076456e-05 4.446752987975397343e-15 7.739491473781983274e-19 6.065121310764497392e-04 0.000000000000000000e+00
9.993700189368198705e-01 2.346893209926076456e-05 3.015144720851529455e-15 5.690031791361311413e-19 6.065121310778829461e-04 0.000000000000000000e+00
9.993700189368199815e-01 2.346893209926076456e-05 2.031037118085787294e-15 4.161147822860789074e-19 6.065121310788690280e-04 0.000000000000000000e+00
9.993700189368198705e-01 2.346893209926076456e-05 1.359055549057628786e-15 3.026770263360453386e-19 6.065121310795425344e-04 0.000000000000000000e+00
9.993700189368198705e-01 2.346893209926076456e-05 9.033017228834307643e-16 2.189711604054515663e-19 6.065121310799990919e-04 0.000000000000000000e+00
9.993700189368199815e-01 2.346893209926076456e-05 5.963110069150360090e-16 1.575470546815533900e-19 6.065121310803053790e-04 0.000000000000000000e+00
9.993700189368198705e-01 2.346893209926076456e-05 3.909851352837464216e-16 1.127332053802967562e-19 6.065121310805107269e-04 0.000000000000000000e+00
9.993700189368200926e-01 2.346893209926076456e-05 2.545997422844814085e-16 8.021977682703732692e-20 6.065121310806477701e-04 0.000000000000000000e+00
9.993700189368199815e-01 2.346893209926076456e-05 1.646108659702290437e-16 5.675604794769050067e-20 6.065121310807376504e-04 0.000000000000000000e+00
9.993700189368199815e-01 2.346893209926076456e-05 1.056840815746531697e-16 3.992842912780749114e-20 6.065121310807966310e-04 0.000000000000000000e+00
9.993700189368198705e-01 2.346893209926076456e-05 6.735852719121290246e-17 2.792516502913546198e-20 6.065121310808350118e-04 0.000000000000000000e+00
9.993700189368199815e-01 2.346893209926076456e-05 4.262204219407965334e-17 1.941663970259746395e-20 6.065121310808598400e-04 0.000000000000000000e+00
9.993700189368198705e-01 2.346893209926076456e-05 2.676812058087582125e-17 1.341908083659995022e-20 6.065121310808759946e-04 0.000000000000000000e+00
9.993700189368198705e-01 2.346893209926076456e-05 1.668735155385316518e-17 9.218857239593042594e-21 6.065121310808865114e-04 0.000000000000000000e+00
9.993700189368198705e-01 2.346893209926076456e-05 1.032288105090032162e-17 6.293934579733334495e-21 6.065121310808926913e-04 0.000000000000000000e+00
9.993700189368198705e-01 2.346893209926076456e-05 6.336965695196696257e-18 4.270477772719729102e-21 6.065121310808964860e-04 0.000000000000000000e+00
9.993700189368199815e-01 2.346893209926076456e-05 3.860204349180305681e-18 2.879552816532375838e-21 6.065121310808989797e-04 0.000000000000000000e+00
9.993700189368198705e-01 2.346893209926076456e-05 2.332935306433961550e-18 1.929298200522323274e-21 6.065121310809001723e-04 0.000000000000000000e+00
9.993700189368199815e-01 2.346893209926076456e-05 1.398708367845662017e-18 1.284321637597211125e-21 6.065121310809014734e-04 0.000000000000000000e+00
9.993700189368199815e-01 2.346893209926076456e-05 8.318868534898719435e-19 8.494393839240564554e-22 6.065121310809020155e-04 0.000000000000000000e+00
9.993700189368198705e-01 2.346893209926076456e-05 4.907516764631432875e-19 5.581266474963317225e-22 6.065121310809020155e-04 0.000000000000000000e+00
9.993700189368198705e-01 2.346893209926076456e-05 2.871228290955824580e-19 3.642777199035787013e-22 6.065121310809026660e-04 0.000000000000000000e+00
9.993700189368199815e-01 2.346893209926076456e-05 1.665828484772244103e-19 2.361510443951193993e-22 6.065121310809026660e-04 0.000000000000000000e+00
9.993700189368198705e-01 2.346893209926076456e-05 9.582925636053193688e-20 1.520417294863092473e-22 6.065121310809026660e-04 0.000000000000000000e+00
9.993700189368199815e-01 2.346893209926076456e-05 5.465381410103572322e-20 9.720982049705980144e-23 6.065121310809026660e-04 0.000000000000000000e+00
9.993700189368199815e-01 2.346893209926076456e-05 3.089921218115138321e-20 6.171507692381327772e-23 6.065121310809026660e-04 0.000000000000000000e+00
9.993700189368198705e-01 2.346893209926076456e-05 1.731529889264603628e-20 3.890150587453260200e-23 6.065121310809026660e-04 0.000000000000000000e+00
9.993700189368198705e-01 2.346893209926076456e-05 9.616578927288357749e-21 2.434427271426330653e-23 6.065121310809026660e-04 0.000000000000000000e+00
9.993700189368199815e-01 2.346893209926076456e-05 5.292649976954967025e-21 1.512324429612460328e-23 6.065121310809026660e-04 0.000000000000000000e+00
9.993700189368199815e-01 2.346893209926076456e-05 2.886314372000335078e-21 9.325562093638005839e-24 6.065121310809026660e-04 0.000000000000000000e+00
9.993700189368199815e-01 2.346893209926076456e-05 1.559524350115304586e-21 5.707613382910871441e-24 6.065121310809026660e-04 0.000000000000000000e+00
9.993700189368198705e-01 2.346893209926076456e-05 8.345716531182790710e-22 3.466234365295684907e-24 6.065121310809026660e-04 0.000000000000000000e+00
9.993700189368198705e-01 2.346893209926076456e-05 4.423742229122137551e-22 2.088865863501610178e-24 6.065121310809026660e-04 0.000000000000000000e+00
9.993700189368199815e-01 2.346893209926076456e-05 2.322495552973153696e-22 1.249106260524693373e-24 6.065121310809026660e-04 0.000000000000000000e+00
9.993700189368199815e-01 2.346893209926076456e-05 1.207359793426969198e-22 7.410122770097827879e-25 6.065121310809026660e-04 0.000000000000000000e+00
9.993700189368199815e-01 2.346893209926076456e-05 6.213600063924177324e-23 4.360275946119359502e-25 6.065121310809026660e-04 0.000000000000000000e+00
9.993700189368198705e-01 2.346893209926076456e-05 3.166409707825225680e-23 2.545303598890121765e-25 6.065121310809026660e-04 0.000000000000000000e+00
9.993700189368198705e-01 2.346893209926076456e-05 1.596740013074903816e-23 1.473263640085087050e-25 6.065121310809026660e-04 0.000000000000000000e+00
9.993700189368198705e-01 2.346893209926076456e-05 7.970295395121229719e-24 8.457483017698692411e-26 6.065121310809026660e-04 0.000000000000000000e+00
9.993700189368198705e-01 2.346893209926076456e-05 3.936120463993030623e-24 4.813309581547104718e-26 6.065121310809026660e-04 0.000000000000000000e+00
9.993700189368198705e-01 2.346893209926076456e-05 1.923463277593005465e-24 2.716082975547622322e-26 6.065121310809026660e-04 0.000000000000000000e+00
9.993700189368199815e-01 2.346893209926076456e-05 1.108891641068092325e-24 1.748948741119844516e-26 6.065121310809026660e-04 0.000000000000000000e+00
9.993700189368199815e-01 2.346893209926076456e-05 1.108891641068092325e-24 1.748948741119844516e-26 6.065121310809026660e-04 0.000000000000000000e+00
9.993700189368199815e-01 2.346893209926076456e-05 1.108891641068092325e-24 1.748948741119844516e-26 6.065121310809026660e-04 0.000000000000000000e+00
9.993700189368199815e-01 2.346893209926076456e-05 1.108891641068092325e-24 1.748948741119844516e-26 6.065121310809026660e-04 0.000000000000000000e+00
9.993700189368199815e-01 2.346893209926076456e-05 1.108891641068092325e-24 1.748948741119844516e-26 6.065121310809026660e-04 0.000000000000000000e+00
9.993700189368199815e-01 2.346893209926076456e-05 1.108891641068092325e-24 1.748948741119844516e-26 6.065121310809026660e-04 0.000000000000000000e+00
9.993700189368199815e-01 2.346893209926076456e-05 1.108891641068092325e-24 1.748948741119844516e-26 6.065121310809026660e-04 0.000000000000000000e+00
9.993700189368199815e-01 2.346893209926076456e-05 1.108891641068092325e-24 1.748948741119844516e-26 6.065121310809026660e-04 0.000000000000000000e+00
9.993700189368199815e-01 2.346893209926076456e-05 1.108891641068092325e-24 1.748948741119844516e-26 6.065121310809026660e-04 0.000000000000000000e+00
9.993700189368199815e-01 2.346893209926076456e-05 1.108891641068092325e-24 1.748948741119844516e-26 6.065121310809026660e-04 0.000000000000000000e+00
9.993700189368199815e-01 2.346893209926076456e-05 1.108891641068092325e-24 1.748948741119844516e-26 6.065121310809026660e-04 0.000000000000000000e+00
9.993700189368199815e-01 2.346893209926076456e-05 1.108891641068092325e-24 1.748948741119844516e-26 6.065121310809026660e-04 0.000000000000000000e+00
9.993700189368199815e-01 2.346893209926076456e-05 1.108891641068092325e-24 1.748948741119844516e-26 6.065121310809026660e-04 0.000000000000000000e+00
9.993700189368199815e-01 2.346893209926076456e-05 1.108891641068092325e-24 1.748948741119844516e-26 6.065121310809026660e-04 0.000000000000000000e+00
9.993700189368199815e-01 2.346893209926076456e-05 1.108891641068092325e-24 1.748948741119844516e-26 6.065121310809026660e-04 0.000000000000000000e+00
9.993700189368199815e-01 2.346893209926076456e-05 1.108891641068092325e-24 1.748948741119844516e-26 6.065121310809026660e-04 0.000000000000000000e+00
9.993700189368199815e-01 2.346893209926076456e-05 1.108891641068092325e-24 1.748948741119844516e-26 6.065121310809026660e-04 0.000000000000000000e+00
9.993700189368199815e-01 2.346893209926076456e-05 1.108891641068092325e-24 1.748948741119844516e-26 6.065121310809026660e-04 0.000000000000000000e+00
9.993700189368199815e-01 2.346893209926076456e-05 1.108891641068092325e-24 1.748948741119844516e-26 6.065121310809026660e-04 0.000000000000000000e+00
9.993700189368199815e-01 2.346893209926076456e-05 1.108891641068092325e-24 1.748948741119844516e-26 6.065121310809026660e-04 0.000000000000000000e+00
9.993700189368199815e-01 2.346893209926076456e-05 1.108891641068092325e-24 1.748948741119844516e-26 6.065121310809026660e-04 0.000000000000000000e+00
9.993700189368199815e-01 2.346893209926076456e-05 1.108891641068092325e-24 1.748948741119844516e-26 6.065121310809026660e-04 0.000000000000000000e+00
9.993700189368199815e-01 2.346893209926076456e-05 1.108891641068092325e-24 1.748948741119844516e-26 6.065121310809026660e-04 0.000000000000000000e+00
9.993700189368199815e-01 2.346893209926076456e-05 1.108891641068092325e-24 1.748948741119844516e-26 6.065121310809026660e-04 0.000000000000000000e+00
9.993700189368199815e-01 2.346893209926076456e-05 1.108891641068092325e-24 1.748948741119844516e-26 6.065121310809026660e-04 0.000000000000000000e+00
9.993700189368199815e-01 2.346893209926076456e-05 1.108891641068092325e-24 1.748948741119844516e-26 6.065121310809026660e-04 0.000000000000000000e+00
9.993700189368199815e-01 2.346893209926076456e-05 1.108891641068092325e-24 1.748948741119844516e-26 6.065121310809026660e-04 0.000000000000000000e+00
9.993700189368199815e-01 2.346893209926076456e-05 1.108891641068092325e-24 1.748948741119844516e-26 6.065121310809026660e-04 0.000000000000000000e+00
9.993700189368199815e-01 2.346893209926076456e-05 1.108891641068092325e-24 1.748948741119844516e-26 6.065121310809026660e-04 0.000000000000000000e+00
9.993700189368199815e-01 2.346893209926076456e-05 1.108891641068092325e-24 1.748948741119844516e-26 6.065121310809026660e-04 0.000000000000000000e+00
9.993700189368199815e-01 2.346893209926076456e-05 1.108891641068092325e-24 1.748948741119844516e-26 6.065121310809026660e-04 0.000000000000000000e+00
9.993700189368199815e-01 2.346893209926076456e-05 1.108891641068092325e-24 1.748948741119844516e-26 6.065121310809026660e-04 0.000000000000000000e+00
9.993700189368199815e-01 2.346893209926076456e-05 1.108891641068092325e-24 1.748948741119844516e-26 6.065121310809026660e-04 0.000000000000000000e+00
9.993700189368199815e-01 2.346893209926076456e-05 1.108891641068092325e-24 1.748948741119844516e-26 6.065121310809026660e-04 0.000000000000000000e+00
9.993700189368199815e-01 2.346893209926076456e-05 1.108891641068092325e-24 1.748948741119844516e-26 6.065121310809026660e-04 0.000000000000000000e+00
9.993700189368199815e-01 2.346893209926076456e-05 1.108891641068092325e-24 1.748948741119844516e-26 6.065121310809026660e-04 0.000000000000000000e+00
9.993700189368199815e-01 2.346893209926076456e-05 1.108891641068092325e-24 1.748948741119844516e-26 6.065121310809026660e-04 0.000000000000000000e+00
9.993700189368199815e-01 2.346893209926076456e-05 1.108891641068092325e-24 1.748948741119844516e-26 6.065121310809026660e-04 0.000000000000000000e+00
9.993700189368199815e-01 2.346893209926076456e-05 1.108891641068092325e-24 1.748948741119844516e-26 6.065121310809026660e-04 0.000000000000000000e+00
9.993700189368199815e-01 2.346893209926076456e-05 1.108891641068092325e-24 1.748948741119844516e-26 6.065121310809026660e-04 0.000000000000000000e+00
9.993700189368199815e-01 2.346893209926076456e-05 1.108891641068092325e-24 1.748948741119844516e-26 6.065121310809026660e-04 0.000000000000000000e+00
9.993700189368199815e-01 2.346893209926076456e-05 1.108891641068092325e-24 1.748948741119844516e-26 6.065121310809026660e-04 0.000000000000000000e+00
9.993700189368199815e-01 2.346893209926076456e-05 1.108891641068092325e-24 1.748948741119844516e-26 6.065121310809026660e-04 0.000000000000000000e+00
9.993700189368199815e-01 2.346893209926076456e-05 1.108891641068092325e-24 1.748948741119844516e-26 6.065121310809026660e-04 0.000000000000000000e+00
9.993700189368199815e-01 2.346893209926076456e-05 1.108891641068092325e-24 1.748948741119844516e-26 6.065121310809026660e-04 0.000000000000000000e+00
9.993700189368199815e-01 2.346893209926076456e-05 1.108891641068092325e-24 1.748948741119844516e-26 6.065121310809026660e-04 0.000000000000000000e+00
9.993700189368199815e-01 2.346893209926076456e-05 1.108891641068092325e-24 1.748948741119844516e-26 6.065121310809026660e-04 0.000000000000000000e+00
9.993700189368199815e-01 2.346893209926076456e-05 1.108891641068092325e-24 1.748948741119844516e-26 6.065121310809026660e-04 0.000000000000000000e+00
9.993700189368199815e-01 2.346893209926076456e-05 1.108891641068092325e-24 1.748948741119844516e-26 6.065121310809026660e-04 0.000000000000000000e+00
9.993700189368199815e-01 2.346893209926076456e-05 1.108891641068092325e-24 1.748948741119844516e-26 6.065121310809026660e-04 0.000000000000000000e+00
9.993700189368199815e-01 2.346893209926076456e-05 1.108891641068092325e-24 1.748948741119844516e-26 6.065121310809026660e-04 0.000000000000000000e+00
9.993700189368199815e-01 2.346893209926076456e-05 1.108891641068092325e-24 1.748948741119844516e-26 6.065121310809026660e-04 0.000000000000000000e+00
9.993700189368199815e-01 2.346893209926076456e-05 1.108891641068092325e-24 1.748948741119844516e-26 6.065121310809026660e-04 0.000000000000000000e+00
9.993700189368199815e-01 2.346893209926076456e-05 1.108891641068092325e-24 1.748948741119844516e-26 6.065121310809026660e-04 0.000000000000000000e+00
9.993700189368199815e-01 2.346893209926076456e-05 1.108891641068092325e-24 1.748948741119844516e-26 6.065121310809026660e-04 0.000000000000000000e+00
9.993700189368199815e-01 2.346893209926076456e-05 1.108891641068092325e-24 1.748948741119844516e-26 6.065121310809026660e-04 0.000000000000000000e+00
9.993700189368199815e-01 2.346893209926076456e-05 1.108891641068092325e-24 1.748948741119844516e-26 6.065121310809026660e-04 0.000000000000000000e+00
9.993700189368199815e-01 2.346893209926076456e-05 1.108891641068092325e-24 1.748948741119844516e-26 6.065121310809026660e-04 0.000000000000000000e+00
9.993700189368199815e-01 2.346893209926076456e-05 1.108891641068092325e-24 1.748948741119844516e-26 6.065121310809026660e-04 0.000000000000000000e+00
9.993700189368199815e-01 2.346893209926076456e-05 1.108891641068092325e-24 1.748948741119844516e-26 6.065121310809026660e-04 0.000000000000000000e+00
9.993700189368199815e-01 2.346893209926076456e-05 1.108891641068092325e-24 1.748948741119844516e-26 6.065121310809026660e-04 0.000000000000000000e+00
9.993700189368199815e-01 2.346893209926076456e-05 1.108891641068092325e-24 1.748948741119844516e-26 6.065121310809026660e-04 0.000000000000000000e+00
9.993700189368199815e-01 2.346893209926076456e-05 1.108891641068092325e-24 1.748948741119844516e-26 6.065121310809026660e-04 0.000000000000000000e+00
9.993700189368199815e-01 2.346893209926076456e-05 1.108891641068092325e-24 1.748948741119844516e-26 6.065121310809026660e-04 0.000000000000000000e+00
9.993700189368199815e-01 2.346893209926076456e-05 1.108891641068092325e-24 1.748948741119844516e-26 6.065121310809026660e-04 0.000000000000000000e+00
9.993700189368199815e-01 2.346893209926076456e-05 1.108891641068092325e-24 1.748948741119844516e-26 6.065121310809026660e-04 0.000000000000000000e+00
9.993700189368199815e-01 2.346893209926076456e-05 1.108891641068092325e-24 1.748948741119844516e-26 6.065121310809026660e-04 0.000000000000000000e+00
9.993700189368199815e-01 2.346893209926076456e-05 1.108891641068092325e-24 1.748948741119844516e-26 6.065121310809026660e-04 0.000000000000000000e+00
9.993700189368199815e-01 2.346893209926076456e-05 1.108891641068092325e-24 1.748948741119844516e-26 6.065121310809026660e-04 0.000000000000000000e+00
9.993700189368199815e-01 2.346893209926076456e-05 1.108891641068092325e-24 1.748948741119844516e-26 6.065121310809026660e-04 0.000000000000000000e+00
9.993700189368199815e-01 2.346893209926076456e-05 1.108891641068092325e-24 1.748948741119844516e-26 6.065121310809026660e-04 0.000000000000000000e+00
9.993700189368199815e-01 2.346893209926076456e-05 1.108891641068092325e-24 1.748948741119844516e-26 6.065121310809026660e-04 0.000000000000000000e+00
9.993700189368199815e-01 2.346893209926076456e-05 1.108891641068092325e-24 1.748948741119844516e-26 6.065121310809026660e-04 0.000000000000000000e+00
9.993700189368199815e-01 2.346893209926076456e-05 1.108891641068092325e-24 1.748948741119844516e-26 6.065121310809026660e-04 0.000000000000000000e+00
9.993700189368199815e-01 2.346893209926076456e-05 1.108891641068092325e-24 1.748948741119844516e-26 6.065121310809026660e-04 0.000000000000000000e+00
9.993700189368199815e-01 2.346893209926076456e-05 1.108891641068092325e-24 1.748948741119844516e-26 6.065121310809026660e-04 0.000000000000000000e+00
9.993700189368199815e-01 2.346893209926076456e-05 1.108891641068092325e-24 1.748948741119844516e-26 6.065121310809026660e-04 0.000000000000000000e+00
9.993700189368199815e-01 2.346893209926076456e-05 1.108891641068092325e-24 1.748948741119844516e-26 6.065121310809026660e-04 0.000000000000000000e+00
9.993700189368199815e-01 2.346893209926076456e-05 1.108891641068092325e-24 1.748948741119844516e-26 6.065121310809026660e-04 0.000000000000000000e+00
9.993700189368199815e-01 2.346893209926076456e-05 1.108891641068092325e-24 1.748948741119844516e-26 6.065121310809026660e-04 0.000000000000000000e+00
9.993700189368199815e-01 2.346893209926076456e-05 1.108891641068092325e-24 1.748948741119844516e-26 6.065121310809026660e-04 0.000000000000000000e+00
9.993700189368199815e-01 2.346893209926076456e-05 1.108891641068092325e-24 1.748948741119844516e-26 6.065121310809026660e-04 0.000000000000000000e+00
9.993700189368199815e-01 2.346893209926076456e-05 1.108891641068092325e-24 1.748948741119844516e-26 6.065121310809026660e-04 0.000000000000000000e+00
9.993700189368199815e-01 2.346893209926076456e-05 1.108891641068092325e-24 1.748948741119844516e-26 6.065121310809026660e-04 0.000000000000000000e+00
9.993700189368199815e-01 2.346893209926076456e-05 1.108891641068092325e-24 1.748948741119844516e-26 6.065121310809026660e-04 0.000000000000000000e+00
9.993700189368199815e-01 2.346893209926076456e-05 1.108891641068092325e-24 1.748948741119844516e-26 6.065121310809026660e-04 0.000000000000000000e+00
9.993700189368199815e-01 2.346893209926076456e-05 1.108891641068092325e-24 1.748948741119844516e-26 6.065121310809026660e-04 0.000000000000000000e+00
9.993700189368199815e-01 2.346893209926076456e-05 1.108891641068092325e-24 1.748948741119844516e-26 6.065121310809026660e-04 0.000000000000000000e+00
9.993700189368199815e-01 2.346893209926076456e-05 1.108891641068092325e-24 1.748948741119844516e-26 6.065121310809026660e-04 0.000000000000000000e+00
9.993700189368199815e-01 2.346893209926076456e-05 1.108891641068092325e-24 1.748948741119844516e-26 6.065121310809026660e-04 0.000000000000000000e+00
9.993700189368199815e-01 2.346893209926076456e-05 1.108891641068092325e-24 1.748948741119844516e-26 6.065121310809026660e-04 0.000000000000000000e+00
9.993700189368199815e-01 2.346893209926076456e-05 1.108891641068092325e-24 1.748948741119844516e-26 6.065121310809026660e-04 0.000000000000000000e+00
9.993700189368199815e-01 2.346893209926076456e-05 1.108891641068092325e-24 1.748948741119844516e-26 6.065121310809026660e-04 0.000000000000000000e+00
9.993700189368199815e-01 2.346893209926076456e-05 1.108891641068092325e-24 1.748948741119844516e-26 6.065121310809026660e-04 0.000000000000000000e+00
9.993700189368199815e-01 2.346893209926076456e-05 1.108891641068092325e-24 1.748948741119844516e-26 6.065121310809026660e-04 0.000000000000000000e+00
9.993700189368199815e-01 2.346893209926076456e-05 1.108891641068092325e-24 1.748948741119844516e-26 6.065121310809026660e-04 0.000000000000000000e+00
9.993700189368199815e-01 2.346893209926076456e-05 1.108891641068092325e-24 1.748948741119844516e-26 6.065121310809026660e-04 0.000000000000000000e+00
9.993700189368199815e-01 2.346893209926076456e-05 1.108891641068092325e-24 1.748948741119844516e-26 6.065121310809026660e-04 0.000000000000000000e+00
9.993700189368199815e-01 2.346893209926076456e-05 1.108891641068092325e-24 1.748948741119844516e-26 6.065121310809026660e-04 0.000000000000000000e+00
9.993700189368199815e-01 2.346893209926076456e-05 1.108891641068092325e-24 1.748948741119844516e-26 6.065121310809026660e-04 0.000000000000000000e+00
9.993700189368199815e-01 2.346893209926076456e-05 1.108891641068092325e-24 1.748948741119844516e-26 6.065121310809026660e-04 0.000000000000000000e+00
9.993700189368199815e-01 2.346893209926076456e-05 1.108891641068092325e-24 1.748948741119844516e-26 6.065121310809026660e-04 0.000000000000000000e+00
9.993700189368199815e-01 2.346893209926076456e-05 1.108891641068092325e-24 1.748948741119844516e-26 6.065121310809026660e-04 0.000000000000000000e+00
9.993700189368199815e-01 2.346893209926076456e-05 1.108891641068092325e-24 1.748948741119844516e-26 6.065121310809026660e-04 0.000000000000000000e+00
9.993700189368199815e-01 2.346893209926076456e-05 1.108891641068092325e-24 1.748948741119844516e-26 6.065121310809026660e-04 0.000000000000000000e+00
9.993700189368199815e-01 2.346893209926076456e-05 1.108891641068092325e-24 1.748948741119844516e-26 6.065121310809026660e-04 0.000000000000000000e+00
9.993700189368199815e-01 2.346893209926076456e-05 1.108891641068092325e-24 1.748948741119844516e-26 6.065121310809026660e-04 0.000000000000000000e+00
9.993700189368199815e-01 2.346893209926076456e-05 1.108891641068092325e-24 1.748948741119844516e-26 6.065121310809026660e-04 0.000000000000000000e+00
9.993700189368199815e-01 2.346893209926076456e-05 1.108891641068092325e-24 1.748948741119844516e-26 6.065121310809026660e-04 0.000000000000000000e+00
9.993700189368199815e-01 2.346893209926076456e-05 1.108891641068092325e-24 1.748948741119844516e-26 6.065121310809026660e-04 0.000000000000000000e+00
9.993700189368199815e-01 2.346893209926076456e-05 1.108891641068092325e-24 1.748948741119844516e-26 6.065121310809026660e-04 0.000000000000000000e+00
9.993700189368199815e-01 2.346893209926076456e-05 1.108891641068092325e-24 1.748948741119844516e-26 6.065121310809026660e-04 0.000000000000000000e+00
9.993700189368199815e-01 2.346893209926076456e-05 1.108891641068092325e-24 1.748948741119844516e-26 6.065121310809026660e-04 0.000000000000000000e+00
9.993700189368199815e-01 2.346893209926076456e-05 1.108891641068092325e-24 1.748948741119844516e-26 6.065121310809026660e-04 0.000000000000000000e+00
9.993700189368199815e-01 2.346893209926076456e-05 1.108891641068092325e-24 1.748948741119844516e-26 6.065121310809026660e-04 0.000000000000000000e+00
9.993700189368199815e-01 2.346893209926076456e-05 1.108891641068092325e-24 1.748948741119844516e-26 6.065121310809026660e-04 0.000000000000000000e+00
9.993700189368199815e-01 2.346893209926076456e-05 1.108891641068092325e-24 1.748948741119844516e-26 6.065121310809026660e-04 0.000000000000000000e+00
9.993700189368199815e-01 2.346893209926076456e-05 1.108891641068092325e-24 1.748948741119844516e-26 6.065121310809026660e-04 0.000000000000000000e+00
9.993700189368199815e-01 2.346893209926076456e-05 1.108891641068092325e-24 1.748948741119844516e-26 6.065121310809026660e-04 0.000000000000000000e+00
9.993700189368199815e-01 2.346893209926076456e-05 1.108891641068092325e-24 1.748948741119844516e-26 6.065121310809026660e-04 0.000000000000000000e+00
9.993700189368199815e-01 2.346893209926076456e-05 1.108891641068092325e-24 1.748948741119844516e-26 6.065121310809026660e-04 0.000000000000000000e+00
9.993700189368199815e-01 2.346893209926076456e-05 1.108891641068092325e-24 1.748948741119844516e-26 6.065121310809026660e-04 0.000000000000000000e+00
9.993700189368199815e-01 2.346893209926076456e-05 1.108891641068092325e-24 1.748948741119844516e-26 6.065121310809026660e-04 0.000000000000000000e+00
9.993700189368199815e-01 2.346893209926076456e-05 1.108891641068092325e-24 1.748948741119844516e-26 6.065121310809026660e-04 0.000000000000000000e+00
9.993700189368199815e-01 2.346893209926076456e-05 1.108891641068092325e-24 1.748948741119844516e-26 6.065121310809026660e-04 0.000000000000000000e+00
9.993700189368199815e-01 2.346893209926076456e-05 1.108891641068092325e-24 1.748948741119844516e-26 6.065121310809026660e-04 0.000000000000000000e+00
9.993700189368199815e-01 2.346893209926076456e-05 1.108891641068092325e-24 1.748948741119844516e-26 6.065121310809026660e-04 0.000000000000000000e+00
9.993700189368199815e-01 2.346893209926076456e-05 1.108891641068092325e-24 1.748948741119844516e-26 6.065121310809026660e-04 0.000000000000000000e+00
9.993700189368199815e-01 2.346893209926076456e-05 1.108891641068092325e-24 1.748948741119844516e-26 6.065121310809026660e-04 0.000000000000000000e+00
9.993700189368199815e-01 2.346893209926076456e-05 1.108891641068092325e-24 1.748948741119844516e-26 6.065121310809026660e-04 0.000000000000000000e+00
9.993700189368199815e-01 2.346893209926076456e-05 1.108891641068092325e-24 1.748948741119844516e-26 6.065121310809026660e-04 0.000000000000000000e+00
9.993700189368199815e-01 2.346893209926076456e-05 1.108891641068092325e-24 1.748948741119844516e-26 6.065121310809026660e-04 0.000000000000000000e+00
9.993700189368199815e-01 2.346893209926076456e-05 1.108891641068092325e-24 1.748948741119844516e-26 6.065121310809026660e-04 0.000000000000000000e+00
9.993700189368199815e-01 2.346893209926076456e-05 1.108891641068092325e-24 1.748948741119844516e-26 6.065121310809026660e-04 0.000000000000000000e+00
9.993700189368199815e-01 2.346893209926076456e-05 1.108891641068092325e-24 1.748948741119844516e-26 6.065121310809026660e-04 0.000000000000000000e+00
9.993700189368199815e-01 2.346893209926076456e-05 1.108891641068092325e-24 1.748948741119844516e-26 6.065121310809026660e-04 0.000000000000000000e+00
9.993700189368199815e-01 2.346893209926076456e-05 1.108891641068092325e-24 1.748948741119844516e-26 6.065121310809026660e-04 0.000000000000000000e+00
9.993700189368199815e-01 2.346893209926076456e-05 1.108891641068092325e-24 1.748948741119844516e-26 6.065121310809026660e-04 0.000000000000000000e+00
9.993700189368199815e-01 2.346893209926076456e-05 1.108891641068092325e-24 1.748948741119844516e-26 6.065121310809026660e-04 0.000000000000000000e+00
9.993700189368199815e-01 2.346893209926076456e-05 1.108891641068092325e-24 1.748948741119844516e-26 6.065121310809026660e-04 0.000000000000000000e+00
9.993700189368199815e-01 2.346893209926076456e-05 1.108891641068092325e-24 1.748948741119844516e-26 6.065121310809026660e-04 0.000000000000000000e+00
9.993700189368199815e-01 2.346893209926076456e-05 1.108891641068092325e-24 1.748948741119844516e-26 6.065121310809026660e-04 0.000000000000000000e+00
9.993700189368199815e-01 2.346893209926076456e-05 1.108891641068092325e-24 1.748948741119844516e-26 6.065121310809026660e-04 0.000000000000000000e+00
9.993700189368199815e-01 2.346893209926076456e-05 1.108891641068092325e-24 1.748948741119844516e-26 6.065121310809026660e-04 0.000000000000000000e+00
9.993700189368199815e-01 2.346893209926076456e-05 1.108891641068092325e-24 1.748948741119844516e-26 6.065121310809026660e-04 0.000000000000000000e+00
9.993700189368199815e-01 2.346893209926076456e-05 1.108891641068092325e-24 1.748948741119844516e-26 6.065121310809026660e-04 0.000000000000000000e+00
9.993700189368199815e-01 2.346893209926076456e-05 1.108891641068092325e-24 1.748948741119844516e-26 6.065121310809026660e-04 0.000000000000000000e+00
9.993700189368199815e-01 2.346893209926076456e-05 1.108891641068092325e-24 1.748948741119844516e-26 6.065121310809026660e-04 0.000000000000000000e+00
9.993700189368199815e-01 2.346893209926076456e-05 1.108891641068092325e-24 1.748948741119844516e-26 6.065121310809026660e-04 0.000000000000000000e+00
9.993700189368199815e-01 2.346893209926076456e-05 1.108891641068092325e-24 1.748948741119844516e-26 6.065121310809026660e-04 0.000000000000000000e+00
9.993700189368199815e-01 2.346893209926076456e-05 1.108891641068092325e-24 1.748948741119844516e-26 6.065121310809026660e-04 0.000000000000000000e+00
9.993700189368199815e-01 2.346893209926076456e-05 1.108891641068092325e-24 1.748948741119844516e-26 6.065121310809026660e-04 0.000000000000000000e+00
9.993700189368199815e-01 2.346893209926076456e-05 1.108891641068092325e-24 1.748948741119844516e-26 6.065121310809026660e-04 0.000000000000000000e+00
9.993700189368199815e-01 2.346893209926076456e-05 1.108891641068092325e-24 1.748948741119844516e-26 6.065121310809026660e-04 0.000000000000000000e+00
9.993700189368199815e-01 2.346893209926076456e-05 1.108891641068092325e-24 1.748948741119844516e-26 6.065121310809026660e-04 0.000000000000000000e+00
9.993700189368199815e-01 2.346893209926076456e-05 1.108891641068092325e-24 1.748948741119844516e-26 6.065121310809026660e-04 0.000000000000000000e+00
9.993700189368199815e-01 2.346893209926076456e-05 1.108891641068092325e-24 1.748948741119844516e-26 6.065121310809026660e-04 0.000000000000000000e+00
9.993700189368199815e-01 2.346893209926076456e-05 1.108891641068092325e-24 1.748948741119844516e-26 6.065121310809026660e-04 0.000000000000000000e+00
9.993700189368199815e-01 2.346893209926076456e-05 1.108891641068092325e-24 1.748948741119844516e-26 6.065121310809026660e-04 0.000000000000000000e+00
9.993700189368199815e-01 2.346893209926076456e-05 1.108891641068092325e-24 1.748948741119844516e-26 6.065121310809026660e-04 0.000000000000000000e+00
9.993700189368199815e-01 2.346893209926076456e-05 1.108891641068092325e-24 1.748948741119844516e-26 6.065121310809026660e-04 0.000000000000000000e+00
9.993700189368199815e-01 2.346893209926076456e-05 1.108891641068092325e-24 1.748948741119844516e-26 6.065121310809026660e-04 0.000000000000000000e+00
9.993700189368199815e-01 2.346893209926076456e-05 1.108891641068092325e-24 1.748948741119844516e-26 6.065121310809026660e-04 0.000000000000000000e+00
9.993700189368199815e-01 2.346893209926076456e-05 1.108891641068092325e-24 1.748948741119844516e-26 6.065121310809026660e-04 0.000000000000000000e+00
9.993700189368199815e-01 2.346893209926076456e-05 1.108891641068092325e-24 1.748948741119844516e-26 6.065121310809026660e-04 0.000000000000000000e+00
9.993700189368199815e-01 2.346893209926076456e-05 1.108891641068092325e-24 1.748948741119844516e-26 6.065121310809026660e-04 0.000000000000000000e+00
9.993700189368199815e-01 2.346893209926076456e-05 1.108891641068092325e-24 1.748948741119844516e-26 6.065121310809026660e-04 0.000000000000000000e+00
9.993700189368199815e-01 2.346893209926076456e-05 1.108891641068092325e-24 1.748948741119844516e-26 6.065121310809026660e-04 0.000000000000000000e+00
9.993700189368199815e-01 2.346893209926076456e-05 1.108891641068092325e-24 1.748948741119844516e-26 6.065121310809026660e-04 0.000000000000000000e+00
9.993700189368199815e-01 2.346893209926076456e-05 1.108891641068092325e-24 1.748948741119844516e-26 6.065121310809026660e-04 0.000000000000000000e+00
9.993700189368199815e-01 2.346893209926076456e-05 1.108891641068092325e-24 1.748948741119844516e-26 6.065121310809026660e-04 0.000000000000000000e+00
9.993700189368199815e-01 2.346893209926076456e-05 1.108891641068092325e-24 1.748948741119844516e-26 6.065121310809026660e-04 0.000000000000000000e+00
9.993700189368199815e-01 2.346893209926076456e-05 1.108891641068092325e-24 1.748948741119844516e-26 6.065121310809026660e-04 0.000000000000000000e+00
9.993700189368199815e-01 2.346893209926076456e-05 1.108891641068092325e-24 1.748948741119844516e-26 6.065121310809026660e-04 0.000000000000000000e+00
9.993700189368199815e-01 2.346893209926076456e-05 1.108891641068092325e-24 1.748948741119844516e-26 6.065121310809026660e-04 0.000000000000000000e+00
9.993700189368199815e-01 2.346893209926076456e-05 1.108891641068092325e-24 1.748948741119844516e-26 6.065121310809026660e-04 0.000000000000000000e+00
9.993700189368199815e-01 2.346893209926076456e-05 1.108891641068092325e-24 1.748948741119844516e-26 6.065121310809026660e-04 0.000000000000000000e+00
9.993700189368199815e-01 2.346893209926076456e-05 1.108891641068092325e-24 1.748948741119844516e-26 6.065121310809026660e-04 0.000000000000000000e+00
9.993700189368199815e-01 2.346893209926076456e-05 1.108891641068092325e-24 1.748948741119844516e-26 6.065121310809026660e-04 0.000000000000000000e+00
9.993700189368199815e-01 2.346893209926076456e-05 1.108891641068092325e-24 1.748948741119844516e-26 6.065121310809026660e-04 0.000000000000000000e+00
9.993700189368199815e-01 2.346893209926076456e-05 1.108891641068092325e-24 1.748948741119844516e-26 6.065121310809026660e-04 0.000000000000000000e+00
9.993700189368199815e-01 2.346893209926076456e-05 1.108891641068092325e-24 1.748948741119844516e-26 6.065121310809026660e-04 0.000000000000000000e+00
9.993700189368199815e-01 2.346893209926076456e-05 1.108891641068092325e-24 1.748948741119844516e-26 6.065121310809026660e-04 0.000000000000000000e+00
9.993700189368199815e-01 2.346893209926076456e-05 1.108891641068092325e-24 1.748948741119844516e-26 6.065121310809026660e-04 0.000000000000000000e+00
9.993700189368199815e-01 2.346893209926076456e-05 1.108891641068092325e-24 1.748948741119844516e-26 6.065121310809026660e-04 0.000000000000000000e+00
9.993700189368199815e-01 2.346893209926076456e-05 1.108891641068092325e-24 1.748948741119844516e-26 6.065121310809026660e-04 0.000000000000000000e+00
9.993700189368199815e-01 2.346893209926076456e-05 1.108891641068092325e-24 1.748948741119844516e-26 6.065121310809026660e-04 0.000000000000000000e+00
9.993700189368199815e-01 2.346893209926076456e-05 1.108891641068092325e-24 1.748948741119844516e-26 6.065121310809026660e-04 0.000000000000000000e+00
9.993700189368199815e-01 2.346893209926076456e-05 1.108891641068092325e-24 1.748948741119844516e-26 6.065121310809026660e-04 0.000000000000000000e+00
9.993700189368199815e-01 2.346893209926076456e-05 1.108891641068092325e-24 1.748948741119844516e-26 6.065121310809026660e-04 0.000000000000000000e+00
9.993700189368199815e-01 2.346893209926076456e-05 1.108891641068092325e-24 1.748948741119844516e-26 6.065121310809026660e-04 0.000000000000000000e+00
9.993700189368199815e-01 2.346893209926076456e-05 1.108891641068092325e-24 1.748948741119844516e-26 6.065121310809026660e-04 0.000000000000000000e+00
9.993700189368199815e-01 2.346893209926076456e-05 1.108891641068092325e-24 1.748948741119844516e-26 6.065121310809026660e-04 0.000000000000000000e+00
9.993700189368199815e-01 2.346893209926076456e-05 1.108891641068092325e-24 1.748948741119844516e-26 6.065121310809026660e-04 0.000000000000000000e+00
9.993700189368199815e-01 2.346893209926076456e-05 1.108891641068092325e-24 1.748948741119844516e-26 6.065121310809026660e-04 0.000000000000000000e+00
9.993700189368199815e-01 2.346893209926076456e-05 1.108891641068092325e-24 1.748948741119844516e-26 6.065121310809026660e-04 0.000000000000000000e+00
9.993700189368199815e-01 2.346893209926076456e-05 1.108891641068092325e-24 1.748948741119844516e-26 6.065121310809026660e-04 0.000000000000000000e+00
9.993700189368199815e-01 2.346893209926076456e-05 1.108891641068092325e-24 1.748948741119844516e-26 6.065121310809026660e-04 0.000000000000000000e+00
9.993700189368199815e-01 2.346893209926076456e-05 1.108891641068092325e-24 1.748948741119844516e-26 6.065121310809026660e-04 0.000000000000000000e+00
9.993700189368199815e-01 2.346893209926076456e-05 1.108891641068092325e-24 1.748948741119844516e-26 6.065121310809026660e-04 0.000000000000000000e+00
9.993700189368199815e-01 2.346893209926076456e-05 1.108891641068092325e-24 1.748948741119844516e-26 6.065121310809026660e-04 0.000000000000000000e+00
9.993700189368199815e-01 2.346893209926076456e-05 1.108891641068092325e-24 1.748948741119844516e-26 6.065121310809026660e-04 0.000000000000000000e+00
9.993700189368199815e-01 2.346893209926076456e-05 1.108891641068092325e-24 1.748948741119844516e-26 6.065121310809026660e-04 0.000000000000000000e+00
9.993700189368199815e-01 2.346893209926076456e-05 1.108891641068092325e-24 1.748948741119844516e-26 6.065121310809026660e-04 0.000000000000000000e+00
9.993700189368199815e-01 2.346893209926076456e-05 1.108891641068092325e-24 1.748948741119844516e-26 6.065121310809026660e-04 0.000000000000000000e+00
9.993700189368199815e-01 2.346893209926076456e-05 1.108891641068092325e-24 1.748948741119844516e-26 6.065121310809026660e-04 0.000000000000000000e+00
9.993700189368199815e-01 2.346893209926076456e-05 1.108891641068092325e-24 1.748948741119844516e-26 6.065121310809026660e-04 0.000000000000000000e+00
9.993700189368199815e-01 2.346893209926076456e-05 1.108891641068092325e-24 1.748948741119844516e-26 6.065121310809026660e-04 0.000000000000000000e+00
9.993700189368199815e-01 2.346893209926076456e-05 1.108891641068092325e-24 1.748948741119844516e-26 6.065121310809026660e-04 0.000000000000000000e+00
9.993700189368199815e-01 2.346893209926076456e-05 1.108891641068092325e-24 1.748948741119844516e-26 6.065121310809026660e-04 0.000000000000000000e+00
9.993700189368199815e-01 2.346893209926076456e-05 1.108891641068092325e-24 1.748948741119844516e-26 6.065121310809026660e-04 0.000000000000000000e+00
9.993700189368199815e-01 2.346893209926076456e-05 1.108891641068092325e-24 1.748948741119844516e-26 6.065121310809026660e-04 0.000000000000000000e+00
9.993700189368199815e-01 2.346893209926076456e-05 1.108891641068092325e-24 1.748948741119844516e-26 6.065121310809026660e-04 0.000000000000000000e+00
9.993700189368199815e-01 2.346893209926076456e-05 1.108891641068092325e-24 1.748948741119844516e-26 6.065121310809026660e-04 0.000000000000000000e+00
9.993700189368199815e-01 2.346893209926076456e-05 1.108891641068092325e-24 1.748948741119844516e-26 6.065121310809026660e-04 0.000000000000000000e+00
9.993700189368199815e-01 2.346893209926076456e-05 1.108891641068092325e-24 1.748948741119844516e-26 6.065121310809026660e-04 0.000000000000000000e+00
9.993700189368199815e-01 2.346893209926076456e-05 1.108891641068092325e-24 1.748948741119844516e-26 6.065121310809026660e-04 0.000000000000000000e+00
9.993700189368199815e-01 2.346893209926076456e-05 1.108891641068092325e-24 1.748948741119844516e-26 6.065121310809026660e-04 0.000000000000000000e+00
9.993700189368199815e-01 2.346893209926076456e-05 1.108891641068092325e-24 1.748948741119844516e-26 6.065121310809026660e-04 0.000000000000000000e+00
9.993700189368199815e-01 2.346893209926076456e-05 1.108891641068092325e-24 1.748948741119844516e-26 6.065121310809026660e-04 0.000000000000000000e+00
9.993700189368199815e-01 2.346893209926076456e-05 1.108891641068092325e-24 1.748948741119844516e-26 6.065121310809026660e-04 0.000000000000000000e+00
9.993700189368199815e-01 2.346893209926076456e-05 1.108891641068092325e-24 1.748948741119844516e-26 6.065121310809026660e-04 0.000000000000000000e+00
9.993700189368199815e-01 2.346893209926076456e-05 1.108891641068092325e-24 1.748948741119844516e-26 6.065121310809026660e-04 0.000000000000000000e+00
9.993700189368199815e-01 2.346893209926076456e-05 1.108891641068092325e-24 1.748948741119844516e-26 6.065121310809026660e-04 0.000000000000000000e+00
9.993700189368199815e-01 2.346893209926076456e-05 1.108891641068092325e-24 1.748948741119844516e-26 6.065121310809026660e-04 0.000000000000000000e+00
9.993700189368199815e-01 2.346893209926076456e-05 1.108891641068092325e-24 1.748948741119844516e-26 6.065121310809026660e-04 0.000000000000000000e+00
9.993700189368199815e-01 2.346893209926076456e-05 1.108891641068092325e-24 1.748948741119844516e-26 6.065121310809026660e-04 0.000000000000000000e+00
9.993700189368199815e-01 2.346893209926076456e-05 1.108891641068092325e-24 1.748948741119844516e-26 6.065121310809026660e-04 0.000000000000000000e+00
9.993700189368199815e-01 2.346893209926076456e-05 1.108891641068092325e-24 1.748948741119844516e-26 6.065121310809026660e-04 0.000000000000000000e+00
9.993700189368199815e-01 2.346893209926076456e-05 1.108891641068092325e-24 1.748948741119844516e-26 6.065121310809026660e-04 0.000000000000000000e+00
9.993700189368199815e-01 2.346893209926076456e-05 1.108891641068092325e-24 1.748948741119844516e-26 6.065121310809026660e-04 0.000000000000000000e+00
9.993700189368199815e-01 2.346893209926076456e-05 1.108891641068092325e-24 1.748948741119844516e-26 6.065121310809026660e-04 0.000000000000000000e+00
9.993700189368199815e-01 2.346893209926076456e-05 1.108891641068092325e-24 1.748948741119844516e-26 6.065121310809026660e-04 0.000000000000000000e+00
9.993700189368199815e-01 2.346893209926076456e-05 1.108891641068092325e-24 1.748948741119844516e-26 6.065121310809026660e-04 0.000000000000000000e+00
9.993700189368199815e-01 2.346893209926076456e-05 1.108891641068092325e-24 1.748948741119844516e-26 6.065121310809026660e-04 0.000000000000000000e+00
9.993700189368199815e-01 2.346893209926076456e-05 1.108891641068092325e-24 1.748948741119844516e-26 6.065121310809026660e-04 0.000000000000000000e+00
9.993700189368199815e-01 2.346893209926076456e-05 1.108891641068092325e-24 1.748948741119844516e-26 6.065121310809026660e-04 0.000000000000000000e+00
9.993700189368199815e-01 2.346893209926076456e-05 1.108891641068092325e-24 1.748948741119844516e-26 6.065121310809026660e-04 0.000000000000000000e+00
9.993700189368199815e-01 2.346893209926076456e-05 1.108891641068092325e-24 1.748948741119844516e-26 6.065121310809026660e-04 0.000000000000000000e+00
9.993700189368199815e-01 2.346893209926076456e-05 1.108891641068092325e-24 1.748948741119844516e-26 6.065121310809026660e-04 0.000000000000000000e+00
9.993700189368199815e-01 2.346893209926076456e-05 1.108891641068092325e-24 1.748948741119844516e-26 6.065121310809026660e-04 0.000000000000000000e+00
9.993700189368199815e-01 2.346893209926076456e-05 1.108891641068092325e-24 1.748948741119844516e-26 6.065121310809026660e-04 0.000000000000000000e+00
9.993700189368199815e-01 2.346893209926076456e-05 1.108891641068092325e-24 1.748948741119844516e-26 6.065121310809026660e-04 0.000000000000000000e+00
9.993700189368199815e-01 2.346893209926076456e-05 1.108891641068092325e-24 1.748948741119844516e-26 6.065121310809026660e-04 0.000000000000000000e+00
9.993700189368199815e-01 2.346893209926076456e-05 1.108891641068092325e-24 1.748948741119844516e-26 6.065121310809026660e-04 0.000000000000000000e+00
9.993700189368199815e-01 2.346893209926076456e-05 1.108891641068092325e-24 1.748948741119844516e-26 6.065121310809026660e-04 0.000000000000000000e+00
9.993700189368199815e-01 2.346893209926076456e-05 1.108891641068092325e-24 1.748948741119844516e-26 6.065121310809026660e-04 0.000000000000000000e+00
9.993700189368199815e-01 2.346893209926076456e-05 1.108891641068092325e-24 1.748948741119844516e-26 6.065121310809026660e-04 0.000000000000000000e+00
9.993700189368199815e-01 2.346893209926076456e-05 1.108891641068092325e-24 1.748948741119844516e-26 6.065121310809026660e-04 0.000000000000000000e+00
9.993700189368199815e-01 2.346893209926076456e-05 1.108891641068092325e-24 1.748948741119844516e-26 6.065121310809026660e-04 0.000000000000000000e+00
9.993700189368199815e-01 2.346893209926076456e-05 1.108891641068092325e-24 1.748948741119844516e-26 6.065121310809026660e-04 0.000000000000000000e+00
9.993700189368199815e-01 2.346893209926076456e-05 1.108891641068092325e-24 1.748948741119844516e-26 6.065121310809026660e-04 0.000000000000000000e+00
9.993700189368199815e-01 2.346893209926076456e-05 1.108891641068092325e-24 1.748948741119844516e-26 6.065121310809026660e-04 0.000000000000000000e+00
9.993700189368199815e-01 2.346893209926076456e-05 1.108891641068092325e-24 1.748948741119844516e-26 6.065121310809026660e-04 0.000000000000000000e+00
9.993700189368199815e-01 2.346893209926076456e-05 1.108891641068092325e-24 1.748948741119844516e-26 6.065121310809026660e-04 0.000000000000000000e+00
9.993700189368199815e-01 2.346893209926076456e-05 1.108891641068092325e-24 1.748948741119844516e-26 6.065121310809026660e-04 0.000000000000000000e+00
9.993700189368199815e-01 2.346893209926076456e-05 1.108891641068092325e-24 1.748948741119844516e-26 6.065121310809026660e-04 0.000000000000000000e+00
9.993700189368199815e-01 2.346893209926076456e-05 1.108891641068092325e-24 1.748948741119844516e-26 6.065121310809026660e-04 0.000000000000000000e+00
9.993700189368199815e-01 2.346893209926076456e-05 1.108891641068092325e-24 1.748948741119844516e-26 6.065121310809026660e-04 0.000000000000000000e+00
9.993700189368199815e-01 2.346893209926076456e-05 1.108891641068092325e-24 1.748948741119844516e-26 6.065121310809026660e-04 0.000000000000000000e+00
9.993700189368199815e-01 2.346893209926076456e-05 1.108891641068092325e-24 1.748948741119844516e-26 6.065121310809026660e-04 0.000000000000000000e+00
9.993700189368199815e-01 2.346893209926076456e-05 1.108891641068092325e-24 1.748948741119844516e-26 6.065121310809026660e-04 0.000000000000000000e+00
9.993700189368199815e-01 2.346893209926076456e-05 1.108891641068092325e-24 1.748948741119844516e-26 6.065121310809026660e-04 0.000000000000000000e+00
9.993700189368199815e-01 2.346893209926076456e-05 1.108891641068092325e-24 1.748948741119844516e-26 6.065121310809026660e-04 0.000000000000000000e+00
9.993700189368199815e-01 2.346893209926076456e-05 1.108891641068092325e-24 1.748948741119844516e-26 6.065121310809026660e-04 0.000000000000000000e+00
9.993700189368199815e-01 2.346893209926076456e-05 1.108891641068092325e-24 1.748948741119844516e-26 6.065121310809026660e-04 0.000000000000000000e+00
9.993700189368199815e-01 2.346893209926076456e-05 1.108891641068092325e-24 1.748948741119844516e-26 6.065121310809026660e-04 0.000000000000000000e+00
9.993700189368199815e-01 2.346893209926076456e-05 1.108891641068092325e-24 1.748948741119844516e-26 6.065121310809026660e-04 0.000000000000000000e+00
9.993700189368199815e-01 2.346893209926076456e-05 1.108891641068092325e-24 1.748948741119844516e-26 6.065121310809026660e-04 0.000000000000000000e+00
9.993700189368199815e-01 2.346893209926076456e-05 1.108891641068092325e-24 1.748948741119844516e-26 6.065121310809026660e-04 0.000000000000000000e+00
9.993700189368199815e-01 2.346893209926076456e-05 1.108891641068092325e-24 1.748948741119844516e-26 6.065121310809026660e-04 0.000000000000000000e+00
9.993700189368199815e-01 2.346893209926076456e-05 1.108891641068092325e-24 1.748948741119844516e-26 6.065121310809026660e-04 0.000000000000000000e+00
9.993700189368199815e-01 2.346893209926076456e-05 1.108891641068092325e-24 1.748948741119844516e-26 6.065121310809026660e-04 0.000000000000000000e+00
9.993700189368199815e-01 2.346893209926076456e-05 1.108891641068092325e-24 1.748948741119844516e-26 6.065121310809026660e-04 0.000000000000000000e+00
9.993700189368199815e-01 2.346893209926076456e-05 1.108891641068092325e-24 1.748948741119844516e-26 6.065121310809026660e-04 0.000000000000000000e+00
9.993700189368199815e-01 2.346893209926076456e-05 1.108891641068092325e-24 1.748948741119844516e-26 6.065121310809026660e-04 0.000000000000000000e+00
9.993700189368199815e-01 2.346893209926076456e-05 1.108891641068092325e-24 1.748948741119844516e-26 6.065121310809026660e-04 0.000000000000000000e+00
9.993700189368199815e-01 2.346893209926076456e-05 1.108891641068092325e-24 1.748948741119844516e-26 6.065121310809026660e-04 0.000000000000000000e+00
9.993700189368199815e-01 2.346893209926076456e-05 1.108891641068092325e-24 1.748948741119844516e-26 6.065121310809026660e-04 0.000000000000000000e+00
9.993700189368199815e-01 2.346893209926076456e-05 1.108891641068092325e-24 1.748948741119844516e-26 6.065121310809026660e-04 0.000000000000000000e+00
9.993700189368199815e-01 2.346893209926076456e-05 1.108891641068092325e-24 1.748948741119844516e-26 6.065121310809026660e-04 0.000000000000000000e+00
9.993700189368199815e-01 2.346893209926076456e-05 1.108891641068092325e-24 1.748948741119844516e-26 6.065121310809026660e-04 0.000000000000000000e+00
9.993700189368199815e-01 2.346893209926076456e-05 1.108891641068092325e-24 1.748948741119844516e-26 6.065121310809026660e-04 0.000000000000000000e+00
9.993700189368199815e-01 2.346893209926076456e-05 1.108891641068092325e-24 1.748948741119844516e-26 6.065121310809026660e-04 0.000000000000000000e+00
9.993700189368199815e-01 2.346893209926076456e-05 1.108891641068092325e-24 1.748948741119844516e-26 6.065121310809026660e-04 0.000000000000000000e+00
9.993700189368199815e-01 2.346893209926076456e-05 1.108891641068092325e-24 1.748948741119844516e-26 6.065121310809026660e-04 0.000000000000000000e+00
9.993700189368199815e-01 2.346893209926076456e-05 1.108891641068092325e-24 1.748948741119844516e-26 6.065121310809026660e-04 0.000000000000000000e+00
9.993700189368199815e-01 2.346893209926076456e-05 1.108891641068092325e-24 1.748948741119844516e-26 6.065121310809026660e-04 0.000000000000000000e+00
9.993700189368199815e-01 2.346893209926076456e-05 1.108891641068092325e-24 1.748948741119844516e-26 6.065121310809026660e-04 0.000000000000000000e+00
9.993700189368199815e-01 2.346893209926076456e-05 1.108891641068092325e-24 1.748948741119844516e-26 6.065121310809026660e-04 0.000000000000000000e+00
9.993700189368199815e-01 2.346893209926076456e-05 1.108891641068092325e-24 1.748948741119844516e-26 6.065121310809026660e-04 0.000000000000000000e+00
9.993700189368199815e-01 2.346893209926076456e-05 1.108891641068092325e-24 1.748948741119844516e-26 6.065121310809026660e-04 0.000000000000000000e+00
9.993700189368199815e-01 2.346893209926076456e-05 1.108891641068092325e-24 1.748948741119844516e-26 6.065121310809026660e-04 0.000000000000000000e+00
9.993700189368199815e-01 2.346893209926076456e-05 1.108891641068092325e-24 1.748948741119844516e-26 6.065121310809026660e-04 0.000000000000000000e+00
9.993700189368199815e-01 2.346893209926076456e-05 1.108891641068092325e-24 1.748948741119844516e-26 6.065121310809026660e-04 0.000000000000000000e+00
9.993700189368199815e-01 2.346893209926076456e-05 1.108891641068092325e-24 1.748948741119844516e-26 6.065121310809026660e-04 0.000000000000000000e+00
9.993700189368199815e-01 2.346893209926076456e-05 1.108891641068092325e-24 1.748948741119844516e-26 6.065121310809026660e-04 0.000000000000000000e+00
9.993700189368199815e-01 2.346893209926076456e-05 1.108891641068092325e-24 1.748948741119844516e-26 6.065121310809026660e-04 0.000000000000000000e+00
9.993700189368199815e-01 2.346893209926076456e-05 1.108891641068092325e-24 1.748948741119844516e-26 6.065121310809026660e-04 0.000000000000000000e+00
9.993700189368199815e-01 2.346893209926076456e-05 1.108891641068092325e-24 1.748948741119844516e-26 6.065121310809026660e-04 0.000000000000000000e+00
9.993700189368199815e-01 2.346893209926076456e-05 1.108891641068092325e-24 1.748948741119844516e-26 6.065121310809026660e-04 0.000000000000000000e+00
9.993700189368199815e-01 2.346893209926076456e-05 1.108891641068092325e-24 1.748948741119844516e-26 6.065121310809026660e-04 0.000000000000000000e+00
9.993700189368199815e-01 2.346893209926076456e-05 1.108891641068092325e-24 1.748948741119844516e-26 6.065121310809026660e-04 0.000000000000000000e+00
9.993700189368199815e-01 2.346893209926076456e-05 1.108891641068092325e-24 1.748948741119844516e-26 6.065121310809026660e-04 0.000000000000000000e+00
9.993700189368199815e-01 2.346893209926076456e-05 1.108891641068092325e-24 1.748948741119844516e-26 6.065121310809026660e-04 0.000000000000000000e+00
9.993700189368199815e-01 2.346893209926076456e-05 1.108891641068092325e-24 1.748948741119844516e-26 6.065121310809026660e-04 0.000000000000000000e+00
9.993700189368199815e-01 2.346893209926076456e-05 1.108891641068092325e-24 1.748948741119844516e-26 6.065121310809026660e-04 0.000000000000000000e+00
9.993700189368199815e-01 2.346893209926076456e-05 1.108891641068092325e-24 1.748948741119844516e-26 6.065121310809026660e-04 0.000000000000000000e+00
9.993700189368199815e-01 2.346893209926076456e-05 1.108891641068092325e-24 1.748948741119844516e-26 6.065121310809026660e-04 0.000000000000000000e+00
9.993700189368199815e-01 2.346893209926076456e-05 1.108891641068092325e-24 1.748948741119844516e-26 6.065121310809026660e-04 0.000000000000000000e+00
9.993700189368199815e-01 2.346893209926076456e-05 1.108891641068092325e-24 1.748948741119844516e-26 6.065121310809026660e-04 0.000000000000000000e+00
9.993700189368199815e-01 2.346893209926076456e-05 1.108891641068092325e-24 1.748948741119844516e-26 6.065121310809026660e-04 0.000000000000000000e+00
9.993700189368199815e-01 2.346893209926076456e-05 1.108891641068092325e-24 1.748948741119844516e-26 6.065121310809026660e-04 0.000000000000000000e+00
9.993700189368199815e-01 2.346893209926076456e-05 1.108891641068092325e-24 1.748948741119844516e-26 6.065121310809026660e-04 0.000000000000000000e+00
9.993700189368199815e-01 2.346893209926076456e-05 1.108891641068092325e-24 1.748948741119844516e-26 6.065121310809026660e-04 0.000000000000000000e+00
9.993700189368199815e-01 2.346893209926076456e-05 1.108891641068092325e-24 1.748948741119844516e-26 6.065121310809026660e-04 0.000000000000000000e+00
9.993700189368199815e-01 2.346893209926076456e-05 1.108891641068092325e-24 1.748948741119844516e-26 6.065121310809026660e-04 0.000000000000000000e+00
9.993700189368199815e-01 2.346893209926076456e-05 1.108891641068092325e-24 1.748948741119844516e-26 6.065121310809026660e-04 0.000000000000000000e+00
9.993700189368199815e-01 2.346893209926076456e-05 1.108891641068092325e-24 1.748948741119844516e-26 6.065121310809026660e-04 0.000000000000000000e+00
9.993700189368199815e-01 2.346893209926076456e-05 1.108891641068092325e-24 1.748948741119844516e-26 6.065121310809026660e-04 0.000000000000000000e+00
9.993700189368199815e-01 2.346893209926076456e-05 1.108891641068092325e-24 1.748948741119844516e-26 6.065121310809026660e-04 0.000000000000000000e+00
9.993700189368199815e-01 2.346893209926076456e-05 1.108891641068092325e-24 1.748948741119844516e-26 6.065121310809026660e-04 0.000000000000000000e+00
9.993700189368199815e-01 2.346893209926076456e-05 1.108891641068092325e-24 1.748948741119844516e-26 6.065121310809026660e-04 0.000000000000000000e+00
9.993700189368199815e-01 2.346893209926076456e-05 1.108891641068092325e-24 1.748948741119844516e-26 6.065121310809026660e-04 0.000000000000000000e+00
9.993700189368199815e-01 2.346893209926076456e-05 1.108891641068092325e-24 1.748948741119844516e-26 6.065121310809026660e-04 0.000000000000000000e+00
9.993700189368199815e-01 2.346893209926076456e-05 1.108891641068092325e-24 1.748948741119844516e-26 6.065121310809026660e-04 0.000000000000000000e+00
9.993700189368199815e-01 2.346893209926076456e-05 1.108891641068092325e-24 1.748948741119844516e-26 6.065121310809026660e-04 0.000000000000000000e+00
9.993700189368199815e-01 2.346893209926076456e-05 1.108891641068092325e-24 1.748948741119844516e-26 6.065121310809026660e-04 0.000000000000000000e+00
9.993700189368199815e-01 2.346893209926076456e-05 1.108891641068092325e-24 1.748948741119844516e-26 6.065121310809026660e-04 0.000000000000000000e+00
9.993700189368199815e-01 2.346893209926076456e-05 1.108891641068092325e-24 1.748948741119844516e-26 6.065121310809026660e-04 0.000000000000000000e+00
9.993700189368199815e-01 2.346893209926076456e-05 1.108891641068092325e-24 1.748948741119844516e-26 6.065121310809026660e-04 0.000000000000000000e+00
9.993700189368199815e-01 2.346893209926076456e-05 1.108891641068092325e-24 1.748948741119844516e-26 6.065121310809026660e-04 0.000000000000000000e+00
9.993700189368199815e-01 2.346893209926076456e-05 1.108891641068092325e-24 1.748948741119844516e-26 6.065121310809026660e-04 0.000000000000000000e+00
9.993700189368199815e-01 2.346893209926076456e-05 1.108891641068092325e-24 1.748948741119844516e-26 6.065121310809026660e-04 0.000000000000000000e+00
9.993700189368199815e-01 2.346893209926076456e-05 1.108891641068092325e-24 1.748948741119844516e-26 6.065121310809026660e-04 0.000000000000000000e+00
9.993700189368199815e-01 2.346893209926076456e-05 1.108891641068092325e-24 1.748948741119844516e-26 6.065121310809026660e-04 0.000000000000000000e+00
9.993700189368199815e-01 2.346893209926076456e-05 1.108891641068092325e-24 1.748948741119844516e-26 6.065121310809026660e-04 0.000000000000000000e+00
9.993700189368199815e-01 2.346893209926076456e-05 1.108891641068092325e-24 1.748948741119844516e-26 6.065121310809026660e-04 0.000000000000000000e+00
9.993700189368199815e-01 2.346893209926076456e-05 1.108891641068092325e-24 1.748948741119844516e-26 6.065121310809026660e-04 0.000000000000000000e+00
9.993700189368199815e-01 2.346893209926076456e-05 1.108891641068092325e-24 1.748948741119844516e-26 6.065121310809026660e-04 0.000000000000000000e+00
9.993700189368199815e-01 2.346893209926076456e-05 1.108891641068092325e-24 1.748948741119844516e-26 6.065121310809026660e-04 0.000000000000000000e+00
9.993700189368199815e-01 2.346893209926076456e-05 1.108891641068092325e-24 1.748948741119844516e-26 6.065121310809026660e-04 0.000000000000000000e+00
9.993700189368199815e-01 2.346893209926076456e-05 1.108891641068092325e-24 1.748948741119844516e-26 6.065121310809026660e-04 0.000000000000000000e+00
9.993700189368199815e-01 2.346893209926076456e-05 1.108891641068092325e-24 1.748948741119844516e-26 6.065121310809026660e-04 0.000000000000000000e+00
9.993700189368199815e-01 2.346893209926076456e-05 1.108891641068092325e-24 1.748948741119844516e-26 6.065121310809026660e-04 0.000000000000000000e+00
9.993700189368199815e-01 2.346893209926076456e-05 1.108891641068092325e-24 1.748948741119844516e-26 6.065121310809026660e-04 0.000000000000000000e+00
9.993700189368199815e-01 2.346893209926076456e-05 1.108891641068092325e-24 1.748948741119844516e-26 6.065121310809026660e-04 0.000000000000000000e+00
9.993700189368199815e-01 2.346893209926076456e-05 1.108891641068092325e-24 1.748948741119844516e-26 6.065121310809026660e-04 0.000000000000000000e+00
9.993700189368199815e-01 2.346893209926076456e-05 1.108891641068092325e-24 1.748948741119844516e-26 6.065121310809026660e-04 0.000000000000000000e+00
9.993700189368199815e-01 2.346893209926076456e-05 1.108891641068092325e-24 1.748948741119844516e-26 6.065121310809026660e-04 0.000000000000000000e+00
9.993700189368199815e-01 2.346893209926076456e-05 1.108891641068092325e-24 1.748948741119844516e-26 6.065121310809026660e-04 0.000000000000000000e+00
9.993700189368199815e-01 2.346893209926076456e-05 1.108891641068092325e-24 1.748948741119844516e-26 6.065121310809026660e-04 0.000000000000000000e+00
9.993700189368199815e-01 2.346893209926076456e-05 1.108891641068092325e-24 1.748948741119844516e-26 6.065121310809026660e-04 0.000000000000000000e+00
9.993700189368199815e-01 2.346893209926076456e-05 1.108891641068092325e-24 1.748948741119844516e-26 6.065121310809026660e-04 0.000000000000000000e+00
9.993700189368199815e-01 2.346893209926076456e-05 1.108891641068092325e-24 1.748948741119844516e-26 6.065121310809026660e-04 0.000000000000000000e+00
9.993700189368199815e-01 2.346893209926076456e-05 1.108891641068092325e-24 1.748948741119844516e-26 6.065121310809026660e-04 0.000000000000000000e+00
9.993700189368199815e-01 2.346893209926076456e-05 1.108891641068092325e-24 1.748948741119844516e-26 6.065121310809026660e-04 0.000000000000000000e+00
9.993700189368199815e-01 2.346893209926076456e-05 1.108891641068092325e-24 1.748948741119844516e-26 6.065121310809026660e-04 0.000000000000000000e+00
9.993700189368199815e-01 2.346893209926076456e-05 1.108891641068092325e-24 1.748948741119844516e-26 6.065121310809026660e-04 0.000000000000000000e+00
9.993700189368199815e-01 2.346893209926076456e-05 1.108891641068092325e-24 1.748948741119844516e-26 6.065121310809026660e-04 0.000000000000000000e+00
9.993700189368199815e-01 2.346893209926076456e-05 1.108891641068092325e-24 1.748948741119844516e-26 6.065121310809026660e-04 0.000000000000000000e+00
9.993700189368199815e-01 2.346893209926076456e-05 1.108891641068092325e-24 1.748948741119844516e-26 6.065121310809026660e-04 0.000000000000000000e+00
9.993700189368199815e-01 2.346893209926076456e-05 1.108891641068092325e-24 1.748948741119844516e-26 6.065121310809026660e-04 0.000000000000000000e+00
9.993700189368199815e-01 2.346893209926076456e-05 1.108891641068092325e-24 1.748948741119844516e-26 6.065121310809026660e-04 0.000000000000000000e+00
9.993700189368199815e-01 2.346893209926076456e-05 1.108891641068092325e-24 1.748948741119844516e-26 6.065121310809026660e-04 0.000000000000000000e+00
9.993700189368199815e-01 2.346893209926076456e-05 1.108891641068092325e-24 1.748948741119844516e-26 6.065121310809026660e-04 0.000000000000000000e+00
9.993700189368199815e-01 2.346893209926076456e-05 1.108891641068092325e-24 1.748948741119844516e-26 6.065121310809026660e-04 0.000000000000000000e+00
9.993700189368199815e-01 2.346893209926076456e-05 1.108891641068092325e-24 1.748948741119844516e-26 6.065121310809026660e-04 0.000000000000000000e+00
9.993700189368199815e-01 2.346893209926076456e-05 1.108891641068092325e-24 1.748948741119844516e-26 6.065121310809026660e-04 0.000000000000000000e+00
9.993700189368199815e-01 2.346893209926076456e-05 1.108891641068092325e-24 1.748948741119844516e-26 6.065121310809026660e-04 0.000000000000000000e+00
9.993700189368199815e-01 2.346893209926076456e-05 1.108891641068092325e-24 1.748948741119844516e-26 6.065121310809026660e-04 0.000000000000000000e+00
9.993700189368199815e-01 2.346893209926076456e-05 1.108891641068092325e-24 1.748948741119844516e-26 6.065121310809026660e-04 0.000000000000000000e+00
9.993700189368199815e-01 2.346893209926076456e-05 1.108891641068092325e-24 1.748948741119844516e-26 6.065121310809026660e-04 0.000000000000000000e+00
9.993700189368199815e-01 2.346893209926076456e-05 1.108891641068092325e-24 1.748948741119844516e-26 6.065121310809026660e-04 0.000000000000000000e+00
9.993700189368199815e-01 2.346893209926076456e-05 1.108891641068092325e-24 1.748948741119844516e-26 6.065121310809026660e-04 0.000000000000000000e+00
9.993700189368199815e-01 2.346893209926076456e-05 1.108891641068092325e-24 1.748948741119844516e-26 6.065121310809026660e-04 0.000000000000000000e+00
9.993700189368199815e-01 2.346893209926076456e-05 1.108891641068092325e-24 1.748948741119844516e-26 6.065121310809026660e-04 0.000000000000000000e+00
9.993700189368199815e-01 2.346893209926076456e-05 1.108891641068092325e-24 1.748948741119844516e-26 6.065121310809026660e-04 0.000000000000000000e+00
9.993700189368199815e-01 2.346893209926076456e-05 1.108891641068092325e-24 1.748948741119844516e-26 6.065121310809026660e-04 0.000000000000000000e+00
9.993700189368199815e-01 2.346893209926076456e-05 1.108891641068092325e-24 1.748948741119844516e-26 6.065121310809026660e-04 0.000000000000000000e+00
9.993700189368199815e-01 2.346893209926076456e-05 1.108891641068092325e-24 1.748948741119844516e-26 6.065121310809026660e-04 0.000000000000000000e+00
9.993700189368199815e-01 2.346893209926076456e-05 1.108891641068092325e-24 1.748948741119844516e-26 6.065121310809026660e-04 0.000000000000000000e+00
9.993700189368199815e-01 2.346893209926076456e-05 1.108891641068092325e-24 1.748948741119844516e-26 6.065121310809026660e-04 0.000000000000000000e+00
9.993700189368199815e-01 2.346893209926076456e-05 1.108891641068092325e-24 1.748948741119844516e-26 6.065121310809026660e-04 0.000000000000000000e+00
9.993700189368199815e-01 2.346893209926076456e-05 1.108891641068092325e-24 1.748948741119844516e-26 6.065121310809026660e-04 0.000000000000000000e+00
9.993700189368199815e-01 2.346893209926076456e-05 1.108891641068092325e-24 1.748948741119844516e-26 6.065121310809026660e-04 0.000000000000000000e+00
9.993700189368199815e-01 2.346893209926076456e-05 1.108891641068092325e-24 1.748948741119844516e-26 6.065121310809026660e-04 0.000000000000000000e+00
9.993700189368199815e-01 2.346893209926076456e-05 1.108891641068092325e-24 1.748948741119844516e-26 6.065121310809026660e-04 0.000000000000000000e+00
9.993700189368199815e-01 2.346893209926076456e-05 1.108891641068092325e-24 1.748948741119844516e-26 6.065121310809026660e-04 0.000000000000000000e+00
9.993700189368199815e-01 2.346893209926076456e-05 1.108891641068092325e-24 1.748948741119844516e-26 6.065121310809026660e-04 0.000000000000000000e+00
9.993700189368199815e-01 2.346893209926076456e-05 1.108891641068092325e-24 1.748948741119844516e-26 6.065121310809026660e-04 0.000000000000000000e+00
9.993700189368199815e-01 2.346893209926076456e-05 1.108891641068092325e-24 1.748948741119844516e-26 6.065121310809026660e-04 0.000000000000000000e+00
9.993700189368199815e-01 2.346893209926076456e-05 1.108891641068092325e-24 1.748948741119844516e-26 6.065121310809026660e-04 0.000000000000000000e+00
9.993700189368199815e-01 2.346893209926076456e-05 1.108891641068092325e-24 1.748948741119844516e-26 6.065121310809026660e-04 0.000000000000000000e+00
9.993700189368199815e-01 2.346893209926076456e-05 1.108891641068092325e-24 1.748948741119844516e-26 6.065121310809026660e-04 0.000000000000000000e+00
9.993700189368199815e-01 2.346893209926076456e-05 1.108891641068092325e-24 1.748948741119844516e-26 6.065121310809026660e-04 0.000000000000000000e+00
9.993700189368199815e-01 2.346893209926076456e-05 1.108891641068092325e-24 1.748948741119844516e-26 6.065121310809026660e-04 0.000000000000000000e+00
9.993700189368199815e-01 2.346893209926076456e-05 1.108891641068092325e-24 1.748948741119844516e-26 6.065121310809026660e-04 0.000000000000000000e+00
9.993700189368199815e-01 2.346893209926076456e-05 1.108891641068092325e-24 1.748948741119844516e-26 6.065121310809026660e-04 0.000000000000000000e+00
9.993700189368199815e-01 2.346893209926076456e-05 1.108891641068092325e-24 1.748948741119844516e-26 6.065121310809026660e-04 0.000000000000000000e+00
9.993700189368199815e-01 2.346893209926076456e-05 1.108891641068092325e-24 1.748948741119844516e-26 6.065121310809026660e-04 0.000000000000000000e+00
9.993700189368199815e-01 2.346893209926076456e-05 1.108891641068092325e-24 1.748948741119844516e-26 6.065121310809026660e-04 0.000000000000000000e+00
9.993700189368199815e-01 2.346893209926076456e-05 1.108891641068092325e-24 1.748948741119844516e-26 6.065121310809026660e-04 0.000000000000000000e+00
9.993700189368199815e-01 2.346893209926076456e-05 1.108891641068092325e-24 1.748948741119844516e-26 6.065121310809026660e-04 0.000000000000000000e+00
9.993700189368199815e-01 2.346893209926076456e-05 1.108891641068092325e-24 1.748948741119844516e-26 6.065121310809026660e-04 0.000000000000000000e+00
9.993700189368199815e-01 2.346893209926076456e-05 1.108891641068092325e-24 1.748948741119844516e-26 6.065121310809026660e-04 0.000000000000000000e+00
9.993700189368199815e-01 2.346893209926076456e-05 1.108891641068092325e-24 1.748948741119844516e-26 6.065121310809026660e-04 0.000000000000000000e+00
9.993700189368199815e-01 2.346893209926076456e-05 1.108891641068092325e-24 1.748948741119844516e-26 6.065121310809026660e-04 0.000000000000000000e+00
9.993700189368199815e-01 2.346893209926076456e-05 1.108891641068092325e-24 1.748948741119844516e-26 6.065121310809026660e-04 0.000000000000000000e+00
9.993700189368199815e-01 2.346893209926076456e-05 1.108891641068092325e-24 1.748948741119844516e-26 6.065121310809026660e-04 0.000000000000000000e+00
9.993700189368199815e-01 2.346893209926076456e-05 1.108891641068092325e-24 1.748948741119844516e-26 6.065121310809026660e-04 0.000000000000000000e+00
9.993700189368199815e-01 2.346893209926076456e-05 1.108891641068092325e-24 1.748948741119844516e-26 6.065121310809026660e-04 0.000000000000000000e+00
9.993700189368199815e-01 2.346893209926076456e-05 1.108891641068092325e-24 1.748948741119844516e-26 6.065121310809026660e-04 0.000000000000000000e+00
9.993700189368199815e-01 2.346893209926076456e-05 1.108891641068092325e-24 1.748948741119844516e-26 6.065121310809026660e-04 0.000000000000000000e+00
9.993700189368199815e-01 2.346893209926076456e-05 1.108891641068092325e-24 1.748948741119844516e-26 6.065121310809026660e-04 0.000000000000000000e+00
9.993700189368199815e-01 2.346893209926076456e-05 1.108891641068092325e-24 1.748948741119844516e-26 6.065121310809026660e-04 0.000000000000000000e+00
9.993700189368199815e-01 2.346893209926076456e-05 1.108891641068092325e-24 1.748948741119844516e-26 6.065121310809026660e-04 0.000000000000000000e+00
9.993700189368199815e-01 2.346893209926076456e-05 1.108891641068092325e-24 1.748948741119844516e-26 6.065121310809026660e-04 0.000000000000000000e+00
9.993700189368199815e-01 2.346893209926076456e-05 1.108891641068092325e-24 1.748948741119844516e-26 6.065121310809026660e-04 0.000000000000000000e+00
9.993700189368199815e-01 2.346893209926076456e-05 1.108891641068092325e-24 1.748948741119844516e-26 6.065121310809026660e-04 0.000000000000000000e+00
9.993700189368199815e-01 2.346893209926076456e-05 1.108891641068092325e-24 1.748948741119844516e-26 6.065121310809026660e-04 0.000000000000000000e+00
9.993700189368199815e-01 2.346893209926076456e-05 1.108891641068092325e-24 1.748948741119844516e-26 6.065121310809026660e-04 0.000000000000000000e+00
9.993700189368199815e-01 2.346893209926076456e-05 1.108891641068092325e-24 1.748948741119844516e-26 6.065121310809026660e-04 0.000000000000000000e+00
9.993700189368199815e-01 2.346893209926076456e-05 1.108891641068092325e-24 1.748948741119844516e-26 6.065121310809026660e-04 0.000000000000000000e+00
9.993700189368199815e-01 2.346893209926076456e-05 1.108891641068092325e-24 1.748948741119844516e-26 6.065121310809026660e-04 0.000000000000000000e+00
9.993700189368199815e-01 2.346893209926076456e-05 1.108891641068092325e-24 1.748948741119844516e-26 6.065121310809026660e-04 0.000000000000000000e+00
9.993700189368199815e-01 2.346893209926076456e-05 1.108891641068092325e-24 1.748948741119844516e-26 6.065121310809026660e-04 0.000000000000000000e+00
9.993700189368199815e-01 2.346893209926076456e-05 1.108891641068092325e-24 1.748948741119844516e-26 6.065121310809026660e-04 0.000000000000000000e+00
9.993700189368199815e-01 2.346893209926076456e-05 1.108891641068092325e-24 1.748948741119844516e-26 6.065121310809026660e-04 0.000000000000000000e+00
9.993700189368199815e-01 2.346893209926076456e-05 1.108891641068092325e-24 1.748948741119844516e-26 6.065121310809026660e-04 0.000000000000000000e+00
9.993700189368199815e-01 2.346893209926076456e-05 1.108891641068092325e-24 1.748948741119844516e-26 6.065121310809026660e-04 0.000000000000000000e+00
9.993700189368199815e-01 2.346893209926076456e-05 1.108891641068092325e-24 1.748948741119844516e-26 6.065121310809026660e-04 0.000000000000000000e+00
9.993700189368199815e-01 2.346893209926076456e-05 1.108891641068092325e-24 1.748948741119844516e-26 6.065121310809026660e-04 0.000000000000000000e+00
9.993700189368199815e-01 2.346893209926076456e-05 1.108891641068092325e-24 1.748948741119844516e-26 6.065121310809026660e-04 0.000000000000000000e+00
9.993700189368199815e-01 2.346893209926076456e-05 1.108891641068092325e-24 1.748948741119844516e-26 6.065121310809026660e-04 0.000000000000000000e+00
9.993700189368199815e-01 2.346893209926076456e-05 1.108891641068092325e-24 1.748948741119844516e-26 6.065121310809026660e-04 0.000000000000000000e+00
9.993700189368199815e-01 2.346893209926076456e-05 1.108891641068092325e-24 1.748948741119844516e-26 6.065121310809026660e-04 0.000000000000000000e+00
9.993700189368199815e-01 2.346893209926076456e-05 1.108891641068092325e-24 1.748948741119844516e-26 6.065121310809026660e-04 0.000000000000000000e+00
9.993700189368199815e-01 2.346893209926076456e-05 1.108891641068092325e-24 1.748948741119844516e-26 6.065121310809026660e-04 0.000000000000000000e+00
9.993700189368199815e-01 2.346893209926076456e-05 1.108891641068092325e-24 1.748948741119844516e-26 6.065121310809026660e-04 0.000000000000000000e+00
9.993700189368199815e-01 2.346893209926076456e-05 1.108891641068092325e-24 1.748948741119844516e-26 6.065121310809026660e-04 0.000000000000000000e+00
9.993700189368199815e-01 2.346893209926076456e-05 1.108891641068092325e-24 1.748948741119844516e-26 6.065121310809026660e-04 0.000000000000000000e+00
9.993700189368199815e-01 2.346893209926076456e-05 1.108891641068092325e-24 1.748948741119844516e-26 6.065121310809026660e-04 0.000000000000000000e+00
9.993700189368199815e-01 2.346893209926076456e-05 1.108891641068092325e-24 1.748948741119844516e-26 6.065121310809026660e-04 0.000000000000000000e+00
9.993700189368199815e-01 2.346893209926076456e-05 1.108891641068092325e-24 1.748948741119844516e-26 6.065121310809026660e-04 0.000000000000000000e+00
9.993700189368199815e-01 2.346893209926076456e-05 1.108891641068092325e-24 1.748948741119844516e-26 6.065121310809026660e-04 0.000000000000000000e+00
9.993700189368199815e-01 2.346893209926076456e-05 1.108891641068092325e-24 1.748948741119844516e-26 6.065121310809026660e-04 0.000000000000000000e+00
9.993700189368199815e-01 2.346893209926076456e-05 1.108891641068092325e-24 1.748948741119844516e-26 6.065121310809026660e-04 0.000000000000000000e+00
9.993700189368199815e-01 2.346893209926076456e-05 1.108891641068092325e-24 1.748948741119844516e-26 6.065121310809026660e-04 0.000000000000000000e+00
9.993700189368199815e-01 2.346893209926076456e-05 1.108891641068092325e-24 1.748948741119844516e-26 6.065121310809026660e-04 0.000000000000000000e+00
