9.576682610191996625e-01 4.173187301215330880e-02 2.120242022578420092e-12 7.585558973665073527e-13 5.998659657679573497e-04 0.000000000000000000e+00
9.576682610191997735e-01 4.173187301215330880e-02 1.468205073947111612e-12 5.671055455154132982e-13 5.998659666088272582e-04 0.000000000000000000e+00
9.576682610191998846e-01 4.173187301215330880e-02 9.867797963369397574e-13 4.140316795602876231e-13 5.998659672458776749e-04 0.000000000000000000e+00
9.576682610191998846e-01 4.173187301215330880e-02 6.587457800623558297e-13 3.006311843233860598e-13 5.998659676859891638e-04 0.000000000000000000e+00
9.576682610191997735e-01 4.173187301215330880e-02 4.368806480997489112e-13 2.171364887646332050e-13 5.998659679924528941e-04 0.000000000000000000e+00
9.576682610191998846e-01 4.173187301215330880e-02 2.877576960655306259e-13 1.559646957185504198e-13 5.998659682023246191e-04 0.000000000000000000e+00
9.576682610191996625e-01 4.173187301215330880e-02 1.882626931644138205e-13 1.114186491584293498e-13 5.998659683470600797e-04 0.000000000000000000e+00
9.576682610191999956e-01 4.173187301215330880e-02 1.222986727609081486e-13 7.914142813091464732e-14 5.998659684449781726e-04 0.000000000000000000e+00
9.576682610191999956e-01 4.173187301215330880e-02 7.889635793847362944e-14 5.589983874280002807e-14 5.998659685117713148e-04 0.000000000000000000e+00
9.576682610191998846e-01 4.173187301215330880e-02 5.053594568766790105e-14 3.925740673464799335e-14 5.998659685569134817e-04 0.000000000000000000e+00
9.576682610191998846e-01 4.173187301215330880e-02 3.213376596323703221e-14 2.740714691449316023e-14 5.998659685871041754e-04 0.000000000000000000e+00
9.576682610191998846e-01 4.173187301215330880e-02 2.028429712102329065e-14 1.902184350830577451e-14 5.998659686073701909e-04 0.000000000000000000e+00
9.576682610191998846e-01 4.173187301215330880e-02 1.271001492605713033e-14 1.312344607472219534e-14 5.998659686208881320e-04 0.000000000000000000e+00
9.576682610191997735e-01 4.173187301215330880e-02 7.904406550441575955e-15 8.999296983994161984e-15 5.998659686298511229e-04 0.000000000000000000e+00
9.576682610191997735e-01 4.173187301215330880e-02 4.877913333473389875e-15 6.132779506614870378e-15 5.998659686357317271e-04 0.000000000000000000e+00
9.576682610191998846e-01 4.173187301215330880e-02 2.987213176161410821e-15 4.153508573909396031e-15 5.998659686396015699e-04 0.000000000000000000e+00
9.576682610191997735e-01 4.173187301215330880e-02 1.815225885142617045e-15 2.795462205847441191e-15 5.998659686421342662e-04 0.000000000000000000e+00
9.576682610191998846e-01 4.173187301215330880e-02 1.094410493848064165e-15 1.869539023607017760e-15 5.998659686437837714e-04 0.000000000000000000e+00
9.576682610191997735e-01 4.173187301215330880e-02 6.545883009496274674e-16 1.242281146677344031e-15 5.998659686448534452e-04 0.000000000000000000e+00
9.576682610191997735e-01 4.173187301215330880e-02 3.883726556703157725e-16 8.201103855572638253e-16 5.998659686455435399e-04 0.000000000000000000e+00
9.576682610191997735e-01 4.173187301215330880e-02 2.285474368587678598e-16 5.378424934443695720e-16 5.998659686459870870e-04 0.000000000000000000e+00
9.576682610191998846e-01 4.173187301215330880e-02 1.333851181516702044e-16 3.503745218463501359e-16 5.998659686462710396e-04 0.000000000000000000e+00
9.576682610191998846e-01 4.173187301215330880e-02 7.719676353560505265e-17 2.267095737022240866e-16 5.998659686464513424e-04 0.000000000000000000e+00
9.576682610191998846e-01 4.173187301215330880e-02 4.429322927343993189e-17 1.456715239596474821e-16 5.998659686465648583e-04 0.000000000000000000e+00
9.576682610191998846e-01 4.173187301215330880e-02 2.519577375910471028e-17 9.295038147702617351e-17 5.998659686466366325e-04 0.000000000000000000e+00
9.576682610191998846e-01 4.173187301215330880e-02 1.420815026463137264e-17 5.889423684309441750e-17 5.998659686466820606e-04 0.000000000000000000e+00
9.576682610191997735e-01 4.173187301215330880e-02 7.942011563239508597e-18 3.705185118768035090e-17 5.998659686467102499e-04 0.000000000000000000e+00
9.576682610191998846e-01 4.173187301215330880e-02 4.399370632009555845e-18 2.314027230226595781e-17 5.998659686467280308e-04 0.000000000000000000e+00
9.576682610191997735e-01 4.173187301215330880e-02 2.414694769602807352e-18 1.434509485723519835e-17 5.998659686467384391e-04 0.000000000000000000e+00
9.576682610191998846e-01 4.173187301215330880e-02 1.313401315971910227e-18 8.827882060172373290e-18 5.998659686467446191e-04 0.000000000000000000e+00
9.576682610191997735e-01 4.173187301215330880e-02 7.076761025576453603e-19 5.391342238122114939e-18 5.998659686467494980e-04 0.000000000000000000e+00
9.576682610191997735e-01 4.173187301215330880e-02 3.777108809056237777e-19 3.267480391327673817e-18 5.998659686467513411e-04 0.000000000000000000e+00
9.576682610191996625e-01 4.173187301215330880e-02 1.997024179393073483e-19 1.965230150620730287e-18 5.998659686467531843e-04 0.000000000000000000e+00
9.576682610191997735e-01 4.173187301215330880e-02 1.045426458059585616e-19 1.172535776159647587e-18 5.998659686467537264e-04 0.000000000000000000e+00
9.576682610191998846e-01 4.173187301215330880e-02 5.420472447862162531e-20 6.941762886327033734e-19 5.998659686467550274e-04 0.000000000000000000e+00
9.576682610191998846e-01 4.173187301215330880e-02 2.781890392416511566e-20 4.075889488829651232e-19 5.998659686467550274e-04 0.000000000000000000e+00
9.576682610191998846e-01 4.173187301215330880e-02 1.413630419717364623e-20 2.374061175586491090e-19 5.998659686467550274e-04 0.000000000000000000e+00
9.576682610191998846e-01 4.173187301215330880e-02 7.109594880135682162e-21 1.371299773543580295e-19 5.998659686467550274e-04 0.000000000000000000e+00
9.576682610191997735e-01 4.173187301215330880e-02 3.538291571552910141e-21 7.853878959950951786e-20 5.998659686467550274e-04 0.000000000000000000e+00
9.576682610191998846e-01 4.173187301215330880e-02 1.742849656110943285e-21 4.460771290421316930e-20 5.998659686467555695e-04 0.000000000000000000e+00
9.576682610191998846e-01 4.173187301215330880e-02 8.490874885163498627e-22 2.511156256368529159e-20 5.998659686467550274e-04 0.000000000000000000e+00
9.576682610191996625e-01 4.173187301215330880e-02 4.092156405854878085e-22 1.401331458974793481e-20 5.998659686467550274e-04 0.000000000000000000e+00
9.576682610191997735e-01 4.173187301215330880e-02 1.950952750148759257e-22 7.751771998647600794e-21 5.998659686467555695e-04 0.000000000000000000e+00
9.576682610191997735e-01 4.173187301215330880e-02 9.198611882405026263e-23 4.249734874994061979e-21 5.998659686467550274e-04 0.000000000000000000e+00
9.576682610191998846e-01 4.173187301215330880e-02 4.287025554733091496e-23 2.308037656325997790e-21 5.998659686467550274e-04 0.000000000000000000e+00
9.576682610191998846e-01 4.173187301215330880e-02 1.975434830017095811e-23 1.242043062706461005e-21 5.998659686467555695e-04 0.000000000000000000e+00
9.576682610191997735e-01 4.173187301215330880e-02 8.997786956030097093e-24 6.621499886455789804e-22 5.998659686467555695e-04 0.000000000000000000e+00
9.576682610191996625e-01 4.173187301215330880e-02 4.050102744853052718e-24 3.496336625454708401e-22 5.998659686467550274e-04 0.000000000000000000e+00
9.576682610191997735e-01 4.173187301215330880e-02 1.801249633724886966e-24 1.828278787389788111e-22 5.998659686467550274e-04 0.000000000000000000e+00
9.576682610191997735e-01 4.173187301215330880e-02 7.913699198459043555e-25 9.466275185239649698e-23 5.998659686467550274e-04 0.000000000000000000e+00
9.576682610191997735e-01 4.173187301215330880e-02 5.100820745199981889e-25 6.660551062004970129e-23 5.998659686467555695e-04 0.000000000000000000e+00
9.576682610191997735e-01 4.173187301215330880e-02 5.100820745199981889e-25 6.660551062004970129e-23 5.998659686467555695e-04 0.000000000000000000e+00
9.576682610191997735e-01 4.173187301215330880e-02 5.100820745199981889e-25 6.660551062004970129e-23 5.998659686467555695e-04 0.000000000000000000e+00
9.576682610191997735e-01 4.173187301215330880e-02 5.100820745199981889e-25 6.660551062004970129e-23 5.998659686467555695e-04 0.000000000000000000e+00
9.576682610191997735e-01 4.173187301215330880e-02 5.100820745199981889e-25 6.660551062004970129e-23 5.998659686467555695e-04 0.000000000000000000e+00
9.576682610191997735e-01 4.173187301215330880e-02 5.100820745199981889e-25 6.660551062004970129e-23 5.998659686467555695e-04 0.000000000000000000e+00
9.576682610191997735e-01 4.173187301215330880e-02 5.100820745199981889e-25 6.660551062004970129e-23 5.998659686467555695e-04 0.000000000000000000e+00
9.576682610191997735e-01 4.173187301215330880e-02 5.100820745199981889e-25 6.660551062004970129e-23 5.998659686467555695e-04 0.000000000000000000e+00
9.576682610191997735e-01 4.173187301215330880e-02 5.100820745199981889e-25 6.660551062004970129e-23 5.998659686467555695e-04 0.000000000000000000e+00
9.576682610191997735e-01 4.173187301215330880e-02 5.100820745199981889e-25 6.660551062004970129e-23 5.998659686467555695e-04 0.000000000000000000e+00
9.576682610191997735e-01 4.173187301215330880e-02 5.100820745199981889e-25 6.660551062004970129e-23 5.998659686467555695e-04 0.000000000000000000e+00
9.576682610191997735e-01 4.173187301215330880e-02 5.100820745199981889e-25 6.660551062004970129e-23 5.998659686467555695e-04 0.000000000000000000e+00
9.576682610191997735e-01 4.173187301215330880e-02 5.100820745199981889e-25 6.660551062004970129e-23 5.998659686467555695e-04 0.000000000000000000e+00
9.576682610191997735e-01 4.173187301215330880e-02 5.100820745199981889e-25 6.660551062004970129e-23 5.998659686467555695e-04 0.000000000000000000e+00
9.576682610191997735e-01 4.173187301215330880e-02 5.100820745199981889e-25 6.660551062004970129e-23 5.998659686467555695e-04 0.000000000000000000e+00
9.576682610191997735e-01 4.173187301215330880e-02 5.100820745199981889e-25 6.660551062004970129e-23 5.998659686467555695e-04 0.000000000000000000e+00
9.576682610191997735e-01 4.173187301215330880e-02 5.100820745199981889e-25 6.660551062004970129e-23 5.998659686467555695e-04 0.000000000000000000e+00
9.576682610191997735e-01 4.173187301215330880e-02 5.100820745199981889e-25 6.660551062004970129e-23 5.998659686467555695e-04 0.000000000000000000e+00
9.576682610191997735e-01 4.173187301215330880e-02 5.100820745199981889e-25 6.660551062004970129e-23 5.998659686467555695e-04 0.000000000000000000e+00
9.576682610191997735e-01 4.173187301215330880e-02 5.100820745199981889e-25 6.660551062004970129e-23 5.998659686467555695e-04 0.000000000000000000e+00
9.576682610191997735e-01 4.173187301215330880e-02 5.100820745199981889e-25 6.660551062004970129e-23 5.998659686467555695e-04 0.000000000000000000e+00
9.576682610191997735e-01 4.173187301215330880e-02 5.100820745199981889e-25 6.660551062004970129e-23 5.998659686467555695e-04 0.000000000000000000e+00
9.576682610191997735e-01 4.173187301215330880e-02 5.100820745199981889e-25 6.660551062004970129e-23 5.998659686467555695e-04 0.000000000000000000e+00
9.576682610191997735e-01 4.173187301215330880e-02 5.100820745199981889e-25 6.660551062004970129e-23 5.998659686467555695e-04 0.000000000000000000e+00
9.576682610191997735e-01 4.173187301215330880e-02 5.100820745199981889e-25 6.660551062004970129e-23 5.998659686467555695e-04 0.000000000000000000e+00
9.576682610191997735e-01 4.173187301215330880e-02 5.100820745199981889e-25 6.660551062004970129e-23 5.998659686467555695e-04 0.000000000000000000e+00
9.576682610191997735e-01 4.173187301215330880e-02 5.100820745199981889e-25 6.660551062004970129e-23 5.998659686467555695e-04 0.000000000000000000e+00
9.576682610191997735e-01 4.173187301215330880e-02 5.100820745199981889e-25 6.660551062004970129e-23 5.998659686467555695e-04 0.000000000000000000e+00
9.576682610191997735e-01 4.173187301215330880e-02 5.100820745199981889e-25 6.660551062004970129e-23 5.998659686467555695e-04 0.000000000000000000e+00
9.576682610191997735e-01 4.173187301215330880e-02 5.100820745199981889e-25 6.660551062004970129e-23 5.998659686467555695e-04 0.000000000000000000e+00
9.576682610191997735e-01 4.173187301215330880e-02 5.100820745199981889e-25 6.660551062004970129e-23 5.998659686467555695e-04 0.000000000000000000e+00
9.576682610191997735e-01 4.173187301215330880e-02 5.100820745199981889e-25 6.660551062004970129e-23 5.998659686467555695e-04 0.000000000000000000e+00
9.576682610191997735e-01 4.173187301215330880e-02 5.100820745199981889e-25 6.660551062004970129e-23 5.998659686467555695e-04 0.000000000000000000e+00
9.576682610191997735e-01 4.173187301215330880e-02 5.100820745199981889e-25 6.660551062004970129e-23 5.998659686467555695e-04 0.000000000000000000e+00
9.576682610191997735e-01 4.173187301215330880e-02 5.100820745199981889e-25 6.660551062004970129e-23 5.998659686467555695e-04 0.000000000000000000e+00
9.576682610191997735e-01 4.173187301215330880e-02 5.100820745199981889e-25 6.660551062004970129e-23 5.998659686467555695e-04 0.000000000000000000e+00
9.576682610191997735e-01 4.173187301215330880e-02 5.100820745199981889e-25 6.660551062004970129e-23 5.998659686467555695e-04 0.000000000000000000e+00
9.576682610191997735e-01 4.173187301215330880e-02 5.100820745199981889e-25 6.660551062004970129e-23 5.998659686467555695e-04 0.000000000000000000e+00
9.576682610191997735e-01 4.173187301215330880e-02 5.100820745199981889e-25 6.660551062004970129e-23 5.998659686467555695e-04 0.000000000000000000e+00
9.576682610191997735e-01 4.173187301215330880e-02 5.100820745199981889e-25 6.660551062004970129e-23 5.998659686467555695e-04 0.000000000000000000e+00
9.576682610191997735e-01 4.173187301215330880e-02 5.100820745199981889e-25 6.660551062004970129e-23 5.998659686467555695e-04 0.000000000000000000e+00
9.576682610191997735e-01 4.173187301215330880e-02 5.100820745199981889e-25 6.660551062004970129e-23 5.998659686467555695e-04 0.000000000000000000e+00
9.576682610191997735e-01 4.173187301215330880e-02 5.100820745199981889e-25 6.660551062004970129e-23 5.998659686467555695e-04 0.000000000000000000e+00
9.576682610191997735e-01 4.173187301215330880e-02 5.100820745199981889e-25 6.660551062004970129e-23 5.998659686467555695e-04 0.000000000000000000e+00
9.576682610191997735e-01 4.173187301215330880e-02 5.100820745199981889e-25 6.660551062004970129e-23 5.998659686467555695e-04 0.000000000000000000e+00
9.576682610191997735e-01 4.173187301215330880e-02 5.100820745199981889e-25 6.660551062004970129e-23 5.998659686467555695e-04 0.000000000000000000e+00
9.576682610191997735e-01 4.173187301215330880e-02 5.100820745199981889e-25 6.660551062004970129e-23 5.998659686467555695e-04 0.000000000000000000e+00
9.576682610191997735e-01 4.173187301215330880e-02 5.100820745199981889e-25 6.660551062004970129e-23 5.998659686467555695e-04 0.000000000000000000e+00
9.576682610191997735e-01 4.173187301215330880e-02 5.100820745199981889e-25 6.660551062004970129e-23 5.998659686467555695e-04 0.000000000000000000e+00
9.576682610191997735e-01 4.173187301215330880e-02 5.100820745199981889e-25 6.660551062004970129e-23 5.998659686467555695e-04 0.000000000000000000e+00
9.576682610191997735e-01 4.173187301215330880e-02 5.100820745199981889e-25 6.660551062004970129e-23 5.998659686467555695e-04 0.000000000000000000e+00
9.576682610191997735e-01 4.173187301215330880e-02 5.100820745199981889e-25 6.660551062004970129e-23 5.998659686467555695e-04 0.000000000000000000e+00
9.576682610191997735e-01 4.173187301215330880e-02 5.100820745199981889e-25 6.660551062004970129e-23 5.998659686467555695e-04 0.000000000000000000e+00
9.576682610191997735e-01 4.173187301215330880e-02 5.100820745199981889e-25 6.660551062004970129e-23 5.998659686467555695e-04 0.000000000000000000e+00
9.576682610191997735e-01 4.173187301215330880e-02 5.100820745199981889e-25 6.660551062004970129e-23 5.998659686467555695e-04 0.000000000000000000e+00
9.576682610191997735e-01 4.173187301215330880e-02 5.100820745199981889e-25 6.660551062004970129e-23 5.998659686467555695e-04 0.000000000000000000e+00
9.576682610191997735e-01 4.173187301215330880e-02 5.100820745199981889e-25 6.660551062004970129e-23 5.998659686467555695e-04 0.000000000000000000e+00
9.576682610191997735e-01 4.173187301215330880e-02 5.100820745199981889e-25 6.660551062004970129e-23 5.998659686467555695e-04 0.000000000000000000e+00
9.576682610191997735e-01 4.173187301215330880e-02 5.100820745199981889e-25 6.660551062004970129e-23 5.998659686467555695e-04 0.000000000000000000e+00
9.576682610191997735e-01 4.173187301215330880e-02 5.100820745199981889e-25 6.660551062004970129e-23 5.998659686467555695e-04 0.000000000000000000e+00
9.576682610191997735e-01 4.173187301215330880e-02 5.100820745199981889e-25 6.660551062004970129e-23 5.998659686467555695e-04 0.000000000000000000e+00
9.576682610191997735e-01 4.173187301215330880e-02 5.100820745199981889e-25 6.660551062004970129e-23 5.998659686467555695e-04 0.000000000000000000e+00
9.576682610191997735e-01 4.173187301215330880e-02 5.100820745199981889e-25 6.660551062004970129e-23 5.998659686467555695e-04 0.000000000000000000e+00
9.576682610191997735e-01 4.173187301215330880e-02 5.100820745199981889e-25 6.660551062004970129e-23 5.998659686467555695e-04 0.000000000000000000e+00
9.576682610191997735e-01 4.173187301215330880e-02 5.100820745199981889e-25 6.660551062004970129e-23 5.998659686467555695e-04 0.000000000000000000e+00
9.576682610191997735e-01 4.173187301215330880e-02 5.100820745199981889e-25 6.660551062004970129e-23 5.998659686467555695e-04 0.000000000000000000e+00
9.576682610191997735e-01 4.173187301215330880e-02 5.100820745199981889e-25 6.660551062004970129e-23 5.998659686467555695e-04 0.000000000000000000e+00
9.576682610191997735e-01 4.173187301215330880e-02 5.100820745199981889e-25 6.660551062004970129e-23 5.998659686467555695e-04 0.000000000000000000e+00
9.576682610191997735e-01 4.173187301215330880e-02 5.100820745199981889e-25 6.660551062004970129e-23 5.998659686467555695e-04 0.000000000000000000e+00
9.576682610191997735e-01 4.173187301215330880e-02 5.100820745199981889e-25 6.660551062004970129e-23 5.998659686467555695e-04 0.000000000000000000e+00
9.576682610191997735e-01 4.173187301215330880e-02 5.100820745199981889e-25 6.660551062004970129e-23 5.998659686467555695e-04 0.000000000000000000e+00
9.576682610191997735e-01 4.173187301215330880e-02 5.100820745199981889e-25 6.660551062004970129e-23 5.998659686467555695e-04 0.000000000000000000e+00
9.576682610191997735e-01 4.173187301215330880e-02 5.100820745199981889e-25 6.660551062004970129e-23 5.998659686467555695e-04 0.000000000000000000e+00
9.576682610191997735e-01 4.173187301215330880e-02 5.100820745199981889e-25 6.660551062004970129e-23 5.998659686467555695e-04 0.000000000000000000e+00
9.576682610191997735e-01 4.173187301215330880e-02 5.100820745199981889e-25 6.660551062004970129e-23 5.998659686467555695e-04 0.000000000000000000e+00
9.576682610191997735e-01 4.173187301215330880e-02 5.100820745199981889e-25 6.660551062004970129e-23 5.998659686467555695e-04 0.000000000000000000e+00
9.576682610191997735e-01 4.173187301215330880e-02 5.100820745199981889e-25 6.660551062004970129e-23 5.998659686467555695e-04 0.000000000000000000e+00
9.576682610191997735e-01 4.173187301215330880e-02 5.100820745199981889e-25 6.660551062004970129e-23 5.998659686467555695e-04 0.000000000000000000e+00
9.576682610191997735e-01 4.173187301215330880e-02 5.100820745199981889e-25 6.660551062004970129e-23 5.998659686467555695e-04 0.000000000000000000e+00
9.576682610191997735e-01 4.173187301215330880e-02 5.100820745199981889e-25 6.660551062004970129e-23 5.998659686467555695e-04 0.000000000000000000e+00
9.576682610191997735e-01 4.173187301215330880e-02 5.100820745199981889e-25 6.660551062004970129e-23 5.998659686467555695e-04 0.000000000000000000e+00
9.576682610191997735e-01 4.173187301215330880e-02 5.100820745199981889e-25 6.660551062004970129e-23 5.998659686467555695e-04 0.000000000000000000e+00
9.576682610191997735e-01 4.173187301215330880e-02 5.100820745199981889e-25 6.660551062004970129e-23 5.998659686467555695e-04 0.000000000000000000e+00
9.576682610191997735e-01 4.173187301215330880e-02 5.100820745199981889e-25 6.660551062004970129e-23 5.998659686467555695e-04 0.000000000000000000e+00
9.576682610191997735e-01 4.173187301215330880e-02 5.100820745199981889e-25 6.660551062004970129e-23 5.998659686467555695e-04 0.000000000000000000e+00
9.576682610191997735e-01 4.173187301215330880e-02 5.100820745199981889e-25 6.660551062004970129e-23 5.998659686467555695e-04 0.000000000000000000e+00
9.576682610191997735e-01 4.173187301215330880e-02 5.100820745199981889e-25 6.660551062004970129e-23 5.998659686467555695e-04 0.000000000000000000e+00
9.576682610191997735e-01 4.173187301215330880e-02 5.100820745199981889e-25 6.660551062004970129e-23 5.998659686467555695e-04 0.000000000000000000e+00
9.576682610191997735e-01 4.173187301215330880e-02 5.100820745199981889e-25 6.660551062004970129e-23 5.998659686467555695e-04 0.000000000000000000e+00
9.576682610191997735e-01 4.173187301215330880e-02 5.100820745199981889e-25 6.660551062004970129e-23 5.998659686467555695e-04 0.000000000000000000e+00
9.576682610191997735e-01 4.173187301215330880e-02 5.100820745199981889e-25 6.660551062004970129e-23 5.998659686467555695e-04 0.000000000000000000e+00
9.576682610191997735e-01 4.173187301215330880e-02 5.100820745199981889e-25 6.660551062004970129e-23 5.998659686467555695e-04 0.000000000000000000e+00
9.576682610191997735e-01 4.173187301215330880e-02 5.100820745199981889e-25 6.660551062004970129e-23 5.998659686467555695e-04 0.000000000000000000e+00
9.576682610191997735e-01 4.173187301215330880e-02 5.100820745199981889e-25 6.660551062004970129e-23 5.998659686467555695e-04 0.000000000000000000e+00
9.576682610191997735e-01 4.173187301215330880e-02 5.100820745199981889e-25 6.660551062004970129e-23 5.998659686467555695e-04 0.000000000000000000e+00
9.576682610191997735e-01 4.173187301215330880e-02 5.100820745199981889e-25 6.660551062004970129e-23 5.998659686467555695e-04 0.000000000000000000e+00
9.576682610191997735e-01 4.173187301215330880e-02 5.100820745199981889e-25 6.660551062004970129e-23 5.998659686467555695e-04 0.000000000000000000e+00
9.576682610191997735e-01 4.173187301215330880e-02 5.100820745199981889e-25 6.660551062004970129e-23 5.998659686467555695e-04 0.000000000000000000e+00
9.576682610191997735e-01 4.173187301215330880e-02 5.100820745199981889e-25 6.660551062004970129e-23 5.998659686467555695e-04 0.000000000000000000e+00
9.576682610191997735e-01 4.173187301215330880e-02 5.100820745199981889e-25 6.660551062004970129e-23 5.998659686467555695e-04 0.000000000000000000e+00
9.576682610191997735e-01 4.173187301215330880e-02 5.100820745199981889e-25 6.660551062004970129e-23 5.998659686467555695e-04 0.000000000000000000e+00
9.576682610191997735e-01 4.173187301215330880e-02 5.100820745199981889e-25 6.660551062004970129e-23 5.998659686467555695e-04 0.000000000000000000e+00
9.576682610191997735e-01 4.173187301215330880e-02 5.100820745199981889e-25 6.660551062004970129e-23 5.998659686467555695e-04 0.000000000000000000e+00
9.576682610191997735e-01 4.173187301215330880e-02 5.100820745199981889e-25 6.660551062004970129e-23 5.998659686467555695e-04 0.000000000000000000e+00
9.576682610191997735e-01 4.173187301215330880e-02 5.100820745199981889e-25 6.660551062004970129e-23 5.998659686467555695e-04 0.000000000000000000e+00
9.576682610191997735e-01 4.173187301215330880e-02 5.100820745199981889e-25 6.660551062004970129e-23 5.998659686467555695e-04 0.000000000000000000e+00
9.576682610191997735e-01 4.173187301215330880e-02 5.100820745199981889e-25 6.660551062004970129e-23 5.998659686467555695e-04 0.000000000000000000e+00
9.576682610191997735e-01 4.173187301215330880e-02 5.100820745199981889e-25 6.660551062004970129e-23 5.998659686467555695e-04 0.000000000000000000e+00
9.576682610191997735e-01 4.173187301215330880e-02 5.100820745199981889e-25 6.660551062004970129e-23 5.998659686467555695e-04 0.000000000000000000e+00
9.576682610191997735e-01 4.173187301215330880e-02 5.100820745199981889e-25 6.660551062004970129e-23 5.998659686467555695e-04 0.000000000000000000e+00
9.576682610191997735e-01 4.173187301215330880e-02 5.100820745199981889e-25 6.660551062004970129e-23 5.998659686467555695e-04 0.000000000000000000e+00
9.576682610191997735e-01 4.173187301215330880e-02 5.100820745199981889e-25 6.660551062004970129e-23 5.998659686467555695e-04 0.000000000000000000e+00
9.576682610191997735e-01 4.173187301215330880e-02 5.100820745199981889e-25 6.660551062004970129e-23 5.998659686467555695e-04 0.000000000000000000e+00
9.576682610191997735e-01 4.173187301215330880e-02 5.100820745199981889e-25 6.660551062004970129e-23 5.998659686467555695e-04 0.000000000000000000e+00
9.576682610191997735e-01 4.173187301215330880e-02 5.100820745199981889e-25 6.660551062004970129e-23 5.998659686467555695e-04 0.000000000000000000e+00
9.576682610191997735e-01 4.173187301215330880e-02 5.100820745199981889e-25 6.660551062004970129e-23 5.998659686467555695e-04 0.000000000000000000e+00
9.576682610191997735e-01 4.173187301215330880e-02 5.100820745199981889e-25 6.660551062004970129e-23 5.998659686467555695e-04 0.000000000000000000e+00
9.576682610191997735e-01 4.173187301215330880e-02 5.100820745199981889e-25 6.660551062004970129e-23 5.998659686467555695e-04 0.000000000000000000e+00
9.576682610191997735e-01 4.173187301215330880e-02 5.100820745199981889e-25 6.660551062004970129e-23 5.998659686467555695e-04 0.000000000000000000e+00
9.576682610191997735e-01 4.173187301215330880e-02 5.100820745199981889e-25 6.660551062004970129e-23 5.998659686467555695e-04 0.000000000000000000e+00
9.576682610191997735e-01 4.173187301215330880e-02 5.100820745199981889e-25 6.660551062004970129e-23 5.998659686467555695e-04 0.000000000000000000e+00
9.576682610191997735e-01 4.173187301215330880e-02 5.100820745199981889e-25 6.660551062004970129e-23 5.998659686467555695e-04 0.000000000000000000e+00
9.576682610191997735e-01 4.173187301215330880e-02 5.100820745199981889e-25 6.660551062004970129e-23 5.998659686467555695e-04 0.000000000000000000e+00
9.576682610191997735e-01 4.173187301215330880e-02 5.100820745199981889e-25 6.660551062004970129e-23 5.998659686467555695e-04 0.000000000000000000e+00
9.576682610191997735e-01 4.173187301215330880e-02 5.100820745199981889e-25 6.660551062004970129e-23 5.998659686467555695e-04 0.000000000000000000e+00
9.576682610191997735e-01 4.173187301215330880e-02 5.100820745199981889e-25 6.660551062004970129e-23 5.998659686467555695e-04 0.000000000000000000e+00
9.576682610191997735e-01 4.173187301215330880e-02 5.100820745199981889e-25 6.660551062004970129e-23 5.998659686467555695e-04 0.000000000000000000e+00
9.576682610191997735e-01 4.173187301215330880e-02 5.100820745199981889e-25 6.660551062004970129e-23 5.998659686467555695e-04 0.000000000000000000e+00
9.576682610191997735e-01 4.173187301215330880e-02 5.100820745199981889e-25 6.660551062004970129e-23 5.998659686467555695e-04 0.000000000000000000e+00
9.576682610191997735e-01 4.173187301215330880e-02 5.100820745199981889e-25 6.660551062004970129e-23 5.998659686467555695e-04 0.000000000000000000e+00
9.576682610191997735e-01 4.173187301215330880e-02 5.100820745199981889e-25 6.660551062004970129e-23 5.998659686467555695e-04 0.000000000000000000e+00
9.576682610191997735e-01 4.173187301215330880e-02 5.100820745199981889e-25 6.660551062004970129e-23 5.998659686467555695e-04 0.000000000000000000e+00
9.576682610191997735e-01 4.173187301215330880e-02 5.100820745199981889e-25 6.660551062004970129e-23 5.998659686467555695e-04 0.000000000000000000e+00
9.576682610191997735e-01 4.173187301215330880e-02 5.100820745199981889e-25 6.660551062004970129e-23 5.998659686467555695e-04 0.000000000000000000e+00
9.576682610191997735e-01 4.173187301215330880e-02 5.100820745199981889e-25 6.660551062004970129e-23 5.998659686467555695e-04 0.000000000000000000e+00
9.576682610191997735e-01 4.173187301215330880e-02 5.100820745199981889e-25 6.660551062004970129e-23 5.998659686467555695e-04 0.000000000000000000e+00
9.576682610191997735e-01 4.173187301215330880e-02 5.100820745199981889e-25 6.660551062004970129e-23 5.998659686467555695e-04 0.000000000000000000e+00
9.576682610191997735e-01 4.173187301215330880e-02 5.100820745199981889e-25 6.660551062004970129e-23 5.998659686467555695e-04 0.000000000000000000e+00
9.576682610191997735e-01 4.173187301215330880e-02 5.100820745199981889e-25 6.660551062004970129e-23 5.998659686467555695e-04 0.000000000000000000e+00
9.576682610191997735e-01 4.173187301215330880e-02 5.100820745199981889e-25 6.660551062004970129e-23 5.998659686467555695e-04 0.000000000000000000e+00
9.576682610191997735e-01 4.173187301215330880e-02 5.100820745199981889e-25 6.660551062004970129e-23 5.998659686467555695e-04 0.000000000000000000e+00
9.576682610191997735e-01 4.173187301215330880e-02 5.100820745199981889e-25 6.660551062004970129e-23 5.998659686467555695e-04 0.000000000000000000e+00
9.576682610191997735e-01 4.173187301215330880e-02 5.100820745199981889e-25 6.660551062004970129e-23 5.998659686467555695e-04 0.000000000000000000e+00
9.576682610191997735e-01 4.173187301215330880e-02 5.100820745199981889e-25 6.660551062004970129e-23 5.998659686467555695e-04 0.000000000000000000e+00
9.576682610191997735e-01 4.173187301215330880e-02 5.100820745199981889e-25 6.660551062004970129e-23 5.998659686467555695e-04 0.000000000000000000e+00
9.576682610191997735e-01 4.173187301215330880e-02 5.100820745199981889e-25 6.660551062004970129e-23 5.998659686467555695e-04 0.000000000000000000e+00
9.576682610191997735e-01 4.173187301215330880e-02 5.100820745199981889e-25 6.660551062004970129e-23 5.998659686467555695e-04 0.000000000000000000e+00
9.576682610191997735e-01 4.173187301215330880e-02 5.100820745199981889e-25 6.660551062004970129e-23 5.998659686467555695e-04 0.000000000000000000e+00
9.576682610191997735e-01 4.173187301215330880e-02 5.100820745199981889e-25 6.660551062004970129e-23 5.998659686467555695e-04 0.000000000000000000e+00
9.576682610191997735e-01 4.173187301215330880e-02 5.100820745199981889e-25 6.660551062004970129e-23 5.998659686467555695e-04 0.000000000000000000e+00
9.576682610191997735e-01 4.173187301215330880e-02 5.100820745199981889e-25 6.660551062004970129e-23 5.998659686467555695e-04 0.000000000000000000e+00
9.576682610191997735e-01 4.173187301215330880e-02 5.100820745199981889e-25 6.660551062004970129e-23 5.998659686467555695e-04 0.000000000000000000e+00
9.576682610191997735e-01 4.173187301215330880e-02 5.100820745199981889e-25 6.660551062004970129e-23 5.998659686467555695e-04 0.000000000000000000e+00
9.576682610191997735e-01 4.173187301215330880e-02 5.100820745199981889e-25 6.660551062004970129e-23 5.998659686467555695e-04 0.000000000000000000e+00
9.576682610191997735e-01 4.173187301215330880e-02 5.100820745199981889e-25 6.660551062004970129e-23 5.998659686467555695e-04 0.000000000000000000e+00
9.576682610191997735e-01 4.173187301215330880e-02 5.100820745199981889e-25 6.660551062004970129e-23 5.998659686467555695e-04 0.000000000000000000e+00
9.576682610191997735e-01 4.173187301215330880e-02 5.100820745199981889e-25 6.660551062004970129e-23 5.998659686467555695e-04 0.000000000000000000e+00
9.576682610191997735e-01 4.173187301215330880e-02 5.100820745199981889e-25 6.660551062004970129e-23 5.998659686467555695e-04 0.000000000000000000e+00
9.576682610191997735e-01 4.173187301215330880e-02 5.100820745199981889e-25 6.660551062004970129e-23 5.998659686467555695e-04 0.000000000000000000e+00
9.576682610191997735e-01 4.173187301215330880e-02 5.100820745199981889e-25 6.660551062004970129e-23 5.998659686467555695e-04 0.000000000000000000e+00
9.576682610191997735e-01 4.173187301215330880e-02 5.100820745199981889e-25 6.660551062004970129e-23 5.998659686467555695e-04 0.000000000000000000e+00
9.576682610191997735e-01 4.173187301215330880e-02 5.100820745199981889e-25 6.660551062004970129e-23 5.998659686467555695e-04 0.000000000000000000e+00
9.576682610191997735e-01 4.173187301215330880e-02 5.100820745199981889e-25 6.660551062004970129e-23 5.998659686467555695e-04 0.000000000000000000e+00
9.576682610191997735e-01 4.173187301215330880e-02 5.100820745199981889e-25 6.660551062004970129e-23 5.998659686467555695e-04 0.000000000000000000e+00
9.576682610191997735e-01 4.173187301215330880e-02 5.100820745199981889e-25 6.660551062004970129e-23 5.998659686467555695e-04 0.000000000000000000e+00
9.576682610191997735e-01 4.173187301215330880e-02 5.100820745199981889e-25 6.660551062004970129e-23 5.998659686467555695e-04 0.000000000000000000e+00
9.576682610191997735e-01 4.173187301215330880e-02 5.100820745199981889e-25 6.660551062004970129e-23 5.998659686467555695e-04 0.000000000000000000e+00
9.576682610191997735e-01 4.173187301215330880e-02 5.100820745199981889e-25 6.660551062004970129e-23 5.998659686467555695e-04 0.000000000000000000e+00
9.576682610191997735e-01 4.173187301215330880e-02 5.100820745199981889e-25 6.660551062004970129e-23 5.998659686467555695e-04 0.000000000000000000e+00
9.576682610191997735e-01 4.173187301215330880e-02 5.100820745199981889e-25 6.660551062004970129e-23 5.998659686467555695e-04 0.000000000000000000e+00
9.576682610191997735e-01 4.173187301215330880e-02 5.100820745199981889e-25 6.660551062004970129e-23 5.998659686467555695e-04 0.000000000000000000e+00
9.576682610191997735e-01 4.173187301215330880e-02 5.100820745199981889e-25 6.660551062004970129e-23 5.998659686467555695e-04 0.000000000000000000e+00
9.576682610191997735e-01 4.173187301215330880e-02 5.100820745199981889e-25 6.660551062004970129e-23 5.998659686467555695e-04 0.000000000000000000e+00
9.576682610191997735e-01 4.173187301215330880e-02 5.100820745199981889e-25 6.660551062004970129e-23 5.998659686467555695e-04 0.000000000000000000e+00
9.576682610191997735e-01 4.173187301215330880e-02 5.100820745199981889e-25 6.660551062004970129e-23 5.998659686467555695e-04 0.000000000000000000e+00
9.576682610191997735e-01 4.173187301215330880e-02 5.100820745199981889e-25 6.660551062004970129e-23 5.998659686467555695e-04 0.000000000000000000e+00
9.576682610191997735e-01 4.173187301215330880e-02 5.100820745199981889e-25 6.660551062004970129e-23 5.998659686467555695e-04 0.000000000000000000e+00
9.576682610191997735e-01 4.173187301215330880e-02 5.100820745199981889e-25 6.660551062004970129e-23 5.998659686467555695e-04 0.000000000000000000e+00
9.576682610191997735e-01 4.173187301215330880e-02 5.100820745199981889e-25 6.660551062004970129e-23 5.998659686467555695e-04 0.000000000000000000e+00
9.576682610191997735e-01 4.173187301215330880e-02 5.100820745199981889e-25 6.660551062004970129e-23 5.998659686467555695e-04 0.000000000000000000e+00
9.576682610191997735e-01 4.173187301215330880e-02 5.100820745199981889e-25 6.660551062004970129e-23 5.998659686467555695e-04 0.000000000000000000e+00
9.576682610191997735e-01 4.173187301215330880e-02 5.100820745199981889e-25 6.660551062004970129e-23 5.998659686467555695e-04 0.000000000000000000e+00
9.576682610191997735e-01 4.173187301215330880e-02 5.100820745199981889e-25 6.660551062004970129e-23 5.998659686467555695e-04 0.000000000000000000e+00
9.576682610191997735e-01 4.173187301215330880e-02 5.100820745199981889e-25 6.660551062004970129e-23 5.998659686467555695e-04 0.000000000000000000e+00
9.576682610191997735e-01 4.173187301215330880e-02 5.100820745199981889e-25 6.660551062004970129e-23 5.998659686467555695e-04 0.000000000000000000e+00
9.576682610191997735e-01 4.173187301215330880e-02 5.100820745199981889e-25 6.660551062004970129e-23 5.998659686467555695e-04 0.000000000000000000e+00
9.576682610191997735e-01 4.173187301215330880e-02 5.100820745199981889e-25 6.660551062004970129e-23 5.998659686467555695e-04 0.000000000000000000e+00
9.576682610191997735e-01 4.173187301215330880e-02 5.100820745199981889e-25 6.660551062004970129e-23 5.998659686467555695e-04 0.000000000000000000e+00
9.576682610191997735e-01 4.173187301215330880e-02 5.100820745199981889e-25 6.660551062004970129e-23 5.998659686467555695e-04 0.000000000000000000e+00
9.576682610191997735e-01 4.173187301215330880e-02 5.100820745199981889e-25 6.660551062004970129e-23 5.998659686467555695e-04 0.000000000000000000e+00
9.576682610191997735e-01 4.173187301215330880e-02 5.100820745199981889e-25 6.660551062004970129e-23 5.998659686467555695e-04 0.000000000000000000e+00
9.576682610191997735e-01 4.173187301215330880e-02 5.100820745199981889e-25 6.660551062004970129e-23 5.998659686467555695e-04 0.000000000000000000e+00
9.576682610191997735e-01 4.173187301215330880e-02 5.100820745199981889e-25 6.660551062004970129e-23 5.998659686467555695e-04 0.000000000000000000e+00
9.576682610191997735e-01 4.173187301215330880e-02 5.100820745199981889e-25 6.660551062004970129e-23 5.998659686467555695e-04 0.000000000000000000e+00
9.576682610191997735e-01 4.173187301215330880e-02 5.100820745199981889e-25 6.660551062004970129e-23 5.998659686467555695e-04 0.000000000000000000e+00
9.576682610191997735e-01 4.173187301215330880e-02 5.100820745199981889e-25 6.660551062004970129e-23 5.998659686467555695e-04 0.000000000000000000e+00
9.576682610191997735e-01 4.173187301215330880e-02 5.100820745199981889e-25 6.660551062004970129e-23 5.998659686467555695e-04 0.000000000000000000e+00
9.576682610191997735e-01 4.173187301215330880e-02 5.100820745199981889e-25 6.660551062004970129e-23 5.998659686467555695e-04 0.000000000000000000e+00
9.576682610191997735e-01 4.173187301215330880e-02 5.100820745199981889e-25 6.660551062004970129e-23 5.998659686467555695e-04 0.000000000000000000e+00
9.576682610191997735e-01 4.173187301215330880e-02 5.100820745199981889e-25 6.660551062004970129e-23 5.998659686467555695e-04 0.000000000000000000e+00
9.576682610191997735e-01 4.173187301215330880e-02 5.100820745199981889e-25 6.660551062004970129e-23 5.998659686467555695e-04 0.000000000000000000e+00
9.576682610191997735e-01 4.173187301215330880e-02 5.100820745199981889e-25 6.660551062004970129e-23 5.998659686467555695e-04 0.000000000000000000e+00
9.576682610191997735e-01 4.173187301215330880e-02 5.100820745199981889e-25 6.660551062004970129e-23 5.998659686467555695e-04 0.000000000000000000e+00
9.576682610191997735e-01 4.173187301215330880e-02 5.100820745199981889e-25 6.660551062004970129e-23 5.998659686467555695e-04 0.000000000000000000e+00
9.576682610191997735e-01 4.173187301215330880e-02 5.100820745199981889e-25 6.660551062004970129e-23 5.998659686467555695e-04 0.000000000000000000e+00
9.576682610191997735e-01 4.173187301215330880e-02 5.100820745199981889e-25 6.660551062004970129e-23 5.998659686467555695e-04 0.000000000000000000e+00
9.576682610191997735e-01 4.173187301215330880e-02 5.100820745199981889e-25 6.660551062004970129e-23 5.998659686467555695e-04 0.000000000000000000e+00
9.576682610191997735e-01 4.173187301215330880e-02 5.100820745199981889e-25 6.660551062004970129e-23 5.998659686467555695e-04 0.000000000000000000e+00
9.576682610191997735e-01 4.173187301215330880e-02 5.100820745199981889e-25 6.660551062004970129e-23 5.998659686467555695e-04 0.000000000000000000e+00
9.576682610191997735e-01 4.173187301215330880e-02 5.100820745199981889e-25 6.660551062004970129e-23 5.998659686467555695e-04 0.000000000000000000e+00
9.576682610191997735e-01 4.173187301215330880e-02 5.100820745199981889e-25 6.660551062004970129e-23 5.998659686467555695e-04 0.000000000000000000e+00
9.576682610191997735e-01 4.173187301215330880e-02 5.100820745199981889e-25 6.660551062004970129e-23 5.998659686467555695e-04 0.000000000000000000e+00
9.576682610191997735e-01 4.173187301215330880e-02 5.100820745199981889e-25 6.660551062004970129e-23 5.998659686467555695e-04 0.000000000000000000e+00
9.576682610191997735e-01 4.173187301215330880e-02 5.100820745199981889e-25 6.660551062004970129e-23 5.998659686467555695e-04 0.000000000000000000e+00
9.576682610191997735e-01 4.173187301215330880e-02 5.100820745199981889e-25 6.660551062004970129e-23 5.998659686467555695e-04 0.000000000000000000e+00
9.576682610191997735e-01 4.173187301215330880e-02 5.100820745199981889e-25 6.660551062004970129e-23 5.998659686467555695e-04 0.000000000000000000e+00
9.576682610191997735e-01 4.173187301215330880e-02 5.100820745199981889e-25 6.660551062004970129e-23 5.998659686467555695e-04 0.000000000000000000e+00
9.576682610191997735e-01 4.173187301215330880e-02 5.100820745199981889e-25 6.660551062004970129e-23 5.998659686467555695e-04 0.000000000000000000e+00
9.576682610191997735e-01 4.173187301215330880e-02 5.100820745199981889e-25 6.660551062004970129e-23 5.998659686467555695e-04 0.000000000000000000e+00
9.576682610191997735e-01 4.173187301215330880e-02 5.100820745199981889e-25 6.660551062004970129e-23 5.998659686467555695e-04 0.000000000000000000e+00
9.576682610191997735e-01 4.173187301215330880e-02 5.100820745199981889e-25 6.660551062004970129e-23 5.998659686467555695e-04 0.000000000000000000e+00
9.576682610191997735e-01 4.173187301215330880e-02 5.100820745199981889e-25 6.660551062004970129e-23 5.998659686467555695e-04 0.000000000000000000e+00
9.576682610191997735e-01 4.173187301215330880e-02 5.100820745199981889e-25 6.660551062004970129e-23 5.998659686467555695e-04 0.000000000000000000e+00
9.576682610191997735e-01 4.173187301215330880e-02 5.100820745199981889e-25 6.660551062004970129e-23 5.998659686467555695e-04 0.000000000000000000e+00
9.576682610191997735e-01 4.173187301215330880e-02 5.100820745199981889e-25 6.660551062004970129e-23 5.998659686467555695e-04 0.000000000000000000e+00
9.576682610191997735e-01 4.173187301215330880e-02 5.100820745199981889e-25 6.660551062004970129e-23 5.998659686467555695e-04 0.000000000000000000e+00
9.576682610191997735e-01 4.173187301215330880e-02 5.100820745199981889e-25 6.660551062004970129e-23 5.998659686467555695e-04 0.000000000000000000e+00
9.576682610191997735e-01 4.173187301215330880e-02 5.100820745199981889e-25 6.660551062004970129e-23 5.998659686467555695e-04 0.000000000000000000e+00
9.576682610191997735e-01 4.173187301215330880e-02 5.100820745199981889e-25 6.660551062004970129e-23 5.998659686467555695e-04 0.000000000000000000e+00
9.576682610191997735e-01 4.173187301215330880e-02 5.100820745199981889e-25 6.660551062004970129e-23 5.998659686467555695e-04 0.000000000000000000e+00
9.576682610191997735e-01 4.173187301215330880e-02 5.100820745199981889e-25 6.660551062004970129e-23 5.998659686467555695e-04 0.000000000000000000e+00
9.576682610191997735e-01 4.173187301215330880e-02 5.100820745199981889e-25 6.660551062004970129e-23 5.998659686467555695e-04 0.000000000000000000e+00
9.576682610191997735e-01 4.173187301215330880e-02 5.100820745199981889e-25 6.660551062004970129e-23 5.998659686467555695e-04 0.000000000000000000e+00
9.576682610191997735e-01 4.173187301215330880e-02 5.100820745199981889e-25 6.660551062004970129e-23 5.998659686467555695e-04 0.000000000000000000e+00
9.576682610191997735e-01 4.173187301215330880e-02 5.100820745199981889e-25 6.660551062004970129e-23 5.998659686467555695e-04 0.000000000000000000e+00
9.576682610191997735e-01 4.173187301215330880e-02 5.100820745199981889e-25 6.660551062004970129e-23 5.998659686467555695e-04 0.000000000000000000e+00
9.576682610191997735e-01 4.173187301215330880e-02 5.100820745199981889e-25 6.660551062004970129e-23 5.998659686467555695e-04 0.000000000000000000e+00
9.576682610191997735e-01 4.173187301215330880e-02 5.100820745199981889e-25 6.660551062004970129e-23 5.998659686467555695e-04 0.000000000000000000e+00
9.576682610191997735e-01 4.173187301215330880e-02 5.100820745199981889e-25 6.660551062004970129e-23 5.998659686467555695e-04 0.000000000000000000e+00
9.576682610191997735e-01 4.173187301215330880e-02 5.100820745199981889e-25 6.660551062004970129e-23 5.998659686467555695e-04 0.000000000000000000e+00
9.576682610191997735e-01 4.173187301215330880e-02 5.100820745199981889e-25 6.660551062004970129e-23 5.998659686467555695e-04 0.000000000000000000e+00
9.576682610191997735e-01 4.173187301215330880e-02 5.100820745199981889e-25 6.660551062004970129e-23 5.998659686467555695e-04 0.000000000000000000e+00
9.576682610191997735e-01 4.173187301215330880e-02 5.100820745199981889e-25 6.660551062004970129e-23 5.998659686467555695e-04 0.000000000000000000e+00
9.576682610191997735e-01 4.173187301215330880e-02 5.100820745199981889e-25 6.660551062004970129e-23 5.998659686467555695e-04 0.000000000000000000e+00
9.576682610191997735e-01 4.173187301215330880e-02 5.100820745199981889e-25 6.660551062004970129e-23 5.998659686467555695e-04 0.000000000000000000e+00
9.576682610191997735e-01 4.173187301215330880e-02 5.100820745199981889e-25 6.660551062004970129e-23 5.998659686467555695e-04 0.000000000000000000e+00
9.576682610191997735e-01 4.173187301215330880e-02 5.100820745199981889e-25 6.660551062004970129e-23 5.998659686467555695e-04 0.000000000000000000e+00
9.576682610191997735e-01 4.173187301215330880e-02 5.100820745199981889e-25 6.660551062004970129e-23 5.998659686467555695e-04 0.000000000000000000e+00
9.576682610191997735e-01 4.173187301215330880e-02 5.100820745199981889e-25 6.660551062004970129e-23 5.998659686467555695e-04 0.000000000000000000e+00
9.576682610191997735e-01 4.173187301215330880e-02 5.100820745199981889e-25 6.660551062004970129e-23 5.998659686467555695e-04 0.000000000000000000e+00
9.576682610191997735e-01 4.173187301215330880e-02 5.100820745199981889e-25 6.660551062004970129e-23 5.998659686467555695e-04 0.000000000000000000e+00
9.576682610191997735e-01 4.173187301215330880e-02 5.100820745199981889e-25 6.660551062004970129e-23 5.998659686467555695e-04 0.000000000000000000e+00
9.576682610191997735e-01 4.173187301215330880e-02 5.100820745199981889e-25 6.660551062004970129e-23 5.998659686467555695e-04 0.000000000000000000e+00
9.576682610191997735e-01 4.173187301215330880e-02 5.100820745199981889e-25 6.660551062004970129e-23 5.998659686467555695e-04 0.000000000000000000e+00
9.576682610191997735e-01 4.173187301215330880e-02 5.100820745199981889e-25 6.660551062004970129e-23 5.998659686467555695e-04 0.000000000000000000e+00
9.576682610191997735e-01 4.173187301215330880e-02 5.100820745199981889e-25 6.660551062004970129e-23 5.998659686467555695e-04 0.000000000000000000e+00
9.576682610191997735e-01 4.173187301215330880e-02 5.100820745199981889e-25 6.660551062004970129e-23 5.998659686467555695e-04 0.000000000000000000e+00
9.576682610191997735e-01 4.173187301215330880e-02 5.100820745199981889e-25 6.660551062004970129e-23 5.998659686467555695e-04 0.000000000000000000e+00
9.576682610191997735e-01 4.173187301215330880e-02 5.100820745199981889e-25 6.660551062004970129e-23 5.998659686467555695e-04 0.000000000000000000e+00
9.576682610191997735e-01 4.173187301215330880e-02 5.100820745199981889e-25 6.660551062004970129e-23 5.998659686467555695e-04 0.000000000000000000e+00
9.576682610191997735e-01 4.173187301215330880e-02 5.100820745199981889e-25 6.660551062004970129e-23 5.998659686467555695e-04 0.000000000000000000e+00
9.576682610191997735e-01 4.173187301215330880e-02 5.100820745199981889e-25 6.660551062004970129e-23 5.998659686467555695e-04 0.000000000000000000e+00
9.576682610191997735e-01 4.173187301215330880e-02 5.100820745199981889e-25 6.660551062004970129e-23 5.998659686467555695e-04 0.000000000000000000e+00
9.576682610191997735e-01 4.173187301215330880e-02 5.100820745199981889e-25 6.660551062004970129e-23 5.998659686467555695e-04 0.000000000000000000e+00
9.576682610191997735e-01 4.173187301215330880e-02 5.100820745199981889e-25 6.660551062004970129e-23 5.998659686467555695e-04 0.000000000000000000e+00
9.576682610191997735e-01 4.173187301215330880e-02 5.100820745199981889e-25 6.660551062004970129e-23 5.998659686467555695e-04 0.000000000000000000e+00
9.576682610191997735e-01 4.173187301215330880e-02 5.100820745199981889e-25 6.660551062004970129e-23 5.998659686467555695e-04 0.000000000000000000e+00
9.576682610191997735e-01 4.173187301215330880e-02 5.100820745199981889e-25 6.660551062004970129e-23 5.998659686467555695e-04 0.000000000000000000e+00
9.576682610191997735e-01 4.173187301215330880e-02 5.100820745199981889e-25 6.660551062004970129e-23 5.998659686467555695e-04 0.000000000000000000e+00
9.576682610191997735e-01 4.173187301215330880e-02 5.100820745199981889e-25 6.660551062004970129e-23 5.998659686467555695e-04 0.000000000000000000e+00
9.576682610191997735e-01 4.173187301215330880e-02 5.100820745199981889e-25 6.660551062004970129e-23 5.998659686467555695e-04 0.000000000000000000e+00
9.576682610191997735e-01 4.173187301215330880e-02 5.100820745199981889e-25 6.660551062004970129e-23 5.998659686467555695e-04 0.000000000000000000e+00
9.576682610191997735e-01 4.173187301215330880e-02 5.100820745199981889e-25 6.660551062004970129e-23 5.998659686467555695e-04 0.000000000000000000e+00
9.576682610191997735e-01 4.173187301215330880e-02 5.100820745199981889e-25 6.660551062004970129e-23 5.998659686467555695e-04 0.000000000000000000e+00
9.576682610191997735e-01 4.173187301215330880e-02 5.100820745199981889e-25 6.660551062004970129e-23 5.998659686467555695e-04 0.000000000000000000e+00
9.576682610191997735e-01 4.173187301215330880e-02 5.100820745199981889e-25 6.660551062004970129e-23 5.998659686467555695e-04 0.000000000000000000e+00
9.576682610191997735e-01 4.173187301215330880e-02 5.100820745199981889e-25 6.660551062004970129e-23 5.998659686467555695e-04 0.000000000000000000e+00
9.576682610191997735e-01 4.173187301215330880e-02 5.100820745199981889e-25 6.660551062004970129e-23 5.998659686467555695e-04 0.000000000000000000e+00
9.576682610191997735e-01 4.173187301215330880e-02 5.100820745199981889e-25 6.660551062004970129e-23 5.998659686467555695e-04 0.000000000000000000e+00
9.576682610191997735e-01 4.173187301215330880e-02 5.100820745199981889e-25 6.660551062004970129e-23 5.998659686467555695e-04 0.000000000000000000e+00
9.576682610191997735e-01 4.173187301215330880e-02 5.100820745199981889e-25 6.660551062004970129e-23 5.998659686467555695e-04 0.000000000000000000e+00
9.576682610191997735e-01 4.173187301215330880e-02 5.100820745199981889e-25 6.660551062004970129e-23 5.998659686467555695e-04 0.000000000000000000e+00
9.576682610191997735e-01 4.173187301215330880e-02 5.100820745199981889e-25 6.660551062004970129e-23 5.998659686467555695e-04 0.000000000000000000e+00
9.576682610191997735e-01 4.173187301215330880e-02 5.100820745199981889e-25 6.660551062004970129e-23 5.998659686467555695e-04 0.000000000000000000e+00
9.576682610191997735e-01 4.173187301215330880e-02 5.100820745199981889e-25 6.660551062004970129e-23 5.998659686467555695e-04 0.000000000000000000e+00
9.576682610191997735e-01 4.173187301215330880e-02 5.100820745199981889e-25 6.660551062004970129e-23 5.998659686467555695e-04 0.000000000000000000e+00
9.576682610191997735e-01 4.173187301215330880e-02 5.100820745199981889e-25 6.660551062004970129e-23 5.998659686467555695e-04 0.000000000000000000e+00
9.576682610191997735e-01 4.173187301215330880e-02 5.100820745199981889e-25 6.660551062004970129e-23 5.998659686467555695e-04 0.000000000000000000e+00
9.576682610191997735e-01 4.173187301215330880e-02 5.100820745199981889e-25 6.660551062004970129e-23 5.998659686467555695e-04 0.000000000000000000e+00
9.576682610191997735e-01 4.173187301215330880e-02 5.100820745199981889e-25 6.660551062004970129e-23 5.998659686467555695e-04 0.000000000000000000e+00
9.576682610191997735e-01 4.173187301215330880e-02 5.100820745199981889e-25 6.660551062004970129e-23 5.998659686467555695e-04 0.000000000000000000e+00
9.576682610191997735e-01 4.173187301215330880e-02 5.100820745199981889e-25 6.660551062004970129e-23 5.998659686467555695e-04 0.000000000000000000e+00
9.576682610191997735e-01 4.173187301215330880e-02 5.100820745199981889e-25 6.660551062004970129e-23 5.998659686467555695e-04 0.000000000000000000e+00
9.576682610191997735e-01 4.173187301215330880e-02 5.100820745199981889e-25 6.660551062004970129e-23 5.998659686467555695e-04 0.000000000000000000e+00
9.576682610191997735e-01 4.173187301215330880e-02 5.100820745199981889e-25 6.660551062004970129e-23 5.998659686467555695e-04 0.000000000000000000e+00
9.576682610191997735e-01 4.173187301215330880e-02 5.100820745199981889e-25 6.660551062004970129e-23 5.998659686467555695e-04 0.000000000000000000e+00
9.576682610191997735e-01 4.173187301215330880e-02 5.100820745199981889e-25 6.660551062004970129e-23 5.998659686467555695e-04 0.000000000000000000e+00
9.576682610191997735e-01 4.173187301215330880e-02 5.100820745199981889e-25 6.660551062004970129e-23 5.998659686467555695e-04 0.000000000000000000e+00
9.576682610191997735e-01 4.173187301215330880e-02 5.100820745199981889e-25 6.660551062004970129e-23 5.998659686467555695e-04 0.000000000000000000e+00
9.576682610191997735e-01 4.173187301215330880e-02 5.100820745199981889e-25 6.660551062004970129e-23 5.998659686467555695e-04 0.000000000000000000e+00
9.576682610191997735e-01 4.173187301215330880e-02 5.100820745199981889e-25 6.660551062004970129e-23 5.998659686467555695e-04 0.000000000000000000e+00
9.576682610191997735e-01 4.173187301215330880e-02 5.100820745199981889e-25 6.660551062004970129e-23 5.998659686467555695e-04 0.000000000000000000e+00
9.576682610191997735e-01 4.173187301215330880e-02 5.100820745199981889e-25 6.660551062004970129e-23 5.998659686467555695e-04 0.000000000000000000e+00
9.576682610191997735e-01 4.173187301215330880e-02 5.100820745199981889e-25 6.660551062004970129e-23 5.998659686467555695e-04 0.000000000000000000e+00
9.576682610191997735e-01 4.173187301215330880e-02 5.100820745199981889e-25 6.660551062004970129e-23 5.998659686467555695e-04 0.000000000000000000e+00
9.576682610191997735e-01 4.173187301215330880e-02 5.100820745199981889e-25 6.660551062004970129e-23 5.998659686467555695e-04 0.000000000000000000e+00
9.576682610191997735e-01 4.173187301215330880e-02 5.100820745199981889e-25 6.660551062004970129e-23 5.998659686467555695e-04 0.000000000000000000e+00
9.576682610191997735e-01 4.173187301215330880e-02 5.100820745199981889e-25 6.660551062004970129e-23 5.998659686467555695e-04 0.000000000000000000e+00
9.576682610191997735e-01 4.173187301215330880e-02 5.100820745199981889e-25 6.660551062004970129e-23 5.998659686467555695e-04 0.000000000000000000e+00
9.576682610191997735e-01 4.173187301215330880e-02 5.100820745199981889e-25 6.660551062004970129e-23 5.998659686467555695e-04 0.000000000000000000e+00
9.576682610191997735e-01 4.173187301215330880e-02 5.100820745199981889e-25 6.660551062004970129e-23 5.998659686467555695e-04 0.000000000000000000e+00
9.576682610191997735e-01 4.173187301215330880e-02 5.100820745199981889e-25 6.660551062004970129e-23 5.998659686467555695e-04 0.000000000000000000e+00
9.576682610191997735e-01 4.173187301215330880e-02 5.100820745199981889e-25 6.660551062004970129e-23 5.998659686467555695e-04 0.000000000000000000e+00
9.576682610191997735e-01 4.173187301215330880e-02 5.100820745199981889e-25 6.660551062004970129e-23 5.998659686467555695e-04 0.000000000000000000e+00
9.576682610191997735e-01 4.173187301215330880e-02 5.100820745199981889e-25 6.660551062004970129e-23 5.998659686467555695e-04 0.000000000000000000e+00
9.576682610191997735e-01 4.173187301215330880e-02 5.100820745199981889e-25 6.660551062004970129e-23 5.998659686467555695e-04 0.000000000000000000e+00
9.576682610191997735e-01 4.173187301215330880e-02 5.100820745199981889e-25 6.660551062004970129e-23 5.998659686467555695e-04 0.000000000000000000e+00
9.576682610191997735e-01 4.173187301215330880e-02 5.100820745199981889e-25 6.660551062004970129e-23 5.998659686467555695e-04 0.000000000000000000e+00
9.576682610191997735e-01 4.173187301215330880e-02 5.100820745199981889e-25 6.660551062004970129e-23 5.998659686467555695e-04 0.000000000000000000e+00
9.576682610191997735e-01 4.173187301215330880e-02 5.100820745199981889e-25 6.660551062004970129e-23 5.998659686467555695e-04 0.000000000000000000e+00
9.576682610191997735e-01 4.173187301215330880e-02 5.100820745199981889e-25 6.660551062004970129e-23 5.998659686467555695e-04 0.000000000000000000e+00
9.576682610191997735e-01 4.173187301215330880e-02 5.100820745199981889e-25 6.660551062004970129e-23 5.998659686467555695e-04 0.000000000000000000e+00
9.576682610191997735e-01 4.173187301215330880e-02 5.100820745199981889e-25 6.660551062004970129e-23 5.998659686467555695e-04 0.000000000000000000e+00
9.576682610191997735e-01 4.173187301215330880e-02 5.100820745199981889e-25 6.660551062004970129e-23 5.998659686467555695e-04 0.000000000000000000e+00
9.576682610191997735e-01 4.173187301215330880e-02 5.100820745199981889e-25 6.660551062004970129e-23 5.998659686467555695e-04 0.000000000000000000e+00
9.576682610191997735e-01 4.173187301215330880e-02 5.100820745199981889e-25 6.660551062004970129e-23 5.998659686467555695e-04 0.000000000000000000e+00
9.576682610191997735e-01 4.173187301215330880e-02 5.100820745199981889e-25 6.660551062004970129e-23 5.998659686467555695e-04 0.000000000000000000e+00
9.576682610191997735e-01 4.173187301215330880e-02 5.100820745199981889e-25 6.660551062004970129e-23 5.998659686467555695e-04 0.000000000000000000e+00
9.576682610191997735e-01 4.173187301215330880e-02 5.100820745199981889e-25 6.660551062004970129e-23 5.998659686467555695e-04 0.000000000000000000e+00
9.576682610191997735e-01 4.173187301215330880e-02 5.100820745199981889e-25 6.660551062004970129e-23 5.998659686467555695e-04 0.000000000000000000e+00
9.576682610191997735e-01 4.173187301215330880e-02 5.100820745199981889e-25 6.660551062004970129e-23 5.998659686467555695e-04 0.000000000000000000e+00
9.576682610191997735e-01 4.173187301215330880e-02 5.100820745199981889e-25 6.660551062004970129e-23 5.998659686467555695e-04 0.000000000000000000e+00
9.576682610191997735e-01 4.173187301215330880e-02 5.100820745199981889e-25 6.660551062004970129e-23 5.998659686467555695e-04 0.000000000000000000e+00
9.576682610191997735e-01 4.173187301215330880e-02 5.100820745199981889e-25 6.660551062004970129e-23 5.998659686467555695e-04 0.000000000000000000e+00
9.576682610191997735e-01 4.173187301215330880e-02 5.100820745199981889e-25 6.660551062004970129e-23 5.998659686467555695e-04 0.000000000000000000e+00
9.576682610191997735e-01 4.173187301215330880e-02 5.100820745199981889e-25 6.660551062004970129e-23 5.998659686467555695e-04 0.000000000000000000e+00
9.576682610191997735e-01 4.173187301215330880e-02 5.100820745199981889e-25 6.660551062004970129e-23 5.998659686467555695e-04 0.000000000000000000e+00
9.576682610191997735e-01 4.173187301215330880e-02 5.100820745199981889e-25 6.660551062004970129e-23 5.998659686467555695e-04 0.000000000000000000e+00
9.576682610191997735e-01 4.173187301215330880e-02 5.100820745199981889e-25 6.660551062004970129e-23 5.998659686467555695e-04 0.000000000000000000e+00
9.576682610191997735e-01 4.173187301215330880e-02 5.100820745199981889e-25 6.660551062004970129e-23 5.998659686467555695e-04 0.000000000000000000e+00
9.576682610191997735e-01 4.173187301215330880e-02 5.100820745199981889e-25 6.660551062004970129e-23 5.998659686467555695e-04 0.000000000000000000e+00
9.576682610191997735e-01 4.173187301215330880e-02 5.100820745199981889e-25 6.660551062004970129e-23 5.998659686467555695e-04 0.000000000000000000e+00
9.576682610191997735e-01 4.173187301215330880e-02 5.100820745199981889e-25 6.660551062004970129e-23 5.998659686467555695e-04 0.000000000000000000e+00
9.576682610191997735e-01 4.173187301215330880e-02 5.100820745199981889e-25 6.660551062004970129e-23 5.998659686467555695e-04 0.000000000000000000e+00
9.576682610191997735e-01 4.173187301215330880e-02 5.100820745199981889e-25 6.660551062004970129e-23 5.998659686467555695e-04 0.000000000000000000e+00
9.576682610191997735e-01 4.173187301215330880e-02 5.100820745199981889e-25 6.660551062004970129e-23 5.998659686467555695e-04 0.000000000000000000e+00
9.576682610191997735e-01 4.173187301215330880e-02 5.100820745199981889e-25 6.660551062004970129e-23 5.998659686467555695e-04 0.000000000000000000e+00
9.576682610191997735e-01 4.173187301215330880e-02 5.100820745199981889e-25 6.660551062004970129e-23 5.998659686467555695e-04 0.000000000000000000e+00
9.576682610191997735e-01 4.173187301215330880e-02 5.100820745199981889e-25 6.660551062004970129e-23 5.998659686467555695e-04 0.000000000000000000e+00
9.576682610191997735e-01 4.173187301215330880e-02 5.100820745199981889e-25 6.660551062004970129e-23 5.998659686467555695e-04 0.000000000000000000e+00
9.576682610191997735e-01 4.173187301215330880e-02 5.100820745199981889e-25 6.660551062004970129e-23 5.998659686467555695e-04 0.000000000000000000e+00
9.576682610191997735e-01 4.173187301215330880e-02 5.100820745199981889e-25 6.660551062004970129e-23 5.998659686467555695e-04 0.000000000000000000e+00
9.576682610191997735e-01 4.173187301215330880e-02 5.100820745199981889e-25 6.660551062004970129e-23 5.998659686467555695e-04 0.000000000000000000e+00
9.576682610191997735e-01 4.173187301215330880e-02 5.100820745199981889e-25 6.660551062004970129e-23 5.998659686467555695e-04 0.000000000000000000e+00
9.576682610191997735e-01 4.173187301215330880e-02 5.100820745199981889e-25 6.660551062004970129e-23 5.998659686467555695e-04 0.000000000000000000e+00
9.576682610191997735e-01 4.173187301215330880e-02 5.100820745199981889e-25 6.660551062004970129e-23 5.998659686467555695e-04 0.000000000000000000e+00
9.576682610191997735e-01 4.173187301215330880e-02 5.100820745199981889e-25 6.660551062004970129e-23 5.998659686467555695e-04 0.000000000000000000e+00
9.576682610191997735e-01 4.173187301215330880e-02 5.100820745199981889e-25 6.660551062004970129e-23 5.998659686467555695e-04 0.000000000000000000e+00
9.576682610191997735e-01 4.173187301215330880e-02 5.100820745199981889e-25 6.660551062004970129e-23 5.998659686467555695e-04 0.000000000000000000e+00
9.576682610191997735e-01 4.173187301215330880e-02 5.100820745199981889e-25 6.660551062004970129e-23 5.998659686467555695e-04 0.000000000000000000e+00
9.576682610191997735e-01 4.173187301215330880e-02 5.100820745199981889e-25 6.660551062004970129e-23 5.998659686467555695e-04 0.000000000000000000e+00
9.576682610191997735e-01 4.173187301215330880e-02 5.100820745199981889e-25 6.660551062004970129e-23 5.998659686467555695e-04 0.000000000000000000e+00
9.576682610191997735e-01 4.173187301215330880e-02 5.100820745199981889e-25 6.660551062004970129e-23 5.998659686467555695e-04 0.000000000000000000e+00
9.576682610191997735e-01 4.173187301215330880e-02 5.100820745199981889e-25 6.660551062004970129e-23 5.998659686467555695e-04 0.000000000000000000e+00
9.576682610191997735e-01 4.173187301215330880e-02 5.100820745199981889e-25 6.660551062004970129e-23 5.998659686467555695e-04 0.000000000000000000e+00
9.576682610191997735e-01 4.173187301215330880e-02 5.100820745199981889e-25 6.660551062004970129e-23 5.998659686467555695e-04 0.000000000000000000e+00
9.576682610191997735e-01 4.173187301215330880e-02 5.100820745199981889e-25 6.660551062004970129e-23 5.998659686467555695e-04 0.000000000000000000e+00
9.576682610191997735e-01 4.173187301215330880e-02 5.100820745199981889e-25 6.660551062004970129e-23 5.998659686467555695e-04 0.000000000000000000e+00
9.576682610191997735e-01 4.173187301215330880e-02 5.100820745199981889e-25 6.660551062004970129e-23 5.998659686467555695e-04 0.000000000000000000e+00
9.576682610191997735e-01 4.173187301215330880e-02 5.100820745199981889e-25 6.660551062004970129e-23 5.998659686467555695e-04 0.000000000000000000e+00
9.576682610191997735e-01 4.173187301215330880e-02 5.100820745199981889e-25 6.660551062004970129e-23 5.998659686467555695e-04 0.000000000000000000e+00
9.576682610191997735e-01 4.173187301215330880e-02 5.100820745199981889e-25 6.660551062004970129e-23 5.998659686467555695e-04 0.000000000000000000e+00
9.576682610191997735e-01 4.173187301215330880e-02 5.100820745199981889e-25 6.660551062004970129e-23 5.998659686467555695e-04 0.000000000000000000e+00
9.576682610191997735e-01 4.173187301215330880e-02 5.100820745199981889e-25 6.660551062004970129e-23 5.998659686467555695e-04 0.000000000000000000e+00
9.576682610191997735e-01 4.173187301215330880e-02 5.100820745199981889e-25 6.660551062004970129e-23 5.998659686467555695e-04 0.000000000000000000e+00
9.576682610191997735e-01 4.173187301215330880e-02 5.100820745199981889e-25 6.660551062004970129e-23 5.998659686467555695e-04 0.000000000000000000e+00
9.576682610191997735e-01 4.173187301215330880e-02 5.100820745199981889e-25 6.660551062004970129e-23 5.998659686467555695e-04 0.000000000000000000e+00
9.576682610191997735e-01 4.173187301215330880e-02 5.100820745199981889e-25 6.660551062004970129e-23 5.998659686467555695e-04 0.000000000000000000e+00
9.576682610191997735e-01 4.173187301215330880e-02 5.100820745199981889e-25 6.660551062004970129e-23 5.998659686467555695e-04 0.000000000000000000e+00
9.576682610191997735e-01 4.173187301215330880e-02 5.100820745199981889e-25 6.660551062004970129e-23 5.998659686467555695e-04 0.000000000000000000e+00
9.576682610191997735e-01 4.173187301215330880e-02 5.100820745199981889e-25 6.660551062004970129e-23 5.998659686467555695e-04 0.000000000000000000e+00
9.576682610191997735e-01 4.173187301215330880e-02 5.100820745199981889e-25 6.660551062004970129e-23 5.998659686467555695e-04 0.000000000000000000e+00
9.576682610191997735e-01 4.173187301215330880e-02 5.100820745199981889e-25 6.660551062004970129e-23 5.998659686467555695e-04 0.000000000000000000e+00
9.576682610191997735e-01 4.173187301215330880e-02 5.100820745199981889e-25 6.660551062004970129e-23 5.998659686467555695e-04 0.000000000000000000e+00
9.576682610191997735e-01 4.173187301215330880e-02 5.100820745199981889e-25 6.660551062004970129e-23 5.998659686467555695e-04 0.000000000000000000e+00
9.576682610191997735e-01 4.173187301215330880e-02 5.100820745199981889e-25 6.660551062004970129e-23 5.998659686467555695e-04 0.000000000000000000e+00
9.576682610191997735e-01 4.173187301215330880e-02 5.100820745199981889e-25 6.660551062004970129e-23 5.998659686467555695e-04 0.000000000000000000e+00
9.576682610191997735e-01 4.173187301215330880e-02 5.100820745199981889e-25 6.660551062004970129e-23 5.998659686467555695e-04 0.000000000000000000e+00
9.576682610191997735e-01 4.173187301215330880e-02 5.100820745199981889e-25 6.660551062004970129e-23 5.998659686467555695e-04 0.000000000000000000e+00
9.576682610191997735e-01 4.173187301215330880e-02 5.100820745199981889e-25 6.660551062004970129e-23 5.998659686467555695e-04 0.000000000000000000e+00
9.576682610191997735e-01 4.173187301215330880e-02 5.100820745199981889e-25 6.660551062004970129e-23 5.998659686467555695e-04 0.000000000000000000e+00
9.576682610191997735e-01 4.173187301215330880e-02 5.100820745199981889e-25 6.660551062004970129e-23 5.998659686467555695e-04 0.000000000000000000e+00
9.576682610191997735e-01 4.173187301215330880e-02 5.100820745199981889e-25 6.660551062004970129e-23 5.998659686467555695e-04 0.000000000000000000e+00
9.576682610191997735e-01 4.173187301215330880e-02 5.100820745199981889e-25 6.660551062004970129e-23 5.998659686467555695e-04 0.000000000000000000e+00
9.576682610191997735e-01 4.173187301215330880e-02 5.100820745199981889e-25 6.660551062004970129e-23 5.998659686467555695e-04 0.000000000000000000e+00
9.576682610191997735e-01 4.173187301215330880e-02 5.100820745199981889e-25 6.660551062004970129e-23 5.998659686467555695e-04 0.000000000000000000e+00
9.576682610191997735e-01 4.173187301215330880e-02 5.100820745199981889e-25 6.660551062004970129e-23 5.998659686467555695e-04 0.000000000000000000e+00
9.576682610191997735e-01 4.173187301215330880e-02 5.100820745199981889e-25 6.660551062004970129e-23 5.998659686467555695e-04 0.000000000000000000e+00
9.576682610191997735e-01 4.173187301215330880e-02 5.100820745199981889e-25 6.660551062004970129e-23 5.998659686467555695e-04 0.000000000000000000e+00
9.576682610191997735e-01 4.173187301215330880e-02 5.100820745199981889e-25 6.660551062004970129e-23 5.998659686467555695e-04 0.000000000000000000e+00
9.576682610191997735e-01 4.173187301215330880e-02 5.100820745199981889e-25 6.660551062004970129e-23 5.998659686467555695e-04 0.000000000000000000e+00
9.576682610191997735e-01 4.173187301215330880e-02 5.100820745199981889e-25 6.660551062004970129e-23 5.998659686467555695e-04 0.000000000000000000e+00
9.576682610191997735e-01 4.173187301215330880e-02 5.100820745199981889e-25 6.660551062004970129e-23 5.998659686467555695e-04 0.000000000000000000e+00
9.576682610191997735e-01 4.173187301215330880e-02 5.100820745199981889e-25 6.660551062004970129e-23 5.998659686467555695e-04 0.000000000000000000e+00
9.576682610191997735e-01 4.173187301215330880e-02 5.100820745199981889e-25 6.660551062004970129e-23 5.998659686467555695e-04 0.000000000000000000e+00
9.576682610191997735e-01 4.173187301215330880e-02 5.100820745199981889e-25 6.660551062004970129e-23 5.998659686467555695e-04 0.000000000000000000e+00
9.576682610191997735e-01 4.173187301215330880e-02 5.100820745199981889e-25 6.660551062004970129e-23 5.998659686467555695e-04 0.000000000000000000e+00
9.576682610191997735e-01 4.173187301215330880e-02 5.100820745199981889e-25 6.660551062004970129e-23 5.998659686467555695e-04 0.000000000000000000e+00
9.576682610191997735e-01 4.173187301215330880e-02 5.100820745199981889e-25 6.660551062004970129e-23 5.998659686467555695e-04 0.000000000000000000e+00
9.576682610191997735e-01 4.173187301215330880e-02 5.100820745199981889e-25 6.660551062004970129e-23 5.998659686467555695e-04 0.000000000000000000e+00
9.576682610191997735e-01 4.173187301215330880e-02 5.100820745199981889e-25 6.660551062004970129e-23 5.998659686467555695e-04 0.000000000000000000e+00
9.576682610191997735e-01 4.173187301215330880e-02 5.100820745199981889e-25 6.660551062004970129e-23 5.998659686467555695e-04 0.000000000000000000e+00
9.576682610191997735e-01 4.173187301215330880e-02 5.100820745199981889e-25 6.660551062004970129e-23 5.998659686467555695e-04 0.000000000000000000e+00
9.576682610191997735e-01 4.173187301215330880e-02 5.100820745199981889e-25 6.660551062004970129e-23 5.998659686467555695e-04 0.000000000000000000e+00
9.576682610191997735e-01 4.173187301215330880e-02 5.100820745199981889e-25 6.660551062004970129e-23 5.998659686467555695e-04 0.000000000000000000e+00
9.576682610191997735e-01 4.173187301215330880e-02 5.100820745199981889e-25 6.660551062004970129e-23 5.998659686467555695e-04 0.000000000000000000e+00
9.576682610191997735e-01 4.173187301215330880e-02 5.100820745199981889e-25 6.660551062004970129e-23 5.998659686467555695e-04 0.000000000000000000e+00
9.576682610191997735e-01 4.173187301215330880e-02 5.100820745199981889e-25 6.660551062004970129e-23 5.998659686467555695e-04 0.000000000000000000e+00
9.576682610191997735e-01 4.173187301215330880e-02 5.100820745199981889e-25 6.660551062004970129e-23 5.998659686467555695e-04 0.000000000000000000e+00
9.576682610191997735e-01 4.173187301215330880e-02 5.100820745199981889e-25 6.660551062004970129e-23 5.998659686467555695e-04 0.000000000000000000e+00
9.576682610191997735e-01 4.173187301215330880e-02 5.100820745199981889e-25 6.660551062004970129e-23 5.998659686467555695e-04 0.000000000000000000e+00
9.576682610191997735e-01 4.173187301215330880e-02 5.100820745199981889e-25 6.660551062004970129e-23 5.998659686467555695e-04 0.000000000000000000e+00
9.576682610191997735e-01 4.173187301215330880e-02 5.100820745199981889e-25 6.660551062004970129e-23 5.998659686467555695e-04 0.000000000000000000e+00
9.576682610191997735e-01 4.173187301215330880e-02 5.100820745199981889e-25 6.660551062004970129e-23 5.998659686467555695e-04 0.000000000000000000e+00
9.576682610191997735e-01 4.173187301215330880e-02 5.100820745199981889e-25 6.660551062004970129e-23 5.998659686467555695e-04 0.000000000000000000e+00
9.576682610191997735e-01 4.173187301215330880e-02 5.100820745199981889e-25 6.660551062004970129e-23 5.998659686467555695e-04 0.000000000000000000e+00
9.576682610191997735e-01 4.173187301215330880e-02 5.100820745199981889e-25 6.660551062004970129e-23 5.998659686467555695e-04 0.000000000000000000e+00
9.576682610191997735e-01 4.173187301215330880e-02 5.100820745199981889e-25 6.660551062004970129e-23 5.998659686467555695e-04 0.000000000000000000e+00
9.576682610191997735e-01 4.173187301215330880e-02 5.100820745199981889e-25 6.660551062004970129e-23 5.998659686467555695e-04 0.000000000000000000e+00
9.576682610191997735e-01 4.173187301215330880e-02 5.100820745199981889e-25 6.660551062004970129e-23 5.998659686467555695e-04 0.000000000000000000e+00
9.576682610191997735e-01 4.173187301215330880e-02 5.100820745199981889e-25 6.660551062004970129e-23 5.998659686467555695e-04 0.000000000000000000e+00
9.576682610191997735e-01 4.173187301215330880e-02 5.100820745199981889e-25 6.660551062004970129e-23 5.998659686467555695e-04 0.000000000000000000e+00
9.576682610191997735e-01 4.173187301215330880e-02 5.100820745199981889e-25 6.660551062004970129e-23 5.998659686467555695e-04 0.000000000000000000e+00
9.576682610191997735e-01 4.173187301215330880e-02 5.100820745199981889e-25 6.660551062004970129e-23 5.998659686467555695e-04 0.000000000000000000e+00
9.576682610191997735e-01 4.173187301215330880e-02 5.100820745199981889e-25 6.660551062004970129e-23 5.998659686467555695e-04 0.000000000000000000e+00
9.576682610191997735e-01 4.173187301215330880e-02 5.100820745199981889e-25 6.660551062004970129e-23 5.998659686467555695e-04 0.000000000000000000e+00
9.576682610191997735e-01 4.173187301215330880e-02 5.100820745199981889e-25 6.660551062004970129e-23 5.998659686467555695e-04 0.000000000000000000e+00
9.576682610191997735e-01 4.173187301215330880e-02 5.100820745199981889e-25 6.660551062004970129e-23 5.998659686467555695e-04 0.000000000000000000e+00
9.576682610191997735e-01 4.173187301215330880e-02 5.100820745199981889e-25 6.660551062004970129e-23 5.998659686467555695e-04 0.000000000000000000e+00
9.576682610191997735e-01 4.173187301215330880e-02 5.100820745199981889e-25 6.660551062004970129e-23 5.998659686467555695e-04 0.000000000000000000e+00
9.576682610191997735e-01 4.173187301215330880e-02 5.100820745199981889e-25 6.660551062004970129e-23 5.998659686467555695e-04 0.000000000000000000e+00
9.576682610191997735e-01 4.173187301215330880e-02 5.100820745199981889e-25 6.660551062004970129e-23 5.998659686467555695e-04 0.000000000000000000e+00
9.576682610191997735e-01 4.173187301215330880e-02 5.100820745199981889e-25 6.660551062004970129e-23 5.998659686467555695e-04 0.000000000000000000e+00
9.576682610191997735e-01 4.173187301215330880e-02 5.100820745199981889e-25 6.660551062004970129e-23 5.998659686467555695e-04 0.000000000000000000e+00
9.576682610191997735e-01 4.173187301215330880e-02 5.100820745199981889e-25 6.660551062004970129e-23 5.998659686467555695e-04 0.000000000000000000e+00
9.576682610191997735e-01 4.173187301215330880e-02 5.100820745199981889e-25 6.660551062004970129e-23 5.998659686467555695e-04 0.000000000000000000e+00
9.576682610191997735e-01 4.173187301215330880e-02 5.100820745199981889e-25 6.660551062004970129e-23 5.998659686467555695e-04 0.000000000000000000e+00
9.576682610191997735e-01 4.173187301215330880e-02 5.100820745199981889e-25 6.660551062004970129e-23 5.998659686467555695e-04 0.000000000000000000e+00
9.576682610191997735e-01 4.173187301215330880e-02 5.100820745199981889e-25 6.660551062004970129e-23 5.998659686467555695e-04 0.000000000000000000e+00
9.576682610191997735e-01 4.173187301215330880e-02 5.100820745199981889e-25 6.660551062004970129e-23 5.998659686467555695e-04 0.000000000000000000e+00
