9.770098791959496215e+06 5.879029422677461980e+02
9.443731554017364979e+06 5.826854620840817915e+02
9.125629686299089342e+06 5.774668660587282147e+02
8.815648566630529240e+06 5.722471507522294587e+02
8.513645082969602197e+06 5.670263127027550354e+02
8.219477624670065939e+06 5.618043484261492040e+02
7.933006073802581988e+06 5.565812544159794015e+02
7.654091796533310786e+06 5.513570271435847872e+02
7.382597634560344741e+06 5.461316630581235358e+02
7.118387896608254872e+06 5.409051585866200185e+02
6.861328349981144071e+06 5.356775101340118681e+02
6.611286212174384855e+06 5.304487140831956822e+02
6.368130142545568757e+06 5.252187667950732930e+02
6.131730234044844285e+06 5.199876646085965604e+02
5.901958005005134270e+06 5.147554038408123915e+02
5.678686390992555767e+06 5.095219807869070792e+02
5.461789736717456952e+06 5.042873917202500706e+02
5.251143804455776699e+06 4.990517125252873711e+02
5.046625837148682214e+06 4.938153000289503893e+02
4.848114524210019968e+06 4.885781515677646212e+02
4.655489916100149043e+06 4.833402644611247183e+02
4.468633417103579268e+06 4.781016360113616201e+02
4.287427778165772557e+06 4.728622635038091175e+02
4.111757089789715130e+06 4.676221442068703027e+02
3.941506774992834777e+06 4.623812753720839055e+02
3.776563582324878778e+06 4.571396542341899476e+02
3.616815578947435599e+06 4.518972780111955103e+02
3.462152122639824171e+06 4.466540188774760622e+02
3.312463846053829417e+06 4.414098027464542611e+02
3.167642674161640927e+06 4.361646263048912147e+02
3.027581830003794748e+06 4.309184862212041480e+02
2.892175827841612510e+06 4.256713791455208025e+02
2.761320466377623845e+06 4.204233017097330958e+02
2.634912822044888977e+06 4.151742505275509529e+02
2.512851242366103921e+06 4.099242221945553979e+02
2.395035339383501094e+06 4.046732132882516453e+02
2.281365988039117306e+06 3.994212555773349891e+02
2.171745357552748173e+06 3.941686302582433541e+02
2.066076894097535172e+06 3.889153346267452207e+02
1.964265273055628873e+06 3.836613659637283149e+02
1.866216393220336409e+06 3.784067215352672520e+02
1.771837371073335875e+06 3.731513985926911801e+02
1.681036535138361622e+06 3.678953943726507987e+02
1.593723420412892709e+06 3.626387060971858318e+02
1.509808762879380723e+06 3.573813309737917621e+02
1.429204494097726187e+06 3.521232661954869059e+02
1.351823635899680434e+06 3.468635848665844605e+02
1.277580245797610609e+06 3.416016547496578823e+02
1.206389531586136902e+06 3.363374681015789633e+02
1.138167916902638972e+06 3.310710171411249689e+02
1.072833034333258634e+06 3.258022940488901327e+02
1.010303718624105095e+06 3.205312909671959005e+02
9.505000000000001164e+05 3.152579999999999814e+02
9.010000000000000000e+05 3.152579999999999814e+02
8.515000000000000000e+05 3.152579999999999814e+02
8.020000000000000000e+05 3.152579999999999814e+02
7.525000000000000000e+05 3.152579999999999814e+02
7.030000000000000000e+05 3.152579999999999814e+02
6.535000000000000000e+05 3.152579999999999814e+02
6.040000000000000000e+05 3.152579999999999814e+02
5.545000000000000000e+05 3.152579999999999814e+02
5.050000000000000000e+05 3.152579999999999814e+02
4.555000000000000000e+05 3.152579999999999814e+02
4.059999999999999418e+05 3.152579999999999814e+02
3.565000000000000000e+05 3.152579999999999814e+02
3.070000000000000000e+05 3.152579999999999814e+02
2.575000000000000291e+05 3.152579999999999814e+02
2.080000000000000000e+05 3.152579999999999814e+02
1.585000000000000000e+05 3.152579999999999814e+02
1.090000000000000146e+05 3.152579999999999814e+02
5.950000000000000000e+04 3.152579999999999814e+02
1.000000000000000000e+04 3.152579999999999814e+02
1.000000000000000000e+02 3.152579999999999814e+02
1.000000000000000000e+01 3.152579999999999814e+02
1.000000000000000000e+00 3.152579999999999814e+02
9.999999999999999167e-02 3.152579999999999814e+02
1.000000000000000021e-02 3.152579999999999814e+02
1.000000000000000021e-03 3.152579999999999814e+02
