9.912378434581575915e+06 7.408947637134036768e+02
9.692563884565865621e+06 7.363382893217058154e+02
9.476440509288592264e+06 7.317828415782619231e+02
9.263965099726721644e+06 7.272284191618114164e+02
9.055094766065923497e+06 7.226750207500709848e+02
8.849786936065768823e+06 7.181226450197416398e+02
8.647999353434357792e+06 7.135712906465149672e+02
8.449690076212367043e+06 7.090209563050800625e+02
8.254817475166501477e+06 7.044716406691301245e+02
8.063340233253828250e+06 6.999233502722743197e+02
7.875217405179572292e+06 6.953765422717494857e+02
7.690408410280514508e+06 6.908312154561965599e+02
7.508872967307649553e+06 6.862873686138178755e+02
7.330571093013792299e+06 6.817450005323843243e+02
7.155463100749455392e+06 6.772041099992430873e+02
6.983509599066980183e+06 6.726646958013249105e+02
6.814671490332893096e+06 6.681267567251516084e+02
6.648909969348482788e+06 6.635902915568434537e+02
6.486186521978621371e+06 6.590552990821265666e+02
6.326462923788793385e+06 6.545217780863401913e+02
6.169701238690341823e+06 6.499897273544440850e+02
6.015863817593937740e+06 6.454591456710260218e+02
5.864913297071245499e+06 6.409300318203088409e+02
5.716812598024812527e+06 6.364023845861579503e+02
5.571524924366157502e+06 6.318762027520884885e+02
5.429013761702078395e+06 6.273514851012727149e+02
5.289242876029173844e+06 6.228282304165473988e+02
5.152176312436539680e+06 6.183064374804206409e+02
5.017778393816745840e+06 6.137861050750796039e+02
4.886013719584977254e+06 6.092672319823974476e+02
4.756847164406424388e+06 6.047498169839406046e+02
4.630243876931907609e+06 6.002338588609759427e+02
4.506169311051584780e+06 5.957196732502790155e+02
4.384589223696745932e+06 5.912072761512068837e+02
4.265469639463239349e+06 5.866966662551782292e+02
4.148776847646599635e+06 5.821878422535584150e+02
4.034477401123288088e+06 5.776808028376669881e+02
3.922538115239537787e+06 5.731755466987848422e+02
3.812926066707820632e+06 5.686720725281614932e+02
3.705608592510962859e+06 5.641703790170223556e+02
3.600553288813916966e+06 5.596704648565759044e+02
3.497728009883240331e+06 5.551723287380208376e+02
3.397100867014273070e+06 5.506759693525534658e+02
3.298640227466076147e+06 5.461813853913746470e+02
3.202314713404130191e+06 5.416885755456971765e+02
3.108093200850832742e+06 5.371975385067528350e+02
3.015944818643852137e+06 5.327082729657998925e+02
2.925838947402319871e+06 5.282207776141298154e+02
2.837745218500941992e+06 5.237350511430746565e+02
2.751633513052049559e+06 5.192510922440143304e+02
2.667473960895620286e+06 5.147688996083834354e+02
2.585236939597335178e+06 5.102884719276788132e+02
2.504893073454678990e+06 5.058098078934661999e+02
2.426413232511169277e+06 5.013329061973878424e+02
2.349768537319827825e+06 4.968578412864258667e+02
2.274930359810645226e+06 4.923846439264356718e+02
2.201870316046494991e+06 4.879133127495227882e+02
2.130560262767588720e+06 4.834438463879701544e+02
2.060972296480637742e+06 4.789762434742451092e+02
1.993078752556241816e+06 4.745105026410064397e+02
1.926852204334574286e+06 4.700466225211115443e+02
1.862265462239416782e+06 4.655846017476235374e+02
1.799291572900639381e+06 4.611244389538182986e+02
1.737903818285178393e+06 4.566661327731915776e+02
1.678075714836593485e+06 4.522096818394660431e+02
1.619781005930976709e+06 4.477549799686606775e+02
1.562993655274011893e+06 4.433019227324560347e+02
1.507687853847320657e+06 4.388505088659023272e+02
1.453838025906146737e+06 4.344007371041679448e+02
1.401418828098395607e+06 4.299526061825464467e+02
1.350405148593174294e+06 4.255061148364637233e+02
1.300772106218927307e+06 4.210612618014850455e+02
1.252495049611278344e+06 4.166180458133221123e+02
1.205549556370694190e+06 4.121764656078402709e+02
1.159911432230079314e+06 4.077365199210656215e+02
1.115556710232426412e+06 4.032982074891920092e+02
1.072461643613115186e+06 3.988614077784862957e+02
1.030602687811853946e+06 3.944257741277421019e+02
9.899565085306850960e+05 3.899913052854727766e+02
9.505000000000001164e+05 3.855579999999999927e+02
9.010000000000000000e+05 3.855579999999999927e+02
8.515000000000000000e+05 3.855579999999999927e+02
8.020000000000000000e+05 3.855579999999999927e+02
7.525000000000000000e+05 3.855579999999999927e+02
7.030000000000000000e+05 3.855579999999999927e+02
6.535000000000000000e+05 3.855579999999999927e+02
6.040000000000000000e+05 3.855579999999999927e+02
5.545000000000000000e+05 3.855579999999999927e+02
5.050000000000000000e+05 3.855579999999999927e+02
4.555000000000000000e+05 3.855579999999999927e+02
4.059999999999999418e+05 3.855579999999999927e+02
3.565000000000000000e+05 3.855579999999999927e+02
3.070000000000000000e+05 3.855579999999999927e+02
2.575000000000000291e+05 3.855579999999999927e+02
2.080000000000000000e+05 3.855579999999999927e+02
1.585000000000000000e+05 3.855579999999999927e+02
1.090000000000000146e+05 3.855579999999999927e+02
5.950000000000000000e+04 3.855579999999999927e+02
1.000000000000000000e+04 3.855579999999999927e+02
1.000000000000000000e+02 3.855579999999999927e+02
1.000000000000000000e+01 3.855579999999999927e+02
1.000000000000000000e+00 3.855579999999999927e+02
9.999999999999999167e-02 3.855579999999999927e+02
1.000000000000000021e-02 3.855579999999999927e+02
1.000000000000000021e-03 3.855579999999999927e+02
