9.938476088717455044e+06 7.146924621024372755e+02
9.833509548242086545e+06 7.125544116313549239e+02
9.729397018155761063e+06 7.104172281888247653e+02
9.626133439758447930e+06 7.082809112014940638e+02
9.523713775487018749e+06 7.061454600965010968e+02
9.422133008842984214e+06 7.040108743014743595e+02
9.321386144320577383e+06 7.018771532445323373e+02
9.221468208242308348e+06 6.997443091371532091e+02
9.122374255276892334e+06 6.976124351685276679e+02
9.024099367212960497e+06 6.954815306652433264e+02
8.926638646137114614e+06 6.933515949544856767e+02
8.829987214367864653e+06 6.912226273640372938e+02
8.734140214389799163e+06 6.890946272222771540e+02
8.639092808788005263e+06 6.869675938581801802e+02
8.544840180182699114e+06 6.848415266013166729e+02
8.451377531164078042e+06 6.827164247818514013e+02
8.358700084227425046e+06 6.805922877305431484e+02
8.266803081708436832e+06 6.784691147787441423e+02
8.175681785718742758e+06 6.763469052583993744e+02
8.085331478081694804e+06 6.742256585020459170e+02
7.995747460268369876e+06 6.721053738428125826e+02
7.906925053333752789e+06 6.699860506144187866e+02
7.818859597853227518e+06 6.678676881511745478e+02
7.731546453859200701e+06 6.657502857879793510e+02
7.644981000778028741e+06 6.636338428603218063e+02
7.559158637367084622e+06 6.615183587042789668e+02
7.474074781652146019e+06 6.594038326565158741e+02
7.389724870864888653e+06 6.572902640542846484e+02
7.306104361380699091e+06 6.551776522354240342e+02
7.223208728656649590e+06 6.530659965383588315e+02
7.141033467169710435e+06 6.509552963020993275e+02
7.059574090355169028e+06 6.488455508662403872e+02
6.978826130545292981e+06 6.467367595709612260e+02
6.898785138908176683e+06 6.446289217570246137e+02
6.819446685386828147e+06 6.425220367657763063e+02
6.740806358638453297e+06 6.404161039391442500e+02
6.662859765973977745e+06 6.383111226196384678e+02
6.585602533297761343e+06 6.362070921503499221e+02
6.509030305047521368e+06 6.341040118749500607e+02
6.433138744134520181e+06 6.320018811376905887e+02
6.357923531883882359e+06 6.299006992834022185e+02
6.283380367975199595e+06 6.278004656574946694e+02
6.209504970383307897e+06 6.257011796059557582e+02
6.136293075319278054e+06 6.236028404753507175e+02
6.063740437171636149e+06 6.215054476128219676e+02
5.991842828447762877e+06 6.194090003660880939e+02
5.920596039715540595e+06 6.173134980834436192e+02
5.849995879545162432e+06 6.152189401137580944e+02
5.780038174451195635e+06 6.131253258064756437e+02
5.710718768834826536e+06 6.110326545116145098e+02
5.642033524926307611e+06 6.089409255797662581e+02
5.573978322727634571e+06 6.068501383620953220e+02
5.506549059955399483e+06 6.047602922103380934e+02
5.439741651983885095e+06 6.026713864768029225e+02
5.373552031788333319e+06 6.005834205143689815e+02
5.307976152625349350e+06 5.984964439723349869e+02
5.243009988924293779e+06 5.964104756429536565e+02
5.178649533391765319e+06 5.943255147967309995e+02
5.114890795879339799e+06 5.922415607048449147e+02
5.051729803330744617e+06 5.901586126391447351e+02
4.989162599729182199e+06 5.880766698721500916e+02
4.927185246044878848e+06 5.859957316770505713e+02
4.865793820182800293e+06 5.839157973277049223e+02
4.804984416930551641e+06 5.818368660986400300e+02
4.744753147906457074e+06 5.797589372650504629e+02
4.685096141507856548e+06 5.776820101027979035e+02
4.626009542859531939e+06 5.756060838884100122e+02
4.567489513762359507e+06 5.735311578990799717e+02
4.509532232642134652e+06 5.714572314126659194e+02
4.452133894498561509e+06 5.693843037076896962e+02
4.395290710854460485e+06 5.673123740633368470e+02
4.338998909705111757e+06 5.652414417594552560e+02
4.283254735467819497e+06 5.631715060765548060e+02
4.228054448931639083e+06 5.611025662958065823e+02
4.173394327207281254e+06 5.590346216990421908e+02
4.119270663677208591e+06 5.569676715687530759e+02
4.065679767945897765e+06 5.549017151880894971e+02
4.012617965790296439e+06 5.528367518408603019e+02
3.960081599110448267e+06 5.507727808115319021e+02
3.908067025880299509e+06 5.487098013852277063e+02
3.856570620098682586e+06 5.466478128477272094e+02
3.805588771740481723e+06 5.445868144854657658e+02
3.755117886707965750e+06 5.425268055855332250e+02
3.705154386782319285e+06 5.404677854356737043e+02
3.655694709575321525e+06 5.384097533242847931e+02
3.606735308481228072e+06 5.363527085404168702e+02
3.558272652628815733e+06 5.342966503737721951e+02
3.510303226833598688e+06 5.322415781147044527e+02
3.462823531550236512e+06 5.301874910542180714e+02
3.415830082825096324e+06 5.281343884839672000e+02
3.369319412249014247e+06 5.260822696962554801e+02
3.323288066910208669e+06 5.240311339840350229e+02
3.277732609347373713e+06 5.219809806409057273e+02
3.232649617502958979e+06 5.199318089611147116e+02
3.188035684676614124e+06 5.178836182395557444e+02
3.143887419478797819e+06 5.158364077717682221e+02
3.100201445784572978e+06 5.137901768539366003e+02
3.056974402687574737e+06 5.117449247828899956e+02
3.014202944454138167e+06 5.097006508561011060e+02
2.971883740477611776e+06 5.076573543716856989e+02
2.930013475232830271e+06 5.056150346284019292e+02
2.888588848230774514e+06 5.035736909256496574e+02
2.847606573973390739e+06 5.015333225634697101e+02
2.807063381979663856e+06 4.994939306078518371e+02
2.766956016951303463e+06 4.974555197015703243e+02
2.727281238645480946e+06 4.954180891373270015e+02
2.688035821611179505e+06 4.933816382084741576e+02
2.649216555145144928e+06 4.913461662090136883e+02
2.610820243248012383e+06 4.893116724335966410e+02
2.572843704580590595e+06 4.872781561775222485e+02
2.535283772420326248e+06 4.852456167367375315e+02
2.498137294617918320e+06 4.832140534078362748e+02
2.461401133554123342e+06 4.811834654880586868e+02
2.425072166096705943e+06 4.791538522752903759e+02
2.389147283557570074e+06 4.771252130680619530e+02
2.353623391650054138e+06 4.750975471655481783e+02
2.318497410446387250e+06 4.730708538675673367e+02
2.283766274335321970e+06 4.710451324745804982e+02
2.249426931979923043e+06 4.690203822876908930e+02
2.215476346275527962e+06 4.669966026086431725e+02
2.181911494307876565e+06 4.649737927398228408e+02
2.148729367311396636e+06 4.629519519842554587e+02
2.115926970627664588e+06 4.609310796456059620e+02
2.083501323664028663e+06 4.589111750281780928e+02
2.051449459852394881e+06 4.568922374369136605e+02
2.019768426608183654e+06 4.548742661773918599e+02
1.988455285289442632e+06 4.528572605558285318e+02
1.957507111156134168e+06 4.508412198790755951e+02
1.926920992400045739e+06 4.488261159377469767e+02
1.896694029489443637e+06 4.468119283721286479e+02
1.866823336116828257e+06 4.447986565492864202e+02
1.837306039836927317e+06 4.427862998368465242e+02
1.808139282025011489e+06 4.407748576029950982e+02
1.779320217835385585e+06 4.387643292164773925e+02
1.750846016160053434e+06 4.367547140465975417e+02
1.722713859587550629e+06 4.347460114632176555e+02
1.694920944361961447e+06 4.327382208367574776e+02
1.667464480342094321e+06 4.307313415381937602e+02
1.640341690960843582e+06 4.287253729390597528e+02
1.613549813184716739e+06 4.267203144114444626e+02
1.587086097473537549e+06 4.247161653279923144e+02
1.560947807740319055e+06 4.227129250619024674e+02
1.535132221311311470e+06 4.207105929869283045e+02
1.509636628886224004e+06 4.187091684773768634e+02
1.484458334498616168e+06 4.167086509081082113e+02
1.459594655476462096e+06 4.147090396545349904e+02
1.435042922402890166e+06 4.127103340926217925e+02
1.410800479077094002e+06 4.107125335988846473e+02
1.386864682475414826e+06 4.087156375503904542e+02
1.363232902712596348e+06 4.067196453247564705e+02
1.339902523003214272e+06 4.047245563001496294e+02
1.316870939623276703e+06 4.027303698552861420e+02
1.294135561871995917e+06 4.007370853694308153e+02
1.271693809549144004e+06 3.987446130791274754e+02
1.249543111605037004e+06 3.967529001461847429e+02
1.227680908740822226e+06 3.947619460853119335e+02
1.206104654857634101e+06 3.927717504116236569e+02
1.184811817014076980e+06 3.907823126406395318e+02
1.163799875383904902e+06 3.887936322882836748e+02
1.143066323213904863e+06 3.868057088708844731e+02
1.122608666781971464e+06 3.848185419051740723e+02
1.102424425355383661e+06 3.828321309082880930e+02
1.082511131149279885e+06 3.808464753977652322e+02
1.062866329285328509e+06 3.788615748915469226e+02
1.043487577750598430e+06 3.768774289079769346e+02
1.024372447356628836e+06 3.748940369658009786e+02
1.005518521698692581e+06 3.729113985841663634e+02
9.869233971152631566e+05 3.709295132826216559e+02
9.685846826476784190e+05 3.689483805811162256e+02
9.505000000000001164e+05 3.669680000000000177e+02
9.010000000000000000e+05 3.669680000000000177e+02
8.515000000000000000e+05 3.669680000000000177e+02
8.020000000000000000e+05 3.669680000000000177e+02
7.525000000000000000e+05 3.669680000000000177e+02
7.030000000000000000e+05 3.669680000000000177e+02
6.535000000000000000e+05 3.669680000000000177e+02
6.040000000000000000e+05 3.669680000000000177e+02
5.545000000000000000e+05 3.669680000000000177e+02
5.050000000000000000e+05 3.669680000000000177e+02
4.555000000000000000e+05 3.669680000000000177e+02
4.059999999999999418e+05 3.669680000000000177e+02
3.565000000000000000e+05 3.669680000000000177e+02
3.070000000000000000e+05 3.669680000000000177e+02
2.575000000000000291e+05 3.669680000000000177e+02
2.080000000000000000e+05 3.669680000000000177e+02
1.585000000000000000e+05 3.669680000000000177e+02
1.090000000000000146e+05 3.669680000000000177e+02
5.950000000000000000e+04 3.669680000000000177e+02
1.000000000000000000e+04 3.669680000000000177e+02
1.000000000000000000e+02 3.669680000000000177e+02
1.000000000000000000e+01 3.669680000000000177e+02
1.000000000000000000e+00 3.669680000000000177e+02
9.999999999999999167e-02 3.669680000000000177e+02
1.000000000000000021e-02 3.669680000000000177e+02
1.000000000000000021e-03 3.669680000000000177e+02
