9.896362344917047769e+06 6.081043014357662742e+02
9.632885037451198325e+06 6.036189686908223848e+02
9.374640633975280449e+06 5.991338238119476500e+02
9.121559707344081253e+06 5.946491357712532135e+02
8.873573389114780352e+06 5.901649039927423246e+02
8.630613308673361316e+06 5.856811278986569960e+02
8.392611591630654410e+06 5.811978069094873263e+02
8.159500858229504898e+06 5.767149404439801401e+02
7.931214221763258800e+06 5.722325279191485379e+02
7.707685287005555816e+06 5.677505687502805358e+02
7.488848148651661351e+06 5.632690623509485022e+02
7.274637389771222137e+06 5.587880081330179110e+02
7.064988080272776075e+06 5.543074055066565506e+02
6.859835775379943661e+06 5.498272538803435054e+02
6.659116514119473286e+06 5.453475526608783639e+02
6.462766817821257748e+06 5.408683012533900865e+02
6.270723688630403019e+06 5.363894990613461005e+02
6.082924608031481504e+06 5.319111454865612814e+02
5.899307535385083407e+06 5.274332399292069340e+02
5.719810906476823613e+06 5.229557817878201149e+02
5.544373632078834809e+06 5.184787704593121589e+02
5.372935096524017863e+06 5.140022053389781149e+02
5.205435156293074600e+06 5.095260858205055570e+02
5.041814138614505529e+06 5.050504112959836220e+02
4.882012840077743866e+06 5.005751811559121620e+02
4.725972545858956873e+06 4.961005281232877451e+02
4.573635029342915863e+06 4.916264713249771603e+02
4.424942528791351244e+06 4.871530102289971182e+02
4.279837742938951589e+06 4.826801443019626845e+02
4.138263829767827876e+06 4.782078730090967724e+02
4.000164405295746867e+06 4.737361958142396361e+02
3.865483542378293350e+06 4.692651121798580789e+02
3.734165769525191281e+06 4.647946215670549464e+02
3.606156069730963092e+06 4.603247234355785054e+02
3.481399879320166074e+06 4.558554172438318233e+02
3.359843086807407439e+06 4.513867024488820903e+02
3.241432014291659929e+06 4.469184439327603968e+02
3.126113410487496760e+06 4.424505805088132320e+02
3.013834468965268694e+06 4.379831115188073341e+02
2.904542835180211812e+06 4.335160363030019539e+02
2.798186605289900210e+06 4.290493542001577225e+02
2.694714324988444336e+06 4.245830645475455185e+02
2.594074988357717171e+06 4.201171666809554495e+02
2.496218036735881120e+06 4.156516599347057195e+02
2.401093357603573706e+06 4.111865436416517241e+02
2.308651283488016576e+06 4.067218171331947474e+02
2.218842590885438956e+06 4.022574797392910568e+02
2.131618482078064699e+06 3.977933711256057450e+02
2.046930568934795214e+06 3.933293270812397964e+02
1.964730892185178120e+06 3.888653466324511214e+02
1.884971938634707592e+06 3.844014288034483684e+02
1.807606639984653099e+06 3.799375726163978584e+02
1.732588371673110640e+06 3.754737770914310886e+02
1.659870951737697003e+06 3.710100412466518947e+02
1.589408639700367814e+06 3.665463640981437266e+02
1.521156135474834125e+06 3.620827446599769246e+02
1.455068578297089087e+06 3.576191819442160522e+02
1.391101545679582283e+06 3.531556749609271719e+02
1.329211013717693044e+06 3.486917759474744116e+02
1.269353269806248136e+06 3.442264041030487078e+02
1.211484965453218203e+06 3.397595550958482704e+02
1.155563213064267999e+06 3.352912245797533615e+02
1.101545584094458492e+06 3.308214081942745679e+02
1.049390107229150133e+06 3.263501015645007897e+02
9.990552665947536007e+05 3.218773003010467164e+02
9.505000000000001164e+05 3.174030000000000200e+02
9.010000000000000000e+05 3.174030000000000200e+02
8.515000000000000000e+05 3.174030000000000200e+02
8.020000000000000000e+05 3.174030000000000200e+02
7.525000000000000000e+05 3.174030000000000200e+02
7.030000000000000000e+05 3.174030000000000200e+02
6.535000000000000000e+05 3.174030000000000200e+02
6.040000000000000000e+05 3.174030000000000200e+02
5.545000000000000000e+05 3.174030000000000200e+02
5.050000000000000000e+05 3.174030000000000200e+02
4.555000000000000000e+05 3.174030000000000200e+02
4.059999999999999418e+05 3.174030000000000200e+02
3.565000000000000000e+05 3.174030000000000200e+02
3.070000000000000000e+05 3.174030000000000200e+02
2.575000000000000291e+05 3.174030000000000200e+02
2.080000000000000000e+05 3.174030000000000200e+02
1.585000000000000000e+05 3.174030000000000200e+02
1.090000000000000146e+05 3.174030000000000200e+02
5.950000000000000000e+04 3.174030000000000200e+02
1.000000000000000000e+04 3.174030000000000200e+02
1.000000000000000000e+02 3.174030000000000200e+02
1.000000000000000000e+01 3.174030000000000200e+02
1.000000000000000000e+00 3.174030000000000200e+02
9.999999999999999167e-02 3.174030000000000200e+02
1.000000000000000021e-02 3.174030000000000200e+02
1.000000000000000021e-03 3.174030000000000200e+02
