9.943917975100204349e+06 6.639750234435792891e+02
9.823462811479661614e+06 6.616904035768318408e+02
9.704117483261363581e+06 6.594067303074701840e+02
9.585874776525026187e+06 6.571240030328806370e+02
9.468727507877988741e+06 6.548422211509193858e+02
9.352668524360960349e+06 6.525613840599119158e+02
9.237690703354083002e+06 6.502814911586524431e+02
9.123786952483387664e+06 6.480025418464036875e+02
9.010950209527524188e+06 6.457245355228967583e+02
8.899173442324833944e+06 6.434474715883302451e+02
8.788449648680783808e+06 6.411713494433703318e+02
8.678771856275660917e+06 6.388961684891499999e+02
8.570133122572652996e+06 6.366219281272690296e+02
8.462526534726239741e+06 6.343486277597933167e+02
8.355945209490907378e+06 6.320762667892547597e+02
8.250382293130153790e+06 6.298048446186506908e+02
8.145830961325882934e+06 6.275343606514435351e+02
8.042284419088062830e+06 6.252648142915604694e+02
7.939735900664755143e+06 6.229962049433931952e+02
7.838178669452412054e+06 6.207285320117971423e+02
7.737606017906555906e+06 6.184617949020915830e+02
7.638011267452725209e+06 6.161959930200589497e+02
7.539387768397768959e+06 6.139311257719446075e+02
7.441728899841453880e+06 6.116671925644563999e+02
7.345028069588392042e+06 6.094041928047643069e+02
7.249278714060288854e+06 6.071421259005001048e+02
7.154474298208488151e+06 6.048809912597569109e+02
7.060608315426867455e+06 6.026207882910889566e+02
6.967674287465024740e+06 6.003615164035110183e+02
6.875665769584435038e+06 5.981032436646132737e+02
6.784576351244937629e+06 5.958459824856207661e+02
6.694399650610004552e+06 5.935897321887069893e+02
6.605129313449771143e+06 5.913344920966022755e+02
6.516759013061020523e+06 5.890802615325935676e+02
6.429282450187435374e+06 5.868270398205240781e+02
6.342693352940146811e+06 5.845748262847923797e+02
6.256985476718581282e+06 5.823236202503522918e+02
6.172152604131560773e+06 5.800734210427121980e+02
6.088188544918732718e+06 5.778242279879348189e+02
6.005087135872218758e+06 5.755760404126363028e+02
5.922842240758617409e+06 5.733288576439862254e+02
5.841447750241241418e+06 5.710826790097066805e+02
5.760897581802664325e+06 5.688375038380720525e+02
5.681185679667531513e+06 5.665933314579085618e+02
5.602306014725667424e+06 5.643501611985935824e+02
5.524252584455453791e+06 5.621079923900553013e+02
5.447019412847492844e+06 5.598668243627722632e+02
5.370600550328566693e+06 5.576266564477729162e+02
5.294990073685840704e+06 5.553874879766348158e+02
5.220182085991394706e+06 5.531493182814847387e+02
5.146170716526985168e+06 5.509121466949975456e+02
5.072950120709130540e+06 5.486759725503962954e+02
5.000514480014445260e+06 5.464407951814513353e+02
4.928858001905271783e+06 5.442066139224800736e+02
4.857974919755578972e+06 5.419734281083465248e+02
4.787859492777148262e+06 5.397412370744605141e+02
4.718506005946028046e+06 5.375100401567776771e+02
4.649908769929276779e+06 5.352798366917985504e+02
4.582062121011973359e+06 5.330506260165684580e+02
4.514960421024520881e+06 5.308224074686768290e+02
4.448598057270201854e+06 5.285951803862567431e+02
4.382969442453044467e+06 5.263689441079847029e+02
4.318069014605923556e+06 5.241436979730797248e+02
4.253891237018980086e+06 5.219194413213032249e+02
4.190430598168288358e+06 5.196961734929584509e+02
4.127681611644817516e+06 5.174738938288900272e+02
4.065638816083647311e+06 5.152526016704833864e+02
4.004296775093493983e+06 5.130322963596646559e+02
3.943650077186462469e+06 5.108129772388996344e+02
3.883693335708125494e+06 5.085946436511937350e+02
3.824421188767846674e+06 5.063772949400914740e+02
3.765828299169385340e+06 5.041609304496759592e+02
3.707909354341782164e+06 5.019455495245683778e+02
3.650659066328334156e+06 4.997311525280931619e+02
3.594072172130326740e+06 4.975177461666037857e+02
3.538143433559107594e+06 4.953053297763652267e+02
3.482867636741619091e+06 4.930939026941907173e+02
3.428239592053161468e+06 4.908834642574412328e+02
3.374254134050441906e+06 4.886740138040249803e+02
3.320906121404895093e+06 4.864655506723970007e+02
3.268190436836271081e+06 4.842580742015587134e+02
3.216101987046493217e+06 4.820515837310573488e+02
3.164635702653800137e+06 4.798460786009855497e+02
3.113786538127139211e+06 4.776415581519809166e+02
3.063549471720857080e+06 4.754380217252254397e+02
3.013919505409645848e+06 4.732354686624452142e+02
2.964891664823757950e+06 4.710338983059097586e+02
2.916460999184511602e+06 4.688333099984317300e+02
2.868622581240054220e+06 4.666337030833664130e+02
2.821371507201396860e+06 4.644350769046111509e+02
2.774702896678735036e+06 4.622374308066049480e+02
2.728611892618032638e+06 4.600407641343281284e+02
2.683093661237872671e+06 4.578450762333016542e+02
2.638143391966596711e+06 4.556503664495868406e+02
2.593756297379706521e+06 4.534566341297848453e+02
2.549927613137543201e+06 4.512638786210360990e+02
2.506652596793938428e+06 4.490720756122422586e+02
2.463926526269391179e+06 4.468811922792230007e+02
2.421744701033568010e+06 4.446912280332139176e+02
2.380102443613088224e+06 4.425021822859170584e+02
2.338995099527209997e+06 4.403140544495004747e+02
2.298418037223781925e+06 4.381268439365977656e+02
2.258366648015512154e+06 4.359405501603079074e+02
2.218836346016505267e+06 4.337551725341947417e+02
2.179822568079107907e+06 4.315707104722866347e+02
2.141320773731036577e+06 4.293871633890761359e+02
2.103326445112800691e+06 4.272045306995195801e+02
2.065835086915423628e+06 4.250228118190368605e+02
2.028842226318441099e+06 4.228420061635108596e+02
1.992343412928212201e+06 4.206621131492872223e+02
1.956334218716510804e+06 4.184831321931739581e+02
1.920810237959415186e+06 4.163050627124410994e+02
1.885767087176494068e+06 4.141279041248202475e+02
1.851200405070287874e+06 4.119516558485044015e+02
1.817105852466077311e+06 4.097763173021474472e+02
1.783479112251960672e+06 4.076018879048638155e+02
1.750315889319219626e+06 4.054283670762281417e+02
1.717611910502981860e+06 4.032557542362749814e+02
1.685362924523189431e+06 4.010840488054982984e+02
1.653564698609312763e+06 3.989131661183031952e+02
1.622213015357564902e+06 3.967430218438819338e+02
1.591303676288658055e+06 3.945736155393858553e+02
1.560832505169339944e+06 3.924049467622949123e+02
1.530795347945024259e+06 3.902370150704174421e+02
1.501188072672766633e+06 3.880698200218899956e+02
1.472006569454587763e+06 3.859033611751771105e+02
1.443246750371138565e+06 3.837376380890711403e+02
1.414904549415717833e+06 3.815726503226919704e+02
1.386975922428631922e+06 3.794083974354868474e+02
1.359456847031906480e+06 3.772448789872300949e+02
1.332343322564348578e+06 3.750820945380231137e+02
1.305631370016949717e+06 3.729200436482938699e+02
1.279317031968651107e+06 3.707587258787970086e+02
1.253396372522448655e+06 3.685981407906133427e+02
1.227865477241860470e+06 3.664382879451498525e+02
1.202720453087738482e+06 3.642791669041394016e+02
1.177957428355439100e+06 3.621207772296405096e+02
1.153572552612349857e+06 3.599631184840372384e+02
1.129561996635764372e+06 3.578061902300388510e+02
1.105921952351123560e+06 3.556499920306797549e+02
1.082648632770607946e+06 3.534945234493191037e+02
1.059738271932093194e+06 3.513397840496407980e+02
1.037187119755278691e+06 3.491856141094210670e+02
1.014991434028302552e+06 3.470317511770119268e+02
9.931474861471849727e+05 3.448781948097301324e+02
9.716515696231494658e+05 3.427249445649293875e+02
9.505000000000001164e+05 3.405720000000000027e+02
9.010000000000000000e+05 3.405720000000000027e+02
8.515000000000000000e+05 3.405720000000000027e+02
8.020000000000000000e+05 3.405720000000000027e+02
7.525000000000000000e+05 3.405720000000000027e+02
7.030000000000000000e+05 3.405720000000000027e+02
6.535000000000000000e+05 3.405720000000000027e+02
6.040000000000000000e+05 3.405720000000000027e+02
5.545000000000000000e+05 3.405720000000000027e+02
5.050000000000000000e+05 3.405720000000000027e+02
4.555000000000000000e+05 3.405720000000000027e+02
4.059999999999999418e+05 3.405720000000000027e+02
3.565000000000000000e+05 3.405720000000000027e+02
3.070000000000000000e+05 3.405720000000000027e+02
2.575000000000000291e+05 3.405720000000000027e+02
2.080000000000000000e+05 3.405720000000000027e+02
1.585000000000000000e+05 3.405720000000000027e+02
1.090000000000000146e+05 3.405720000000000027e+02
5.950000000000000000e+04 3.405720000000000027e+02
1.000000000000000000e+04 3.405720000000000027e+02
1.000000000000000000e+02 3.405720000000000027e+02
1.000000000000000000e+01 3.405720000000000027e+02
1.000000000000000000e+00 3.405720000000000027e+02
9.999999999999999167e-02 3.405720000000000027e+02
1.000000000000000021e-02 3.405720000000000027e+02
1.000000000000000021e-03 3.405720000000000027e+02
