9.975622826024858281e+06 6.424690963090422429e+02
9.909091195329995826e+06 6.412534331579570335e+02
9.842890974227217957e+06 6.400379457976843014e+02
9.777021044705951586e+06 6.388226341869142288e+02
9.711480290958484635e+06 6.376074982843482530e+02
9.646267599377332255e+06 6.363925380486989525e+02
9.581381858552597463e+06 6.351777534386901607e+02
9.516821959269402549e+06 6.339631444130570799e+02
9.452586794505238533e+06 6.327487109305461672e+02
9.388675259427376091e+06 6.315344529499151349e+02
9.325086251390252262e+06 6.303203704299329502e+02
9.261818669932886958e+06 6.291064633293798352e+02
9.198871416776275262e+06 6.278927316070471534e+02
9.136243395820820704e+06 6.266791752217377507e+02
9.073933513143729419e+06 6.254657941322656143e+02
9.011940676996432245e+06 6.242525882974558726e+02
8.950263797802032903e+06 6.230395576761451366e+02
8.888901788152713329e+06 6.218267022271810447e+02
8.827853562807183713e+06 6.206140219094226040e+02
8.767118038688112050e+06 6.194015166817400768e+02
8.706694134879570454e+06 6.181891865030149802e+02
8.646580772624481469e+06 6.169770313321398589e+02
8.586776875322092324e+06 6.157650511280187402e+02
8.527281368525402620e+06 6.145532458495669061e+02
8.468093179938631132e+06 6.133416154557106665e+02
8.409211239414699376e+06 6.121301599053876998e+02
8.350634478952683508e+06 6.109188791575468258e+02
8.292361832695319317e+06 6.097077731711482329e+02
8.234392236926442944e+06 6.084968419051632509e+02
8.176724630068509839e+06 6.072860853185744645e+02
8.119357952680058777e+06 6.060755033703755998e+02
8.062291147453226149e+06 6.048650960195717516e+02
8.005523159211227670e+06 6.036548632251790423e+02
7.949052934905881993e+06 6.024448049462250765e+02
7.892879423615092412e+06 6.012349211417483730e+02
7.837001576540388167e+06 6.000252117707989328e+02
7.781418348065834492e+06 5.988156997517310174e+02
7.726128695754843764e+06 5.976063855242234695e+02
7.671131579272487201e+06 5.963972690391705100e+02
7.616425960360487923e+06 5.951883502474809120e+02
7.562010802834955044e+06 5.939796291000776591e+02
7.507885072584177367e+06 5.927711055478980597e+02
7.454047737566391006e+06 5.915627795418937467e+02
7.400497767807559110e+06 5.903546510330307910e+02
7.347234135399153456e+06 5.891467199722893611e+02
7.294255814495951869e+06 5.879389863106641769e+02
7.241561781313820742e+06 5.867314499991641696e+02
7.189151014127518050e+06 5.855241109888125948e+02
7.137022493268488906e+06 5.843169692306470324e+02
7.085175201122680679e+06 5.831100246757193872e+02
7.033608122128342278e+06 5.819032772750958884e+02
6.982320242773838341e+06 5.806967269798569760e+02
6.931310551595476456e+06 5.794903737410974145e+02
6.880578039175312966e+06 5.782842175099264068e+02
6.830121698138996027e+06 5.770782582374672529e+02
6.779940523153579794e+06 5.758724958748575773e+02
6.730033510925382376e+06 5.746669303732494427e+02
6.680399660197794437e+06 5.734615616838091228e+02
6.631037971749139018e+06 5.722563897577169882e+02
6.581947448390522040e+06 5.710514145461679618e+02
6.533127094963682815e+06 5.698466360003711770e+02
6.484575918338832445e+06 5.686420540715498646e+02
6.436292927412533201e+06 5.674376687109416935e+02
6.388277133105563931e+06 5.662334798697985434e+02
6.340527548360773362e+06 5.650294874993866188e+02
6.293043188140958548e+06 5.638256915509862210e+02
6.245823069426743314e+06 5.626220919758920900e+02
6.198866211214468814e+06 5.614186887254131761e+02
6.152171634514055215e+06 5.602154817508725273e+02
6.105738362346910872e+06 5.590124710036076294e+02
6.059565419743828475e+06 5.578096564349701794e+02
6.013651833742870949e+06 5.566070379963260848e+02
5.967996633387277834e+06 5.554046156390554643e+02
5.922598849723369814e+06 5.542023893145526472e+02
5.877457515798463486e+06 5.530003589742261738e+02
5.832571666658794507e+06 5.517985245694990226e+02
5.787940339347418398e+06 5.505968860518081556e+02
5.743562572902147658e+06 5.493954433726048592e+02
5.699437408353482373e+06 5.481941964833546308e+02
5.655563888722527772e+06 5.469931453355371787e+02
5.611941059018954635e+06 5.457922898806465355e+02
5.568567966238914989e+06 5.445916300701907176e+02
5.525443659363002516e+06 5.433911658556921793e+02
5.482567189354201779e+06 5.421908971886873587e+02
5.439937609155831859e+06 5.409908240207270183e+02
5.397553973689519800e+06 5.397909463033761313e+02
5.355415339853157289e+06 5.385912639882138819e+02
5.313520766518860124e+06 5.373917770268335516e+02
5.271869314530948177e+06 5.361924853708426326e+02
5.230460046703926288e+06 5.349933889718629416e+02
5.189292027820446528e+06 5.337944877815302789e+02
5.148364324629309587e+06 5.325957817514947692e+02
5.107676005843449384e+06 5.313972708334206345e+02
5.067226142137922347e+06 5.301989549789863077e+02
5.027013806147906929e+06 5.290008341398843186e+02
4.987038072466712445e+06 5.278029082678215218e+02
4.947298017643771134e+06 5.266051773145187553e+02
4.907792720182663761e+06 5.254076412317111817e+02
4.868521260539128445e+06 5.242102999711479470e+02
4.829482721119078808e+06 5.230131534845925216e+02
4.790676186276632361e+06 5.218162017238224735e+02
4.752100742312134244e+06 5.206194446406294674e+02
4.713755477470195852e+06 5.194228821868193791e+02
4.675639481937726028e+06 5.182265143142121815e+02
4.637751847841979936e+06 5.170303409746420584e+02
4.600091669248601422e+06 5.158343621199571771e+02
4.562658042159671895e+06 5.146385777020200294e+02
4.525450064511769451e+06 5.134429876727070905e+02
4.488466836174029857e+06 5.122475919839090466e+02
4.451707458946205676e+06 5.110523905875306809e+02
4.415171036556741223e+06 5.098573834354909309e+02
4.378856674660836346e+06 5.086625704797228309e+02
4.342763480838535354e+06 5.074679516721735126e+02
4.306890564592801034e+06 5.062735269648042618e+02
4.271237037347607315e+06 5.050792963095904042e+02
4.235802012446026318e+06 5.038852596585214201e+02
4.200584605148327537e+06 5.026914169636009433e+02
4.165583932630073745e+06 5.014977681768466482e+02
4.130799113980229013e+06 5.003043132502903063e+02
4.096229270261971280e+06 4.991110539549444525e+02
4.061873524530579336e+06 4.979179908646211175e+02
4.027731001767372247e+06 4.967251239303908505e+02
3.993800828856159002e+06 4.955324531033388098e+02
3.960082134581390303e+06 4.943399783345645346e+02
3.926574049626326188e+06 4.931476995751821732e+02
3.893275706571179908e+06 4.919556167763203689e+02
3.860186239891294390e+06 4.907637298891222031e+02
3.827304785955313127e+06 4.895720388647453092e+02
3.794630483023352455e+06 4.883805436543617589e+02
3.762162471245177090e+06 4.871892442091581756e+02
3.729899892658388242e+06 4.859981404803356213e+02
3.697841891186614521e+06 4.848072324191096527e+02
3.665987612637703773e+06 4.836165199767103218e+02
3.634336204701912589e+06 4.824260031043821186e+02
3.602886816950124223e+06 4.812356817533840285e+02
3.571638600832046475e+06 4.800455558749895317e+02
3.540590709674421698e+06 4.788556254204865468e+02
3.509742298679246567e+06 4.776658903411774304e+02
3.479092524921998847e+06 4.764763505883790344e+02
3.448640547349857632e+06 4.752870061134227058e+02
3.418385526779928710e+06 4.740978568676541727e+02
3.388326625897494145e+06 4.729089028024336585e+02
3.358463009254237637e+06 4.717201438691358248e+02
3.328793843266499229e+06 4.705315800191497715e+02
3.299318296213522088e+06 4.693432112038790365e+02
3.270035538235708605e+06 4.681550373747415961e+02
3.240944741332877893e+06 4.669670584831699216e+02
3.212045079362526070e+06 4.657792744806108090e+02
3.183335728038104251e+06 4.645916853185255491e+02
3.154815864927283023e+06 4.634042909483898711e+02
3.126484669450239278e+06 4.622170913216939425e+02
3.098341322877934668e+06 4.610300863899423121e+02
3.070385008330401033e+06 4.598432761046539099e+02
3.042614910775037948e+06 4.586566604173621613e+02
3.015030217024913058e+06 4.574702392796148160e+02
2.987630115737061016e+06 4.562840126429741190e+02
2.960413797410786618e+06 4.550979804590166964e+02
2.933380454385991208e+06 4.539121426793335559e+02
2.906529280841471627e+06 4.527264992555300864e+02
2.879859472793260589e+06 4.515410501392261153e+02
2.853370228092944715e+06 4.503557952820558512e+02
2.827060746092934627e+06 4.491707232053404368e+02
2.800930227511906996e+06 4.479858289622728762e+02
2.774977874775555916e+06 4.468011125106476129e+02
2.749202892159361392e+06 4.456165738082709709e+02
2.723604485786786769e+06 4.444322128129612679e+02
2.698181863627471495e+06 4.432480294825487590e+02
2.672934235495436937e+06 4.420640237748755794e+02
2.647860813047291711e+06 4.408801956477959152e+02
2.622960809780449606e+06 4.396965450591757758e+02
2.598233441031343304e+06 4.385130719668932784e+02
2.573677923973648809e+06 4.373297763288383067e+02
2.549293477616515476e+06 4.361466581029127951e+02
2.525079322802801151e+06 4.349637172470305586e+02
2.501034682207308244e+06 4.337809537191173490e+02
2.477158780335038435e+06 4.325983674771109122e+02
2.453450843519432936e+06 4.314159584789608175e+02
2.429910099920633249e+06 4.302337266826286282e+02
2.406535779523744248e+06 4.290516720460878446e+02
2.383327114137100987e+06 4.278697945273239043e+02
2.360283337390537839e+06 4.266880940843340682e+02
2.337403684733673930e+06 4.255065706751276480e+02
2.314687393434186466e+06 4.243252242577257789e+02
2.292133702576109208e+06 4.231440547901615332e+02
2.269741853058125358e+06 4.219630622304799203e+02
2.247511087591864169e+06 4.207822465367378300e+02
2.225440650700210594e+06 4.196016076670040889e+02
2.203529788715617266e+06 4.184211455793594610e+02
2.181777749778418802e+06 4.172408602318965336e+02
2.160183783835158683e+06 4.160607515827198881e+02
2.138747142636915203e+06 4.148808195899459292e+02
2.117467079737637192e+06 4.137010642117029988e+02
2.096342850492479978e+06 4.125214854061313758e+02
2.075373712056159973e+06 4.113420831313831627e+02
2.054558923381298315e+06 4.101628573456224558e+02
2.033897745216779178e+06 4.089838080070251181e+02
2.013389440106116701e+06 4.078049350737790064e+02
1.993033272385822376e+06 4.066262385040838581e+02
1.972828508183777099e+06 4.054477182561512336e+02
1.952774415417614859e+06 4.042693742882046308e+02
1.932870263793108752e+06 4.030912065584794277e+02
1.913115324802560732e+06 4.019132150252228826e+02
1.893508871723204851e+06 4.007353996466941339e+02
1.874050179166384274e+06 3.995577418280735174e+02
1.854738522346511250e+06 3.983802106862983692e+02
1.835573177559712203e+06 3.972028061898541864e+02
1.816553422938538948e+06 3.960255283072344810e+02
1.797678538449912798e+06 3.948483770069406091e+02
1.778947805893081939e+06 3.936713522574818285e+02
1.760360508897588588e+06 3.924944540273754114e+02
1.741915932921233354e+06 3.913176822851464749e+02
1.723613365248053567e+06 3.901410369993280369e+02
1.705452094986309065e+06 3.889645181384611305e+02
1.687431413066466572e+06 3.877881256710946332e+02
1.669550612239203649e+06 3.866118595657853803e+02
1.651808987073407741e+06 3.854357197910981085e+02
1.634205833954187809e+06 3.842597063156055128e+02
1.616740451080892468e+06 3.830838191078881323e+02
1.599412138465136522e+06 3.819080581365344642e+02
1.582220197928825393e+06 3.807324233701409071e+02
1.565163933102205163e+06 3.795569147773118175e+02
1.548242649421897251e+06 3.783815323266594532e+02
1.531455654128956376e+06 3.772062759868039734e+02
1.514802256266929908e+06 3.760311457263734383e+02
1.498281766679923516e+06 3.748561415140038662e+02
1.481893498010676121e+06 3.736812633183391767e+02
1.465636764698638814e+06 3.725065111080311908e+02
1.449510882978066569e+06 3.713318848517396304e+02
1.433515170876109973e+06 3.701573845181321758e+02
1.417648948210919974e+06 3.689830100758844083e+02
1.401911536589756142e+06 3.678087614936798104e+02
1.386302259407105856e+06 3.666346387402097662e+02
1.370820441842807923e+06 3.654606417841736175e+02
1.355465410860182019e+06 3.642867705942785506e+02
1.340236495204172563e+06 3.631130251392397099e+02
1.325133025399489328e+06 3.619394053877801412e+02
1.310154333748767851e+06 3.607659113086308480e+02
1.295299754330723314e+06 3.595925428705306217e+02
1.280568622998328414e+06 3.584193000422263253e+02
1.265960277376981685e+06 3.572461827924726094e+02
1.251474056862695841e+06 3.560731910900320827e+02
1.237109302620287519e+06 3.549003249036752550e+02
1.222865357581577962e+06 3.537275842021805374e+02
1.208741566443598364e+06 3.525549689543342424e+02
1.194737275666805450e+06 3.513824791289306404e+02
1.180851833473302191e+06 3.502101146947718462e+02
1.167084587838406675e+06 3.490377732154560135e+02
1.153434886122294469e+06 3.478654322718734306e+02
1.139902077128804289e+06 3.466930918028003248e+02
1.126485511547114700e+06 3.455207517469882532e+02
1.113184541948841885e+06 3.443484120431641031e+02
1.099998522785148118e+06 3.431760726300301485e+02
1.086926810383855365e+06 3.420037334462637659e+02
1.073968762946575414e+06 3.408313944305177188e+02
1.061123740545841632e+06 3.396590555214198730e+02
1.048391105122254929e+06 3.384867166575732540e+02
1.035770220481637749e+06 3.373143777775561603e+02
1.023260452292197850e+06 3.361420388199218792e+02
1.010861168081700918e+06 3.349696997231988576e+02
9.985717372346526245e+05 3.337973604258905880e+02
9.863915309894914972e+05 3.326250208664755519e+02
9.743199224357898347e+05 3.314526809834072765e+02
9.623562865114649758e+05 3.302803407151142778e+02
9.505000000000001164e+05 3.291080000000000041e+02
9.010000000000000000e+05 3.291080000000000041e+02
8.515000000000000000e+05 3.291080000000000041e+02
8.020000000000000000e+05 3.291080000000000041e+02
7.525000000000000000e+05 3.291080000000000041e+02
7.030000000000000000e+05 3.291080000000000041e+02
6.535000000000000000e+05 3.291080000000000041e+02
6.040000000000000000e+05 3.291080000000000041e+02
5.545000000000000000e+05 3.291080000000000041e+02
5.050000000000000000e+05 3.291080000000000041e+02
4.555000000000000000e+05 3.291080000000000041e+02
4.059999999999999418e+05 3.291080000000000041e+02
3.565000000000000000e+05 3.291080000000000041e+02
3.070000000000000000e+05 3.291080000000000041e+02
2.575000000000000291e+05 3.291080000000000041e+02
2.080000000000000000e+05 3.291080000000000041e+02
1.585000000000000000e+05 3.291080000000000041e+02
1.090000000000000146e+05 3.291080000000000041e+02
5.950000000000000000e+04 3.291080000000000041e+02
1.000000000000000000e+04 3.291080000000000041e+02
1.000000000000000000e+02 3.291080000000000041e+02
1.000000000000000000e+01 3.291080000000000041e+02
1.000000000000000000e+00 3.291080000000000041e+02
9.999999999999999167e-02 3.291080000000000041e+02
1.000000000000000021e-02 3.291080000000000041e+02
1.000000000000000021e-03 3.291080000000000041e+02
