9.957680793722219765e+06 6.642252980853245390e+02
9.872389778052473441e+06 6.626113755387848414e+02
9.787654588985990733e+06 6.609979366968915429e+02
9.703472666339972988e+06 6.593849813363525527e+02
9.619841457656491548e+06 6.577725092340057245e+02
9.536758418185304850e+06 6.561605201668184009e+02
9.454221010866727680e+06 6.545490139118877551e+02
9.372226706314552575e+06 6.529379902464404495e+02
9.290772982798993587e+06 6.513274489478326359e+02
9.209857326229678467e+06 6.497173897935497280e+02
9.129477230138698593e+06 6.481078125612066287e+02
9.049630195663692430e+06 6.464987170285473894e+02
8.970313731530955061e+06 6.448901029734450958e+02
8.891525354038624093e+06 6.432819701739019820e+02
8.813262587039882317e+06 6.416743184080493165e+02
8.735522961926203221e+06 6.400671474541470616e+02
8.658304017610650510e+06 6.384604570905841001e+02
8.581603300511224195e+06 6.368542470958780086e+02
8.505418364534230903e+06 6.352485172486750571e+02
8.429746771057700738e+06 6.336432673277499816e+02
8.354586088914875872e+06 6.320384971120060982e+02
8.279933894377680495e+06 6.304342063804749614e+02
8.205787771140299737e+06 6.288303949123164784e+02
8.132145310302743688e+06 6.272270624868187952e+02
8.059004110354503617e+06 6.256242088833981825e+02
7.986361777158210985e+06 6.240218338815990364e+02
7.914215923933362588e+06 6.224199372610936507e+02
7.842564171240063384e+06 6.208185188016822167e+02
7.771404146962842904e+06 6.192175782832927098e+02
7.700733486294473521e+06 6.176171154859808894e+02
7.630549831719866954e+06 6.160171301899300715e+02
7.560850833000003360e+06 6.144176221754512426e+02
7.491634147155875340e+06 6.128185912229827181e+02
7.422897438452518545e+06 6.112200371130903704e+02
7.354638378383036703e+06 6.096219596264672873e+02
7.286854645652700216e+06 6.080243585439338858e+02
7.219543926163073629e+06 6.064272336464375712e+02
7.152703912996189669e+06 6.048305847150529644e+02
7.086332306398754008e+06 6.032344115309816743e+02
7.020426813766391948e+06 6.016387138755520709e+02
6.954985149627964012e+06 6.000434915302195122e+02
6.890005037771432661e+06 5.984487839262534408e+02
6.825484211224561557e+06 5.968545919252892418e+02
6.761420410059716552e+06 5.952609152772323569e+02
6.697811381318470463e+06 5.936677537321404543e+02
6.634654878997013904e+06 5.920751070402233154e+02
6.571948664031637833e+06 5.904829749518428343e+02
6.509690504284196533e+06 5.888913572175126774e+02
6.447878174527675845e+06 5.873002535878983963e+02
6.386509456431746483e+06 5.857096638138173148e+02
6.325582138548373245e+06 5.841195876462384149e+02
6.265094016297443770e+06 5.825300248362819957e+02
6.205042891952475533e+06 5.809409751352197873e+02
6.145426574626320973e+06 5.793524382944749505e+02
6.086242880256921984e+06 5.777644140656217360e+02
6.027489631593107246e+06 5.761769022003855980e+02
5.969164658180404454e+06 5.745899024506428532e+02
5.911265796346921474e+06 5.730034145684206806e+02
5.853790889189247973e+06 5.714174383058972353e+02
5.796737786558377557e+06 5.698319734154011940e+02
5.740104345045697875e+06 5.682470196494117545e+02
5.683888427968995646e+06 5.666625767605587498e+02
5.628087905358509161e+06 5.650786445016224206e+02
5.572700653942996636e+06 5.634952226255330743e+02
5.517724557135880925e+06 5.619123108853713120e+02
5.463157505021377467e+06 5.603299090343676880e+02
5.408997394340717234e+06 5.587480168259029369e+02
5.355242128478350118e+06 5.571666340135075188e+02
5.301889617448231205e+06 5.555857603508616194e+02
5.248937777880111709e+06 5.540053955917951498e+02
5.196384533005872741e+06 5.524255394902875196e+02
5.144227812645914033e+06 5.508461918004677500e+02
5.092465553195549175e+06 5.492673522766140195e+02
5.041095697611458600e+06 5.476890206731537774e+02
4.990116195398174226e+06 5.461111967446638573e+02
4.939525002594592981e+06 5.445338802458697955e+02
4.889320081760539673e+06 5.429570709316463990e+02
4.839499401963349432e+06 5.413807685570171770e+02
4.790060938764487393e+06 5.398049728771543414e+02
4.741002674206226133e+06 5.382296836473788062e+02
4.692322596798339859e+06 5.366549006231600742e+02
4.644018701504833996e+06 5.350806235601160097e+02
4.596088989730716683e+06 5.335068522140129517e+02
4.548531469308801927e+06 5.319335863407653733e+02
4.501344154486553743e+06 5.303608256964358816e+02
4.454525065912962891e+06 5.287885700372352176e+02
4.408072230625457130e+06 5.272168191195219151e+02
4.361983682036861777e+06 5.256455726998026421e+02
4.316257459922363982e+06 5.240748305347315181e+02
4.270891610406546853e+06 5.225045923811104558e+02
4.225884185950443149e+06 5.209348579958889331e+02
4.181233245338623412e+06 5.193656271361638801e+02
4.136936853666315321e+06 5.177968995591794510e+02
4.092993082326576579e+06 5.162286750223271383e+02
4.049400008997492492e+06 5.146609532831455454e+02
4.006155717629404273e+06 5.130937340993203861e+02
3.963258298432177864e+06 5.115270172286843149e+02
3.920705847862514202e+06 5.099608024292168125e+02
3.878496468611279503e+06 5.083950894590441294e+02
3.836628269590884913e+06 5.068298780764392291e+02
3.795099365922698751e+06 5.052651680398215035e+02
3.753907878924491815e+06 5.037009591077569439e+02
3.713051936097912956e+06 5.021372510389577997e+02
3.672529671116010752e+06 5.005740435922826350e+02
3.632339223916541319e+06 4.990113391687534659e+02
3.592478740746975876e+06 4.974491390583395969e+02
3.552946374042185489e+06 4.958874430167462037e+02
3.513740282349914312e+06 4.943262507998275623e+02
3.474858630318561103e+06 4.927655621635867647e+02
3.436299588684995659e+06 4.912053768641757188e+02
3.398061334262419492e+06 4.896456946578949783e+02
3.360142049928248860e+06 4.880865153011937423e+02
3.322539924612049013e+06 4.865278385506696281e+02
3.285253153283481486e+06 4.849696641630686713e+02
3.248279936940306798e+06 4.834119918952852117e+02
3.211618482596412767e+06 4.818548215043616665e+02
3.175267003269877750e+06 4.802981527474887002e+02
3.139223717971071601e+06 4.787419853820048274e+02
3.103486851690786425e+06 4.771863191653964691e+02
3.068054635388412513e+06 4.756311538552978959e+02
3.032925305980132893e+06 4.740764892094910010e+02
2.998097106327171437e+06 4.725223249859052999e+02
2.963568285224061925e+06 4.709686609426178165e+02
2.929337097386961337e+06 4.694154968378528565e+02
2.895401803441986442e+06 4.678628324299821202e+02
2.861760669913600665e+06 4.663106674775244755e+02
2.828411969213025644e+06 4.647590017391458446e+02
2.795353979626686778e+06 4.632078349736592031e+02
2.762584985304698814e+06 4.616571669400243536e+02
2.730103276249387767e+06 4.601069973973479250e+02
2.697907148303841241e+06 4.585573261048832592e+02
2.665994903140498325e+06 4.570081528220302971e+02
2.634364848249772098e+06 4.554594773083354653e+02
2.603015296928711236e+06 4.539112993234915621e+02
2.571944568269690499e+06 4.523636186273377575e+02
2.541150987149145454e+06 4.508164349798594230e+02
2.510632883773020469e+06 4.492697350022845058e+02
2.480388593189589679e+06 4.477235037846926389e+02
2.450416455749502871e+06 4.461777411100510449e+02
2.420714817597450223e+06 4.446324467614541618e+02
2.391282030660471413e+06 4.430876205221235864e+02
2.362116452636298258e+06 4.415432621754078468e+02
2.333216446981741115e+06 4.399993715047825731e+02
2.304580382901102770e+06 4.384559482938501560e+02
2.276206635334641207e+06 4.369129923263398609e+02
2.248093584947061259e+06 4.353705033861076572e+02
2.220239618116043974e+06 4.338284812571361613e+02
2.192643126920818817e+06 4.322869257235345799e+02
2.165302509130764753e+06 4.307458365695385396e+02
2.138216168194062077e+06 4.292052135795101435e+02
2.111382513226361945e+06 4.276650565379378008e+02
2.084799958999511320e+06 4.261253652294361132e+02
2.058466925930305617e+06 4.245861394387458745e+02
2.032381840069284430e+06 4.230473789507340143e+02
2.006543133089557756e+06 4.215090835503934841e+02
1.980949242275674129e+06 4.199712530228430296e+02
1.955598610512527870e+06 4.184338871533274187e+02
1.930489686274301726e+06 4.168969857272170429e+02
1.905620923613443971e+06 4.153605485300080886e+02
1.880990782149688108e+06 4.138245753473223658e+02
1.856597727059109369e+06 4.122890659649071381e+02
1.832440229063216364e+06 4.107540201686351793e+02
1.808516764418082079e+06 4.092194377445046030e+02
1.784825814903511899e+06 4.076853184786389193e+02
1.761365867812251439e+06 4.061516621572867507e+02
1.738135415939230938e+06 4.046184685668218890e+02
1.715132957570844563e+06 4.030857374937432951e+02
1.692356996474275133e+06 4.015534687246747581e+02
1.669806041886847233e+06 4.000216620463651225e+02
1.647478606213906081e+06 3.984902348438515673e+02
1.625373205079902662e+06 3.969591857709417582e+02
1.603488359663982876e+06 3.954285146640047515e+02
1.581822596721209818e+06 3.938982213595001554e+02
1.560374448570376961e+06 3.923683056939778453e+02
1.539142453081872314e+06 3.908387675040780209e+02
1.518125153665585676e+06 3.893096066265313198e+02
1.497321099258851260e+06 3.877808228981584762e+02
1.476728844314446440e+06 3.862524161558704350e+02
1.456346948788626119e+06 3.847243862366683516e+02
1.436173978129203664e+06 3.831967329776433644e+02
1.416208503263676772e+06 3.816694562159767656e+02
1.396449100587395718e+06 3.801425557889397737e+02
1.376894351951778401e+06 3.786160315338935334e+02
1.357542844652566826e+06 3.770898832882891156e+02
1.338393171418129699e+06 3.755641108896674041e+02
1.319443930397808785e+06 3.740387141756591518e+02
1.300693725150307873e+06 3.725136929839847539e+02
1.282141164632132510e+06 3.709890471524543045e+02
1.263784863186066505e+06 3.694647765189676534e+02
1.245623440529697342e+06 3.679408809215141218e+02
1.227655521743986290e+06 3.664173601981726165e+02
1.209879737261880888e+06 3.648942141871115723e+02
1.192294722856976325e+06 3.633714427265888958e+02
1.174899119632217800e+06 3.618490456549517944e+02
1.157691574008647585e+06 3.603270228106368904e+02
1.140670737714204472e+06 3.588053740321701071e+02
1.123835267772556748e+06 3.572840991581666117e+02
1.107183826491991989e+06 3.557631980273307590e+02
1.090715081454343861e+06 3.542426704784561480e+02
1.074427705503967591e+06 3.527225163504253374e+02
1.058320376736762235e+06 3.512027354822100733e+02
1.042391777502379031e+06 3.496832840217585385e+02
1.026640590716654668e+06 3.481639959090505840e+02
1.011065501032316359e+06 3.466448709851637773e+02
9.956651986434778664e+05 3.451259090911934777e+02
9.804383792707669782e+05 3.436071100682526662e+02
9.653837441465151496e+05 3.420884737574721157e+02
9.505000000000001164e+05 3.405699999999999932e+02
9.010000000000000000e+05 3.405699999999999932e+02
8.515000000000000000e+05 3.405699999999999932e+02
8.020000000000000000e+05 3.405699999999999932e+02
7.525000000000000000e+05 3.405699999999999932e+02
7.030000000000000000e+05 3.405699999999999932e+02
6.535000000000000000e+05 3.405699999999999932e+02
6.040000000000000000e+05 3.405699999999999932e+02
5.545000000000000000e+05 3.405699999999999932e+02
5.050000000000000000e+05 3.405699999999999932e+02
4.555000000000000000e+05 3.405699999999999932e+02
4.059999999999999418e+05 3.405699999999999932e+02
3.565000000000000000e+05 3.405699999999999932e+02
3.070000000000000000e+05 3.405699999999999932e+02
2.575000000000000291e+05 3.405699999999999932e+02
2.080000000000000000e+05 3.405699999999999932e+02
1.585000000000000000e+05 3.405699999999999932e+02
1.090000000000000146e+05 3.405699999999999932e+02
5.950000000000000000e+04 3.405699999999999932e+02
1.000000000000000000e+04 3.405699999999999932e+02
1.000000000000000000e+02 3.405699999999999932e+02
1.000000000000000000e+01 3.405699999999999932e+02
1.000000000000000000e+00 3.405699999999999932e+02
9.999999999999999167e-02 3.405699999999999932e+02
1.000000000000000021e-02 3.405699999999999932e+02
1.000000000000000021e-03 3.405699999999999932e+02
