9.924162272405263036e+06 9.306302877336785286e+02
9.797210964238261804e+06 9.273123828678332075e+02
9.671522345881482586e+06 9.239955444725133020e+02
9.547087040582871065e+06 9.206797714157427208e+02
9.423895723833380267e+06 9.173650625665086409e+02
9.301939123111465946e+06 9.140514167947604847e+02
9.181208017628882080e+06 9.107388329714081010e+02
9.061693238077688962e+06 9.074273099683204009e+02
8.943385666378561407e+06 9.041168466583238796e+02
8.826276235430328175e+06 9.008074419152010250e+02
8.710355940760737285e+06 8.974992802189725580e+02
8.595615843595555052e+06 8.941924203292695665e+02
8.482047058274568990e+06 8.908868610973732984e+02
8.369640748112038709e+06 8.875826013757462079e+02
8.258388125166302547e+06 8.842796400180302498e+02
8.148280450010500848e+06 8.809779758790454025e+02
8.039309031504403800e+06 8.776776078147881890e+02
7.931465226567344740e+06 8.743785346824300859e+02
7.824740439952253364e+06 8.710807553403161592e+02
7.719126124020787887e+06 8.677842686479633585e+02
7.614613778519555926e+06 8.644890734660591534e+02
7.511194950357411988e+06 8.611951686564600550e+02
7.408861233383838087e+06 8.579025530821900247e+02
7.307604268168426119e+06 8.546112256074391098e+02
7.207415741781369783e+06 8.513211850975616244e+02
7.108287387575094588e+06 8.480324304190750127e+02
7.010210984966891818e+06 8.447449604396582572e+02
6.913178359222646803e+06 8.414587740281504011e+02
6.817181381241582334e+06 8.381738700545489564e+02
6.722211967342083342e+06 8.348902473900084260e+02
6.628262079048536718e+06 8.316079049068389395e+02
6.535323722879239358e+06 8.283268414785047753e+02
6.443388950135301799e+06 8.250470559796227690e+02
6.352449856690599583e+06 8.217685472859608353e+02
6.262498582782761194e+06 8.184913142744367178e+02
6.173527312805153430e+06 8.152153558231162833e+02
6.085528275099874474e+06 8.119406708112120441e+02
5.998493741751792841e+06 8.086672581190817937e+02
5.912416028383563273e+06 8.053951166282272425e+02
5.827287493951648474e+06 8.021242452212923126e+02
5.743100545434598811e+06 7.988547363511189587e+02
5.659847646408449858e+06 7.955867622894634223e+02
5.577521311413362622e+06 7.923203217736821671e+02
5.496114096524177119e+06 7.890554135424940796e+02
5.415618599165941589e+06 7.857920363359787643e+02
5.336027457930329256e+06 7.825301888955747245e+02
5.257333352392913774e+06 7.792698699640778841e+02
5.179529002931321040e+06 7.760110782856396554e+02
5.102607170544235036e+06 7.727538126057652335e+02
5.026560656671267934e+06 7.694980716713118909e+02
4.951382303013685159e+06 7.662438542304871589e+02
4.877064991355990991e+06 7.629911590328473494e+02
4.803601643388355151e+06 7.597399848292956221e+02
4.730985220529884100e+06 7.564903303720803933e+02
4.659208723752738908e+06 7.532421944147935164e+02
4.588265193407112733e+06 7.499955757123688045e+02
4.518147709046994336e+06 7.467504730210798698e+02
4.448849389256827533e+06 7.435068850985391009e+02
4.380363391478949226e+06 7.402648107036952752e+02
4.312682911841879599e+06 7.370242485968321944e+02
4.245801184989443049e+06 7.337851975395672071e+02
4.179711483910687733e+06 7.305476562948490482e+02
4.114407119770631660e+06 7.273116236269564752e+02
4.049881441741832998e+06 7.240770983014964486e+02
3.986127836836768314e+06 7.208440790854026545e+02
3.923139729740999173e+06 7.176125647469334581e+02
3.860910582647171803e+06 7.143825540556705391e+02
3.799433895089812577e+06 7.111540457825170733e+02
3.738703203780905809e+06 7.079270386996961406e+02
3.678712082446293905e+06 7.047015315807491334e+02
3.619454141662850510e+06 7.014775232005338239e+02
3.560923034171971027e+06 6.982551441489778199e+02
3.503112459033585619e+06 6.950345045894649729e+02
3.446016155595375225e+06 6.918156030531190481e+02
3.389627898610602599e+06 6.885984380726850986e+02
3.333941498092063703e+06 6.853830081825271918e+02
3.278950799166752491e+06 6.821693119186262493e+02
3.224649681931190658e+06 6.789573478185780004e+02
3.171032061307459138e+06 6.757471144215910499e+02
3.118091886899901554e+06 6.725386102684844900e+02
3.065823142852515914e+06 6.693318339016859682e+02
3.014219847707022913e+06 6.661267838652296405e+02
2.963276054261616431e+06 6.629234587047538980e+02
2.912985849430376664e+06 6.597218569674995479e+02
2.863343354103367310e+06 6.565219772023074256e+02
2.814342723007409368e+06 6.533238179596164628e+02
2.765978144567504991e+06 6.501273777914617540e+02
2.718243840768952388e+06 6.469326552514722835e+02
2.671134067020102870e+06 6.437396488948687647e+02
2.624643112015803810e+06 6.405483572784620492e+02
2.578765297601488419e+06 6.373587789606505112e+02
2.533494978637934662e+06 6.341709125014183428e+02
2.488826542866673321e+06 6.309847564623333938e+02
2.444754410776062403e+06 6.278003094065450114e+02
2.401273035468014423e+06 6.246175698987822216e+02
2.358376902525376994e+06 6.214365365053515688e+02
2.316060529879956972e+06 6.182572077941349562e+02
2.274318467681211419e+06 6.150795823345879398e+02
2.233145298165568151e+06 6.119036586977372281e+02
2.192535635526414961e+06 6.087294354561792034e+02
2.152484125784714706e+06 6.055569111840775349e+02
2.112985446660268586e+06 6.023860844571610187e+02
2.074034308723250637e+06 5.992169936268393258e+02
2.035625459053455386e+06 5.960497582949649313e+02
1.997753679565908853e+06 5.928843768189826733e+02
1.960413782898540841e+06 5.897208475582168603e+02
1.923600612294933293e+06 5.865591688738689982e+02
1.887309041487654438e+06 5.833993391290154022e+02
1.851533974582161754e+06 5.802413566886043554e+02
1.816270345941296779e+06 5.770852199194539480e+02
1.781513120070348261e+06 5.739309271902491218e+02
1.747257291502703214e+06 5.707784768715396240e+02
1.713497884686064441e+06 5.676278673357371645e+02
1.680229953869251302e+06 5.644790969571131427e+02
1.647448582989575807e+06 5.613321641117960326e+02
1.615148885560789378e+06 5.581870671777688813e+02
1.583326004561607493e+06 5.550438045348670357e+02
1.551975112324802205e+06 5.519023745647751866e+02
1.521091410426880699e+06 5.487627756510255495e+02
1.490670129578319145e+06 5.456250061789949086e+02
1.460706529514379334e+06 5.424890645359022301e+02
1.431195898886493640e+06 5.393549491108063876e+02
1.402133555154221365e+06 5.362226582946036615e+02
1.373514844477773178e+06 5.330921904800250104e+02
1.345335141611111816e+06 5.299635440616339110e+02
1.317589849795614369e+06 5.268367174358238572e+02
1.290274400654312223e+06 5.237117090008159721e+02
1.263384254086693050e+06 5.205885171566565077e+02
1.236914898164075799e+06 5.174671403052142296e+02
1.210861849025557749e+06 5.143475768501784842e+02
1.185220650774522219e+06 5.112298251970561864e+02
1.159986875375722069e+06 5.081138837531698869e+02
1.135156122552930145e+06 5.049997509276551568e+02
1.110724019687157357e+06 5.018874251314581443e+02
1.086686221870363457e+06 4.987769112841779133e+02
1.063038412030693842e+06 4.956682178204277420e+02
1.039776300655469880e+06 4.925613431310932242e+02
1.016895625446608639e+06 4.894562856089006573e+02
9.943921512225146871e+05 4.863530436484148254e+02
9.722616698205384891e+05 4.832516156460364982e+02
9.505000000000001164e+05 4.801519999999999868e+02
9.010000000000000000e+05 4.801519999999999868e+02
8.515000000000000000e+05 4.801519999999999868e+02
8.020000000000000000e+05 4.801519999999999868e+02
7.525000000000000000e+05 4.801519999999999868e+02
7.030000000000000000e+05 4.801519999999999868e+02
6.535000000000000000e+05 4.801519999999999868e+02
6.040000000000000000e+05 4.801519999999999868e+02
5.545000000000000000e+05 4.801519999999999868e+02
5.050000000000000000e+05 4.801519999999999868e+02
4.555000000000000000e+05 4.801519999999999868e+02
4.059999999999999418e+05 4.801519999999999868e+02
3.565000000000000000e+05 4.801519999999999868e+02
3.070000000000000000e+05 4.801519999999999868e+02
2.575000000000000291e+05 4.801519999999999868e+02
2.080000000000000000e+05 4.801519999999999868e+02
1.585000000000000000e+05 4.801519999999999868e+02
1.090000000000000146e+05 4.801519999999999868e+02
5.950000000000000000e+04 4.801519999999999868e+02
1.000000000000000000e+04 4.801519999999999868e+02
1.000000000000000000e+02 4.801519999999999868e+02
1.000000000000000000e+01 4.801519999999999868e+02
1.000000000000000000e+00 4.801519999999999868e+02
9.999999999999999167e-02 4.801519999999999868e+02
1.000000000000000021e-02 4.801519999999999868e+02
1.000000000000000021e-03 4.801519999999999868e+02
