9.858982712356513366e+06 6.041979977346020405e+02
9.627522272234462202e+06 6.001424633111452067e+02
9.400138715080859140e+06 5.960893713972290016e+02
9.176783294281722978e+06 5.920387290665418050e+02
8.957407602137345821e+06 5.879905341351659445e+02
8.741963566737601534e+06 5.839447844209838649e+02
8.530403450642133132e+06 5.799014777436792656e+02
8.322679849568624981e+06 5.758606119247380093e+02
8.118745691089280881e+06 5.718221847874496007e+02
7.918554233335350640e+06 5.677861941569079818e+02
7.722059063709875569e+06 5.637526378600126691e+02
7.529214097608573735e+06 5.597215137254698902e+02
7.339973577148946002e+06 5.556928195837939484e+02
7.154292069907529280e+06 5.516665532673080179e+02
6.972124467665406875e+06 5.476427126101452814e+02
6.793425985161931254e+06 5.436212954482502937e+02
6.618152158856712282e+06 5.396022996193797781e+02
6.446258845699883066e+06 5.355857229631039900e+02
6.277702221910649911e+06 5.315715633208076270e+02
6.112438781764193438e+06 5.275598185356913064e+02
5.950425336386874318e+06 5.235504864527722475e+02
5.791619012559833936e+06 5.195435649188856360e+02
5.635977251531000249e+06 5.155390517826857604e+02
5.483457807835510001e+06 5.115369448946470357e+02
5.334018748124605976e+06 5.075372421070651967e+02
5.187618450003000908e+06 5.035399412740584353e+02
5.044215601314138621e+06 4.995450433598088580e+02
4.903769202327544801e+06 4.955525703748289743e+02
4.766238563849892467e+06 4.915625201365617727e+02
4.631583302566394210e+06 4.875748904643427295e+02
4.499763339933766052e+06 4.835896791794006617e+02
4.370738901081877761e+06 4.796068841048589206e+02
4.244470513724064454e+06 4.756265030657364719e+02
4.120919007076191250e+06 4.716485338889488048e+02
4.000045510784521233e+06 4.676729744033091833e+02
3.881811453862397932e+06 4.636998224395294415e+02
3.766178563635865692e+06 4.597290758302213476e+02
3.653108864698231220e+06 4.557607324098974573e+02
3.542564677873634268e+06 4.517947900149722500e+02
3.434508607327791862e+06 4.478311464762768423e+02
3.328903531001489609e+06 4.438697171027540662e+02
3.225712612997504883e+06 4.399104999963458908e+02
3.124899312707364094e+06 4.359534932605200197e+02
3.026427383737573400e+06 4.319986950002715957e+02
2.930260872845781501e+06 4.280461033221247931e+02
2.836364118886956479e+06 4.240957163341344653e+02
2.744701751769657247e+06 4.201475321458878511e+02
2.655238691422489472e+06 4.162015488685062792e+02
2.567940146770813968e+06 4.122577646146467600e+02
2.482771614723823965e+06 4.083161774985036914e+02
2.399698879172076471e+06 4.043767856358105064e+02
2.318688009995574597e+06 4.004395871438414360e+02
2.239705314159550704e+06 3.965040897391645558e+02
2.162717333819618914e+06 3.925702303426106141e+02
2.087690896630759351e+06 3.886380075504205251e+02
2.014593120844900375e+06 3.847074199597605570e+02
1.943391414126254851e+06 3.807784661687248899e+02
1.874053472379241372e+06 3.768511447763379465e+02
1.806547278589097084e+06 3.729254543825568362e+02
1.740841101675333688e+06 3.690013935882736860e+02
1.676903495358143933e+06 3.650789609953181412e+02
1.614703297037920682e+06 3.611581552064596963e+02
1.554209626688017510e+06 3.572389748254101960e+02
1.495391885760914069e+06 3.533214184568262226e+02
1.438219739171694266e+06 3.494052732152057388e+02
1.382663023236062378e+06 3.454893562613933682e+02
1.328691773418841651e+06 3.415736653182813143e+02
1.276276321948136203e+06 3.376581981060281805e+02
1.225387296190235997e+06 3.337429523420511259e+02
1.175995617041708902e+06 3.298279257410184186e+02
1.128072497338813962e+06 3.259131160148415347e+02
1.081589440284403274e+06 3.219985208726674273e+02
1.036518237892470439e+06 3.180841380208707960e+02
9.928309694505282678e+05 3.141699651630461858e+02
9.505000000000001164e+05 3.102559999999999718e+02
9.010000000000000000e+05 3.102559999999999718e+02
8.515000000000000000e+05 3.102559999999999718e+02
8.020000000000000000e+05 3.102559999999999718e+02
7.525000000000000000e+05 3.102559999999999718e+02
7.030000000000000000e+05 3.102559999999999718e+02
6.535000000000000000e+05 3.102559999999999718e+02
6.040000000000000000e+05 3.102559999999999718e+02
5.545000000000000000e+05 3.102559999999999718e+02
5.050000000000000000e+05 3.102559999999999718e+02
4.555000000000000000e+05 3.102559999999999718e+02
4.059999999999999418e+05 3.102559999999999718e+02
3.565000000000000000e+05 3.102559999999999718e+02
3.070000000000000000e+05 3.102559999999999718e+02
2.575000000000000291e+05 3.102559999999999718e+02
2.080000000000000000e+05 3.102559999999999718e+02
1.585000000000000000e+05 3.102559999999999718e+02
1.090000000000000146e+05 3.102559999999999718e+02
5.950000000000000000e+04 3.102559999999999718e+02
1.000000000000000000e+04 3.102559999999999718e+02
1.000000000000000000e+02 3.102559999999999718e+02
1.000000000000000000e+01 3.102559999999999718e+02
1.000000000000000000e+00 3.102559999999999718e+02
9.999999999999999167e-02 3.102559999999999718e+02
1.000000000000000021e-02 3.102559999999999718e+02
1.000000000000000021e-03 3.102559999999999718e+02
