9.804302879142539576e+06 7.143348068340569625e+02
9.541619752875365317e+06 7.091421794540043493e+02
9.284262183594696224e+06 7.039491754592094139e+02
9.032155292779497802e+06 6.987559314155446373e+02
8.785224953228520229e+06 6.935628873522343838e+02
8.543397752974985167e+06 6.883700415088705995e+02
8.306600910594217479e+06 6.831773921192560692e+02
8.074762271897081286e+06 6.779849374114228340e+02
7.847810306644029915e+06 6.727926756076507218e+02
7.625674105279702693e+06 6.676006049244854239e+02
7.408283375688194297e+06 6.624087235727566849e+02
7.195568439968954772e+06 6.572170297575968334e+02
6.987460231233291328e+06 6.520255216784584036e+02
6.783890290421611629e+06 6.468341975291323251e+02
6.584790763141321950e+06 6.416430554977656584e+02
6.390094396525470540e+06 6.364520937668795568e+02
6.199734536112133414e+06 6.312613105133871159e+02
6.013645122744593769e+06 6.260707039086106533e+02
5.831760689492355101e+06 6.208802721182995583e+02
5.654016358593014069e+06 6.156900133026477988e+02
5.480347838415027596e+06 6.104999256163112022e+02
5.310691420441451482e+06 6.053100072084248495e+02
5.144983976274686866e+06 6.001202562226205828e+02
4.983163013745948672e+06 5.949311128918097893e+02
4.825166669612369500e+06 5.897425863741051444e+02
4.670933644319754094e+06 5.845546753449430071e+02
4.520403197879337706e+06 5.793673784758549345e+02
4.373515147223445587e+06 5.741806944344898511e+02
4.230209863580917940e+06 5.689946218846363308e+02
4.090428269872352947e+06 5.638091594862448801e+02
3.954111838125310838e+06 5.586243058954503340e+02
3.821202586909558158e+06 5.534400597645939115e+02
3.691643078792461660e+06 5.482564197422453844e+02
3.565376417814669665e+06 5.430733844732253601e+02
3.442346246986181941e+06 5.378909525986271092e+02
3.322496745802951045e+06 5.327091227558387345e+02
3.205772627784151118e+06 5.275278935785653402e+02
3.092119138030238915e+06 5.223472636968506322e+02
2.981482050801984034e+06 5.171672317370990868e+02
2.873807667120603379e+06 5.119877963220978927e+02
2.769042812389180530e+06 5.068089560710387218e+02
2.667134834035522770e+06 5.016307095995395571e+02
2.568031616213909350e+06 4.964532297881472687e+02
2.471681583235625643e+06 4.912765955211089022e+02
2.378033678304661997e+06 4.861008056125532448e+02
2.287037353171532042e+06 4.809258588736531124e+02
2.198642566024478525e+06 4.757517541126487117e+02
2.112799779402509332e+06 4.705784901348708900e+02
2.029459958130523795e+06 4.654060657427644401e+02
1.948574567276811926e+06 4.602344797359114068e+02
1.870095570133166621e+06 4.550637309110542787e+02
1.793975425800693454e+06 4.498938130165861935e+02
1.720167067753318232e+06 4.447244841949286069e+02
1.648623904802851146e+06 4.395557430319429955e+02
1.579299840001875069e+06 4.343875881102263747e+02
1.512149268607511185e+06 4.292200180091330708e+02
1.447127076070536394e+06 4.240530313047963773e+02
1.384188636050222907e+06 4.188866265701499856e+02
1.323289808455304476e+06 4.137208023749498693e+02
1.264386937511470169e+06 4.085555572857958282e+02
1.207436849855836248e+06 4.033908898661529747e+02
1.152396846415362787e+06 3.982267059905794895e+02
1.099224689744061558e+06 3.930628268209205771e+02
1.047878610559049994e+06 3.878992506043804838e+02
9.983173184561816743e+05 3.827359755842649065e+02
9.505000000000001164e+05 3.775729999999999791e+02
9.010000000000000000e+05 3.775729999999999791e+02
8.515000000000000000e+05 3.775729999999999791e+02
8.020000000000000000e+05 3.775729999999999791e+02
7.525000000000000000e+05 3.775729999999999791e+02
7.030000000000000000e+05 3.775729999999999791e+02
6.535000000000000000e+05 3.775729999999999791e+02
6.040000000000000000e+05 3.775729999999999791e+02
5.545000000000000000e+05 3.775729999999999791e+02
5.050000000000000000e+05 3.775729999999999791e+02
4.555000000000000000e+05 3.775729999999999791e+02
4.059999999999999418e+05 3.775729999999999791e+02
3.565000000000000000e+05 3.775729999999999791e+02
3.070000000000000000e+05 3.775729999999999791e+02
2.575000000000000291e+05 3.775729999999999791e+02
2.080000000000000000e+05 3.775729999999999791e+02
1.585000000000000000e+05 3.775729999999999791e+02
1.090000000000000146e+05 3.775729999999999791e+02
5.950000000000000000e+04 3.775729999999999791e+02
1.000000000000000000e+04 3.775729999999999791e+02
1.000000000000000000e+02 3.775729999999999791e+02
1.000000000000000000e+01 3.775729999999999791e+02
1.000000000000000000e+00 3.775729999999999791e+02
9.999999999999999167e-02 3.775729999999999791e+02
1.000000000000000021e-02 3.775729999999999791e+02
1.000000000000000021e-03 3.775729999999999791e+02
