9.907725498805020005e+06 8.207636793868541645e+02
9.795610325699420646e+06 8.181505325169721345e+02
9.684477684171667323e+06 8.155383630187994868e+02
9.574321214565623552e+06 8.129271701574984945e+02
9.465134587329758331e+06 8.103169531989182133e+02
9.356911502895263955e+06 8.077077114095936849e+02
9.249645691554676741e+06 8.050994440567451420e+02
9.143330913341008127e+06 8.024921504082770980e+02
9.037960958393953741e+06 7.998858371669260805e+02
8.933529657376181334e+06 7.972806657775954591e+02
8.830030880464885384e+06 7.946766354023832264e+02
8.727458526457941160e+06 7.920737452041938695e+02
8.625806522663334385e+06 7.894719943467376879e+02
8.525068824789032340e+06 7.868713819945295427e+02
8.425239416833287105e+06 7.842719073128882883e+02
8.326312310975397937e+06 7.816735694679356357e+02
8.228281547466903925e+06 7.790763676265952427e+02
8.131141194523243234e+06 7.764803009565920320e+02
8.034885348215816543e+06 7.738853686264510543e+02
7.939508132364498451e+06 7.712915698054964651e+02
7.845003698430605233e+06 7.686989036638508423e+02
7.751366225410275161e+06 7.661073693724341638e+02
7.658589919728293084e+06 7.635169661029628969e+02
7.566669015132348053e+06 7.609276930279492035e+02
7.475597772587703541e+06 7.583395493206999163e+02
7.385370480172318406e+06 7.557525341553155158e+02
7.295981452972381376e+06 7.531666467066894484e+02
7.207425032978273928e+06 7.505818861505072164e+02
7.119695588980954140e+06 7.479982516632452416e+02
7.032787516468767077e+06 7.454157424221701831e+02
6.946695237524672411e+06 7.428343576053378001e+02
6.861413200723903254e+06 7.402540963915924976e+02
6.776935881032012403e+06 7.376749579605659619e+02
6.693257779703381471e+06 7.350969414926764784e+02
6.610373424180095084e+06 7.325200461691279088e+02
6.528277367991264910e+06 7.299442711719090084e+02
6.446964190652743913e+06 7.273696156837924036e+02
6.366428497567263432e+06 7.247960788883335681e+02
6.286664919924985617e+06 7.222236599698702548e+02
6.207668114604425617e+06 7.196523581135213590e+02
6.129432764073835686e+06 7.170821725051860085e+02
6.051953576292950660e+06 7.145131023315428820e+02
5.975225284615146928e+06 7.119451467800490718e+02
5.899242647690028884e+06 7.093783050389394020e+02
5.824000449366368353e+06 7.068125762972255188e+02
5.749493498595489189e+06 7.042479597446949811e+02
5.675716629335016012e+06 7.016844545719101234e+02
5.602664703188489191e+06 6.991221127003365154e+02
5.530332614408603869e+06 6.965610343620357980e+02
5.458715286787191406e+06 6.940012185959027420e+02
5.387807668229246512e+06 6.914426644417804937e+02
5.317604730665412731e+06 6.888853709404597794e+02
5.248101469964806922e+06 6.863293371336774271e+02
5.179292905848198570e+06 6.837745620641155710e+02
5.111174081801516935e+06 6.812210447754002871e+02
5.043740064989723265e+06 6.786687843121006836e+02
4.976985946171021089e+06 6.761177797197275368e+02
4.910906839611401781e+06 6.735680300447324953e+02
4.845497882999549620e+06 6.710195343345068295e+02
4.780754237362078391e+06 6.684722916373804082e+02
4.716671086979093030e+06 6.659263010026203347e+02
4.653243639300125651e+06 6.633815614804302641e+02
4.590467124860377051e+06 6.608380721219489260e+02
4.528336797197308391e+06 6.582958319792493285e+02
4.466847932767578401e+06 6.557548401053373937e+02
4.405995830864295363e+06 6.532150955541511621e+02
4.345775813534620218e+06 6.506765973805595422e+02
4.286183225497699343e+06 6.481393446403611733e+02
4.227213434062923305e+06 6.456033363902834026e+02
4.168861829048518091e+06 6.430685716879812617e+02
4.111123822700479068e+06 6.405350495920363301e+02
4.053994849611820187e+06 6.380027691619555981e+02
3.997470366642153822e+06 6.354717294581705573e+02
3.941545852837606333e+06 6.329419295420358367e+02
3.886216809351053089e+06 6.304133684758285199e+02
3.831478759362678044e+06 6.278860453227466678e+02
3.777327248000872321e+06 6.253599591469086363e+02
3.723757842263425235e+06 6.228351090133515982e+02
3.670766130939082708e+06 6.203114939880308611e+02
3.618347724529392086e+06 6.177891131378185037e+02
3.566498255170879420e+06 6.152679655305024653e+02
3.515213376557550393e+06 6.127480502347855236e+02
3.464488763863713481e+06 6.102293663202841572e+02
3.414320113667113241e+06 6.077119128575274090e+02
3.364703143872378860e+06 6.051956889179559766e+02
3.315633593634812161e+06 6.026806935739211895e+02
3.267107223284459207e+06 6.001669258986836439e+02
3.219119818012177479e+06 5.976544794273211210e+02
3.171667187883854844e+06 5.951433598290776672e+02
3.124745163891641423e+06 5.926335660494487456e+02
3.078349597610646393e+06 5.901250970350081388e+02
3.032476361128851306e+06 5.876179517334071534e+02
2.987121346977294888e+06 5.851121290933728005e+02
2.942280468060554937e+06 5.826076280647067733e+02
2.897949657587512396e+06 5.801044475982841959e+02
2.854124869002398569e+06 5.776025866460522593e+02
2.810802075916127767e+06 5.751020441610287435e+02
2.767977272037910298e+06 5.726028190973009941e+02
2.725646471107157413e+06 5.701049104100245586e+02
2.683805706825650763e+06 5.676083170554218214e+02
2.642451032790015917e+06 5.651130379907806400e+02
2.601578522424458526e+06 5.626190721744534358e+02
2.561184268913791981e+06 5.601264185658554879e+02
2.521264385136734694e+06 5.576350761254637973e+02
2.481815003599503078e+06 5.551450438148159492e+02
2.442832276369667612e+06 5.526563205965087491e+02
2.404312375010295305e+06 5.501689054341968586e+02
2.366251490514364094e+06 5.476827972925916583e+02
2.328645833239465021e+06 5.451979951374597704e+02
2.291491632842775434e+06 5.427144979356221484e+02
2.254785138216304127e+06 5.402323046549525998e+02
2.218522617422418203e+06 5.377514142643763080e+02
2.182700357629649341e+06 5.352718257338690364e+02
2.147314665048763156e+06 5.327935380344554233e+02
2.112361864869116340e+06 5.303165501382080720e+02
2.077838301195281092e+06 5.278408610182461871e+02
2.043740336983945919e+06 5.253664696487342098e+02
2.010064353981082095e+06 5.228933750048806814e+02
1.976806752659399295e+06 5.204215760629368788e+02
1.943963952156062238e+06 5.179510718001957912e+02
1.911532390210679732e+06 5.154818611949907563e+02
1.879508523103567772e+06 5.130139432266939821e+02
1.847888825594294118e+06 5.105473168757158078e+02
1.816669790860471781e+06 5.080819811235029420e+02
1.785847930436847964e+06 5.056179349525376665e+02
1.755419774154649582e+06 5.031551773463363020e+02
1.725381870081199333e+06 5.006937072894481275e+02
1.695730784678902943e+06 4.982335312005413357e+02
1.666463102818775922e+06 4.957746509718651282e+02
1.637575427490449045e+06 4.933170655764728281e+02
1.609064379655289929e+06 4.908607739884664625e+02
1.580926598187791882e+06 4.884057751829955691e+02
1.553158739817222115e+06 4.859520681362559458e+02
1.525757479069544002e+06 4.834996518254883995e+02
1.498719508209601743e+06 4.810485252289774962e+02
1.472041537183572538e+06 4.785986873260502534e+02
1.445720293561682804e+06 4.761501370970750600e+02
1.419752522481193068e+06 4.737028735234602550e+02
1.394134986589647131e+06 4.712568955876529913e+02
1.368864465988386422e+06 4.688122022731379275e+02
1.343937758176330710e+06 4.663687925644361485e+02
1.319351677994023776e+06 4.639266654471036873e+02
1.295103057567947544e+06 4.614858199077305585e+02
1.271188746255097212e+06 4.590462549339392808e+02
1.247605610587823438e+06 4.566079695143838535e+02
1.224350534218940651e+06 4.541709626387484491e+02
1.201420417867102427e+06 4.517352332977461060e+02
1.178812178769395920e+06 4.493007606811652295e+02
1.156522749444657704e+06 4.468674947137611184e+02
1.134549078220751369e+06 4.444354344810384987e+02
1.112888130432138452e+06 4.420045790694016432e+02
1.091536888363865204e+06 4.395749275661536331e+02
1.070492351195818745e+06 4.371464790594950500e+02
1.049751534947274020e+06 4.347192326385231240e+02
1.029311472421712242e+06 4.322931873932306530e+02
1.009169213151930016e+06 4.298683424145049798e+02
9.893218233454226283e+05 4.274446967941270827e+02
9.697663858300533611e+05 4.250222496247704385e+02
9.505000000000001164e+05 4.226009999999999991e+02
9.010000000000000000e+05 4.226009999999999991e+02
8.515000000000000000e+05 4.226009999999999991e+02
8.020000000000000000e+05 4.226009999999999991e+02
7.525000000000000000e+05 4.226009999999999991e+02
7.030000000000000000e+05 4.226009999999999991e+02
6.535000000000000000e+05 4.226009999999999991e+02
6.040000000000000000e+05 4.226009999999999991e+02
5.545000000000000000e+05 4.226009999999999991e+02
5.050000000000000000e+05 4.226009999999999991e+02
4.555000000000000000e+05 4.226009999999999991e+02
4.059999999999999418e+05 4.226009999999999991e+02
3.565000000000000000e+05 4.226009999999999991e+02
3.070000000000000000e+05 4.226009999999999991e+02
2.575000000000000291e+05 4.226009999999999991e+02
2.080000000000000000e+05 4.226009999999999991e+02
1.585000000000000000e+05 4.226009999999999991e+02
1.090000000000000146e+05 4.226009999999999991e+02
5.950000000000000000e+04 4.226009999999999991e+02
1.000000000000000000e+04 4.226009999999999991e+02
1.000000000000000000e+02 4.226009999999999991e+02
1.000000000000000000e+01 4.226009999999999991e+02
1.000000000000000000e+00 4.226009999999999991e+02
9.999999999999999167e-02 4.226009999999999991e+02
1.000000000000000021e-02 4.226009999999999991e+02
1.000000000000000021e-03 4.226009999999999991e+02
