9.942718700450120494e+06 6.700011583653465550e+02
9.737539468407917768e+06 6.661366472986841245e+02
9.535562701036324725e+06 6.622735978630672662e+02
9.336753724021935835e+06 6.584120090086262280e+02
9.141078095341343433e+06 6.545518796853826871e+02
8.948501604235339910e+06 6.506932088432546379e+02
8.758990270188519731e+06 6.468359954320612815e+02
8.572510341914344579e+06 6.429802384015279131e+02
8.389028296345576644e+06 6.391259367012905841e+02
8.208510837630180642e+06 6.352730892809011038e+02
8.030924896132580936e+06 6.314216950898315872e+02
7.856237627440350130e+06 6.275717530774796842e+02
7.684416411376274191e+06 6.237232621931730137e+02
7.515428851015796885e+06 6.198762213861741657e+02
7.349242771709853783e+06 6.160306296056851352e+02
7.185826220113114454e+06 6.121864858008525516e+02
7.025147463217517361e+06 6.083437889207721128e+02
6.867174987391255796e+06 6.045025379144934732e+02
6.711877497423071414e+06 6.006627317310247918e+02
6.559223940736511722e+06 5.968245685828778733e+02
6.409183509849794209e+06 5.929880888655692388e+02
6.261725614913425408e+06 5.891532913895201773e+02
6.116819877436806448e+06 5.853201749652878334e+02
5.974436129428502172e+06 5.814887384035699824e+02
5.834544412541364320e+06 5.776589805152096915e+02
5.697114977222588845e+06 5.738309001111999805e+02
5.562118281868638471e+06 5.700044960026883700e+02
5.429524991985105909e+06 5.661797670009816557e+02
5.299305979351472110e+06 5.623567119175504558e+02
5.171432321190773509e+06 5.585353295640338729e+02
5.045875299344198778e+06 5.547156187522442679e+02
4.922606399450598285e+06 5.508975782941714670e+02
4.801597310130956583e+06 5.470812070019878774e+02
4.682819922177745961e+06 5.432665036880526941e+02
4.566246327749290504e+06 5.394534671649167876e+02
4.451848819569026120e+06 5.356420962453270249e+02
4.339599890129771084e+06 5.318323897422311575e+02
4.229472230902925134e+06 5.280243464687820278e+02
4.121438731552685611e+06 5.242179652383425719e+02
4.015472479155226145e+06 5.204132448644900251e+02
3.911546757422905881e+06 5.166101841610206975e+02
3.809635045933466405e+06 5.128087819419545212e+02
3.709711019364279695e+06 5.090090370215394273e+02
3.611748546731625684e+06 5.052109482142562342e+02
3.515721690635022242e+06 5.014145143348227975e+02
3.421604710640318692e+06 4.976197785643579437e+02
3.329372064614231698e+06 4.938267660286770138e+02
3.238998403458106797e+06 4.900354754857162334e+02
3.150458567849769257e+06 4.862459056937274795e+02
3.063727587533448823e+06 4.824580554112829986e+02
2.978780680614707991e+06 4.786719233972796133e+02
2.895593252860477194e+06 4.748875084109434397e+02
2.814140897004127968e+06 4.711048092118342083e+02
2.734399392055678181e+06 4.673238245598498111e+02
2.656344702617123257e+06 4.635445532152308488e+02
2.579952978202917613e+06 4.597669939385648945e+02
2.505200552565644961e+06 4.559911454907912116e+02
2.432063943026903085e+06 4.522170066332050737e+02
2.360519844918683637e+06 4.484445137538230028e+02
2.290545124494366348e+06 4.446735768200124994e+02
2.222116824044419918e+06 4.409041947070186893e+02
2.155212168451764621e+06 4.371363662903399359e+02
2.089808564506628551e+06 4.333700904457324441e+02
2.025883600227059098e+06 4.296053660492148083e+02
1.963415044185139006e+06 4.258421919770723321e+02
1.902380844838930992e+06 4.220805671058618032e+02
1.842759129870207282e+06 4.183204903124157568e+02
1.784528205527993385e+06 4.145619604738472503e+02
1.727666555977968732e+06 4.108049764675541837e+02
1.672152842657787027e+06 4.070495371712238466e+02
1.617965903638341697e+06 4.032956414628375228e+02
1.565084750188167905e+06 3.995432450876980397e+02
1.513488546520432224e+06 3.957920358537374454e+02
1.463156614141979720e+06 3.920420127600980891e+02
1.414068452228773385e+06 3.882931748060023551e+02
1.366203736919466406e+06 3.845455209907571543e+02
1.319542320615782635e+06 3.807990503137584142e+02
1.274064231289781630e+06 3.770537617744955696e+02
1.229749671798061114e+06 3.733096543725561673e+02
1.186579019202958792e+06 3.695667271076301859e+02
1.144532824100831756e+06 3.658249789795146398e+02
1.103591809957479592e+06 3.620844089881181276e+02
1.063736872450782219e+06 3.583450161334652080e+02
1.024949078820637311e+06 3.546067994157009480e+02
9.872096672262765933e+05 3.508697578350953563e+02
9.505000000000001164e+05 3.471329999999999814e+02
9.010000000000000000e+05 3.471329999999999814e+02
8.515000000000000000e+05 3.471329999999999814e+02
8.020000000000000000e+05 3.471329999999999814e+02
7.525000000000000000e+05 3.471329999999999814e+02
7.030000000000000000e+05 3.471329999999999814e+02
6.535000000000000000e+05 3.471329999999999814e+02
6.040000000000000000e+05 3.471329999999999814e+02
5.545000000000000000e+05 3.471329999999999814e+02
5.050000000000000000e+05 3.471329999999999814e+02
4.555000000000000000e+05 3.471329999999999814e+02
4.059999999999999418e+05 3.471329999999999814e+02
3.565000000000000000e+05 3.471329999999999814e+02
3.070000000000000000e+05 3.471329999999999814e+02
2.575000000000000291e+05 3.471329999999999814e+02
2.080000000000000000e+05 3.471329999999999814e+02
1.585000000000000000e+05 3.471329999999999814e+02
1.090000000000000146e+05 3.471329999999999814e+02
5.950000000000000000e+04 3.471329999999999814e+02
1.000000000000000000e+04 3.471329999999999814e+02
1.000000000000000000e+02 3.471329999999999814e+02
1.000000000000000000e+01 3.471329999999999814e+02
1.000000000000000000e+00 3.471329999999999814e+02
9.999999999999999167e-02 3.471329999999999814e+02
1.000000000000000021e-02 3.471329999999999814e+02
1.000000000000000021e-03 3.471329999999999814e+02
