9.972534664873300120e+06 7.523671280161455570e+02
9.866783502272421494e+06 7.501125011509658407e+02
9.761885323106221855e+06 7.478585272599109430e+02
9.657835255735179409e+06 7.456052060003319184e+02
9.554628446960229427e+06 7.433525370298031021e+02
9.452260061969604343e+06 7.411005200061217693e+02
9.350725284285807982e+06 7.388491545873080213e+02
9.250019315712768584e+06 7.365984404316047858e+02
9.150137376283170655e+06 7.343483771974773617e+02
9.051074704205941409e+06 7.320989645436135334e+02
8.952826555813906714e+06 7.298502021289232289e+02
8.855388205511631444e+06 7.276020896125385207e+02
8.758754945723416284e+06 7.253546266538135114e+02
8.662922086841443554e+06 7.231078129123239933e+02
8.567884957174107432e+06 7.208616480478673338e+02
8.473638902894519269e+06 7.186161317204624766e+02
8.380179287989161909e+06 7.163712635903497130e+02
8.287501494206710719e+06 7.141270433179903421e+02
8.195600921007036231e+06 7.118834705640668972e+02
8.104472985510346480e+06 7.096405449894826916e+02
8.014113122446496040e+06 7.073982662553617047e+02
7.924516784104504623e+06 7.051566340230486958e+02
7.835679440282166004e+06 7.029156479541086355e+02
7.747596578235882334e+06 7.006753077103268197e+02
7.660263707733491436e+06 6.984356950812779132e+02
7.573676363013194874e+06 6.961968451147002952e+02
7.487830097450579517e+06 6.939587574020758893e+02
7.402720481278128922e+06 6.917214315351625373e+02
7.318343101540229283e+06 6.894848671059941125e+02
7.234693562048265710e+06 6.872490637068800652e+02
7.151767483335920610e+06 6.850140209304054224e+02
7.069560502614554018e+06 6.827797383694302198e+02
6.988068273728775792e+06 6.805462156170898425e+02
6.907286467112121172e+06 6.783134522667943429e+02
6.827210769742893986e+06 6.760814479122286684e+02
6.747836885100130923e+06 6.738502021473519790e+02
6.669160533119718544e+06 6.716197145663977608e+02
6.591177450150645338e+06 6.693899847638737128e+02
6.513883388911408372e+06 6.671610123345612919e+02
6.437274118446527049e+06 6.649327968735157128e+02
6.361345424083221704e+06 6.627053379760654934e+02
6.286093107388233766e+06 6.604786352378125684e+02
6.211512986124783754e+06 6.582526882546320621e+02
6.137600894209635444e+06 6.560274966226717197e+02
6.064352681670341641e+06 6.538030599383520212e+02
5.991764214602627791e+06 6.515793777983661812e+02
5.919831375127873383e+06 6.493564497996794671e+02
5.848550061350760050e+06 6.471342755395291988e+02
5.777916187317068689e+06 6.449128546154248625e+02
5.707925682971580885e+06 6.426921866251473148e+02
5.638574494116160087e+06 6.404722711667492376e+02
5.569858582367922179e+06 6.382531078385543424e+02
5.501773925117582083e+06 6.360346962391577108e+02
5.434316515487914905e+06 6.338170359674251131e+02
5.367482362292378210e+06 6.316001266224932351e+02
5.301267489993825555e+06 6.293839678037691101e+02
5.235667938663417473e+06 6.271685591109302322e+02
5.170679763939611614e+06 6.249539001439242156e+02
5.106299036987333558e+06 6.227399905029685669e+02
5.042521844457247294e+06 6.205268297885505717e+02
4.979344288445197977e+06 6.183144176014271807e+02
4.916762486451749690e+06 6.161027535426245549e+02
4.854772571341891773e+06 6.138918372134380661e+02
4.793370691304867156e+06 6.116816682154320688e+02
4.732553009814136662e+06 6.094722461504397870e+02
4.672315705587476492e+06 6.072635706205628594e+02
4.612654972547216341e+06 6.050556412281715666e+02
4.553567019780606031e+06 6.028484575759041491e+02
4.495048071500320919e+06 6.006420192666670346e+02
4.437094369662814774e+06 5.984363811828303596e+02
4.379702174905559048e+06 5.962315655627805882e+02
4.322867763745388947e+06 5.940275719431128891e+02
4.266587427432714030e+06 5.918243998607506455e+02
4.210857471915529110e+06 5.896220488529448858e+02
4.155674217803550418e+06 5.874205184572742837e+02
4.101034000332470518e+06 5.852198082116448177e+02
4.046933169328322168e+06 5.830199176542893156e+02
3.993368089171993546e+06 5.808208463237675687e+02
3.940335138763836585e+06 5.786225937589657633e+02
3.887830711488415953e+06 5.764251594990964804e+02
3.835851215179368388e+06 5.742285430836982414e+02
3.784393072084390558e+06 5.720327440526353939e+02
3.733452718830341008e+06 5.698377619460977712e+02
3.683026606388474349e+06 5.676435963046005782e+02
3.633111200039788149e+06 5.654502466689839366e+02
3.583702979340491816e+06 5.632577125804127718e+02
3.534798438087599818e+06 5.610659935803765848e+02
3.486394084284650162e+06 5.588750892106891115e+02
3.438486440107532777e+06 5.566849990134880954e+02
3.391072041870454792e+06 5.544957225312351738e+02
3.344147439992012456e+06 5.523072593067155367e+02
3.297709198961391579e+06 5.501196088830374720e+02
3.251753897304693703e+06 5.479327708036325930e+02
3.206278127551367972e+06 5.457467446122550427e+02
3.161278496200787369e+06 5.435615298529816073e+02
3.116751623688929714e+06 5.413771260702114887e+02
3.072694144355179742e+06 5.391935328086658501e+02
3.029102706409266684e+06 5.370107496133877021e+02
2.985973971898309421e+06 5.348287760297416753e+02
2.943304616673980840e+06 5.326476116034135657e+02
2.901091330359818414e+06 5.304672558804104483e+02
2.859330816318624653e+06 5.282877084070601086e+02
2.818019791620006785e+06 5.261089687300109290e+02
2.777154987008042634e+06 5.239310363962317751e+02
2.736733146869052202e+06 5.217539109530114274e+02
2.696751029199503362e+06 5.195775919479586946e+02
2.657205405574037693e+06 5.174020789290019593e+02
2.618093061113613658e+06 5.152273714443889503e+02
2.579410794453780632e+06 5.130534690426866291e+02
2.541155417713060975e+06 5.108803712727807351e+02
2.503323756461473182e+06 5.087080776838757856e+02
2.465912649689158890e+06 5.065365878254946210e+02
2.428918949775147252e+06 5.043659012474783481e+02
2.392339522456231993e+06 5.021960174999858850e+02
2.356171246795975138e+06 5.000269361334939617e+02
2.320411015436597168e+06 4.978586646383043899e+02
2.285055734558400232e+06 4.956912026576216590e+02
2.250102323558673263e+06 4.935245497350753112e+02
2.215547715017841198e+06 4.913587054146194077e+02
2.181388854669378139e+06 4.891936692405321878e+02
2.147622701369833667e+06 4.870294407574158413e+02
2.114246227068982553e+06 4.848660195101961676e+02
2.081256416780096712e+06 4.827034050441224622e+02
2.048650268550347304e+06 4.805415969047672320e+02
2.016424793431323022e+06 4.783805946380259115e+02
1.984577015449671308e+06 4.762203977901166354e+02
1.953103971577870427e+06 4.740610059075800677e+02
1.922002711705113761e+06 4.719024185372790043e+02
1.891270298608333571e+06 4.697446352263982590e+02
1.860903807923332555e+06 4.675876555224443223e+02
1.830900328116054880e+06 4.654314789732453050e+02
1.801256960453971988e+06 4.632761051269504264e+02
1.771970818977595307e+06 4.611215335320299573e+02
1.743039030472118873e+06 4.589677637372749928e+02
1.714458734439181630e+06 4.568147952917970542e+02
1.686227083068762440e+06 4.546626277450279758e+02
1.658341241211192217e+06 4.525112606467196770e+02
1.630798386349299923e+06 4.503606935469438213e+02
1.603595707225370221e+06 4.482108812526757333e+02
1.576730403613938484e+06 4.460618143404329317e+02
1.550199687692609616e+06 4.439134924097656381e+02
1.524000784289927920e+06 4.417659150604976048e+02
1.498130930856264662e+06 4.396190818927259443e+02
1.472587377434849041e+06 4.374729925068209013e+02
1.447367386632933049e+06 4.353276465034257967e+02
1.422468233593082055e+06 4.331830434834565722e+02
1.397887205964619061e+06 4.310391830481019042e+02
1.373621603875193279e+06 4.288960647988228061e+02
1.349668739902490983e+06 4.267536883373525711e+02
1.326025939046083484e+06 4.246120532656963746e+02
1.302690538699414581e+06 4.224711591861313877e+02
1.279659888621924445e+06 4.203310057012063226e+02
1.256931350911314832e+06 4.181915924137413754e+02
1.234502299975951668e+06 4.160529189268279993e+02
1.212370122507410124e+06 4.139149848438286767e+02
1.190532217453159625e+06 4.117777897683769197e+02
1.168985995989386225e+06 4.096413333043767580e+02
1.147728881493964931e+06 4.075056150560029096e+02
1.126758309519562637e+06 4.053706346277002694e+02
1.106071727766893106e+06 4.032363916241839092e+02
1.085666596058111871e+06 4.011028856504389069e+02
1.065540384355765302e+06 3.989700380193958154e+02
1.045690570773043670e+06 3.968377645869882713e+02
1.026114643682277412e+06 3.947060650557536974e+02
1.006810103826484294e+06 3.925749391284213061e+02
9.877744642879088642e+05 3.904443865079116449e+02
9.690052504567430587e+05 3.883144068973367666e+02
9.505000000000001164e+05 3.861850000000000023e+02
9.010000000000000000e+05 3.861850000000000023e+02
8.515000000000000000e+05 3.861850000000000023e+02
8.020000000000000000e+05 3.861850000000000023e+02
7.525000000000000000e+05 3.861850000000000023e+02
7.030000000000000000e+05 3.861850000000000023e+02
6.535000000000000000e+05 3.861850000000000023e+02
6.040000000000000000e+05 3.861850000000000023e+02
5.545000000000000000e+05 3.861850000000000023e+02
5.050000000000000000e+05 3.861850000000000023e+02
4.555000000000000000e+05 3.861850000000000023e+02
4.059999999999999418e+05 3.861850000000000023e+02
3.565000000000000000e+05 3.861850000000000023e+02
3.070000000000000000e+05 3.861850000000000023e+02
2.575000000000000291e+05 3.861850000000000023e+02
2.080000000000000000e+05 3.861850000000000023e+02
1.585000000000000000e+05 3.861850000000000023e+02
1.090000000000000146e+05 3.861850000000000023e+02
5.950000000000000000e+04 3.861850000000000023e+02
1.000000000000000000e+04 3.861850000000000023e+02
1.000000000000000000e+02 3.861850000000000023e+02
1.000000000000000000e+01 3.861850000000000023e+02
1.000000000000000000e+00 3.861850000000000023e+02
9.999999999999999167e-02 3.861850000000000023e+02
1.000000000000000021e-02 3.861850000000000023e+02
1.000000000000000021e-03 3.861850000000000023e+02
