9.938984466173311695e+06 6.125213448724476848e+02
9.824062470437590033e+06 6.105059902733399895e+02
9.710151272586120293e+06 6.084914620181506280e+02
9.597244598195137456e+06 6.064777595912981951e+02
9.485336198229627684e+06 6.044648824775924822e+02
9.374419848968232051e+06 6.024528301622344770e+02
9.264489351928373799e+06 6.004416021308157951e+02
9.155538538363523781e+06 5.984312484193296768e+02
9.047561270295822993e+06 5.964217826773430033e+02
8.940551435724120587e+06 5.944132043210452139e+02
8.834502947247128934e+06 5.924055127670935690e+02
8.729409741993833333e+06 5.903987074326123548e+02
8.625265781554147601e+06 5.883927877351931102e+02
8.522065051909776405e+06 5.863877530928934902e+02
8.419801563365329057e+06 5.843836029242374934e+02
8.318469350479640998e+06 5.823803366482146657e+02
8.218062471997349523e+06 5.803779536842799871e+02
8.118575010780645534e+06 5.783764534523530756e+02
8.020001073741332628e+06 5.763758353728183010e+02
7.922334791773011908e+06 5.743760988665238756e+02
7.825570319683599286e+06 5.723772433547819674e+02
7.729701836127987131e+06 5.703792682593677910e+02
7.634723543540952727e+06 5.683821730025196075e+02
7.540629668070327491e+06 5.663859570069381562e+02
7.447414459510344081e+06 5.643906196957863131e+02
7.355072191235217266e+06 5.623961604926886366e+02
7.263597160132969730e+06 5.604025788217309128e+02
7.172983686539468355e+06 5.584098741074600412e+02
7.083226114172680303e+06 5.564180457748834669e+02
6.994318810067130253e+06 5.544270932494684985e+02
6.906256164508644491e+06 5.524370159571425347e+02
6.819032590969251469e+06 5.504478133242921558e+02
6.732642526042325422e+06 5.484594847777628956e+02
6.647080429377961904e+06 5.464720297448589008e+02
6.562340783618566580e+06 5.444854476533425895e+02
6.478418094334657304e+06 5.424997379314340833e+02
6.395306889960895292e+06 5.405149000078109793e+02
6.313001721732325852e+06 5.385309333116077823e+02
6.231497163620855659e+06 5.365478372724157907e+02
6.150787812271936797e+06 5.345656113202825281e+02
6.070868286941462196e+06 5.325842548857112888e+02
5.991733229432897642e+06 5.306037673996609101e+02
5.913377304034622386e+06 5.286241482935453178e+02
5.835795197457483970e+06 5.266453969992331849e+02
5.758981618772565387e+06 5.246675129490473637e+02
5.682931299349199980e+06 5.226904955757648850e+02
5.607638992793167941e+06 5.207143443126161628e+02
5.533099474885118194e+06 5.187390585932847671e+02
5.459307543519220315e+06 5.167646378519070822e+02
5.386258018642030656e+06 5.147910815230720800e+02
5.313945742191541940e+06 5.128183890418205237e+02
5.242365578036493622e+06 5.108465598436449113e+02
5.171512411915874109e+06 5.088755933644890774e+02
5.101381151378639042e+06 5.069054890407476819e+02
5.031966725723645650e+06 5.049362463092658686e+02
4.963264085939801298e+06 5.029678646073389814e+02
4.895268204646428116e+06 5.010003433727121092e+02
4.827974076251348481e+06 4.990336852940459380e+02
4.761376717105745338e+06 4.970678931682496113e+02
4.695471165212554857e+06 4.951029664265797692e+02
4.630252479938820004e+06 4.931389045007506411e+02
4.565715741957530379e+06 4.911757068229336483e+02
4.501856053189642727e+06 4.892133728257569487e+02
4.438668536746335216e+06 4.872519019423051532e+02
4.376148336871457286e+06 4.852912936061187565e+02
4.314290618884212337e+06 4.833315472511939674e+02
4.253090569122022949e+06 4.813726623119821966e+02
4.192543394883621484e+06 4.794146382233896588e+02
4.132644324372355826e+06 4.774574744207771460e+02
4.073388606639691163e+06 4.755011703399594012e+02
4.014771511528929230e+06 4.735457254172050057e+02
3.956788329619138967e+06 4.715911390892357531e+02
3.899434372169292066e+06 4.696374107932264224e+02
3.842704971062615514e+06 4.676845399668043228e+02
3.786595478751143906e+06 4.657325260480489533e+02
3.731101268200482707e+06 4.637813684754916039e+02
3.676217732834789436e+06 4.618310666881150155e+02
3.621940286481955554e+06 4.598816201253529243e+02
3.568264363318995573e+06 4.579330282270897214e+02
3.515185417817658279e+06 4.559852904336601682e+02
3.462698924690228887e+06 4.540384061858488280e+02
3.410800378835556097e+06 4.520923749248898389e+02
3.359485295285272412e+06 4.501471960924664586e+02
3.308749206868636422e+06 4.482028284816852306e+02
3.258587664081793744e+06 4.462592682540271198e+02
3.208996237386141904e+06 4.443165149018039415e+02
3.159970517343436833e+06 4.423745679177193324e+02
3.111506114560517017e+06 4.404334267948684101e+02
3.063598659634258132e+06 4.384930910267373747e+02
3.016243803096745629e+06 4.365535601072033955e+02
2.969437215360670816e+06 4.346148335305340993e+02
2.923174586664942559e+06 4.326769107913874564e+02
2.877451627020519692e+06 4.307397913848112694e+02
2.832264066156469285e+06 4.288034748062431163e+02
2.787607653466242366e+06 4.268679605515098956e+02
2.743478157954167575e+06 4.249332481168275422e+02
2.699871368182164617e+06 4.229993369988006862e+02
2.656783092216684949e+06 4.210662266944225394e+02
2.614209157575869001e+06 4.191339167010743267e+02
2.572145411176923197e+06 4.172024065165252296e+02
2.530587719283716287e+06 4.152716956389319307e+02
2.489531967454600148e+06 4.133417835668383873e+02
2.448974060490457341e+06 4.114126697991755464e+02
2.408909922382948454e+06 4.094843538352609471e+02
2.369335496263008565e+06 4.075568351747986071e+02
2.330246744349541143e+06 4.056301133178785108e+02
2.291639647898349445e+06 4.037041877649764956e+02
2.253510207151281647e+06 4.017790580169537975e+02
2.215854440820763353e+06 3.998547136115555531e+02
2.178668380419045221e+06 3.979310321302768330e+02
2.141948070979718119e+06 3.960080131863593351e+02
2.105689576816325076e+06 3.940856563933231200e+02
2.069888981465246296e+06 3.921639613649663829e+02
2.034542387628837489e+06 3.902429277153652833e+02
1.999645917118827812e+06 3.883225550588738884e+02
1.965195710799965309e+06 3.864028430101237745e+02
1.931187928533930099e+06 3.844837911840240849e+02
1.897618749123490183e+06 3.825653991957611311e+02
1.864484370256922906e+06 3.806476666607983930e+02
1.831781008452689042e+06 3.787305931948762918e+02
1.799504899004361359e+06 3.768141784140119057e+02
1.767652295925816521e+06 3.748984219344989697e+02
1.736219471896675415e+06 3.729833233729075914e+02
1.705202718208005419e+06 3.710688823460840808e+02
1.674598344708280405e+06 3.691550984711508363e+02
1.644402679749595933e+06 3.672419713655061173e+02
1.614612070134139620e+06 3.653295006468238171e+02
1.585222881060929736e+06 3.634176859330534057e+02
1.556231496072801528e+06 3.615065268424197029e+02
1.527634317003657343e+06 3.595960229934226504e+02
1.499427763925974956e+06 3.576861740048372553e+02
1.471608275098578772e+06 3.557769794957133627e+02
1.444172306914663175e+06 3.538684390853754280e+02
1.417116333850084804e+06 3.519605523934224038e+02
1.390436848411911633e+06 3.500533190397275689e+02
1.364130349088062532e+06 3.481464176997992581e+02
1.338193340643397067e+06 3.462398388004237404e+02
1.312622346470109187e+06 3.443335819997240606e+02
1.287413908873444190e+06 3.424276469559174529e+02
1.262564589004214620e+06 3.405220333273152846e+02
1.238070966791653540e+06 3.386167407723228280e+02
1.213929640876596328e+06 3.367117689494389765e+02
1.190137228545004269e+06 3.348071175172561880e+02
1.166690365661817137e+06 3.329027861344602570e+02
1.143585706605140353e+06 3.309987744598300310e+02
1.120819924200771609e+06 3.290950821522374099e+02
1.098389709657057188e+06 3.271917088706470054e+02
1.076291772500084480e+06 3.252886542741160270e+02
1.054522840509213042e+06 3.233859180217941116e+02
1.033079659652936971e+06 3.214834997729230395e+02
1.011958994025084074e+06 3.195813991868366202e+02
9.911576257813554257e+05 3.176796159229605223e+02
9.706723550761939259e+05 3.157781496408120461e+02
9.505000000000001164e+05 3.138770000000000095e+02
9.010000000000000000e+05 3.138770000000000095e+02
8.515000000000000000e+05 3.138770000000000095e+02
8.020000000000000000e+05 3.138770000000000095e+02
7.525000000000000000e+05 3.138770000000000095e+02
7.030000000000000000e+05 3.138770000000000095e+02
6.535000000000000000e+05 3.138770000000000095e+02
6.040000000000000000e+05 3.138770000000000095e+02
5.545000000000000000e+05 3.138770000000000095e+02
5.050000000000000000e+05 3.138770000000000095e+02
4.555000000000000000e+05 3.138770000000000095e+02
4.059999999999999418e+05 3.138770000000000095e+02
3.565000000000000000e+05 3.138770000000000095e+02
3.070000000000000000e+05 3.138770000000000095e+02
2.575000000000000291e+05 3.138770000000000095e+02
2.080000000000000000e+05 3.138770000000000095e+02
1.585000000000000000e+05 3.138770000000000095e+02
1.090000000000000146e+05 3.138770000000000095e+02
5.950000000000000000e+04 3.138770000000000095e+02
1.000000000000000000e+04 3.138770000000000095e+02
1.000000000000000000e+02 3.138770000000000095e+02
1.000000000000000000e+01 3.138770000000000095e+02
1.000000000000000000e+00 3.138770000000000095e+02
9.999999999999999167e-02 3.138770000000000095e+02
1.000000000000000021e-02 3.138770000000000095e+02
1.000000000000000021e-03 3.138770000000000095e+02
