9.740985992462554947e+06 7.216277609205744739e+02
9.469933409789448604e+06 7.163040091506853742e+02
9.204663551922192797e+06 7.109797384278218715e+02
8.945088384994417429e+06 7.056549446808215862e+02
8.691120759240787476e+06 7.003296238170390779e+02
8.442674499882843345e+06 6.950043238078185368e+02
8.199664398574980907e+06 6.896790782536528468e+02
7.962006104912010022e+06 6.843538843682516699e+02
7.729616114040352404e+06 6.790287393496550976e+02
7.502411760955524631e+06 6.737036403802915174e+02
7.280311214837606996e+06 6.683785846270346838e+02
7.063233473424774595e+06 6.630535692412603339e+02
6.851098357424714603e+06 6.577285913589025768e+02
6.643826504963934422e+06 6.524036481005099404e+02
6.441339366074876860e+06 6.470787365713008512e+02
6.243559197220806964e+06 6.417538538612188859e+02
6.050409055858378299e+06 6.364289970449874545e+02
5.861812795037896372e+06 6.311041631821642568e+02
5.677695058041182347e+06 6.257793493171955106e+02
5.497981273056997918e+06 6.204545524794692710e+02
5.322597647894019261e+06 6.151297696833688633e+02
5.151471164731296711e+06 6.098049979283257471e+02
4.984529574906197377e+06 6.044802341988720400e+02
4.821701404025566764e+06 5.991555525459652927e+02
4.662915999492227100e+06 5.938313592202953259e+02
4.508103509040413424e+06 5.885076520225054537e+02
4.357194819061932154e+06 5.831844287416433872e+02
4.210121549883321859e+06 5.778616871552276280e+02
4.066816051077530254e+06 5.725394250293130654e+02
3.927211396810135804e+06 5.672176401185563464e+02
3.791241381220142357e+06 5.618963301662813592e+02
3.658840513835374732e+06 5.565754929045439212e+02
3.529944015022545122e+06 5.512551260541970350e+02
3.404487811471977271e+06 5.459352273249546670e+02
3.282408531717098318e+06 5.406157944154565484e+02
3.163643501688735094e+06 5.352968250133319543e+02
3.048130740304252598e+06 5.299783167952632539e+02
2.935808955091658514e+06 5.246602674270498028e+02
2.826617537848712411e+06 5.193426745636709256e+02
2.720496560337129515e+06 5.140255358493491258e+02
2.617386770011994056e+06 5.087088489176125563e+02
2.517229585786473937e+06 5.033926113913580593e+02
2.419967106503983960e+06 4.980769534941527468e+02
2.325542127187835053e+06 4.927621070222106141e+02
2.233898118763373699e+06 4.874480700540880775e+02
2.144979200689590070e+06 4.821348406595341771e+02
2.058730137124399655e+06 4.768224168995590730e+02
1.975096333124071592e+06 4.715107968265022578e+02
1.894023830876996741e+06 4.661999784841007113e+02
1.815459305971999187e+06 4.608899599075569427e+02
1.739350063701405423e+06 4.555807391236066906e+02
1.665644035399113782e+06 4.502723141505866806e+02
1.594289757872610353e+06 4.449644665861279123e+02
1.525236371171046747e+06 4.396571824514032301e+02
1.458433633285438409e+06 4.343504594506347871e+02
1.393831917460218770e+06 4.290442952789855440e+02
1.331382208574037300e+06 4.237386876226224217e+02
1.271036099558438873e+06 4.184336341587789434e+02
1.212745787854773924e+06 4.131291325558182166e+02
1.156464071909694700e+06 4.078251804732952337e+02
1.102144347709632246e+06 4.025217755620195703e+02
1.049740606677502859e+06 3.972189360603895238e+02
9.992074332637299085e+05 3.919166783131549323e+02
9.505000000000001164e+05 3.866150000000000091e+02
9.010000000000000000e+05 3.866150000000000091e+02
8.515000000000000000e+05 3.866150000000000091e+02
8.020000000000000000e+05 3.866150000000000091e+02
7.525000000000000000e+05 3.866150000000000091e+02
7.030000000000000000e+05 3.866150000000000091e+02
6.535000000000000000e+05 3.866150000000000091e+02
6.040000000000000000e+05 3.866150000000000091e+02
5.545000000000000000e+05 3.866150000000000091e+02
5.050000000000000000e+05 3.866150000000000091e+02
4.555000000000000000e+05 3.866150000000000091e+02
4.059999999999999418e+05 3.866150000000000091e+02
3.565000000000000000e+05 3.866150000000000091e+02
3.070000000000000000e+05 3.866150000000000091e+02
2.575000000000000291e+05 3.866150000000000091e+02
2.080000000000000000e+05 3.866150000000000091e+02
1.585000000000000000e+05 3.866150000000000091e+02
1.090000000000000146e+05 3.866150000000000091e+02
5.950000000000000000e+04 3.866150000000000091e+02
1.000000000000000000e+04 3.866150000000000091e+02
1.000000000000000000e+02 3.866150000000000091e+02
1.000000000000000000e+01 3.866150000000000091e+02
1.000000000000000000e+00 3.866150000000000091e+02
9.999999999999999167e-02 3.866150000000000091e+02
1.000000000000000021e-02 3.866150000000000091e+02
1.000000000000000021e-03 3.866150000000000091e+02
