9.782622259933516383e+06 5.719095096200184116e+02
9.377616960542358458e+06 5.658156670300284077e+02
8.985406196959324181e+06 5.597171631402401317e+02
8.605707822129819542e+06 5.536139817430688481e+02
8.238243467264260165e+06 5.475061065218304748e+02
7.882738513854485936e+06 5.413935210502753534e+02
7.538922065897305496e+06 5.352762087921144030e+02
7.206526922326233238e+06 5.291541531005384513e+02
6.885289549652627669e+06 5.230273372177294959e+02
6.574950054817469791e+06 5.168957442743657111e+02
6.275252158255049959e+06 5.107593572891179292e+02
5.985943167169913650e+06 5.046181591681394707e+02
5.706774007349944673e+06 4.984723464664461972e+02
5.437499360987341963e+06 4.923225508302618891e+02
5.177877552664900199e+06 4.861687595308596315e+02
4.927670338445529342e+06 4.800109597596102731e+02
4.686642882353185676e+06 4.738491386277662514e+02
4.454563733056644909e+06 4.676832831662407557e+02
4.231204800758276135e+06 4.615133803253833094e+02
4.016341334289960098e+06 4.553394169747508045e+02
3.809751892636275850e+06 4.491613540252258190e+02
3.611218287431336939e+06 4.429790128944246135e+02
3.420525572769069113e+06 4.367923792127199363e+02
3.237462062021655496e+06 4.306014385216944333e+02
3.061819305542716291e+06 4.244061762738264179e+02
2.893392068597854115e+06 4.182065778321705807e+02
2.731978309525767341e+06 4.120026284700338124e+02
2.577379158133277670e+06 4.057943133706456251e+02
2.429398910196827725e+06 3.995817061384589692e+02
2.287845217431229539e+06 3.933660208280471124e+02
2.152529010438434314e+06 3.871472486112029401e+02
2.023264244546962669e+06 3.809253806092995660e+02
1.899867882648101542e+06 3.747004078932859557e+02
1.782159878262646031e+06 3.684723214836810143e+02
1.669963158843476325e+06 3.622411123505659702e+02
1.563103609319576761e+06 3.560067714135752794e+02
1.461410047943856101e+06 3.497692328519297007e+02
1.364714011424917728e+06 3.435270080688057419e+02
1.272849789391972357e+06 3.372800802852733568e+02
1.185654630210086703e+06 3.310284326207279832e+02
1.102968722090761643e+06 3.247720480924235744e+02
1.024635174518189160e+06 3.185109096149993775e+02
9.505000000000001164e+05 3.122450000000000045e+02
9.010000000000000000e+05 3.122450000000000045e+02
8.515000000000000000e+05 3.122450000000000045e+02
8.020000000000000000e+05 3.122450000000000045e+02
7.525000000000000000e+05 3.122450000000000045e+02
7.030000000000000000e+05 3.122450000000000045e+02
6.535000000000000000e+05 3.122450000000000045e+02
6.040000000000000000e+05 3.122450000000000045e+02
5.545000000000000000e+05 3.122450000000000045e+02
5.050000000000000000e+05 3.122450000000000045e+02
4.555000000000000000e+05 3.122450000000000045e+02
4.059999999999999418e+05 3.122450000000000045e+02
3.565000000000000000e+05 3.122450000000000045e+02
3.070000000000000000e+05 3.122450000000000045e+02
2.575000000000000291e+05 3.122450000000000045e+02
2.080000000000000000e+05 3.122450000000000045e+02
1.585000000000000000e+05 3.122450000000000045e+02
1.090000000000000146e+05 3.122450000000000045e+02
5.950000000000000000e+04 3.122450000000000045e+02
1.000000000000000000e+04 3.122450000000000045e+02
1.000000000000000000e+02 3.122450000000000045e+02
1.000000000000000000e+01 3.122450000000000045e+02
1.000000000000000000e+00 3.122450000000000045e+02
9.999999999999999167e-02 3.122450000000000045e+02
1.000000000000000021e-02 3.122450000000000045e+02
1.000000000000000021e-03 3.122450000000000045e+02
