9.722770959751607850e+06 6.043878830431851839e+02
9.395422993280583993e+06 5.988405442157421703e+02
9.076312262831490487e+06 5.932921885822203194e+02
8.765300289282342419e+06 5.877428136900415439e+02
8.462249850467003882e+06 5.821924170784800481e+02
8.167024976379375905e+06 5.766409962786660799e+02
7.879490944418123923e+06 5.710885488135886590e+02
7.599514274672556669e+06 5.655350721980991011e+02
7.326962725249986164e+06 5.599805639389138605e+02
7.061705287645209581e+06 5.544250215346177129e+02
6.803612182152497582e+06 5.488684424756665976e+02
6.552554853320686147e+06 5.433108242443903464e+02
6.308405965451951139e+06 5.377521643149955253e+02
6.071039398144789971e+06 5.321924601535679358e+02
5.840330241881878115e+06 5.266317092180754571e+02
5.616154793663383462e+06 5.210699089583703199e+02
5.398390552686405368e+06 5.155070568161916071e+02
5.186916216071269475e+06 5.099431502251675283e+02
4.981611674635345116e+06 5.043781866108178065e+02
4.782358023040493950e+06 4.988122367343514725e+02
4.589037605754980817e+06 4.932455687191444440e+02
4.401533991326276213e+06 4.876781806581448109e+02
4.219731913202187978e+06 4.821100706383709849e+02
4.043517266164696775e+06 4.765412367409223862e+02
3.872777102814779151e+06 4.709716770409903575e+02
3.707399630109169520e+06 4.654013896078688504e+02
3.547274205950089730e+06 4.598303725049651121e+02
3.392291335829084739e+06 4.542586237898104855e+02
3.242342659158509690e+06 4.486860779145584388e+02
3.097320914500008803e+06 4.431125264893427129e+02
2.957119951978247147e+06 4.375379670175141200e+02
2.821634765377657954e+06 4.319623969949192315e+02
2.690761488748949952e+06 4.263858139099040159e+02
2.564397393078521360e+06 4.208082152433177612e+02
2.442440883022225928e+06 4.152295984685167127e+02
2.324791493705092929e+06 4.096499610513676544e+02
2.211349887588642538e+06 4.040693004502517169e+02
2.102017845979358070e+06 3.984875734328522299e+02
1.996698252577119274e+06 3.929046677857949703e+02
1.895295098592773080e+06 3.873205806089087559e+02
1.797713495274622692e+06 3.817353089934026116e+02
1.703859670958517818e+06 3.761488500218637796e+02
1.613640968197945040e+06 3.705612007682563558e+02
1.526965840976478765e+06 3.649723582979192429e+02
1.443743852005110821e+06 3.593823196675646159e+02
1.363885670107097365e+06 3.537910819252757619e+02
1.287302994545962894e+06 3.481979555361131702e+02
1.213908414952633902e+06 3.426014882028331385e+02
1.143615514479718171e+06 3.370016694891881457e+02
1.076339030207087519e+06 3.313984889121268225e+02
1.011994848420244758e+06 3.257919359415392364e+02
9.505000000000001164e+05 3.201820000000000164e+02
9.010000000000000000e+05 3.201820000000000164e+02
8.515000000000000000e+05 3.201820000000000164e+02
8.020000000000000000e+05 3.201820000000000164e+02
7.525000000000000000e+05 3.201820000000000164e+02
7.030000000000000000e+05 3.201820000000000164e+02
6.535000000000000000e+05 3.201820000000000164e+02
6.040000000000000000e+05 3.201820000000000164e+02
5.545000000000000000e+05 3.201820000000000164e+02
5.050000000000000000e+05 3.201820000000000164e+02
4.555000000000000000e+05 3.201820000000000164e+02
4.059999999999999418e+05 3.201820000000000164e+02
3.565000000000000000e+05 3.201820000000000164e+02
3.070000000000000000e+05 3.201820000000000164e+02
2.575000000000000291e+05 3.201820000000000164e+02
2.080000000000000000e+05 3.201820000000000164e+02
1.585000000000000000e+05 3.201820000000000164e+02
1.090000000000000146e+05 3.201820000000000164e+02
5.950000000000000000e+04 3.201820000000000164e+02
1.000000000000000000e+04 3.201820000000000164e+02
1.000000000000000000e+02 3.201820000000000164e+02
1.000000000000000000e+01 3.201820000000000164e+02
1.000000000000000000e+00 3.201820000000000164e+02
9.999999999999999167e-02 3.201820000000000164e+02
1.000000000000000021e-02 3.201820000000000164e+02
1.000000000000000021e-03 3.201820000000000164e+02
