9.942655901935681701e+06 6.130740837363823630e+02
9.762199709854528308e+06 6.099478685332315990e+02
9.584228921633552760e+06 6.068230464293023942e+02
9.408719581755001098e+06 6.036996164117588251e+02
9.235647881231470034e+06 6.005775774681798111e+02
9.064990175274878740e+06 5.974570579589989165e+02
8.896722985724082217e+06 5.943380861144034952e+02
8.730822981302825734e+06 5.912206607774054419e+02
8.567266972789265215e+06 5.881047807915978183e+02
8.406031912443662062e+06 5.849904450011563313e+02
8.247094893438901752e+06 5.818776522508412654e+02
8.090433149293686263e+06 5.787664013859989609e+02
7.936024053308530711e+06 5.756566912525634052e+02
7.783845118004503660e+06 5.725485206970581658e+02
7.633873994564682245e+06 5.694418885665976404e+02
7.486088472278388217e+06 5.663367937088891040e+02
7.340466477988104336e+06 5.632332349722341860e+02
7.196986075539184734e+06 5.601312112055303487e+02
7.055625465232252143e+06 5.570307212582729335e+02
6.916362983278300613e+06 5.539317639805562976e+02
6.779177101256576367e+06 5.508343382230757470e+02
6.644046425575130619e+06 5.477384428371292415e+02
6.510949696934090927e+06 5.446440766746188729e+02
6.379865789791648276e+06 5.415512385880523425e+02
6.250773711832759902e+06 5.384599274305448944e+02
6.123652603440542705e+06 5.353701420558207928e+02
5.998481737170368433e+06 5.322818813182149142e+02
5.875240517226664349e+06 5.291951440726743385e+02
5.753908478942411020e+06 5.261099291747599409e+02
5.634465288261330687e+06 5.230262354806482108e+02
5.516890741222767159e+06 5.199440618471325024e+02
5.401164763449262828e+06 5.168634071316249674e+02
5.287267409636813216e+06 5.137842701921580328e+02
5.175178863047834486e+06 5.107066498873860496e+02
5.064879435006772168e+06 5.076305450765865999e+02
4.956349564398445189e+06 5.045559546196624296e+02
4.849569817169047892e+06 5.014828773771429269e+02
4.744520888097090647e+06 4.984113339839405512e+02
4.641183602238326333e+06 4.953413435838510850e+02
4.539538911938753910e+06 4.922729049927982032e+02
4.439567894178873859e+06 4.892060170273932158e+02
4.341251750097349286e+06 4.861406785049367727e+02
4.244571804517314769e+06 4.830768882434201146e+02
4.149509505475298036e+06 4.800146450615268918e+02
4.056046423752769828e+06 4.769539477786344150e+02
3.964164252410327550e+06 4.738947952148152467e+02
3.873844806324507110e+06 4.708371861908388496e+02
3.785070021727223881e+06 4.677811195281729510e+02
3.697821955747852568e+06 4.647265940489850777e+02
3.612082785957940854e+06 4.616736085761440904e+02
3.527834809918573592e+06 4.586221619332216619e+02
3.445060444730363786e+06 4.555722529444938118e+02
3.363742226586106233e+06 4.525238804349423845e+02
3.283862808821158018e+06 4.494770260696271862e+02
3.205404954407207668e+06 4.464316059432126735e+02
3.128351537614422385e+06 4.433876189871147062e+02
3.052685551043019630e+06 4.403450641333406566e+02
2.978390105167613830e+06 4.373039403144910580e+02
2.905448427884382661e+06 4.342642464637611965e+02
2.833843864061047323e+06 4.312259815149427595e+02
2.763559875089660287e+06 4.281891444024253701e+02
2.694580038442234509e+06 4.251537340611982927e+02
2.626888047229193617e+06 4.221197494268520813e+02
2.560467709760650527e+06 4.190871894355800578e+02
2.495302949110551737e+06 4.160560530241800166e+02
2.431377802683656570e+06 4.130263391300558169e+02
2.368676421785376966e+06 4.099980466912189740e+02
2.307183071194492280e+06 4.069711746462903079e+02
2.246882128738730680e+06 4.039457219345015346e+02
2.187758084873239510e+06 4.009216874956968582e+02
2.129795530118243303e+06 3.978989010711804895e+02
2.072979150379776955e+06 3.948772875441949850e+02
2.017293739660946187e+06 3.918568460267345586e+02
1.962724205112603493e+06 3.888375756312170779e+02
1.909255566575364443e+06 3.858194754704859974e+02
1.856872956124858931e+06 3.828025446578118363e+02
1.805561617620259523e+06 3.797867823068941675e+02
1.755306906256070826e+06 3.767721875318633238e+02
1.706094288117205957e+06 3.737587594472820456e+02
1.657909339737364091e+06 3.707464971681473571e+02
1.610737747660707682e+06 3.677353998098923284e+02
1.564565308006875683e+06 3.647254664883877240e+02
1.519377926039322512e+06 3.617166963199438214e+02
1.475161615737020504e+06 3.587090884213122308e+02
1.431902499369529076e+06 3.557026419096874861e+02
1.389586807075450197e+06 3.526973559027089777e+02
1.348200871928175911e+06 3.496931519240023363e+02
1.307731090780137107e+06 3.466893469935552616e+02
1.268163932162167504e+06 3.436859399976590907e+02
1.229485976950626355e+06 3.406829298219440147e+02
1.191683917810478015e+06 3.376803153513787379e+02
1.154744558642699616e+06 3.346780954702704776e+02
1.118654814036014024e+06 3.316762690622645664e+02
1.083401708722973010e+06 3.286748350103443386e+02
1.048972377040402265e+06 3.256737921968307319e+02
1.015354062394227483e+06 3.226731395033822309e+02
9.825341167286927812e+05 3.196728758109944692e+02
9.505000000000001164e+05 3.166730000000000018e+02
9.010000000000000000e+05 3.166730000000000018e+02
8.515000000000000000e+05 3.166730000000000018e+02
8.020000000000000000e+05 3.166730000000000018e+02
7.525000000000000000e+05 3.166730000000000018e+02
7.030000000000000000e+05 3.166730000000000018e+02
6.535000000000000000e+05 3.166730000000000018e+02
6.040000000000000000e+05 3.166730000000000018e+02
5.545000000000000000e+05 3.166730000000000018e+02
5.050000000000000000e+05 3.166730000000000018e+02
4.555000000000000000e+05 3.166730000000000018e+02
4.059999999999999418e+05 3.166730000000000018e+02
3.565000000000000000e+05 3.166730000000000018e+02
3.070000000000000000e+05 3.166730000000000018e+02
2.575000000000000291e+05 3.166730000000000018e+02
2.080000000000000000e+05 3.166730000000000018e+02
1.585000000000000000e+05 3.166730000000000018e+02
1.090000000000000146e+05 3.166730000000000018e+02
5.950000000000000000e+04 3.166730000000000018e+02
1.000000000000000000e+04 3.166730000000000018e+02
1.000000000000000000e+02 3.166730000000000018e+02
1.000000000000000000e+01 3.166730000000000018e+02
1.000000000000000000e+00 3.166730000000000018e+02
9.999999999999999167e-02 3.166730000000000018e+02
1.000000000000000021e-02 3.166730000000000018e+02
1.000000000000000021e-03 3.166730000000000018e+02
