9.968498339727187529e+06 8.897717454713049392e+02
9.740574525238100439e+06 8.843773934998331470e+02
9.516620244951326400e+06 8.789815737889240381e+02
9.296586629089944065e+06 8.735842813405100742e+02
9.080425200417712331e+06 8.681855111407493268e+02
8.868087871994853020e+06 8.627852581599659061e+02
8.659526944946637377e+06 8.573835173525901610e+02
8.454695106244707480e+06 8.519802836570976297e+02
8.253545426501206122e+06 8.465755519959488993e+02
8.056031357775487006e+06 8.411693172755276464e+02
7.862106731393579394e+06 8.357615743860793600e+02
7.671725755780196749e+06 8.303523182016489272e+02
7.484843014303361066e+06 8.249415435800182195e+02
7.301413463131555356e+06 8.195292453626432234e+02
7.121392429103401490e+06 8.141154183745903765e+02
6.944735607609778643e+06 8.087000574244727886e+02
6.771399060488450341e+06 8.032831573043862363e+02
6.601339240377472714e+06 7.978649644122505151e+02
6.434513026817766950e+06 7.924458615654385767e+02
6.270877693557697348e+06 7.870258452909438347e+02
6.110390864699150436e+06 7.816049121067965189e+02
5.953010512824807316e+06 7.761830585220401417e+02
5.798694957136489451e+06 7.707602810367070560e+02
5.647402861604644917e+06 7.653365761417948079e+02
5.499093233128845692e+06 7.599119403192414666e+02
5.353725419709385373e+06 7.544863700419010684e+02
5.211259108629922383e+06 7.490598617735191738e+02
5.071654324651142582e+06 7.436324119687078564e+02
4.934871428215472959e+06 7.382040170729206920e+02
4.800871113662797026e+06 7.327746735224277472e+02
4.669614407457193360e+06 7.273443777442900000e+02
4.541062666424684227e+06 7.219131261563339876e+02
4.415177576001966372e+06 7.164809151671261134e+02
4.291921148496162146e+06 7.110477411759464985e+02
4.171255721355559304e+06 7.056136005727632892e+02
4.053143955451333895e+06 7.001784897382062809e+02
3.937548883948223665e+06 6.947430226871180139e+02
3.824433907893884461e+06 6.893072180923433052e+02
3.713762741438545752e+06 6.838710736800578616e+02
3.605499408551071305e+06 6.784345871719744991e+02
3.499608241525326390e+06 6.729977562853381414e+02
3.396053879496493842e+06 6.675605787329210443e+02
3.294801266967380885e+06 6.621230522230175666e+02
3.195815652344731148e+06 6.566851744594395086e+02
3.099062586485579610e+06 6.512469431415107692e+02
3.004507921253656037e+06 6.458083559640622298e+02
2.912117808085880242e+06 6.403694106174266381e+02
2.821858696568978485e+06 6.349301047874333790e+02
2.733697333026243839e+06 6.294904361554029038e+02
2.647600759114496410e+06 6.240504023981417276e+02
2.563536310431250371e+06 6.186100011879368594e+02
2.481471615132154431e+06 6.131692301925501170e+02
2.401374592558735050e+06 6.077280870752130113e+02
2.323213451876490377e+06 6.022865694946208350e+02
2.246956708804660477e+06 5.968449633533439282e+02
2.172573195361359976e+06 5.914034757571600949e+02
2.100032038166744635e+06 5.859621051262433866e+02
2.029302643593608867e+06 5.805208498785082156e+02
1.960354696591134882e+06 5.750797084296112871e+02
1.893158159518568777e+06 5.696386791929539868e+02
1.827683270988906035e+06 5.641977605796846547e+02
1.763900544722650666e+06 5.587569509987006313e+02
1.701780768411739962e+06 5.533162488566505317e+02
1.641295002593720565e+06 5.478756525579365189e+02
1.582414579536253819e+06 5.424351605047163503e+02
1.525111102132054744e+06 5.369947710969055379e+02
1.469356442804364720e+06 5.315544827321793946e+02
1.415122742423048941e+06 5.261142938059753078e+02
1.362382409231438534e+06 5.206742027114946723e+02
1.311108117784024449e+06 5.152342078397050500e+02
1.261272807895121397e+06 5.097943075793421599e+02
1.212849683598630596e+06 5.043545003169118672e+02
1.165812214660159545e+06 4.989148395228544928e+02
1.120134145269615343e+06 4.934755447611530599e+02
1.075789489130135160e+06 4.880366147309649705e+02
1.032752517823829316e+06 4.825980481300422298e+02
9.909977599041715730e+05 4.771598436547358233e+02
9.505000000000001164e+05 4.717219999999999800e+02
9.010000000000000000e+05 4.717219999999999800e+02
8.515000000000000000e+05 4.717219999999999800e+02
8.020000000000000000e+05 4.717219999999999800e+02
7.525000000000000000e+05 4.717219999999999800e+02
7.030000000000000000e+05 4.717219999999999800e+02
6.535000000000000000e+05 4.717219999999999800e+02
6.040000000000000000e+05 4.717219999999999800e+02
5.545000000000000000e+05 4.717219999999999800e+02
5.050000000000000000e+05 4.717219999999999800e+02
4.555000000000000000e+05 4.717219999999999800e+02
4.059999999999999418e+05 4.717219999999999800e+02
3.565000000000000000e+05 4.717219999999999800e+02
3.070000000000000000e+05 4.717219999999999800e+02
2.575000000000000291e+05 4.717219999999999800e+02
2.080000000000000000e+05 4.717219999999999800e+02
1.585000000000000000e+05 4.717219999999999800e+02
1.090000000000000146e+05 4.717219999999999800e+02
5.950000000000000000e+04 4.717219999999999800e+02
1.000000000000000000e+04 4.717219999999999800e+02
1.000000000000000000e+02 4.717219999999999800e+02
1.000000000000000000e+01 4.717219999999999800e+02
1.000000000000000000e+00 4.717219999999999800e+02
9.999999999999999167e-02 4.717219999999999800e+02
1.000000000000000021e-02 4.717219999999999800e+02
1.000000000000000021e-03 4.717219999999999800e+02
