9.753161655754815787e+06 6.229759613091973733e+02
9.465787871202230453e+06 6.181128694340907259e+02
9.184827030889520422e+06 6.132483546352599433e+02
8.910180161740887910e+06 6.083824129003563712e+02
8.641749212322130799e+06 6.035150402008632682e+02
8.379437072500279173e+06 5.986463470349660838e+02
8.123147629334317520e+06 5.937766274324151254e+02
7.872785730259849690e+06 5.889058784637724102e+02
7.628257111897626892e+06 5.840340971881320229e+02
7.389468395496655256e+06 5.791612806531200022e+02
7.156327082405985333e+06 5.742874258948934312e+02
6.928741549575437792e+06 5.694125299381402101e+02
6.706621045085252263e+06 5.645365897960780330e+02
6.489875683704813011e+06 5.596596024704532510e+02
6.278416442480542697e+06 5.547815649515397354e+02
6.072155156353076920e+06 5.499024742181372858e+02
5.871004513803853653e+06 5.450223272375701526e+02
5.674878052531206980e+06 5.401411209656849906e+02
5.483690155156152323e+06 5.352588523468489257e+02
5.297356044957955368e+06 5.303755183139470546e+02
5.115791781639649533e+06 5.254911157883801707e+02
4.938914257123648189e+06 5.206056416800619218e+02
4.766641191377651878e+06 5.157190928874161955e+02
4.598891128270948306e+06 5.108314662973739360e+02
4.435583431461325847e+06 5.059427587853695627e+02
4.276638280312812887e+06 5.010529672153379011e+02
4.121976709997014143e+06 4.961623774815317347e+02
3.971520614465124905e+06 4.912710664905723092e+02
3.825192694348998368e+06 4.863790319466157825e+02
3.682916440614057239e+06 4.814862715455413991e+02
3.544616130930700339e+06 4.765927829749628017e+02
3.410216826075934339e+06 4.716985639142391165e+02
3.279644366365514696e+06 4.668036120344858659e+02
3.152825368116891477e+06 4.619079249985861111e+02
3.029687220143232495e+06 4.570115004612009670e+02
2.910158080278871581e+06 4.521143360687805171e+02
2.794166859262260608e+06 4.472163295297182231e+02
2.681643209431958850e+06 4.423174022733343804e+02
2.572517536019254941e+06 4.374175515204806288e+02
2.466721003792040050e+06 4.325167744823981479e+02
2.364185533601077273e+06 4.276150683607211249e+02
2.264843798960779328e+06 4.227124303474801081e+02
2.168629222664938308e+06 4.178088576251050199e+02
2.075475973437857814e+06 4.129043473664284534e+02
1.985318962621364743e+06 4.079988967346883442e+02
1.898093840898194816e+06 4.030925028835309263e+02
1.813737003742308822e+06 3.981852470600295533e+02
1.732185601531913504e+06 3.932772700386748284e+02
1.653377525062642060e+06 3.883685694627551470e+02
1.577251386929513188e+06 3.834591429678449686e+02
1.503746518623977667e+06 3.785489881818158437e+02
1.432802967669889797e+06 3.736381027248471014e+02
1.364361494799140142e+06 3.687264842094365349e+02
1.298363571167709306e+06 3.638141302404110320e+02
1.234751375612927601e+06 3.589010384149373181e+02
1.173467791952786269e+06 3.539872063225323018e+02
1.114456384756327374e+06 3.490723690250908362e+02
1.057661309442786034e+06 3.441553933009012098e+02
1.003027347154928371e+06 3.392362725136338213e+02
9.505000000000001164e+05 3.343149999999999977e+02
9.010000000000000000e+05 3.343149999999999977e+02
8.515000000000000000e+05 3.343149999999999977e+02
8.020000000000000000e+05 3.343149999999999977e+02
7.525000000000000000e+05 3.343149999999999977e+02
7.030000000000000000e+05 3.343149999999999977e+02
6.535000000000000000e+05 3.343149999999999977e+02
6.040000000000000000e+05 3.343149999999999977e+02
5.545000000000000000e+05 3.343149999999999977e+02
5.050000000000000000e+05 3.343149999999999977e+02
4.555000000000000000e+05 3.343149999999999977e+02
4.059999999999999418e+05 3.343149999999999977e+02
3.565000000000000000e+05 3.343149999999999977e+02
3.070000000000000000e+05 3.343149999999999977e+02
2.575000000000000291e+05 3.343149999999999977e+02
2.080000000000000000e+05 3.343149999999999977e+02
1.585000000000000000e+05 3.343149999999999977e+02
1.090000000000000146e+05 3.343149999999999977e+02
5.950000000000000000e+04 3.343149999999999977e+02
1.000000000000000000e+04 3.343149999999999977e+02
1.000000000000000000e+02 3.343149999999999977e+02
1.000000000000000000e+01 3.343149999999999977e+02
1.000000000000000000e+00 3.343149999999999977e+02
9.999999999999999167e-02 3.343149999999999977e+02
1.000000000000000021e-02 3.343149999999999977e+02
1.000000000000000021e-03 3.343149999999999977e+02
