9.884573390929043293e+06 6.668259698856701334e+02
9.701909893902616575e+06 6.633610071393046610e+02
9.521805477248815820e+06 6.598975833909264566e+02
9.344235106643768027e+06 6.564356975010516635e+02
9.169173902337539941e+06 6.529753483308271598e+02
8.996597138497738168e+06 6.495165347420319222e+02
8.826480242556350306e+06 6.460592555970786179e+02
8.658798794559847564e+06 6.426035097590142868e+02
8.493528526522589847e+06 6.391492960915221602e+02
8.330645321783410385e+06 6.356966134589226840e+02
8.170125214365491644e+06 6.322454607261747697e+02
8.011944388339444995e+06 6.287958367588770443e+02
7.856079177189635113e+06 6.253477404232693289e+02
7.702506063183720224e+06 6.219011705862336612e+02
7.551201676745393313e+06 6.184561261152955467e+02
7.402142795830363408e+06 6.150126058786254362e+02
7.255306345305501483e+06 6.115706087450397490e+02
7.110669396331219934e+06 6.081301335840022375e+02
6.968209165747012012e+06 6.046911792656252373e+02
6.827903015460213646e+06 6.012537446606708045e+02
6.689728465749842115e+06 5.978179503768321865e+02
6.553663201687275432e+06 5.943838650641465620e+02
6.419685057624859735e+06 5.909514874191095259e+02
6.287772008432013914e+06 5.875208161390684154e+02
6.157902168940611184e+06 5.840918499222234459e+02
6.030053793393239379e+06 5.806645874676287349e+02
5.904205274894353934e+06 5.772390274751933248e+02
5.780335144864296541e+06 5.738151686456818652e+02
5.658422072496242821e+06 5.703930096807163181e+02
5.538444864215991460e+06 5.669725492827762992e+02
5.420382463144668378e+06 5.635537861552005552e+02
5.304213948564276099e+06 5.601367190021877605e+02
5.189918535386161879e+06 5.567213465287976533e+02
5.077475573622335680e+06 5.533076674409519455e+02
4.966864547859675251e+06 5.498956804454353460e+02
4.858065076737019233e+06 5.464853842498966969e+02
4.751056912425132468e+06 5.430767775628498839e+02
4.645819940109535120e+06 5.396698590936748587e+02
4.542334177476231940e+06 5.362646275526186628e+02
4.440579774200320244e+06 5.328610816507965637e+02
4.340537011437452398e+06 5.294592201001926242e+02
4.242186301318214275e+06 5.260590416136612930e+02
4.145508186445361935e+06 5.226605449049280878e+02
4.050483339393951930e+06 5.192637286885906178e+02
3.957092562214363366e+06 5.158685916801196072e+02
3.865316785938198213e+06 5.124751325958599182e+02
3.775137070087078493e+06 5.090833501530316312e+02
3.686534602184347343e+06 5.056932430697308405e+02
3.599490697269649711e+06 5.023048100649309049e+02
3.513986798594553024e+06 4.989180637895242967e+02
3.430004479535079096e+06 4.955330325993590463e+02
3.347525441703547258e+06 4.921497151673095800e+02
3.266531511895670556e+06 4.887681101671901160e+02
3.187004641628795303e+06 4.853882162737554609e+02
3.108926906682997942e+06 4.820100321627021458e+02
3.032280506645054091e+06 4.786335565106691092e+02
2.957047764455292374e+06 4.752587879952387766e+02
2.883211125957343262e+06 4.718857252949380268e+02
2.810753159450771753e+06 4.685143670892390446e+02
2.739656555246616248e+06 4.651447120585602306e+02
2.669904125225846656e+06 4.617767588842672239e+02
2.601478802400733344e+06 4.584105062486737552e+02
2.534363640479146969e+06 4.550459528350425558e+02
2.468541813431808725e+06 4.516830973275864380e+02
2.403996610669487622e+06 4.483218764926984932e+02
2.340711432624103036e+06 4.449622270293889983e+02
2.278669795269907918e+06 4.416041477539151288e+02
2.217855334234493785e+06 4.382476374833366890e+02
2.158251804355405737e+06 4.348926950355171925e+02
2.099843079239914659e+06 4.315393192291249420e+02
2.042613150827971054e+06 4.281875088836341661e+02
1.986546128958341898e+06 4.248372628193262130e+02
1.931626240937934024e+06 4.214885798572904037e+02
1.877837831114346394e+06 4.181414588194254520e+02
1.825165360451641725e+06 4.147958985284403184e+02
1.773593406109369360e+06 4.114518978078555165e+02
1.723106661024837289e+06 4.081094554820040230e+02
1.673689933498675702e+06 4.047685703760325850e+02
1.625328146783689270e+06 4.014292413159026864e+02
1.578006327945122030e+06 3.980912836162739836e+02
1.531709600494592451e+06 3.947545588889202577e+02
1.486423195962141734e+06 3.914190661674111311e+02
1.442132461775602307e+06 3.880848044858850017e+02
1.398822860801724950e+06 3.847517728790502929e+02
1.356479970891090808e+06 3.814199703821867615e+02
1.315089484426819487e+06 3.780893960311469186e+02
1.274637207877103239e+06 3.747600488623573369e+02
1.235109061351589626e+06 3.714319279128199582e+02
1.196491078161634970e+06 3.681050322201134009e+02
1.158769404384457041e+06 3.647793608223944375e+02
1.121930298431212083e+06 3.614549127583991890e+02
1.085960130619028816e+06 3.581316870674445454e+02
1.050845382747024065e+06 3.548096827894294734e+02
1.016572647676335531e+06 3.514888989648363804e+02
9.831286043227033224e+05 3.481688131301143017e+02
9.505000000000001164e+05 3.448489999999999895e+02
9.010000000000000000e+05 3.448489999999999895e+02
8.515000000000000000e+05 3.448489999999999895e+02
8.020000000000000000e+05 3.448489999999999895e+02
7.525000000000000000e+05 3.448489999999999895e+02
7.030000000000000000e+05 3.448489999999999895e+02
6.535000000000000000e+05 3.448489999999999895e+02
6.040000000000000000e+05 3.448489999999999895e+02
5.545000000000000000e+05 3.448489999999999895e+02
5.050000000000000000e+05 3.448489999999999895e+02
4.555000000000000000e+05 3.448489999999999895e+02
4.059999999999999418e+05 3.448489999999999895e+02
3.565000000000000000e+05 3.448489999999999895e+02
3.070000000000000000e+05 3.448489999999999895e+02
2.575000000000000291e+05 3.448489999999999895e+02
2.080000000000000000e+05 3.448489999999999895e+02
1.585000000000000000e+05 3.448489999999999895e+02
1.090000000000000146e+05 3.448489999999999895e+02
5.950000000000000000e+04 3.448489999999999895e+02
1.000000000000000000e+04 3.448489999999999895e+02
1.000000000000000000e+02 3.448489999999999895e+02
1.000000000000000000e+01 3.448489999999999895e+02
1.000000000000000000e+00 3.448489999999999895e+02
9.999999999999999167e-02 3.448489999999999895e+02
1.000000000000000021e-02 3.448489999999999895e+02
1.000000000000000021e-03 3.448489999999999895e+02
