9.825978026272568852e+06 5.811616304528680530e+02
9.619216271693164483e+06 5.777732856939202293e+02
9.415741439778331667e+06 5.743860656815249968e+02
9.215517474407456815e+06 5.709999697258131164e+02
9.018508558651527390e+06 5.676149971361866164e+02
8.824679113802449778e+06 5.642311472213251591e+02
8.633993798407319933e+06 5.608484192891924067e+02
8.446417507307583466e+06 5.574668126470428433e+02
8.261915370683143847e+06 5.540863266014279134e+02
8.080452753101372160e+06 5.507069604582026159e+02
7.901995252571043558e+06 5.473287135225319844e+02
7.726508699601216242e+06 5.439515850988975671e+02
7.553959156264975667e+06 5.405755744911036800e+02
7.384312915268177167e+06 5.372006810022838863e+02
7.217536499023065902e+06 5.338269039349073637e+02
7.053596658726848662e+06 5.304542425907854977e+02
6.892460373445193283e+06 5.270826962710781345e+02
6.734094849200658500e+06 5.237122642762997202e+02
6.578467518066076562e+06 5.203429459063261220e+02
6.425546037262872793e+06 5.169747404604005396e+02
6.275298288264332339e+06 5.136076472371402133e+02
6.127692375903829932e+06 5.102416655345424488e+02
5.982696627488017082e+06 5.068767946499912114e+02
5.840279591914972290e+06 5.035130338802632082e+02
5.700410038797316141e+06 5.001503825215343682e+02
5.563056968749776483e+06 4.967889216783343613e+02
5.428189612201280892e+06 4.934286544450931729e+02
5.295777416873201728e+06 4.900695800848096155e+02
5.165790046412692405e+06 4.867116978599453319e+02
5.038197379570028745e+06 4.833550070324309900e+02
4.912969509380775504e+06 4.799995068636725932e+02
4.790076742352832109e+06 4.766451966145579036e+02
4.669489597658334300e+06 4.732920755454625237e+02
4.551178806330430321e+06 4.699401429162563204e+02
4.435115310464986600e+06 4.665893979863096206e+02
4.321270262427162379e+06 4.632398400144995207e+02
4.209615024062940851e+06 4.598914682592160830e+02
4.100121165915594902e+06 4.565442819783685877e+02
3.992760466447107028e+06 4.531982804293918434e+02
3.887504910711299162e+06 4.498534580704436507e+02
3.784326677711690310e+06 4.465097094711728118e+02
3.683198141196807846e+06 4.431670339251279529e+02
3.584091881357180420e+06 4.398254307253571369e+02
3.486980684034744278e+06 4.364848991644142302e+02
3.391837539937553462e+06 4.331454385343648710e+02
3.298635643859798554e+06 4.298070481267926652e+02
3.207348393907169811e+06 4.264697272328053828e+02
3.117949390727573540e+06 4.231334751430410392e+02
3.030412436747245956e+06 4.197982911476740355e+02
2.944711535412273835e+06 4.164641745364211829e+02
2.860820890435547568e+06 4.131311245985478990e+02
2.778714905049195513e+06 4.097991406228744040e+02
2.698368181262498721e+06 4.064682218977816319e+02
2.619755519125335384e+06 4.031383677112174269e+02
2.542851915013134480e+06 3.998095669504443777e+02
2.467632545001680963e+06 3.964816475551717758e+02
2.394072766636102460e+06 3.931546088259339058e+02
2.322148134996213485e+06 3.898284500627528359e+02
2.251834401927660219e+06 3.865031705651445009e+02
2.183107515279137064e+06 3.831787696321245562e+02
2.115943618145708460e+06 3.798552465622142904e+02
2.050319048118291656e+06 3.765326006534465364e+02
1.986210336539322510e+06 3.732108312033717539e+02
1.923594207764656516e+06 3.698899375090636568e+02
1.862447578431763919e+06 3.665699188671254092e+02
1.802747556734232930e+06 3.632507745736952529e+02
1.744471441702675540e+06 3.599325039244527034e+02
1.687596722492041998e+06 3.566151062146242339e+02
1.632101077675431967e+06 3.532985807389891875e+02
1.577962374214963987e+06 3.499829224524561937e+02
1.525158604129725136e+06 3.466672922387353992e+02
1.473667890529735247e+06 3.433516886678909259e+02
1.423468553042935906e+06 3.400361103074491780e+02
1.374539106871599099e+06 3.367205557223983305e+02
1.326858261856936850e+06 3.334050234751879884e+02
1.280404921551963780e+06 3.300895121257285609e+02
1.235158182302676141e+06 3.267740202313908640e+02
1.191097332337599248e+06 3.234585463470055515e+02
1.148201850865779677e+06 3.201430890248625474e+02
1.106451407183276955e+06 3.168276468147104197e+02
1.065825859788234811e+06 3.135122182637558126e+02
1.026305255504605942e+06 3.101968019166627073e+02
9.878698286146085011e+05 3.068813963155518536e+02
9.505000000000001164e+05 3.035659999999999741e+02
9.010000000000000000e+05 3.035659999999999741e+02
8.515000000000000000e+05 3.035659999999999741e+02
8.020000000000000000e+05 3.035659999999999741e+02
7.525000000000000000e+05 3.035659999999999741e+02
7.030000000000000000e+05 3.035659999999999741e+02
6.535000000000000000e+05 3.035659999999999741e+02
6.040000000000000000e+05 3.035659999999999741e+02
5.545000000000000000e+05 3.035659999999999741e+02
5.050000000000000000e+05 3.035659999999999741e+02
4.555000000000000000e+05 3.035659999999999741e+02
4.059999999999999418e+05 3.035659999999999741e+02
3.565000000000000000e+05 3.035659999999999741e+02
3.070000000000000000e+05 3.035659999999999741e+02
2.575000000000000291e+05 3.035659999999999741e+02
2.080000000000000000e+05 3.035659999999999741e+02
1.585000000000000000e+05 3.035659999999999741e+02
1.090000000000000146e+05 3.035659999999999741e+02
5.950000000000000000e+04 3.035659999999999741e+02
1.000000000000000000e+04 3.035659999999999741e+02
1.000000000000000000e+02 3.035659999999999741e+02
1.000000000000000000e+01 3.035659999999999741e+02
1.000000000000000000e+00 3.035659999999999741e+02
9.999999999999999167e-02 3.035659999999999741e+02
1.000000000000000021e-02 3.035659999999999741e+02
1.000000000000000021e-03 3.035659999999999741e+02
