9.905533389311898500e+06 6.138684729955083412e+02
9.673387605474662036e+06 6.098211895633236281e+02
9.445302660487269983e+06 6.057749037675620229e+02
9.221230878000484779e+06 6.017296149466850466e+02
9.001124923129765317e+06 5.976854751561140802e+02
8.784937819818770513e+06 5.936425977856615646e+02
8.572622919361444190e+06 5.896009821224109828e+02
8.364133878052011132e+06 5.855606274531821782e+02
8.159424656222083606e+06 5.815215330645351060e+02
7.958449517283877358e+06 5.774836982427738121e+02
7.761163026779597625e+06 5.734471222739502991e+02
7.567520051437014714e+06 5.694118044438687321e+02
7.377475758231269196e+06 5.653777440380891903e+02
7.190985613452874124e+06 5.613449403419317605e+02
7.008005381782058626e+06 5.573133926404804015e+02
6.828491125369406305e+06 5.532831002185869238e+02
6.652399202922843397e+06 5.492540623608749684e+02
6.479686268801032566e+06 5.452262783517438720e+02
6.310309272113189101e+06 5.411997474753727602e+02
6.144225455825377256e+06 5.371744690157242985e+02
5.981392355873341672e+06 5.331504422565488994e+02
5.821767800281841308e+06 5.291276664813883599e+02
5.665309908290646039e+06 5.251061409735799543e+02
5.511977089487156831e+06 5.210858650162604135e+02
5.361728042945744470e+06 5.170668378923699038e+02
5.214521756373809651e+06 5.130490588846557785e+02
5.070317505264660344e+06 5.090325272756767276e+02
4.929074852057251148e+06 5.050172423478064161e+02
4.790753645302829333e+06 5.010032033832378033e+02
4.655314026253533550e+06 4.969904649438925617e+02
4.522716429837701842e+06 4.929790447057876577e+02
4.392921575866458938e+06 4.889689419183852692e+02
4.265890465697279200e+06 4.849601558310125142e+02
4.141584381467578001e+06 4.809526856928654297e+02
4.019964885335464031e+06 4.769465307530127802e+02
3.900993818727699574e+06 4.729416902604001507e+02
3.784633301594962366e+06 4.689381634638537548e+02
3.670845731674500275e+06 4.649359496120845279e+02
3.559593783760212362e+06 4.609350479536918783e+02
3.450840408980305307e+06 4.569354577371678943e+02
3.344548834082536399e+06 4.529371782109010383e+02
3.240682555557190441e+06 4.489401631509353479e+02
3.139205325312793255e+06 4.449442858535198866e+02
3.040081156775269192e+06 4.409495456287610295e+02
2.943274339039585087e+06 4.369559417866088893e+02
2.848749436120954808e+06 4.329634736368610675e+02
2.756471286214536056e+06 4.289721404891668612e+02
2.666405000963733997e+06 4.249819416530309582e+02
2.578515964737250004e+06 4.209928764378175288e+02
2.492769833914950956e+06 4.170049441527540921e+02
2.409132536182712298e+06 4.130181441069354946e+02
2.327570269836336840e+06 4.090324756093278324e+02
2.248049503094702959e+06 4.050479379687724304e+02
2.170536973422249313e+06 4.010645304939898210e+02
2.094999658385079820e+06 3.970819472383507218e+02
2.021404767784038791e+06 3.931000761418745242e+02
1.949719774204223650e+06 3.891189164778097052e+02
1.879912423056697473e+06 3.851384675190442408e+02
1.811950731772339204e+06 3.811587285381092443e+02
1.745802989006575895e+06 3.771796988071824899e+02
1.681437753855185350e+06 3.732013775980922787e+02
1.618823855081324466e+06 3.692237641823210197e+02
1.557930390353979543e+06 3.652468578310088674e+02
1.498726725498023443e+06 3.612706578149574739e+02
1.441182493756085169e+06 3.572951634046336267e+02
1.385267595062429784e+06 3.533203738701728867e+02
1.330952178745218320e+06 3.493460704180338325e+02
1.278206562030295841e+06 3.453711440860986954e+02
1.227001256809828803e+06 3.413955922750417358e+02
1.177307056872483110e+06 3.374194123793264453e+02
1.129095036688746884e+06 3.334426017871871295e+02
1.082336550211134134e+06 3.294651578806099792e+02
1.037003229689504020e+06 3.254870780353145392e+02
9.930669845017354237e+05 3.215083596207347796e+02
9.505000000000001164e+05 3.175289999999999964e+02
9.010000000000000000e+05 3.175289999999999964e+02
8.515000000000000000e+05 3.175289999999999964e+02
8.020000000000000000e+05 3.175289999999999964e+02
7.525000000000000000e+05 3.175289999999999964e+02
7.030000000000000000e+05 3.175289999999999964e+02
6.535000000000000000e+05 3.175289999999999964e+02
6.040000000000000000e+05 3.175289999999999964e+02
5.545000000000000000e+05 3.175289999999999964e+02
5.050000000000000000e+05 3.175289999999999964e+02
4.555000000000000000e+05 3.175289999999999964e+02
4.059999999999999418e+05 3.175289999999999964e+02
3.565000000000000000e+05 3.175289999999999964e+02
3.070000000000000000e+05 3.175289999999999964e+02
2.575000000000000291e+05 3.175289999999999964e+02
2.080000000000000000e+05 3.175289999999999964e+02
1.585000000000000000e+05 3.175289999999999964e+02
1.090000000000000146e+05 3.175289999999999964e+02
5.950000000000000000e+04 3.175289999999999964e+02
1.000000000000000000e+04 3.175289999999999964e+02
1.000000000000000000e+02 3.175289999999999964e+02
1.000000000000000000e+01 3.175289999999999964e+02
1.000000000000000000e+00 3.175289999999999964e+02
9.999999999999999167e-02 3.175289999999999964e+02
1.000000000000000021e-02 3.175289999999999964e+02
1.000000000000000021e-03 3.175289999999999964e+02
