9.908990158589735627e+06 6.647624452245421480e+02
9.657769585179954767e+06 6.602664945576470927e+02
9.411368576197460294e+06 6.557698596527598056e+02
9.169723184045001864e+06 6.512725383428843315e+02
8.932769975450092927e+06 6.467745284542305626e+02
8.700446028983490542e+06 6.422758278062113959e+02
8.472688932591382414e+06 6.377764342114394367e+02
8.249436781141328625e+06 6.332763454757241561e+02
8.030628173981944099e+06 6.287755593980684807e+02
7.816202212516354397e+06 6.242740737706652681e+02
7.606098497789453715e+06 6.197718863788942372e+02
7.400257128088928759e+06 6.152689950013179896e+02
7.198618696560102515e+06 6.107653974096785987e+02
7.001124288834634237e+06 6.062610913688938581e+02
6.807715480673036538e+06 6.017560746370531888e+02
6.618334368788962252e+06 5.972505574128981607e+02
6.432923586592951789e+06 5.927446736521208095e+02
6.251426265379079618e+06 5.882384217826395343e+02
6.073786010247218423e+06 5.837318002277719415e+02
5.899946897986917756e+06 5.792248074062403020e+02
5.729853474974254146e+06 5.747174417321763258e+02
5.563450755081651732e+06 5.702097016151261641e+02
5.400684217600799166e+06 5.657015854600552984e+02
5.241499805178635754e+06 5.611930916673536558e+02
5.085843921766498126e+06 5.566842186328401567e+02
4.933663430582421832e+06 5.521749647477673761e+02
4.784905652086755261e+06 5.476653283988266594e+02
4.639518361971023493e+06 5.431553079681524423e+02
4.497449789160173386e+06 5.386449018333267986e+02
4.358648613828262314e+06 5.341341083673844423e+02
4.223063965427608229e+06 5.296229259388168202e+02
4.090645420731513761e+06 5.251113529115766596e+02
3.961343001890616957e+06 5.205993876450825155e+02
3.835107174502948765e+06 5.160870284942230910e+02
3.711888845697756391e+06 5.115742738093615003e+02
3.591639362233203836e+06 5.070611219363394753e+02
3.474310508608014323e+06 5.025475712164817992e+02
3.359854518224628177e+06 4.980337355422136625e+02
3.248224086840822827e+06 4.935197632354731354e+02
3.139372355278159492e+06 4.890056530524070695e+02
3.033252890102613252e+06 4.844914037458768235e+02
2.929819681937705260e+06 4.799770140654666193e+02
2.829027143791444134e+06 4.754624827574919550e+02
2.730830109397208784e+06 4.709478085650079606e+02
2.635183831568699796e+06 4.664329902278178679e+02
2.542043980569089297e+06 4.619180264824813094e+02
2.451366642494504806e+06 4.574029160623224470e+02
2.363108317672005855e+06 4.528876576974385557e+02
2.277225913499361370e+06 4.483721907363341188e+02
2.193676733775495086e+06 4.438564084133964798e+02
2.112418484143591952e+06 4.393403091915191681e+02
2.033409280824129004e+06 4.348238915296850564e+02
1.956607649006689433e+06 4.303071538829718747e+02
1.881972521257683169e+06 4.257900947025578944e+02
1.809463235944173997e+06 4.212727124357273283e+02
1.739039535674017388e+06 4.167550055258761290e+02
1.670661565752503462e+06 4.122369724125173320e+02
1.604289872655733023e+06 4.077186115312865695e+02
1.539885402520953678e+06 4.031999213139475273e+02
1.477409500364374369e+06 3.986809094611654700e+02
1.416823910208516521e+06 3.941615969208535830e+02
1.358090772655220702e+06 3.896419821663312746e+02
1.301172621647264576e+06 3.851220636672220508e+02
1.246032383062937530e+06 3.806018398894595975e+02
1.192633373329119990e+06 3.760813092952935790e+02
1.140939298053175444e+06 3.715604703432954352e+02
1.090914250674002338e+06 3.670393214883642372e+02
1.042522711132578785e+06 3.625178611817325987e+02
9.957295445623719133e+05 3.579960878709722465e+02
9.505000000000001164e+05 3.534739999999999895e+02
9.010000000000000000e+05 3.534739999999999895e+02
8.515000000000000000e+05 3.534739999999999895e+02
8.020000000000000000e+05 3.534739999999999895e+02
7.525000000000000000e+05 3.534739999999999895e+02
7.030000000000000000e+05 3.534739999999999895e+02
6.535000000000000000e+05 3.534739999999999895e+02
6.040000000000000000e+05 3.534739999999999895e+02
5.545000000000000000e+05 3.534739999999999895e+02
5.050000000000000000e+05 3.534739999999999895e+02
4.555000000000000000e+05 3.534739999999999895e+02
4.059999999999999418e+05 3.534739999999999895e+02
3.565000000000000000e+05 3.534739999999999895e+02
3.070000000000000000e+05 3.534739999999999895e+02
2.575000000000000291e+05 3.534739999999999895e+02
2.080000000000000000e+05 3.534739999999999895e+02
1.585000000000000000e+05 3.534739999999999895e+02
1.090000000000000146e+05 3.534739999999999895e+02
5.950000000000000000e+04 3.534739999999999895e+02
1.000000000000000000e+04 3.534739999999999895e+02
1.000000000000000000e+02 3.534739999999999895e+02
1.000000000000000000e+01 3.534739999999999895e+02
1.000000000000000000e+00 3.534739999999999895e+02
9.999999999999999167e-02 3.534739999999999895e+02
1.000000000000000021e-02 3.534739999999999895e+02
1.000000000000000021e-03 3.534739999999999895e+02
