9.957991277373353019e+06 7.094394658152338025e+02
9.713748077617499977e+06 7.048520637722674564e+02
9.474088157846121117e+06 7.002639295711722980e+02
9.238950447419848293e+06 6.956754672380836837e+02
9.008274476154806092e+06 6.910866993113797889e+02
8.782000300046630204e+06 6.864976235004611453e+02
8.560068493962641805e+06 6.819082375068800275e+02
8.342420148629141971e+06 6.773185390243471602e+02
8.128996867636339739e+06 6.727285257387378579e+02
7.919740764460966922e+06 6.681381953280982771e+02
7.714594459506473504e+06 6.635475454626512146e+02
7.513501077160868794e+06 6.589565738048024741e+02
7.316404242872023955e+06 6.543652780091460954e+02
7.123248080240555108e+06 6.497736557224702665e+02
6.933977208130168729e+06 6.451817045837626665e+02
6.748536737795459107e+06 6.405894222242158094e+02
6.566872270027118735e+06 6.359968062672320457e+02
6.388929892314587720e+06 6.314038543284287925e+02
6.214656176026050933e+06 6.268105640156433083e+02
6.043998173605764285e+06 6.222169329289373536e+02
5.876903415788743645e+06 6.176229586606020803e+02
5.713319908832736313e+06 6.130286387951621236e+02
5.553196131767456420e+06 6.084339709093800366e+02
5.396481033661120571e+06 6.038389525722604958e+02
5.243124038449055515e+06 5.992436412425299750e+02
5.093075079345404170e+06 5.946483387865565646e+02
4.946284584899496287e+06 5.900530434276734013e+02
4.802703436775323004e+06 5.854577533837822330e+02
4.662282967263549566e+06 5.808624668673668339e+02
4.524974956809437834e+06 5.762671820855063061e+02
4.390731631556710228e+06 5.716718972398886081e+02
4.259505660907326266e+06 5.670766105268238562e+02
4.131250155097187497e+06 5.624813201372572848e+02
4.005918662787782028e+06 5.578860242567824343e+02
3.883465168673794251e+06 5.532907210656543384e+02
3.763844091106648091e+06 5.486954087388021435e+02
3.647010279734045733e+06 5.441000854458421827e+02
3.532919013155503199e+06 5.395047493510907088e+02
3.421525996593877207e+06 5.349093986135763998e+02
3.312787359582952224e+06 5.303140313870533191e+02
3.206659653671063483e+06 5.257186458200130801e+02
3.103099850140809547e+06 5.211232400556972379e+02
3.002065337744899094e+06 5.165278122321101364e+02
2.903513920458124019e+06 5.119323604820306741e+02
2.807403815245526377e+06 5.073368829330246967e+02
2.713693649846788496e+06 5.027413777074571613e+02
2.622342471245680004e+06 4.981459614745689919e+02
2.533309757894772571e+06 4.935508078879911977e+02
2.446555404648484662e+06 4.889559154885329235e+02
2.362039704266179353e+06 4.843612828131610968e+02
2.279723345403991174e+06 4.797669083950171967e+02
2.199567410622240044e+06 4.751727907634338521e+02
2.121533374408524018e+06 4.705789284439515541e+02
2.045583101216554409e+06 4.659853199583350829e+02
1.971678843520818977e+06 4.613919638245901638e+02
1.899783239887156291e+06 4.567988585569798943e+02
1.829859313059343258e+06 4.522060026660411154e+02
1.761870461704244372e+06 4.476133091971730664e+02
1.695780453489493579e+06 4.430206975062499168e+02
1.631553430637213867e+06 4.384281658608861107e+02
1.569153914169798372e+06 4.338357125243489349e+02
1.508546802008439554e+06 4.292433357555725024e+02
1.449697367088806815e+06 4.246510338091711105e+02
1.392571255494028563e+06 4.200588049354531108e+02
1.337134484605102567e+06 4.154666473804342104e+02
1.283353441268888302e+06 4.108745593858511711e+02
1.231194879983819555e+06 4.062825391891749973e+02
1.180625921103517525e+06 4.016905850236246351e+02
1.131614052691902965e+06 3.970987553767765235e+02
1.084127130373008316e+06 3.925070836914853203e+02
1.038133371439638315e+06 3.879155683291401715e+02
9.936013509372950066e+05 3.833242076473583211e+02
9.505000000000001164e+05 3.787330000000000041e+02
9.010000000000000000e+05 3.787330000000000041e+02
8.515000000000000000e+05 3.787330000000000041e+02
8.020000000000000000e+05 3.787330000000000041e+02
7.525000000000000000e+05 3.787330000000000041e+02
7.030000000000000000e+05 3.787330000000000041e+02
6.535000000000000000e+05 3.787330000000000041e+02
6.040000000000000000e+05 3.787330000000000041e+02
5.545000000000000000e+05 3.787330000000000041e+02
5.050000000000000000e+05 3.787330000000000041e+02
4.555000000000000000e+05 3.787330000000000041e+02
4.059999999999999418e+05 3.787330000000000041e+02
3.565000000000000000e+05 3.787330000000000041e+02
3.070000000000000000e+05 3.787330000000000041e+02
2.575000000000000291e+05 3.787330000000000041e+02
2.080000000000000000e+05 3.787330000000000041e+02
1.585000000000000000e+05 3.787330000000000041e+02
1.090000000000000146e+05 3.787330000000000041e+02
5.950000000000000000e+04 3.787330000000000041e+02
1.000000000000000000e+04 3.787330000000000041e+02
1.000000000000000000e+02 3.787330000000000041e+02
1.000000000000000000e+01 3.787330000000000041e+02
1.000000000000000000e+00 3.787330000000000041e+02
9.999999999999999167e-02 3.787330000000000041e+02
1.000000000000000021e-02 3.787330000000000041e+02
1.000000000000000021e-03 3.787330000000000041e+02
