9.957951247707521543e+06 7.241374196123100546e+02
9.703535971326120198e+06 7.189274783808087932e+02
9.453984704243564978e+06 7.137185322527618609e+02
9.209234473243329674e+06 7.085105798535923896e+02
8.969222779946265742e+06 7.033036198079876158e+02
8.733887636509163305e+06 6.980978787649563628e+02
8.503167625371668488e+06 6.928937513492408016e+02
8.277001852298151702e+06 6.876912363372304071e+02
8.055329876510337926e+06 6.824903325052430318e+02
7.838091708852991462e+06 6.772910386295305898e+02
7.625227809972049668e+06 6.720933534862841725e+02
7.416679088505373336e+06 6.668972758516398471e+02
7.212386899286036380e+06 6.617028045016838860e+02
7.012293041558282450e+06 6.565099382124584508e+02
6.816339757206170820e+06 6.513186757599668226e+02
6.624469728994925506e+06 6.461290159201789720e+02
6.436626078825104050e+06 6.409409574690367890e+02
6.252752365999599919e+06 6.357544991824599947e+02
6.072792585503510199e+06 6.305696398363509161e+02
5.896691166297029704e+06 6.253863782066003978e+02
5.724392969621305354e+06 6.202047130690931454e+02
5.555843287317422219e+06 6.150246431997129548e+02
5.390987840158521198e+06 6.098461673743482834e+02
5.229772776195172220e+06 6.046692843688975927e+02
5.072144674598315731e+06 5.994940353805728819e+02
4.918050593398619443e+06 5.943208104543751915e+02
4.767438057456986979e+06 5.891496082111202668e+02
4.620255004468552768e+06 5.839804272719038636e+02
4.476449783580497839e+06 5.788132662581072054e+02
4.335971154022546485e+06 5.736481237914025542e+02
4.198768283750244416e+06 5.684849984937584395e+02
4.064790748101165518e+06 5.633238889874451161e+02
3.933988528464142699e+06 5.581647938950397929e+02
3.806312010961668566e+06 5.530077118394324316e+02
3.681711985145570245e+06 5.478526414438307484e+02
3.560139642706124578e+06 5.426995813317658985e+02
3.441546576194740832e+06 5.375485301270978198e+02
3.325884777760350145e+06 5.323994864540203480e+02
3.213106637899674010e+06 5.272524489370671290e+02
3.103164944221525919e+06 5.221074162011167346e+02
2.996012880225298926e+06 5.169643868713980055e+02
2.891604024093847256e+06 5.118233595734957362e+02
2.789892347500891425e+06 5.066843329333557904e+02
2.690832214433196466e+06 5.015473055772907287e+02
2.594378386040464509e+06 4.964123392749829691e+02
2.500486021375131328e+06 4.912794598275792737e+02
2.409110669605710544e+06 4.861486658031450361e+02
2.320208266228405293e+06 4.810199557701950539e+02
2.233735132009524852e+06 4.758933282976990995e+02
2.149647971943760291e+06 4.707687819550872632e+02
2.067903874228578294e+06 4.656463153122554104e+02
1.988460309254999040e+06 4.605259269395705815e+02
1.911275128615036607e+06 4.554076154078765057e+02
1.836306564126092009e+06 4.502913792884989448e+02
1.763513204984482843e+06 4.451769434249346205e+02
1.692853998181188479e+06 4.400642900085106817e+02
1.624288271056584781e+06 4.349534177680169478e+02
1.557775731646081898e+06 4.298443254325686667e+02
1.493276467653747648e+06 4.247370117316118581e+02
1.430750945445477730e+06 4.196314753949290548e+02
1.370160009062091354e+06 4.145277151526447597e+02
1.311464879252776504e+06 4.094257297352311866e+02
1.254627152529283892e+06 4.043255178735137179e+02
1.199608792283621617e+06 3.992269599334050554e+02
1.146372085323974723e+06 3.941293924345039272e+02
1.094879655402596109e+06 3.890328140344989265e+02
1.045094509062475292e+06 3.839372233907602094e+02
9.969800344245637534e+05 3.788426191603445545e+02
9.505000000000001164e+05 3.737490000000000236e+02
9.010000000000000000e+05 3.737490000000000236e+02
8.515000000000000000e+05 3.737490000000000236e+02
8.020000000000000000e+05 3.737490000000000236e+02
7.525000000000000000e+05 3.737490000000000236e+02
7.030000000000000000e+05 3.737490000000000236e+02
6.535000000000000000e+05 3.737490000000000236e+02
6.040000000000000000e+05 3.737490000000000236e+02
5.545000000000000000e+05 3.737490000000000236e+02
5.050000000000000000e+05 3.737490000000000236e+02
4.555000000000000000e+05 3.737490000000000236e+02
4.059999999999999418e+05 3.737490000000000236e+02
3.565000000000000000e+05 3.737490000000000236e+02
3.070000000000000000e+05 3.737490000000000236e+02
2.575000000000000291e+05 3.737490000000000236e+02
2.080000000000000000e+05 3.737490000000000236e+02
1.585000000000000000e+05 3.737490000000000236e+02
1.090000000000000146e+05 3.737490000000000236e+02
5.950000000000000000e+04 3.737490000000000236e+02
1.000000000000000000e+04 3.737490000000000236e+02
1.000000000000000000e+02 3.737490000000000236e+02
1.000000000000000000e+01 3.737490000000000236e+02
1.000000000000000000e+00 3.737490000000000236e+02
9.999999999999999167e-02 3.737490000000000236e+02
1.000000000000000021e-02 3.737490000000000236e+02
1.000000000000000021e-03 3.737490000000000236e+02
