9.972665986914709210e+06 6.157073384878199249e+02
9.719565776142125949e+06 6.114766740808183840e+02
9.471319481963042170e+06 6.072460187881600859e+02
9.227862894543375820e+06 6.030153713182235151e+02
8.989132333653535694e+06 5.987848177631619819e+02
8.755064686918856576e+06 5.945545738537304032e+02
8.525597386061143130e+06 5.903246386686531650e+02
8.300668360584458336e+06 5.860950112833851335e+02
8.080216035522392951e+06 5.818656907701260934e+02
7.864179329198349267e+06 5.776366761978350723e+02
7.652497650998864323e+06 5.734079666322450066e+02
7.445110899159967899e+06 5.691795611358768383e+02
7.241959458566634916e+06 5.649514587680536124e+02
7.042984198565356433e+06 5.607236585849150288e+02
6.848126470789868385e+06 5.564961596394315393e+02
6.657328107000035234e+06 5.522689609814185587e+02
6.470531416933955625e+06 5.480420616575505619e+02
6.287679186173328198e+06 5.438154607113751808e+02
6.108714674022107385e+06 5.395891571833274156e+02
5.933581611398479901e+06 5.353631501107435042e+02
5.762224198740207590e+06 5.311374385278751333e+02
5.594587103923406452e+06 5.269120214659031944e+02
5.430615460194789805e+06 5.226868979529518811e+02
5.270254864117410965e+06 5.184620670141025585e+02
5.113451373529992066e+06 5.142375276714077472e+02
4.960151505519870669e+06 5.100132789439048793e+02
4.810302234409621917e+06 5.057893198476302246e+02
4.663850989757425152e+06 5.015656493956325335e+02
4.520745672652517445e+06 4.973423958486840775e+02
4.380934662623582408e+06 4.931196344918162708e+02
4.244366795449251309e+06 4.888973645189010995e+02
4.110991350124621298e+06 4.846755851213208075e+02
3.980758047043687664e+06 4.804542954879826766e+02
3.853617046195271425e+06 4.762334948053342032e+02
3.729518945372527000e+06 4.720131822573780482e+02
3.608414778396097012e+06 4.677933570256870439e+02
3.490256013351052068e+06 4.635740182894192003e+02
3.374994550837660674e+06 4.593551652253325415e+02
3.262582722236154135e+06 4.551367970078001122e+02
3.152973287985550240e+06 4.509189128088249845e+02
3.046119421909624711e+06 4.467013927973596310e+02
2.941974707154422067e+06 4.424842028762873269e+02
2.840493149666160345e+06 4.382673420742602275e+02
2.741629180508228019e+06 4.340508094173022755e+02
2.645337654129380826e+06 4.298346039288230713e+02
2.551573846647253726e+06 4.256187246296317994e+02
2.460293454147320241e+06 4.214031705379509845e+02
2.371452590997452382e+06 4.171879406694304180e+02
2.285007788178232964e+06 4.129730340371609145e+02
2.200915991629193071e+06 4.087584496516880677e+02
2.119134560611118563e+06 4.045441865210260630e+02
2.039621266084639588e+06 4.003302436506714912e+02
1.962334283751032082e+06 3.961165639873216264e+02
1.887232192639626330e+06 3.919031417037421647e+02
1.814273979276590981e+06 3.876899757333843013e+02
1.743419036575420527e+06 3.834770650070768170e+02
1.674627162266917992e+06 3.792644084530390387e+02
1.607858557346861111e+06 3.750520049968942544e+02
1.543073824541596696e+06 3.708398535616828440e+02
1.480233966791809304e+06 3.666279530678753531e+02
1.419300385754739633e+06 3.624163024333858516e+02
1.360234880325110396e+06 3.582049005735849505e+02
1.302999645175074227e+06 3.539937464013129897e+02
1.247557264565710444e+06 3.497827774764616606e+02
1.193870625934066717e+06 3.455708636354079886e+02
1.141902934780650306e+06 3.413580014408321972e+02
1.091617804798794677e+06 3.371441874445465032e+02
1.042979255880527664e+06 3.329294181874698211e+02
9.959517121464528609e+05 3.287136901996023539e+02
9.505000000000001164e+05 3.244970000000000141e+02
9.010000000000000000e+05 3.244970000000000141e+02
8.515000000000000000e+05 3.244970000000000141e+02
8.020000000000000000e+05 3.244970000000000141e+02
7.525000000000000000e+05 3.244970000000000141e+02
7.030000000000000000e+05 3.244970000000000141e+02
6.535000000000000000e+05 3.244970000000000141e+02
6.040000000000000000e+05 3.244970000000000141e+02
5.545000000000000000e+05 3.244970000000000141e+02
5.050000000000000000e+05 3.244970000000000141e+02
4.555000000000000000e+05 3.244970000000000141e+02
4.059999999999999418e+05 3.244970000000000141e+02
3.565000000000000000e+05 3.244970000000000141e+02
3.070000000000000000e+05 3.244970000000000141e+02
2.575000000000000291e+05 3.244970000000000141e+02
2.080000000000000000e+05 3.244970000000000141e+02
1.585000000000000000e+05 3.244970000000000141e+02
1.090000000000000146e+05 3.244970000000000141e+02
5.950000000000000000e+04 3.244970000000000141e+02
1.000000000000000000e+04 3.244970000000000141e+02
1.000000000000000000e+02 3.244970000000000141e+02
1.000000000000000000e+01 3.244970000000000141e+02
1.000000000000000000e+00 3.244970000000000141e+02
9.999999999999999167e-02 3.244970000000000141e+02
1.000000000000000021e-02 3.244970000000000141e+02
1.000000000000000021e-03 3.244970000000000141e+02
