9.938327155725799501e+06 5.799553866880403348e+02
9.733424631313810125e+06 5.767098137947712075e+02
9.531710591169863939e+06 5.734645784634213896e+02
9.333150905937358737e+06 5.702196802664383313e+02
9.137711664381623268e+06 5.669751187750769077e+02
8.945359172579154372e+06 5.637308935594044215e+02
8.756059953110674396e+06 5.604870041883060594e+02
8.569780744257871062e+06 5.572434502294896674e+02
8.386488499203929678e+06 5.540002312494909802e+02
8.206150385237853974e+06 5.507573468136786232e+02
8.028733782962550409e+06 5.475147964862593426e+02
7.854206285506683402e+06 5.442725798302828935e+02
7.682535697740328498e+06 5.410306964076472696e+02
7.513690035494421609e+06 5.377891457791035918e+02
7.347637524783962406e+06 5.345479275042612244e+02
7.184346601035091095e+06 5.313070411415927765e+02
7.023785908315906301e+06 5.280664862484392188e+02
6.865924298571147025e+06 5.248262623810147716e+02
6.710730830860667862e+06 5.215863690944120208e+02
6.558174770601768978e+06 5.183468059426068066e+02
6.408225588815328665e+06 5.151075724784632257e+02
6.260852961375833489e+06 5.118686682537386901e+02
6.116026768265222199e+06 5.086300928190888726e+02
5.973717092830607668e+06 5.053918457240725957e+02
5.833894221045873128e+06 5.021539265171568900e+02
5.696528646204775199e+06 4.989163746887074922e+02
5.561591078461932018e+06 4.956792692054952454e+02
5.429052437681215815e+06 4.924426096785680897e+02
5.298883841631022282e+06 4.892063957180247371e+02
5.171056605302928016e+06 4.859706269330198438e+02
5.045542240234056488e+06 4.827353029317692403e+02
4.922312453833257779e+06 4.795004233215552176e+02
4.801339148711008020e+06 4.762659877087316431e+02
4.682594422013130039e+06 4.730319956987291903e+02
4.566050564758303575e+06 4.697984468960604545e+02
4.451680061179388314e+06 4.665653409043252395e+02
4.339455588068600744e+06 4.633326773262157303e+02
4.229350014126513153e+06 4.601004557635216088e+02
4.121336399314951617e+06 4.568686758171351698e+02
4.015387994213762693e+06 4.536373370870565509e+02
3.911478239381492138e+06 4.504064391723989047e+02
3.809580755915853661e+06 4.471759032747864353e+02
3.709669344277702272e+06 4.439457176664994904e+02
3.611717992955092806e+06 4.407158818963530393e+02
3.515700879121927544e+06 4.374863955122057178e+02
3.421592367990589701e+06 4.342572580609647162e+02
3.329367012168749236e+06 4.310284690885907821e+02
3.238999551020362414e+06 4.278000281401031089e+02
3.150464910030898638e+06 4.245719347595842237e+02
3.063738200176815502e+06 4.213441884901848766e+02
2.978794717299299780e+06 4.181167888741289858e+02
2.895609941482312046e+06 4.148897354527184120e+02
2.814159536434969399e+06 4.116630277663380184e+02
2.734419348878267687e+06 4.084366653544603309e+02
2.656365407936207484e+06 4.052106477556506547e+02
2.579973924531332217e+06 4.019849745075716783e+02
2.505221289365360048e+06 3.987596297587289200e+02
2.432084070209379308e+06 3.955345884057819603e+02
2.360539013001453597e+06 3.923098499572684545e+02
2.290563043604950886e+06 3.890854139207915523e+02
2.222133267214339692e+06 3.858612798030245017e+02
2.155226967765678652e+06 3.826374471097155947e+02
2.089821607351827435e+06 3.794139153456927716e+02
2.025894825642436044e+06 3.761906840148682818e+02
1.963424439308746019e+06 3.729677526202435729e+02
1.902388441453244537e+06 3.697451206639137808e+02
1.842765001044234494e+06 3.665227876470726756e+02
1.784532462355348747e+06 3.633007530700171515e+02
1.727669344410069985e+06 3.600790164321521729e+02
1.672154340431306278e+06 3.568575772319952648e+02
1.617966317296067951e+06 3.536364349671812874e+02
1.565084314995319117e+06 3.504155891344672114e+02
1.513487501666886732e+06 3.471944301892721683e+02
1.463155171032767277e+06 3.439728665285368834e+02
1.414066789358753711e+06 3.407508966925626623e+02
1.366202001587409293e+06 3.375285192182054743e+02
1.319540630614157766e+06 3.343057326388715751e+02
1.274062676569796400e+06 3.310825354845136417e+02
1.229748316109478241e+06 3.278589262816263386e+02
1.186577901708239922e+06 3.246349035532421681e+02
1.144531960963140242e+06 3.214104658189271504e+02
1.103591195902080741e+06 3.181856115947765602e+02
1.063736482299381401e+06 3.149603393934104361e+02
1.024948868998188409e+06 3.117346477239693741e+02
9.872095772398022236e+05 3.085085350921098666e+02
9.505000000000001164e+05 3.052819999999999823e+02
9.010000000000000000e+05 3.052819999999999823e+02
8.515000000000000000e+05 3.052819999999999823e+02
8.020000000000000000e+05 3.052819999999999823e+02
7.525000000000000000e+05 3.052819999999999823e+02
7.030000000000000000e+05 3.052819999999999823e+02
6.535000000000000000e+05 3.052819999999999823e+02
6.040000000000000000e+05 3.052819999999999823e+02
5.545000000000000000e+05 3.052819999999999823e+02
5.050000000000000000e+05 3.052819999999999823e+02
4.555000000000000000e+05 3.052819999999999823e+02
4.059999999999999418e+05 3.052819999999999823e+02
3.565000000000000000e+05 3.052819999999999823e+02
3.070000000000000000e+05 3.052819999999999823e+02
2.575000000000000291e+05 3.052819999999999823e+02
2.080000000000000000e+05 3.052819999999999823e+02
1.585000000000000000e+05 3.052819999999999823e+02
1.090000000000000146e+05 3.052819999999999823e+02
5.950000000000000000e+04 3.052819999999999823e+02
1.000000000000000000e+04 3.052819999999999823e+02
1.000000000000000000e+02 3.052819999999999823e+02
1.000000000000000000e+01 3.052819999999999823e+02
1.000000000000000000e+00 3.052819999999999823e+02
9.999999999999999167e-02 3.052819999999999823e+02
1.000000000000000021e-02 3.052819999999999823e+02
1.000000000000000021e-03 3.052819999999999823e+02
