9.940349408641258255e+06 6.247333183106613888e+02
9.809931412694912404e+06 6.224755574851031952e+02
9.680803815987773240e+06 6.202181376169530722e+02
9.552957802867274731e+06 6.179610585287659887e+02
9.426384594530528411e+06 6.157043200430399565e+02
9.301075448925537989e+06 6.134479219822167124e+02
9.177021660652721301e+06 6.111918641686817182e+02
9.054214560866773129e+06 6.089361464247646154e+02
8.932645517178820446e+06 6.066807685727396802e+02
8.812305933558931574e+06 6.044257304348259368e+02
8.693187250238934532e+06 6.021710318331878398e+02
8.575280943919658661e+06 5.999166757078872934e+02
8.458578535532521084e+06 5.976627431048804056e+02
8.343071589499587193e+06 5.954092338469488368e+02
8.228751705581032671e+06 5.931561477568409373e+02
8.115610518786150962e+06 5.909034846572719744e+02
8.003639699284644797e+06 5.886512443709247009e+02
7.892830952318227850e+06 5.863994267204496964e+02
7.783176018112496473e+06 5.841480315284655944e+02
7.674666671789098531e+06 5.818970586175595372e+02
7.567294723278204910e+06 5.796465078102874031e+02
7.461052017231277190e+06 5.773963789291743751e+02
7.355930432934124954e+06 5.751466717967151681e+02
7.251921884220248088e+06 5.728973862353743698e+02
7.149018319384468719e+06 5.706485220675868959e+02
7.047211721096897498e+06 5.684000791157582171e+02
6.946494106317135505e+06 5.661520572022648139e+02
6.846857526208802126e+06 5.639044561494544041e+02
6.748294066054372117e+06 5.616572757796466249e+02
6.650795845170262270e+06 5.594105159151329190e+02
6.554355016822247766e+06 5.571641763781771033e+02
6.458963768141171895e+06 5.549182569910160510e+02
6.364614320038916543e+06 5.526727575758593503e+02
6.271298927124715410e+06 5.504276779548903278e+02
6.179009877621731721e+06 5.481830179502660485e+02
6.087739493283922784e+06 5.459387773841177705e+02
5.997480129313225858e+06 5.436949560785511721e+02
5.908224174277023412e+06 5.414515538556468073e+02
5.819964050025908276e+06 5.392085705374605595e+02
5.732692211611744016e+06 5.369660059460237562e+02
5.646401147206015885e+06 5.347238599033437367e+02
5.561083378018488176e+06 5.324821322314040799e+02
5.476731458216155879e+06 5.302408227521650588e+02
5.393337974842469208e+06 5.279999312875637543e+02
5.310895547736905515e+06 5.257594576595147373e+02
5.229396829454783350e+06 5.235194016899101825e+02
5.148834505187408067e+06 5.212797632006202093e+02
5.069201292682513595e+06 5.190405420134935639e+02
4.990489942164979875e+06 5.168017379503573920e+02
4.912693236257876270e+06 5.145633508330181485e+02
4.835803989903783426e+06 5.123253804832614833e+02
4.759815050286435522e+06 5.100878267228530376e+02
4.684719296752633527e+06 5.078506893735385006e+02
4.610509640734478831e+06 5.056139682570439504e+02
4.537179025671915151e+06 5.033776631950763658e+02
4.464720426935540512e+06 5.011417740093237967e+02
4.393126853052619845e+06 4.989063188409391500e+02
4.322391346915516071e+06 4.966713166290927575e+02
4.252506984299420379e+06 4.944367671898768322e+02
4.183466872400808148e+06 4.922026703393731850e+02
4.115264149764641188e+06 4.899690258936533382e+02
4.047891986211889889e+06 4.877358336687791507e+02
3.981343582767327316e+06 4.855030934808029315e+02
3.915612171587618999e+06 4.832708051457678380e+02
3.850691015889724251e+06 4.810389684797083305e+02
3.786573409879579674e+06 4.788075832986504565e+02
3.723252678681083489e+06 4.765766494186121918e+02
3.660722178265377879e+06 4.743461666556036676e+02
3.598975295380431227e+06 4.721161348256277961e+02
3.538005447480916511e+06 4.698865537446803273e+02
3.477806082658387721e+06 4.676574232287503605e+02
3.418370679571764078e+06 4.654287430938206853e+02
3.359692747378110886e+06 4.632005131558680091e+02
3.301765825663723517e+06 4.609727332308634686e+02
3.244583484375511296e+06 4.587454031347728574e+02
3.188139323752696626e+06 4.565185226835569665e+02
3.132426974258800037e+06 4.542920916931719830e+02
3.077440096513953526e+06 4.520661099795698306e+02
3.023172381019451190e+06 4.498405738758036705e+02
2.969617545428610872e+06 4.476154380711918179e+02
2.916769334839907009e+06 4.453907023880235556e+02
2.864621524484739639e+06 4.431663666485761155e+02
2.813167919657575432e+06 4.409424306751147355e+02
2.762402355646420736e+06 4.387188942898931145e+02
2.712318697663629428e+06 4.364957573151538099e+02
2.662910840777024161e+06 4.342730195731284653e+02
2.614172709841356147e+06 4.320506808860382648e+02
2.566098259430086706e+06 4.298287410760941043e+02
2.518681473767512478e+06 4.276071999654971023e+02
2.471916366661207750e+06 4.253860573764388846e+02
2.425796981434808578e+06 4.231653131311019251e+02
2.380317390861131717e+06 4.209449670516598303e+02
2.335471697095627431e+06 4.187250189602777368e+02
2.291254031610168982e+06 4.165054686791125960e+02
2.247658555127185769e+06 4.142863160303136283e+02
2.204679457554132678e+06 4.120675608360225510e+02
2.162310957918299362e+06 4.098492029183739760e+02
2.120547304301969707e+06 4.076312420994956938e+02
2.079382773777922383e+06 4.054136782015090716e+02
2.038811672345278319e+06 4.031965110465293378e+02
1.998828334865692537e+06 4.009797404566659225e+02
1.959427122765051899e+06 3.987633205223773984e+02
1.920602422350778477e+06 3.965472148378763677e+02
1.882348647164589725e+06 3.943314232212326829e+02
1.844660239729541587e+06 3.921159454904896506e+02
1.807531671481859870e+06 3.899007814636644298e+02
1.770957442703145789e+06 3.876859309587483153e+02
1.734932082452963339e+06 3.854713937937069659e+02
1.699450148501810851e+06 3.832571697864808016e+02
1.664506227264473913e+06 3.810432587549853451e+02
1.630094933733772719e+06 3.788296605171115630e+02
1.596210911414691713e+06 3.766163748907261493e+02
1.562848832258904353e+06 3.744034016936718103e+02
1.530003396599690197e+06 3.721907407437676625e+02
1.497669333087248262e+06 3.699783918588095162e+02
1.465841398624408524e+06 3.677663548565702172e+02
1.434514378302744124e+06 3.655546295547999307e+02
1.403683085339089157e+06 3.633432157712265393e+02
1.373342361012457870e+06 3.611321133235558705e+02
1.343487074601376429e+06 3.589213220294720372e+02
1.314112123321624938e+06 3.567108417066378934e+02
1.285212432264389470e+06 3.545006721726951469e+02
1.256782954334837850e+06 3.522908132452648715e+02
1.228818670191111974e+06 3.500812647419476775e+02
1.201314574072875315e+06 3.478716650797917964e+02
1.174265674158894923e+06 3.456620000298198647e+02
1.147667007176601794e+06 3.434522691558753991e+02
1.121513638869713061e+06 3.412424720213102773e+02
1.095800663912162883e+06 3.390326081889841703e+02
1.070523205822546966e+06 3.368226772212637457e+02
1.045676416879086406e+06 3.346126786800222135e+02
1.021255478035112843e+06 3.324026121266386440e+02
9.972555988350786502e+05 3.301924771219972286e+02
9.736720173310948303e+05 3.279822732264867682e+02
9.505000000000001164e+05 3.257719999999999914e+02
9.010000000000000000e+05 3.257719999999999914e+02
8.515000000000000000e+05 3.257719999999999914e+02
8.020000000000000000e+05 3.257719999999999914e+02
7.525000000000000000e+05 3.257719999999999914e+02
7.030000000000000000e+05 3.257719999999999914e+02
6.535000000000000000e+05 3.257719999999999914e+02
6.040000000000000000e+05 3.257719999999999914e+02
5.545000000000000000e+05 3.257719999999999914e+02
5.050000000000000000e+05 3.257719999999999914e+02
4.555000000000000000e+05 3.257719999999999914e+02
4.059999999999999418e+05 3.257719999999999914e+02
3.565000000000000000e+05 3.257719999999999914e+02
3.070000000000000000e+05 3.257719999999999914e+02
2.575000000000000291e+05 3.257719999999999914e+02
2.080000000000000000e+05 3.257719999999999914e+02
1.585000000000000000e+05 3.257719999999999914e+02
1.090000000000000146e+05 3.257719999999999914e+02
5.950000000000000000e+04 3.257719999999999914e+02
1.000000000000000000e+04 3.257719999999999914e+02
1.000000000000000000e+02 3.257719999999999914e+02
1.000000000000000000e+01 3.257719999999999914e+02
1.000000000000000000e+00 3.257719999999999914e+02
9.999999999999999167e-02 3.257719999999999914e+02
1.000000000000000021e-02 3.257719999999999914e+02
1.000000000000000021e-03 3.257719999999999914e+02
