9.876828339270710945e+06 5.751781031299047982e+02
9.353588256503043696e+06 5.675119292841649212e+02
8.851755778833290562e+06 5.598365065952867781e+02
8.370705969529774040e+06 5.521517886136351763e+02
7.909825505742808804e+06 5.444577283861655133e+02
7.468512549842366949e+06 5.367542784533743543e+02
7.046176621925910003e+06 5.290413908461739538e+02
6.642238473503460176e+06 5.213190170826895837e+02
6.256129962367332540e+06 5.135871081649786447e+02
5.887293928653856739e+06 5.058456145756703677e+02
5.535184211069294252e+06 4.980948928521254970e+02
5.199265913811169565e+06 4.903361481753370867e+02
4.879015055102478713e+06 4.825693434647266145e+02
4.573917996262080036e+06 4.747944412637668847e+02
4.283471332654980943e+06 4.670114037385313850e+02
4.007181785749673378e+06 4.592201926761981099e+02
3.744566096293484326e+06 4.514207694835077405e+02
3.495150871526863892e+06 4.436129212607521595e+02
3.258472480372726917e+06 4.357965684221383640e+02
3.034077004188538063e+06 4.279716695036580063e+02
2.821520144843819551e+06 4.201381826357134628e+02
2.620367122570773121e+06 4.122960655410794288e+02
2.430192575028965250e+06 4.044452755328113085e+02
2.250580749478286132e+06 3.965871136201531613e+02
2.081125702697369503e+06 3.887233018491879193e+02
1.921430790834159125e+06 3.808538182877233567e+02
1.771108170905571198e+06 3.729786407977185263e+02
1.629778722203532467e+06 3.650977470356463073e+02
1.497071968790721847e+06 3.572111144528411728e+02
1.372625977956304094e+06 3.493185722124787844e+02
1.256087036039075116e+06 3.414185243629440834e+02
1.147109671847748803e+06 3.335109363421013313e+02
1.045356871914930991e+06 3.255957732804180296e+02
9.505000000000001164e+05 3.176730000000000018e+02
9.010000000000000000e+05 3.176730000000000018e+02
8.515000000000000000e+05 3.176730000000000018e+02
8.020000000000000000e+05 3.176730000000000018e+02
7.525000000000000000e+05 3.176730000000000018e+02
7.030000000000000000e+05 3.176730000000000018e+02
6.535000000000000000e+05 3.176730000000000018e+02
6.040000000000000000e+05 3.176730000000000018e+02
5.545000000000000000e+05 3.176730000000000018e+02
5.050000000000000000e+05 3.176730000000000018e+02
4.555000000000000000e+05 3.176730000000000018e+02
4.059999999999999418e+05 3.176730000000000018e+02
3.565000000000000000e+05 3.176730000000000018e+02
3.070000000000000000e+05 3.176730000000000018e+02
2.575000000000000291e+05 3.176730000000000018e+02
2.080000000000000000e+05 3.176730000000000018e+02
1.585000000000000000e+05 3.176730000000000018e+02
1.090000000000000146e+05 3.176730000000000018e+02
5.950000000000000000e+04 3.176730000000000018e+02
1.000000000000000000e+04 3.176730000000000018e+02
1.000000000000000000e+02 3.176730000000000018e+02
1.000000000000000000e+01 3.176730000000000018e+02
1.000000000000000000e+00 3.176730000000000018e+02
9.999999999999999167e-02 3.176730000000000018e+02
1.000000000000000021e-02 3.176730000000000018e+02
1.000000000000000021e-03 3.176730000000000018e+02
