9.847463166561925784e+06 6.049099207032111281e+02
9.630826417327601463e+06 6.011874061674690211e+02
9.417830834710184485e+06 5.974671914374076778e+02
9.208433067614959553e+06 5.937493469219745066e+02
9.002590112427154556e+06 5.900338704944401798e+02
8.800259298068216071e+06 5.863207600275425193e+02
8.601398284209523350e+06 5.826100133935035501e+02
8.405965059496525675e+06 5.789016284640466665e+02
8.213917939783183858e+06 5.751956031104134581e+02
8.025215566376776434e+06 5.714919352033805353e+02
7.839816904293005355e+06 5.677906226132762413e+02
7.657681240521397442e+06 5.640916632099978187e+02
7.478768182300933637e+06 5.603950548630278945e+02
7.303037655405913480e+06 5.567007954414510777e+02
7.130449902442036197e+06 5.530088828139707857e+02
6.960965481152655557e+06 5.493193148489258419e+02
6.794545262735168450e+06 5.456320894143069609e+02
6.631150430167567916e+06 5.419472043777732324e+02
6.470742476545085199e+06 5.382646576066686066e+02
6.313283203426940367e+06 5.345844469680383781e+02
6.158734719193115830e+06 5.309065703286454436e+02
6.007059437411236577e+06 5.272310255549867861e+02
5.858220075213433243e+06 5.235578105133097324e+02
5.712179651683227159e+06 5.198869230696282102e+02
5.568901486252388917e+06 5.162183610897386643e+02
5.428349197107798420e+06 5.125521224392366548e+02
5.290486699608233757e+06 5.088882049835326598e+02
5.155278204711101949e+06 5.052266065878684458e+02
5.022688217409110628e+06 5.015673251173328708e+02
4.892681540699153207e+06 4.979104013484141547e+02
4.765223277671831660e+06 4.942558652377121575e+02
4.640278823868514970e+06 4.906037145472453744e+02
4.517813861503071152e+06 4.869539470390877227e+02
4.397794357978178188e+06 4.833065604753842308e+02
4.280186564411205240e+06 4.796615526183666702e+02
4.164957014169686474e+06 4.760189212303694148e+02
4.052072521416337695e+06 4.723786640738448455e+02
3.941500179663653020e+06 4.687407789113792091e+02
3.833207360338060185e+06 4.651052635057080806e+02
3.727161711353619583e+06 4.614721156197318805e+02
3.623331155695278663e+06 4.578413330165314505e+02
3.521683890011694748e+06 4.542129134593834578e+02
3.422188383217578288e+06 4.505868547117759704e+02
3.324813362822870724e+06 4.469630399817761486e+02
3.229527812315988354e+06 4.433414450706130765e+02
3.136300982892597560e+06 4.397220679218040118e+02
3.045102394505513832e+06 4.361049064788875285e+02
2.955901834461310413e+06 4.324899586854389213e+02
2.868669356026952155e+06 4.288772224850857810e+02
2.783375277046473697e+06 4.252666958215232853e+02
2.699990178567707073e+06 4.216583766385295462e+02
2.618484903479062486e+06 4.180522628799810718e+02
2.538830555156386923e+06 4.144483524898679434e+02
2.460998496119890828e+06 4.108466434123091631e+02
2.384960346701172646e+06 4.072471335915679447e+02
2.310687983720346354e+06 4.036498209720668342e+02
2.238153539173304569e+06 4.000547034984030574e+02
2.167329373419119045e+06 3.964614884363086276e+02
2.098188076017901767e+06 3.928701695167972048e+02
2.030702491368699120e+06 3.892807449649325235e+02
1.964845717735550599e+06 3.856932130056271717e+02
1.900591105873839930e+06 3.821075718636579381e+02
1.837912257667816477e+06 3.785238197636808763e+02
1.776783024779345607e+06 3.749419549302464816e+02
1.717177507307888474e+06 3.713619755878148112e+02
1.659070052461746382e+06 3.677838799607706051e+02
1.602435253240617691e+06 3.642076662734384058e+02
1.547247947129472625e+06 3.606333327500974519e+02
1.493483214803813957e+06 3.570608776149968548e+02
1.441116378846340580e+06 3.534902990923704351e+02
1.390123000847689575e+06 3.499215726261326154e+02
1.340478809114155592e+06 3.463536828095631108e+02
1.292159706950120162e+06 3.427866276847298082e+02
1.245141846819462720e+06 3.392204052917563217e+02
1.199401628743722569e+06 3.356550136688325665e+02
1.154915698714852100e+06 3.320904508522254446e+02
1.111660947122578509e+06 3.285267148762894180e+02
1.069614507196413586e+06 3.249638037734771387e+02
1.028753753462339868e+06 3.214017155743497369e+02
9.890563002142242622e+05 3.178404483075874509e+02
9.505000000000001164e+05 3.142799999999999727e+02
9.010000000000000000e+05 3.142799999999999727e+02
8.515000000000000000e+05 3.142799999999999727e+02
8.020000000000000000e+05 3.142799999999999727e+02
7.525000000000000000e+05 3.142799999999999727e+02
7.030000000000000000e+05 3.142799999999999727e+02
6.535000000000000000e+05 3.142799999999999727e+02
6.040000000000000000e+05 3.142799999999999727e+02
5.545000000000000000e+05 3.142799999999999727e+02
5.050000000000000000e+05 3.142799999999999727e+02
4.555000000000000000e+05 3.142799999999999727e+02
4.059999999999999418e+05 3.142799999999999727e+02
3.565000000000000000e+05 3.142799999999999727e+02
3.070000000000000000e+05 3.142799999999999727e+02
2.575000000000000291e+05 3.142799999999999727e+02
2.080000000000000000e+05 3.142799999999999727e+02
1.585000000000000000e+05 3.142799999999999727e+02
1.090000000000000146e+05 3.142799999999999727e+02
5.950000000000000000e+04 3.142799999999999727e+02
1.000000000000000000e+04 3.142799999999999727e+02
1.000000000000000000e+02 3.142799999999999727e+02
1.000000000000000000e+01 3.142799999999999727e+02
1.000000000000000000e+00 3.142799999999999727e+02
9.999999999999999167e-02 3.142799999999999727e+02
1.000000000000000021e-02 3.142799999999999727e+02
1.000000000000000021e-03 3.142799999999999727e+02
