9.769203126470675692e+06 5.872899443809051263e+02
9.492873533104578033e+06 5.827352071063675112e+02
9.222390483319632709e+06 5.781804863701760269e+02
8.957670950900461525e+06 5.736257812577701998e+02
8.698632559846298769e+06 5.690710908515919755e+02
8.445193582004228607e+06 5.645164142310962916e+02
8.197272934718613513e+06 5.599617504727613095e+02
7.954790178496868350e+06 5.554070986500987601e+02
7.717665514691739343e+06 5.508524578336646300e+02
7.485819783200063743e+06 5.462978270910692800e+02
7.259174460178309120e+06 5.417432054869876765e+02
7.037651655774920247e+06 5.371885920831698513e+02
6.821174111879686825e+06 5.326339859384513602e+02
6.609665199890175834e+06 5.280793861087631740e+02
6.403048918495506980e+06 5.235247916471424787e+02
6.201249891477487050e+06 5.189702016037424528e+02
6.004193365529403090e+06 5.144156150258427260e+02
5.811805208092528395e+06 5.098610309578596684e+02
5.624011905210578814e+06 5.053064484413564514e+02
5.440740559402283281e+06 5.007518665150533366e+02
5.261918918051197194e+06 4.961974565952043577e+02
5.087475374186447822e+06 4.916432519937890788e+02
4.917338931654298678e+06 4.870892519619168866e+02
4.751439196930939332e+06 4.825354557483780695e+02
4.589706377242476679e+06 4.779818625996555284e+02
4.432071278703589924e+06 4.734284717599363148e+02
4.278465304475093260e+06 4.688752824711231710e+02
4.128820452940675430e+06 4.643222939728461256e+02
3.983069315903035458e+06 4.597695055024740896e+02
3.841145076799714006e+06 4.552169162951264525e+02
3.702981508938899729e+06 4.506645255836846218e+02
3.568512950107085984e+06 4.461121724782546494e+02
3.437674299495575018e+06 4.415598286586748600e+02
3.310401041501662228e+06 4.370074931512453986e+02
3.186629248140112031e+06 4.324551649796354695e+02
3.066295577242788859e+06 4.279028431648937953e+02
2.949337270680763759e+06 4.233505267254587352e+02
2.835692152609222103e+06 4.187982146771685734e+02
2.725298627735600807e+06 4.142459060332717513e+02
2.618095679611303378e+06 4.096935998044372695e+02
2.514022868947431445e+06 4.051412949987647494e+02
2.413020331954962108e+06 4.005889906217948351e+02
2.315028759960515425e+06 3.960365306440646691e+02
2.219989397381519433e+06 3.914838908120966039e+02
2.127844060471154284e+06 3.869310698885714146e+02
2.038535138560714899e+06 3.823780666330702616e+02
1.952005592395190150e+06 3.778248798020829327e+02
1.868198952496771468e+06 3.732715081490163129e+02
1.787059317556856200e+06 3.687179504242028543e+02
1.708531352857134538e+06 3.641642053749087609e+02
1.632560288720433367e+06 3.596102717453426294e+02
1.559091918991945218e+06 3.550561482766636345e+02
1.488072599551566644e+06 3.505018337069900554e+02
1.419449120284774108e+06 3.459460171401257753e+02
1.353168705939216539e+06 3.413885318267005005e+02
1.289179152763170190e+06 3.368293729146747069e+02
1.227428842662061565e+06 3.322685355349476026e+02
1.167866740783656714e+06 3.277060148012941454e+02
1.110442393142093671e+06 3.231418058103015483e+02
1.055105924281644868e+06 3.185759036413054446e+02
1.001808034981133882e+06 3.140083033563253707e+02
9.505000000000001164e+05 3.094390000000000214e+02
9.010000000000000000e+05 3.094390000000000214e+02
8.515000000000000000e+05 3.094390000000000214e+02
8.020000000000000000e+05 3.094390000000000214e+02
7.525000000000000000e+05 3.094390000000000214e+02
7.030000000000000000e+05 3.094390000000000214e+02
6.535000000000000000e+05 3.094390000000000214e+02
6.040000000000000000e+05 3.094390000000000214e+02
5.545000000000000000e+05 3.094390000000000214e+02
5.050000000000000000e+05 3.094390000000000214e+02
4.555000000000000000e+05 3.094390000000000214e+02
4.059999999999999418e+05 3.094390000000000214e+02
3.565000000000000000e+05 3.094390000000000214e+02
3.070000000000000000e+05 3.094390000000000214e+02
2.575000000000000291e+05 3.094390000000000214e+02
2.080000000000000000e+05 3.094390000000000214e+02
1.585000000000000000e+05 3.094390000000000214e+02
1.090000000000000146e+05 3.094390000000000214e+02
5.950000000000000000e+04 3.094390000000000214e+02
1.000000000000000000e+04 3.094390000000000214e+02
1.000000000000000000e+02 3.094390000000000214e+02
1.000000000000000000e+01 3.094390000000000214e+02
1.000000000000000000e+00 3.094390000000000214e+02
9.999999999999999167e-02 3.094390000000000214e+02
1.000000000000000021e-02 3.094390000000000214e+02
1.000000000000000021e-03 3.094390000000000214e+02
