9.921555705278677866e+06 8.566411589065830867e+02
9.715756833527231589e+06 8.519405068245947632e+02
9.513216900512618944e+06 8.472388541821725312e+02
9.313899220778906718e+06 8.425361975113459039e+02
9.117767382044399157e+06 8.378325333343566399e+02
8.924785243726285174e+06 8.331278581636273657e+02
8.734916935473168269e+06 8.284221685017304253e+02
8.548126855705417693e+06 8.237154608413561618e+02
8.364379670163339004e+06 8.190077316652810850e+02
8.183640310463169590e+06 8.142989774463359254e+02
8.005873972660783678e+06 8.095891946473735743e+02
7.831046115823197179e+06 8.048783797212365698e+02
7.659122460607745685e+06 8.001665291107242410e+02
7.490069036017918028e+06 7.954540980984787666e+02
7.323852176486504264e+06 7.907411010439211623e+02
7.160438470437651500e+06 7.860275355169674185e+02
6.999794757184091024e+06 7.813133990818986376e+02
6.841888125645527616e+06 7.765986892973493241e+02
6.686685913073922507e+06 7.718834037162955610e+02
6.534155703785712831e+06 7.671675398860434143e+02
6.384265327900846489e+06 7.624510953482169953e+02
6.236982860088723712e+06 7.577340676387466374e+02
6.092276618320947513e+06 7.530164542878566181e+02
5.950115162630935200e+06 7.482982528200534489e+02
5.810467293880308978e+06 7.435794607541132564e+02
5.673302052532134578e+06 7.388600756030697312e+02
5.538588717430935241e+06 7.341400948742017363e+02
5.406296804589468986e+06 7.294195160690205739e+02
5.276396065982310101e+06 7.246983366832578213e+02
5.148856488346164115e+06 7.199765542068523700e+02
5.023648291986946948e+06 7.152541661239379209e+02
4.900741929593592882e+06 7.105311699128299097e+02
4.780108085058596916e+06 7.058075630460127741e+02
4.661717672305288725e+06 7.010833429901268801e+02
4.545541864433913492e+06 6.963588756269577971e+02
4.431552099158027209e+06 6.916342687900133797e+02
4.319720045401453972e+06 6.869095208270961166e+02
4.210017592944983393e+06 6.821846300830696919e+02
4.102416851387323346e+06 6.774595948998572794e+02
3.996890149112108629e+06 6.727344136164400652e+02
3.893410032260953914e+06 6.680090845688556556e+02
3.791949263712557033e+06 6.632836060901962583e+02
3.692480822067860514e+06 6.585579765106070909e+02
3.594977900641248561e+06 6.538321941572845617e+02
3.499413906457830686e+06 6.491062573544746783e+02
3.405762459256756585e+06 6.443801644234711148e+02
3.313997390500622336e+06 6.396539136826132790e+02
3.224092742390931118e+06 6.349275034472846073e+02
3.136022766889652237e+06 6.302009320299106321e+02
3.049761924746848177e+06 6.254741977399570487e+02
2.965284884534410201e+06 6.207472988839276695e+02
2.882566521685888059e+06 6.160202337653626046e+02
2.801581917542440351e+06 6.112930006848358744e+02
2.722306358404910658e+06 6.065655979399538182e+02
2.644715334592034575e+06 6.018380238253527068e+02
2.568784553923557978e+06 5.971105070454277666e+02
2.494489948567337357e+06 5.923831928319448252e+02
2.421807658205876127e+06 5.876560799880305694e+02
2.350714019684599247e+06 5.829291673152514477e+02
2.281185566179702524e+06 5.782024536136166262e+02
2.213199026371762156e+06 5.734759376815798078e+02
2.146731323625151999e+06 5.687496183160417331e+02
2.081759575173273450e+06 5.640234943123523408e+02
2.018261091309636598e+06 5.592975644643132682e+02
1.956213374584803591e+06 5.545718275641797845e+02
1.895594119009252870e+06 5.498462824026632916e+02
1.836381209262160119e+06 5.451209277689333703e+02
1.778552719906153623e+06 5.403957624506202819e+02
1.722086914608065970e+06 5.356707852338167868e+02
1.666962245365714887e+06 5.309459949030805319e+02
1.613157351740764454e+06 5.262213902414362110e+02
1.560651060097691836e+06 5.214969700303778382e+02
1.509422382848901441e+06 5.167727330498706806e+02
1.459450517706033774e+06 5.120486780783536460e+02
1.410714846937519033e+06 5.073248038927412722e+02
1.363194936632400844e+06 5.026011092684257164e+02
1.316870540611261968e+06 4.978776946378347930e+02
1.271721604815403232e+06 4.931546835008712719e+02
1.227728261099068681e+06 4.884320748577484324e+02
1.184870820626161760e+06 4.837098677077164552e+02
1.143129773213734385e+06 4.789880610490662320e+02
1.102485786681836005e+06 4.742666538791326047e+02
1.062919706209798576e+06 4.695456451942980038e+02
1.024412553699021926e+06 4.648250339899959727e+02
9.869455271423335653e+05 4.601048192607145779e+02
9.505000000000001164e+05 4.553849999999999909e+02
9.010000000000000000e+05 4.553849999999999909e+02
8.515000000000000000e+05 4.553849999999999909e+02
8.020000000000000000e+05 4.553849999999999909e+02
7.525000000000000000e+05 4.553849999999999909e+02
7.030000000000000000e+05 4.553849999999999909e+02
6.535000000000000000e+05 4.553849999999999909e+02
6.040000000000000000e+05 4.553849999999999909e+02
5.545000000000000000e+05 4.553849999999999909e+02
5.050000000000000000e+05 4.553849999999999909e+02
4.555000000000000000e+05 4.553849999999999909e+02
4.059999999999999418e+05 4.553849999999999909e+02
3.565000000000000000e+05 4.553849999999999909e+02
3.070000000000000000e+05 4.553849999999999909e+02
2.575000000000000291e+05 4.553849999999999909e+02
2.080000000000000000e+05 4.553849999999999909e+02
1.585000000000000000e+05 4.553849999999999909e+02
1.090000000000000146e+05 4.553849999999999909e+02
5.950000000000000000e+04 4.553849999999999909e+02
1.000000000000000000e+04 4.553849999999999909e+02
1.000000000000000000e+02 4.553849999999999909e+02
1.000000000000000000e+01 4.553849999999999909e+02
1.000000000000000000e+00 4.553849999999999909e+02
9.999999999999999167e-02 4.553849999999999909e+02
1.000000000000000021e-02 4.553849999999999909e+02
1.000000000000000021e-03 4.553849999999999909e+02
