9.928083848006324843e+06 8.226482928874407889e+02
9.745459359303655103e+06 8.184088736786554819e+02
9.565401589204864576e+06 8.141708537488108277e+02
9.387884722766146064e+06 8.099342314808332048e+02
9.212883122131166980e+06 8.056990052586398861e+02
9.040371325566008687e+06 8.014651734671380154e+02
8.870324076876752079e+06 7.972330223009515748e+02
8.702716338592547923e+06 7.930027024448115753e+02
8.537523258705627173e+06 7.887742122388642656e+02
8.374720153326500207e+06 7.845475500247111995e+02
8.214282505822812207e+06 7.803227141454088951e+02
8.056185965963041410e+06 7.760997029454687208e+02
7.900406349064930342e+06 7.718785147708563272e+02
7.746919635148724541e+06 7.676591479689910784e+02
7.595701968095198274e+06 7.634416008887461658e+02
7.446729654808332212e+06 7.592258718804478121e+02
7.299979164382798597e+06 7.550119592958751582e+02
7.155427127276082523e+06 7.507998614882599213e+02
7.013050334485316649e+06 7.465895768122855998e+02
6.872825736728782766e+06 7.423811036240877002e+02
6.734730443632040173e+06 7.381744402812530552e+02
6.598741722918709740e+06 7.339695851428193691e+02
6.464836999605868943e+06 7.297665365692749901e+02
6.332993855204012245e+06 7.255652929225584558e+02
6.203190026921651326e+06 7.213658525660581518e+02
6.075403406874448061e+06 7.171682138646120848e+02
5.949612041298884898e+06 7.129723751845070865e+02
5.825794129770507105e+06 7.087783348934789274e+02
5.703928024426660500e+06 7.045860913607115208e+02
5.583992229193738662e+06 7.003956429568368094e+02
5.465965429910337552e+06 6.962073567823939584e+02
5.349826494702050462e+06 6.920212693883174779e+02
5.235554440983785316e+06 6.878373788643941680e+02
5.123128431462982669e+06 6.836556833022671071e+02
5.012527773458595388e+06 6.794761807954347432e+02
4.903731918223961256e+06 6.752988694392503248e+02
4.796720460273569450e+06 6.711237473309205370e+02
4.691473136713718995e+06 6.669508125695050467e+02
4.587969826577058062e+06 6.627800632559152518e+02
4.486190550161001272e+06 6.586114974929137134e+02
4.386115468369987793e+06 6.544451133851129043e+02
4.287724882061627693e+06 6.502809090389747553e+02
4.190999231396670919e+06 6.461188825628095174e+02
4.095919095192833338e+06 6.419590320667748529e+02
4.002465190282439347e+06 6.378013556628750393e+02
3.910618370873924345e+06 6.336458514649601739e+02
3.820359627917123027e+06 6.294925175887250361e+02
3.731670088472409174e+06 6.253413521517086338e+02
3.644531015083612874e+06 6.211923532732928379e+02
3.558923805154761765e+06 6.170455190747018150e+02
3.474829990330630913e+06 6.129008476790012310e+02
3.392231235881065950e+06 6.087583372110972277e+02
3.311109340089117642e+06 6.046179857977354004e+02
3.231446233642952982e+06 6.004797915675003424e+02
3.153223994811383076e+06 5.963439965053603373e+02
3.076424849692557473e+06 5.922106304252673681e+02
3.001031155019476544e+06 5.880796911349893890e+02
2.927025395476857666e+06 5.839511764445725248e+02
2.854390183158359956e+06 5.798250841663397068e+02
2.783108257027245127e+06 5.757014121148893082e+02
2.713162482380480040e+06 5.715801581070932116e+02
2.644535850316301454e+06 5.674613199620956721e+02
2.577211477205216885e+06 5.633448955013118393e+02
2.511172604164454620e+06 5.592308825484260524e+02
2.446402596535878256e+06 5.551192789293904752e+02
2.382884943367359694e+06 5.510100824724237327e+02
2.320603256897598971e+06 5.469032910080090915e+02
2.259541272044435609e+06 5.427989023688933230e+02
2.199682845896612387e+06 5.386969143900851122e+02
2.141011957209025975e+06 5.345973249088535795e+02
2.083512705901456764e+06 5.305001317647269161e+02
2.027169312560797203e+06 5.264053327994906795e+02
1.971966117946767947e+06 5.223129258571866558e+02
1.917887582501148572e+06 5.182229087841111550e+02
1.864918285860518925e+06 5.141352794288138739e+02
1.813042926372522488e+06 5.100500356420961907e+02
1.762246320615662728e+06 5.059671752770097441e+02
1.712513402922648005e+06 5.018866961888551259e+02
1.663829226057743421e+06 4.978086201376711415e+02
1.616178961621703580e+06 4.937329655068731995e+02
1.569547898292252561e+06 4.896597300959575136e+02
1.523921440341491252e+06 4.855889117067559368e+02
1.479285107184551191e+06 4.815205081434343697e+02
1.435624532931810012e+06 4.774545172124912824e+02
1.392925465944699245e+06 4.733909367227560665e+02
1.351173768395118183e+06 4.693297644853875568e+02
1.310355415828472702e+06 4.652709983138725534e+02
1.270456496730349725e+06 4.612146360240242302e+02
1.231463212096865522e+06 4.571606754339807139e+02
1.193361875008685282e+06 4.531091143642033785e+02
1.156138908451908035e+06 4.490599075047356337e+02
1.119780839348820038e+06 4.450129102257986915e+02
1.084274300550153013e+06 4.409681205957278394e+02
1.049606036442459794e+06 4.369255366848358335e+02
1.015762902510195388e+06 4.328851565654117621e+02
9.827318649018270662e+05 4.288469783117201359e+02
9.505000000000001164e+05 4.248109999999999786e+02
9.010000000000000000e+05 4.248109999999999786e+02
8.515000000000000000e+05 4.248109999999999786e+02
8.020000000000000000e+05 4.248109999999999786e+02
7.525000000000000000e+05 4.248109999999999786e+02
7.030000000000000000e+05 4.248109999999999786e+02
6.535000000000000000e+05 4.248109999999999786e+02
6.040000000000000000e+05 4.248109999999999786e+02
5.545000000000000000e+05 4.248109999999999786e+02
5.050000000000000000e+05 4.248109999999999786e+02
4.555000000000000000e+05 4.248109999999999786e+02
4.059999999999999418e+05 4.248109999999999786e+02
3.565000000000000000e+05 4.248109999999999786e+02
3.070000000000000000e+05 4.248109999999999786e+02
2.575000000000000291e+05 4.248109999999999786e+02
2.080000000000000000e+05 4.248109999999999786e+02
1.585000000000000000e+05 4.248109999999999786e+02
1.090000000000000146e+05 4.248109999999999786e+02
5.950000000000000000e+04 4.248109999999999786e+02
1.000000000000000000e+04 4.248109999999999786e+02
1.000000000000000000e+02 4.248109999999999786e+02
1.000000000000000000e+01 4.248109999999999786e+02
1.000000000000000000e+00 4.248109999999999786e+02
9.999999999999999167e-02 4.248109999999999786e+02
1.000000000000000021e-02 4.248109999999999786e+02
1.000000000000000021e-03 4.248109999999999786e+02
