9.996593719821931794e+06 6.930179085462334569e+02
9.734031216300155967e+06 6.879492963812152766e+02
9.476603684535108507e+06 6.828809739082087162e+02
9.224244235873881727e+06 6.778129402387428399e+02
8.976886455906530842e+06 6.727451944830313550e+02
8.734464402860643342e+06 6.676777357499765913e+02
8.496912606006961316e+06 6.626105631471729112e+02
8.264166064076195471e+06 6.575436757809104620e+02
8.036160243687051348e+06 6.524770727561791546e+02
7.812831077785562724e+06 6.474107531766718466e+02
7.594114964095838368e+06 6.423447161447883218e+02
7.379948763582251966e+06 6.372789607616390413e+02
7.170269798923193477e+06 6.322134861270484407e+02
6.965015852996458299e+06 6.271482913395590231e+02
6.764125167376377620e+06 6.220833754964346554e+02
6.567536440842751414e+06 6.170187376936643204e+02
6.375188827901743352e+06 6.119543770259659823e+02
6.187021937318745069e+06 6.068902925867897693e+02
6.002975830663436092e+06 6.018264834683219533e+02
5.822991060782632791e+06 5.967632179010254276e+02
5.647008688940617256e+06 5.917006470349558640e+02
5.474970239466209896e+06 5.866387702335024414e+02
5.306817675165412016e+06 5.815775868593475479e+02
5.142493396143204533e+06 5.765170962744714416e+02
4.981940238637448289e+06 5.714572978401572527e+02
4.825101473864964209e+06 5.663981909169955316e+02
4.671920806879991665e+06 5.613397748648891366e+02
4.522342375445156358e+06 5.562820490430580094e+02
4.376310748915115371e+06 5.512250128100438360e+02
4.233770927133051679e+06 5.461686655237151626e+02
4.094668339340187144e+06 5.411130065412718295e+02
3.958948843098487705e+06 5.360580352192499731e+02
3.826558723226779141e+06 5.310037509135266873e+02
3.697444690750404727e+06 5.259501529793247983e+02
3.571553881864715368e+06 5.208972407712178665e+02
3.448833856912503950e+06 5.158450136431346209e+02
3.329232599375695456e+06 5.107934709483642450e+02
3.212698514881416224e+06 5.057426120395606404e+02
3.099180430222794879e+06 5.006924362687477128e+02
2.988627605941389222e+06 4.956430668984314707e+02
2.880989736024798825e+06 4.905945230115377740e+02
2.776216932399070356e+06 4.855468040050866989e+02
2.674259721833198797e+06 4.804999092755839456e+02
2.575069045112412889e+06 4.754538382190260677e+02
2.478596256227508653e+06 4.704085902309053608e+02
2.384793121580562089e+06 4.653641647062148650e+02
2.293611819207339548e+06 4.603205610394533096e+02
2.205004938016727101e+06 4.552777786246302867e+02
2.118925477047557943e+06 4.502358168552710822e+02
2.035326821590426611e+06 4.451944230266495879e+02
1.954162744140534662e+06 4.401535840590877342e+02
1.875387428489051759e+06 4.351132992383754754e+02
1.798955470106960507e+06 4.300735678496272953e+02
1.724821875353938434e+06 4.250343891772866982e+02
1.652942060707408702e+06 4.199957625051311538e+02
1.583271852012222167e+06 4.149576871162767020e+02
1.515767483751446242e+06 4.099201622931825568e+02
1.450385598338783486e+06 4.048831873176559384e+02
1.387083244073313661e+06 3.998467438663796543e+02
1.325817832187068881e+06 3.948102701006202437e+02
1.266547143335827161e+06 3.897737647738234728e+02
1.209229372466724599e+06 3.847372266376535777e+02
1.153823127916786820e+06 3.797006544419953684e+02
1.100287430537193315e+06 3.746640469349560476e+02
1.048581712843976682e+06 3.696274028628671431e+02
9.986658181958610658e+05 3.645907209702864407e+02
9.505000000000001164e+05 3.595539999999999736e+02
9.010000000000000000e+05 3.595539999999999736e+02
8.515000000000000000e+05 3.595539999999999736e+02
8.020000000000000000e+05 3.595539999999999736e+02
7.525000000000000000e+05 3.595539999999999736e+02
7.030000000000000000e+05 3.595539999999999736e+02
6.535000000000000000e+05 3.595539999999999736e+02
6.040000000000000000e+05 3.595539999999999736e+02
5.545000000000000000e+05 3.595539999999999736e+02
5.050000000000000000e+05 3.595539999999999736e+02
4.555000000000000000e+05 3.595539999999999736e+02
4.059999999999999418e+05 3.595539999999999736e+02
3.565000000000000000e+05 3.595539999999999736e+02
3.070000000000000000e+05 3.595539999999999736e+02
2.575000000000000291e+05 3.595539999999999736e+02
2.080000000000000000e+05 3.595539999999999736e+02
1.585000000000000000e+05 3.595539999999999736e+02
1.090000000000000146e+05 3.595539999999999736e+02
5.950000000000000000e+04 3.595539999999999736e+02
1.000000000000000000e+04 3.595539999999999736e+02
1.000000000000000000e+02 3.595539999999999736e+02
1.000000000000000000e+01 3.595539999999999736e+02
1.000000000000000000e+00 3.595539999999999736e+02
9.999999999999999167e-02 3.595539999999999736e+02
1.000000000000000021e-02 3.595539999999999736e+02
1.000000000000000021e-03 3.595539999999999736e+02
