9.869771607582945377e+06 6.606660219472687459e+02
9.685410218141863123e+06 6.572330554788678683e+02
9.503661972212690860e+06 6.538013160182316597e+02
9.324500966843495145e+06 6.503708027057059553e+02
9.147901461483832449e+06 6.469415146817050299e+02
8.973837877288473770e+06 6.435134510867140989e+02
8.802284796424575150e+06 6.400866110612921602e+02
8.633216961382240057e+06 6.366609937460748370e+02
8.466609274288516492e+06 6.332365982817769918e+02
8.302436796224786900e+06 6.298134238091954558e+02
8.140674746547556482e+06 6.263914694692118701e+02
7.981298502212623134e+06 6.229707344027953013e+02
7.824283597102655098e+06 6.195512177510050833e+02
7.669605721358116716e+06 6.161329186549933183e+02
7.517240720711573958e+06 6.127158362560077194e+02
7.367164595825383440e+06 6.092999696953943385e+02
7.219353501632744446e+06 6.058853181146002953e+02
7.073783746682044119e+06 6.024718806551761645e+02
6.930431798719119281e+06 5.990597091526080931e+02
6.789274299862765707e+06 5.956489411649614567e+02
6.650288058469389565e+06 5.922395757361093729e+02
6.513450031707417220e+06 5.888316119101526738e+02
6.378737324960335158e+06 5.854250487314225211e+02
6.246127191232804209e+06 5.820198852444830209e+02
6.115597030559806153e+06 5.786161204941337246e+02
5.987124389418855309e+06 5.752137535254125851e+02
5.860686960145242512e+06 5.718127833835981164e+02
5.736262580350346863e+06 5.684132091142122363e+02
5.613829232342974283e+06 5.650150297630229943e+02
5.493365042553748004e+06 5.616182443760469596e+02
5.374848280962522142e+06 5.582228519995518354e+02
5.258257360528875142e+06 5.548288516800590742e+02
5.143570836625598371e+06 5.514362424643464919e+02
5.030767406475262716e+06 5.480450233994507698e+02
4.919825908589805476e+06 5.446551935326702960e+02
4.810725322213149630e+06 5.412667519115673258e+02
4.703444766766878776e+06 5.378796975839707102e+02
4.597963501298957504e+06 5.344940295979787379e+02
4.494260923935457133e+06 5.311097470019612956e+02
4.392316571335370652e+06 5.277268488445625962e+02
4.292110118148443289e+06 5.243453341747037939e+02
4.193621376476037316e+06 5.209652020415853713e+02
4.096830295335085131e+06 5.175864514946898680e+02
4.001716960125040263e+06 5.142090815837842683e+02
3.908261592097919900e+06 5.108330913589225588e+02
3.816444547831388656e+06 5.074584798704484001e+02
3.726246318704887759e+06 5.040852461689975712e+02
3.637647530378839467e+06 5.007133893055003568e+02
3.550628946676065680e+06 4.973429592876830156e+02
3.465171469906101003e+06 4.939739688018962624e+02
3.381256135685649700e+06 4.906064168526859817e+02
3.298864111225686967e+06 4.872403024449507143e+02
3.217976694839843083e+06 4.838756245839441021e+02
3.138575315455790143e+06 4.805123822752773322e+02
3.060641532129646279e+06 4.771505745249216375e+02
2.984157033563395962e+06 4.737902003392109123e+02
2.909103637625321280e+06 4.704312587248439854e+02
2.835463290873488877e+06 4.670737486888871217e+02
2.763218068082258571e+06 4.637176692387766366e+02
2.692350171771857422e+06 4.603630193823212267e+02
2.622841931741000619e+06 4.570097981277044710e+02
2.554675804602585267e+06 4.536580044834872751e+02
2.487834373322465923e+06 4.503076374586103725e+02
2.422300339118631557e+06 4.469585902768046708e+02
2.358056520867526997e+06 4.436108513263905024e+02
2.295085862701236736e+06 4.402644196968540768e+02
2.233371434333776589e+06 4.369192944779888421e+02
2.172896430590867996e+06 4.335754747598982703e+02
2.113644170942998026e+06 4.302329596329981314e+02
2.055598099041802809e+06 4.268917481880191644e+02
1.998741782259759493e+06 4.235518395160094087e+02
1.943058911233226303e+06 4.202132327083368182e+02
1.888533299408831168e+06 4.168759268566917058e+02
1.835148882593227783e+06 4.135399210530893015e+02
1.782889718506243080e+06 4.102052143898721965e+02
1.731739986337420298e+06 4.068718059597127876e+02
1.681683986305990024e+06 4.035396948556158350e+02
1.632706139224279672e+06 4.002088801709209065e+02
1.584790972106858389e+06 3.968791259716148261e+02
1.537923118080106098e+06 3.935504157099120448e+02
1.492087330686313799e+06 3.902227485673507772e+02
1.447268484378960449e+06 3.868961237256656318e+02
1.403451574051778996e+06 3.835705403667899418e+02
1.360621714571680408e+06 3.802459976728583797e+02
1.318764140315564116e+06 3.769224948262094586e+02
1.277864204711032799e+06 3.736000310093879193e+02
1.237907379781040363e+06 3.702786054051474025e+02
1.198879255692497827e+06 3.669582171964527788e+02
1.160765540308872238e+06 3.636388655664828207e+02
1.123552058746798895e+06 3.603205496986326466e+02
1.087224752936742967e+06 3.570032687765161654e+02
1.051769681187743787e+06 3.536870219839685774e+02
1.017173017756276298e+06 3.503718085050490458e+02
9.834210145891028224e+05 3.470568350108438835e+02
9.505000000000001164e+05 3.437420000000000186e+02
9.010000000000000000e+05 3.437420000000000186e+02
8.515000000000000000e+05 3.437420000000000186e+02
8.020000000000000000e+05 3.437420000000000186e+02
7.525000000000000000e+05 3.437420000000000186e+02
7.030000000000000000e+05 3.437420000000000186e+02
6.535000000000000000e+05 3.437420000000000186e+02
6.040000000000000000e+05 3.437420000000000186e+02
5.545000000000000000e+05 3.437420000000000186e+02
5.050000000000000000e+05 3.437420000000000186e+02
4.555000000000000000e+05 3.437420000000000186e+02
4.059999999999999418e+05 3.437420000000000186e+02
3.565000000000000000e+05 3.437420000000000186e+02
3.070000000000000000e+05 3.437420000000000186e+02
2.575000000000000291e+05 3.437420000000000186e+02
2.080000000000000000e+05 3.437420000000000186e+02
1.585000000000000000e+05 3.437420000000000186e+02
1.090000000000000146e+05 3.437420000000000186e+02
5.950000000000000000e+04 3.437420000000000186e+02
1.000000000000000000e+04 3.437420000000000186e+02
1.000000000000000000e+02 3.437420000000000186e+02
1.000000000000000000e+01 3.437420000000000186e+02
1.000000000000000000e+00 3.437420000000000186e+02
9.999999999999999167e-02 3.437420000000000186e+02
1.000000000000000021e-02 3.437420000000000186e+02
1.000000000000000021e-03 3.437420000000000186e+02
