9.906904384867593646e+06 6.250443723704426020e+02
9.763897463113516569e+06 6.225773289327827342e+02
9.622455098819848150e+06 6.201106846504176247e+02
9.482565345327084884e+06 6.176444392638628642e+02
9.344216313310926780e+06 6.151785925134772697e+02
9.207396170598413795e+06 6.127131441394636795e+02
9.072093141984743997e+06 6.102480938818697496e+02
8.938295509050799534e+06 6.077834414805888628e+02
8.805991609981270507e+06 6.053191866753606973e+02
8.675169839383492246e+06 6.028553292057723638e+02
8.545818648106919602e+06 6.003918688112589734e+02
8.417926552119139582e+06 5.979288906081160349e+02
8.291482133604518138e+06 5.954664104951436912e+02
8.166474031414604746e+06 5.930044282214163331e+02
8.042890939154240303e+06 5.905429435358978481e+02
7.920721605015049689e+06 5.880819561874420742e+02
7.799954831609563902e+06 5.856214659247940517e+02
7.680579475805926137e+06 5.831614724965904770e+02
7.562584448563248850e+06 5.807019756513609536e+02
7.445958714767517522e+06 5.782429751375285605e+02
7.330691293068140745e+06 5.757844707034107614e+02
7.216771255715082400e+06 5.733264620972202010e+02
7.104187728396638297e+06 5.708689490670657278e+02
6.992929890077765100e+06 5.684119313609530764e+02
6.882986972839048132e+06 5.659554087267856630e+02
6.774348261716264300e+06 5.634993809123657229e+02
6.667003094540545717e+06 5.610438476653946509e+02
6.560940861779153347e+06 5.585888087334742522e+02
6.456151006376847625e+06 5.561342638641074245e+02
6.352623023597877473e+06 5.536802128046990674e+02
6.250346460868543014e+06 5.512266553025568783e+02
6.149310917620390654e+06 5.487735911048920343e+02
6.049506045133994892e+06 5.463210199588202158e+02
5.950921546383354813e+06 5.438689416113624020e+02
5.853547175880877301e+06 5.414173558094455529e+02
5.757372739522982389e+06 5.389662622999037467e+02
5.662388094436293468e+06 5.365156608294787475e+02
5.568583148824443109e+06 5.340655511448209154e+02
5.475947861815469339e+06 5.316159329924898884e+02
5.384472243309830315e+06 5.291668061189556056e+02
5.294146353829006664e+06 5.267181702705991029e+02
5.204960304364716634e+06 5.242700251937131952e+02
5.116904256228744984e+06 5.218223706345034998e+02
5.029968420903337188e+06 5.193752063390891180e+02
4.944143059892232530e+06 5.169285320535033179e+02
4.859418484572306275e+06 5.144823475236947843e+02
4.775785056045775302e+06 5.120366524955279601e+02
4.693233184993049130e+06 5.095914467147840128e+02
4.611753331526167691e+06 5.071467299271619709e+02
4.531336005042835139e+06 5.047025018782790085e+02
4.451971764081086963e+06 5.022587623136716388e+02
4.373651216484581120e+06 4.998155149745608696e+02
4.296365023004751652e+06 4.973728085163942865e+02
4.220103896631466225e+06 4.949306426801244925e+02
4.144858598572490271e+06 4.924890172066406535e+02
4.070619938116633333e+06 4.900479318367694646e+02
3.997378772497476079e+06 4.876073863112757749e+02
3.925126006757671479e+06 4.851673803708634978e+02
3.853852593613857403e+06 4.827279137561763491e+02
3.783549533322136849e+06 4.802889862077988710e+02
3.714207873544152360e+06 4.778505974662569997e+02
3.645818709213735070e+06 4.754127472720189758e+02
3.578373182404172141e+06 4.729754353654961960e+02
3.511862482196033932e+06 4.705386614870440098e+02
3.446277844545607921e+06 4.681024253769624579e+02
3.381610552153919358e+06 4.656667267754971249e+02
3.317851934336351696e+06 4.632315654228399922e+02
3.254993366892853752e+06 4.607969410591301767e+02
3.193026271978748497e+06 4.583628534244548405e+02
3.131942117976134643e+06 4.559293022588498729e+02
3.071732419365888927e+06 4.534962873023007432e+02
3.012388736600269098e+06 4.510638082947433531e+02
2.953902673962308560e+06 4.486318337483997425e+02
2.896265878009379841e+06 4.462003391300211206e+02
2.839470039621928707e+06 4.437693241835885374e+02
2.783506895478254650e+06 4.413387886530214814e+02
2.728368227924489416e+06 4.389087322821785619e+02
2.674045864845211152e+06 4.364791548148583047e+02
2.620531679534692783e+06 4.340500559948000614e+02
2.567817590568794403e+06 4.316214355656846919e+02
2.515895561677478720e+06 4.291932932711354738e+02
2.464757601617980748e+06 4.267656288547186705e+02
2.414395764048614539e+06 4.243384420599445548e+02
2.364802147403219249e+06 4.219117326302681477e+02
2.315968894766260404e+06 4.194855003090898435e+02
2.267888193748568650e+06 4.170597448397563767e+02
2.220552276363739278e+06 4.146344659655615601e+02
2.173953418905176688e+06 4.122096634297470814e+02
2.128083941823796835e+06 4.097853369755031849e+02
2.082936209606386023e+06 4.073614863459695812e+02
2.038502630654616980e+06 4.049381112842361858e+02
1.994775657164735021e+06 4.025152115333439724e+02
1.951747785007897299e+06 4.000927868362855406e+02
1.909411550001511816e+06 3.976707683049734783e+02
1.867759527888867306e+06 3.952491529428469903e+02
1.826784337973405374e+06 3.928279404866351001e+02
1.786478643142447108e+06 3.904071306729947537e+02
1.746835149743794231e+06 3.879867232385117859e+02
1.707846607463036198e+06 3.855667179197016026e+02
1.669505809201571392e+06 3.831471144530098627e+02
1.631805590955347987e+06 3.807279125748133879e+02
1.594738831694325898e+06 3.783091120214207308e+02
1.558298453242666787e+06 3.758907125290731415e+02
1.522477420159645844e+06 3.734727138339450789e+02
1.487268739621298155e+06 3.710551156721452344e+02
1.452665461302805692e+06 3.686379177797170428e+02
1.418660677261616802e+06 3.662211198926395923e+02
1.385247521821316099e+06 3.638047217468283066e+02
1.352419171456234762e+06 3.613887230781356834e+02
1.320168844676825916e+06 3.589731236223521478e+02
1.288489801915781340e+06 3.565579231152066768e+02
1.257375345414925367e+06 3.541431212923676526e+02
1.226818819112861995e+06 3.517287178894434874e+02
1.196813603379832814e+06 3.493145910107318173e+02
1.167353102435774636e+06 3.469004334536510328e+02
1.138430750561385648e+06 3.444862446479543223e+02
1.110040025354542304e+06 3.420720240227000204e+02
1.082174447580389446e+06 3.396577710062507549e+02
1.054827581022376660e+06 3.372434850262729924e+02
1.027993032334254007e+06 3.348291655097362423e+02
1.001664450893024448e+06 3.324148118829124883e+02
9.758355286528622964e+05 3.300004235713754497e+02
9.505000000000001164e+05 3.275860000000000127e+02
9.010000000000000000e+05 3.275860000000000127e+02
8.515000000000000000e+05 3.275860000000000127e+02
8.020000000000000000e+05 3.275860000000000127e+02
7.525000000000000000e+05 3.275860000000000127e+02
7.030000000000000000e+05 3.275860000000000127e+02
6.535000000000000000e+05 3.275860000000000127e+02
6.040000000000000000e+05 3.275860000000000127e+02
5.545000000000000000e+05 3.275860000000000127e+02
5.050000000000000000e+05 3.275860000000000127e+02
4.555000000000000000e+05 3.275860000000000127e+02
4.059999999999999418e+05 3.275860000000000127e+02
3.565000000000000000e+05 3.275860000000000127e+02
3.070000000000000000e+05 3.275860000000000127e+02
2.575000000000000291e+05 3.275860000000000127e+02
2.080000000000000000e+05 3.275860000000000127e+02
1.585000000000000000e+05 3.275860000000000127e+02
1.090000000000000146e+05 3.275860000000000127e+02
5.950000000000000000e+04 3.275860000000000127e+02
1.000000000000000000e+04 3.275860000000000127e+02
1.000000000000000000e+02 3.275860000000000127e+02
1.000000000000000000e+01 3.275860000000000127e+02
1.000000000000000000e+00 3.275860000000000127e+02
9.999999999999999167e-02 3.275860000000000127e+02
1.000000000000000021e-02 3.275860000000000127e+02
1.000000000000000021e-03 3.275860000000000127e+02
