7.880591935445470098e-01 2.078368697523699515e-01 1.106866442254247894e-09 1.671288781170787788e-09 4.103933924927845832e-03 0.000000000000000000e+00
7.880591935445470098e-01 2.078368697523699515e-01 7.900446669763733232e-10 1.281436273462797249e-09 4.103934629190473214e-03 0.000000000000000000e+00
7.880591935445470098e-01 2.078368697523699515e-01 5.583219038529654970e-10 9.747343279231941811e-10 4.103935166740053583e-03 0.000000000000000000e+00
7.880591935445470098e-01 2.078368697523699515e-01 3.922287321868108998e-10 7.378919073247648795e-10 4.103935569531353897e-03 0.000000000000000000e+00
7.880591935445470098e-01 2.078368697523699515e-01 2.738968395491664977e-10 5.558954355892990256e-10 4.103935870313327010e-03 0.000000000000000000e+00
7.880591935445470098e-01 2.078368697523699515e-01 1.901079447249616962e-10 4.167400678319125187e-10 4.103936094124531822e-03 0.000000000000000000e+00
7.880591935445470098e-01 2.078368697523699515e-01 1.311456133813809029e-10 3.108770231230428679e-10 4.103936260038336219e-03 0.000000000000000000e+00
7.880591935445470098e-01 2.078368697523699515e-01 8.990936426091686732e-11 2.307430977477783246e-10 4.103936382306492756e-03 0.000000000000000000e+00
7.880591935445468987e-01 2.078368697523699515e-01 6.123444076315071546e-11 1.703564151094015883e-10 4.103936470712813214e-03 0.000000000000000000e+00
7.880591935445468987e-01 2.078368697523699515e-01 4.144452661687996150e-11 1.251387658892716569e-10 4.103936535735614594e-03 0.000000000000000000e+00
7.880591935445468987e-01 2.078368697523698960e-01 2.787418224052593731e-11 9.145657779456177416e-11 4.103936583354216364e-03 0.000000000000000000e+00
7.880591935445468987e-01 2.078368697523698960e-01 1.862646020414955144e-11 6.649222236923720285e-11 4.103936617867156612e-03 0.000000000000000000e+00
7.880591935445470098e-01 2.078368697523699515e-01 1.236039576311287954e-11 4.807089699905959516e-11 4.103936642349268263e-03 0.000000000000000000e+00
7.880591935445470098e-01 2.078368697523699515e-01 8.149296940794205461e-12 3.457164934666095020e-11 4.103936660164642439e-03 0.000000000000000000e+00
7.880591935445470098e-01 2.078368697523699515e-01 5.337530732117140136e-12 2.473098102466588193e-11 4.103936672983394575e-03 0.000000000000000000e+00
7.880591935445470098e-01 2.078368697523699515e-01 3.470258770524883312e-12 1.758645058863041580e-11 4.103936681899339814e-03 0.000000000000000000e+00
7.880591935445468987e-01 2.078368697523698960e-01 2.241353234264480396e-12 1.243923596297675401e-11 4.103936688343693545e-03 0.000000000000000000e+00
7.880591935445470098e-01 2.078368697523699515e-01 1.437269332776882526e-12 8.747575770186919709e-12 4.103936692851235454e-03 0.000000000000000000e+00
7.880591935445468987e-01 2.078368697523699515e-01 9.149691766701360362e-13 6.115452366907987635e-12 4.103936696006554342e-03 0.000000000000000000e+00
7.880591935445470098e-01 2.078368697523699515e-01 5.784588962716099218e-13 4.251510910238717667e-12 4.103936698242529636e-03 0.000000000000000000e+00
7.880591935445470098e-01 2.078368697523699515e-01 3.628457491492698665e-13 2.936954343232296215e-12 4.103936699757409871e-03 0.000000000000000000e+00
7.880591935445468987e-01 2.078368697523699515e-01 2.260713823025921809e-13 2.017840421834000189e-12 4.103936700837855500e-03 0.000000000000000000e+00
7.880591935445468987e-01 2.078368697523698960e-01 1.396956994529465376e-13 1.377141597443667021e-12 4.103936701552976171e-03 0.000000000000000000e+00
7.880591935445470098e-01 2.078368697523699515e-01 8.573515284426324839e-14 9.347103731007379565e-13 4.103936702061401938e-03 0.000000000000000000e+00
7.880591935445470098e-01 2.078368697523699515e-01 5.217464305041729672e-14 6.300938004046949507e-13 4.103936702394351752e-03 0.000000000000000000e+00
7.880591935445470098e-01 2.078368697523699515e-01 3.152531503720628083e-14 4.223060907891413404e-13 4.103936702627202816e-03 0.000000000000000000e+00
7.880591935445468987e-01 2.078368697523699515e-01 1.888934488845198521e-14 2.811287954157614593e-13 4.103936702780345072e-03 0.000000000000000000e+00
7.880591935445470098e-01 2.078368697523699515e-01 1.123078294287020030e-14 1.859789667478950207e-13 4.103936702884019953e-03 0.000000000000000000e+00
7.880591935445470098e-01 2.078368697523699515e-01 6.624355371049040910e-15 1.222434770649396517e-13 4.103936702953564150e-03 0.000000000000000000e+00
7.880591935445470098e-01 2.078368697523698960e-01 3.873455095423698503e-15 7.978711220850184044e-14 4.103936702998352976e-03 0.000000000000000000e+00
7.880591935445468987e-01 2.078368697523698960e-01 2.247517414543106315e-15 5.175247074683034314e-14 4.103936703028722779e-03 0.000000000000000000e+00
7.880591935445470098e-01 2.078368697523699515e-01 1.292552653062890304e-15 3.332798142426749354e-14 4.103936703048131733e-03 0.000000000000000000e+00
7.880591935445468987e-01 2.078368697523699515e-01 7.369849606153162303e-16 2.131410193691853518e-14 4.103936703060691998e-03 0.000000000000000000e+00
7.880591935445470098e-01 2.078368697523699515e-01 4.168033701377209373e-16 1.354142291279268527e-14 4.103936703069001324e-03 0.000000000000000000e+00
7.880591935445471208e-01 2.078368697523699515e-01 2.335739360917837872e-16 8.539717323896576412e-15 4.103936703074221107e-03 0.000000000000000000e+00
7.880591935445470098e-01 2.078368697523699515e-01 1.297077645160417968e-16 5.345978282815033240e-15 4.103936703077498867e-03 0.000000000000000000e+00
7.880591935445468987e-01 2.078368697523699515e-01 7.141586644135621059e-17 3.323596367650297795e-15 4.103936703079622168e-03 0.000000000000000000e+00
7.880591935445468987e-01 2.078368697523698960e-01 3.898038892535277671e-17 2.051797432051789350e-15 4.103936703080973518e-03 0.000000000000000000e+00
7.880591935445468987e-01 2.078368697523699515e-01 2.106193723807433470e-17 1.256326459530897444e-15 4.103936703081774960e-03 0.000000000000000000e+00
7.880591935445470098e-01 2.078368697523699515e-01 1.127630117959366078e-17 7.635688701380387338e-16 4.103936703082278897e-03 0.000000000000000000e+00
7.880591935445470098e-01 2.078368697523699515e-01 5.982174095676331612e-18 4.606570747397926617e-16 4.103936703082593750e-03 0.000000000000000000e+00
7.880591935445468987e-01 2.078368697523698960e-01 3.144181160953067188e-18 2.758265027647528387e-16 4.103936703082786304e-03 0.000000000000000000e+00
7.880591935445470098e-01 2.078368697523699515e-01 1.636825968969218988e-18 1.638830439963520229e-16 4.103936703082904265e-03 0.000000000000000000e+00
7.880591935445470098e-01 2.078368697523699515e-01 8.429731669827891917e-19 9.652561499021619042e-17 4.103936703082971052e-03 0.000000000000000000e+00
7.880591935445468987e-01 2.078368697523699515e-01 4.298982593010652808e-19 5.640332798404171787e-17 4.103936703083009216e-03 0.000000000000000000e+00
7.880591935445470098e-01 2.078368697523699515e-01 2.170640780379348418e-19 3.269364645642643235e-17 4.103936703083034369e-03 0.000000000000000000e+00
7.880591935445470098e-01 2.078368697523699515e-01 1.084949487321235185e-19 1.879579912136538002e-17 4.103936703083046512e-03 0.000000000000000000e+00
7.880591935445470098e-01 2.078368697523699515e-01 5.367335108927074228e-20 1.071615158156000526e-17 4.103936703083055186e-03 0.000000000000000000e+00
7.880591935445470098e-01 2.078368697523699515e-01 2.627624802362991749e-20 6.058134516922928655e-18 4.103936703083063860e-03 0.000000000000000000e+00
7.880591935445468987e-01 2.078368697523699515e-01 1.272772662160444744e-20 3.395486685390115248e-18 4.103936703083067329e-03 0.000000000000000000e+00
7.880591935445468987e-01 2.078368697523699515e-01 1.169539933667677487e-20 3.173661467956643199e-18 4.103936703083067329e-03 0.000000000000000000e+00
7.880591935445468987e-01 2.078368697523699515e-01 1.169539933667677487e-20 3.173661467956643199e-18 4.103936703083067329e-03 0.000000000000000000e+00
7.880591935445468987e-01 2.078368697523699515e-01 1.169539933667677487e-20 3.173661467956643199e-18 4.103936703083067329e-03 0.000000000000000000e+00
7.880591935445468987e-01 2.078368697523699515e-01 1.169539933667677487e-20 3.173661467956643199e-18 4.103936703083067329e-03 0.000000000000000000e+00
7.880591935445468987e-01 2.078368697523699515e-01 1.169539933667677487e-20 3.173661467956643199e-18 4.103936703083067329e-03 0.000000000000000000e+00
7.880591935445468987e-01 2.078368697523699515e-01 1.169539933667677487e-20 3.173661467956643199e-18 4.103936703083067329e-03 0.000000000000000000e+00
7.880591935445468987e-01 2.078368697523699515e-01 1.169539933667677487e-20 3.173661467956643199e-18 4.103936703083067329e-03 0.000000000000000000e+00
7.880591935445468987e-01 2.078368697523699515e-01 1.169539933667677487e-20 3.173661467956643199e-18 4.103936703083067329e-03 0.000000000000000000e+00
7.880591935445468987e-01 2.078368697523699515e-01 1.169539933667677487e-20 3.173661467956643199e-18 4.103936703083067329e-03 0.000000000000000000e+00
7.880591935445468987e-01 2.078368697523699515e-01 1.169539933667677487e-20 3.173661467956643199e-18 4.103936703083067329e-03 0.000000000000000000e+00
7.880591935445468987e-01 2.078368697523699515e-01 1.169539933667677487e-20 3.173661467956643199e-18 4.103936703083067329e-03 0.000000000000000000e+00
7.880591935445468987e-01 2.078368697523699515e-01 1.169539933667677487e-20 3.173661467956643199e-18 4.103936703083067329e-03 0.000000000000000000e+00
7.880591935445468987e-01 2.078368697523699515e-01 1.169539933667677487e-20 3.173661467956643199e-18 4.103936703083067329e-03 0.000000000000000000e+00
7.880591935445468987e-01 2.078368697523699515e-01 1.169539933667677487e-20 3.173661467956643199e-18 4.103936703083067329e-03 0.000000000000000000e+00
7.880591935445468987e-01 2.078368697523699515e-01 1.169539933667677487e-20 3.173661467956643199e-18 4.103936703083067329e-03 0.000000000000000000e+00
7.880591935445468987e-01 2.078368697523699515e-01 1.169539933667677487e-20 3.173661467956643199e-18 4.103936703083067329e-03 0.000000000000000000e+00
7.880591935445468987e-01 2.078368697523699515e-01 1.169539933667677487e-20 3.173661467956643199e-18 4.103936703083067329e-03 0.000000000000000000e+00
7.880591935445468987e-01 2.078368697523699515e-01 1.169539933667677487e-20 3.173661467956643199e-18 4.103936703083067329e-03 0.000000000000000000e+00
7.880591935445468987e-01 2.078368697523699515e-01 1.169539933667677487e-20 3.173661467956643199e-18 4.103936703083067329e-03 0.000000000000000000e+00
7.880591935445468987e-01 2.078368697523699515e-01 1.169539933667677487e-20 3.173661467956643199e-18 4.103936703083067329e-03 0.000000000000000000e+00
7.880591935445468987e-01 2.078368697523699515e-01 1.169539933667677487e-20 3.173661467956643199e-18 4.103936703083067329e-03 0.000000000000000000e+00
7.880591935445468987e-01 2.078368697523699515e-01 1.169539933667677487e-20 3.173661467956643199e-18 4.103936703083067329e-03 0.000000000000000000e+00
7.880591935445468987e-01 2.078368697523699515e-01 1.169539933667677487e-20 3.173661467956643199e-18 4.103936703083067329e-03 0.000000000000000000e+00
7.880591935445468987e-01 2.078368697523699515e-01 1.169539933667677487e-20 3.173661467956643199e-18 4.103936703083067329e-03 0.000000000000000000e+00
7.880591935445468987e-01 2.078368697523699515e-01 1.169539933667677487e-20 3.173661467956643199e-18 4.103936703083067329e-03 0.000000000000000000e+00
7.880591935445468987e-01 2.078368697523699515e-01 1.169539933667677487e-20 3.173661467956643199e-18 4.103936703083067329e-03 0.000000000000000000e+00
7.880591935445468987e-01 2.078368697523699515e-01 1.169539933667677487e-20 3.173661467956643199e-18 4.103936703083067329e-03 0.000000000000000000e+00
7.880591935445468987e-01 2.078368697523699515e-01 1.169539933667677487e-20 3.173661467956643199e-18 4.103936703083067329e-03 0.000000000000000000e+00
7.880591935445468987e-01 2.078368697523699515e-01 1.169539933667677487e-20 3.173661467956643199e-18 4.103936703083067329e-03 0.000000000000000000e+00
7.880591935445468987e-01 2.078368697523699515e-01 1.169539933667677487e-20 3.173661467956643199e-18 4.103936703083067329e-03 0.000000000000000000e+00
7.880591935445468987e-01 2.078368697523699515e-01 1.169539933667677487e-20 3.173661467956643199e-18 4.103936703083067329e-03 0.000000000000000000e+00
7.880591935445468987e-01 2.078368697523699515e-01 1.169539933667677487e-20 3.173661467956643199e-18 4.103936703083067329e-03 0.000000000000000000e+00
7.880591935445468987e-01 2.078368697523699515e-01 1.169539933667677487e-20 3.173661467956643199e-18 4.103936703083067329e-03 0.000000000000000000e+00
7.880591935445468987e-01 2.078368697523699515e-01 1.169539933667677487e-20 3.173661467956643199e-18 4.103936703083067329e-03 0.000000000000000000e+00
7.880591935445468987e-01 2.078368697523699515e-01 1.169539933667677487e-20 3.173661467956643199e-18 4.103936703083067329e-03 0.000000000000000000e+00
7.880591935445468987e-01 2.078368697523699515e-01 1.169539933667677487e-20 3.173661467956643199e-18 4.103936703083067329e-03 0.000000000000000000e+00
7.880591935445468987e-01 2.078368697523699515e-01 1.169539933667677487e-20 3.173661467956643199e-18 4.103936703083067329e-03 0.000000000000000000e+00
7.880591935445468987e-01 2.078368697523699515e-01 1.169539933667677487e-20 3.173661467956643199e-18 4.103936703083067329e-03 0.000000000000000000e+00
7.880591935445468987e-01 2.078368697523699515e-01 1.169539933667677487e-20 3.173661467956643199e-18 4.103936703083067329e-03 0.000000000000000000e+00
7.880591935445468987e-01 2.078368697523699515e-01 1.169539933667677487e-20 3.173661467956643199e-18 4.103936703083067329e-03 0.000000000000000000e+00
7.880591935445468987e-01 2.078368697523699515e-01 1.169539933667677487e-20 3.173661467956643199e-18 4.103936703083067329e-03 0.000000000000000000e+00
7.880591935445468987e-01 2.078368697523699515e-01 1.169539933667677487e-20 3.173661467956643199e-18 4.103936703083067329e-03 0.000000000000000000e+00
7.880591935445468987e-01 2.078368697523699515e-01 1.169539933667677487e-20 3.173661467956643199e-18 4.103936703083067329e-03 0.000000000000000000e+00
7.880591935445468987e-01 2.078368697523699515e-01 1.169539933667677487e-20 3.173661467956643199e-18 4.103936703083067329e-03 0.000000000000000000e+00
7.880591935445468987e-01 2.078368697523699515e-01 1.169539933667677487e-20 3.173661467956643199e-18 4.103936703083067329e-03 0.000000000000000000e+00
7.880591935445468987e-01 2.078368697523699515e-01 1.169539933667677487e-20 3.173661467956643199e-18 4.103936703083067329e-03 0.000000000000000000e+00
7.880591935445468987e-01 2.078368697523699515e-01 1.169539933667677487e-20 3.173661467956643199e-18 4.103936703083067329e-03 0.000000000000000000e+00
7.880591935445468987e-01 2.078368697523699515e-01 1.169539933667677487e-20 3.173661467956643199e-18 4.103936703083067329e-03 0.000000000000000000e+00
7.880591935445468987e-01 2.078368697523699515e-01 1.169539933667677487e-20 3.173661467956643199e-18 4.103936703083067329e-03 0.000000000000000000e+00
7.880591935445468987e-01 2.078368697523699515e-01 1.169539933667677487e-20 3.173661467956643199e-18 4.103936703083067329e-03 0.000000000000000000e+00
7.880591935445468987e-01 2.078368697523699515e-01 1.169539933667677487e-20 3.173661467956643199e-18 4.103936703083067329e-03 0.000000000000000000e+00
7.880591935445468987e-01 2.078368697523699515e-01 1.169539933667677487e-20 3.173661467956643199e-18 4.103936703083067329e-03 0.000000000000000000e+00
7.880591935445468987e-01 2.078368697523699515e-01 1.169539933667677487e-20 3.173661467956643199e-18 4.103936703083067329e-03 0.000000000000000000e+00
7.880591935445468987e-01 2.078368697523699515e-01 1.169539933667677487e-20 3.173661467956643199e-18 4.103936703083067329e-03 0.000000000000000000e+00
7.880591935445468987e-01 2.078368697523699515e-01 1.169539933667677487e-20 3.173661467956643199e-18 4.103936703083067329e-03 0.000000000000000000e+00
7.880591935445468987e-01 2.078368697523699515e-01 1.169539933667677487e-20 3.173661467956643199e-18 4.103936703083067329e-03 0.000000000000000000e+00
7.880591935445468987e-01 2.078368697523699515e-01 1.169539933667677487e-20 3.173661467956643199e-18 4.103936703083067329e-03 0.000000000000000000e+00
7.880591935445468987e-01 2.078368697523699515e-01 1.169539933667677487e-20 3.173661467956643199e-18 4.103936703083067329e-03 0.000000000000000000e+00
7.880591935445468987e-01 2.078368697523699515e-01 1.169539933667677487e-20 3.173661467956643199e-18 4.103936703083067329e-03 0.000000000000000000e+00
7.880591935445468987e-01 2.078368697523699515e-01 1.169539933667677487e-20 3.173661467956643199e-18 4.103936703083067329e-03 0.000000000000000000e+00
7.880591935445468987e-01 2.078368697523699515e-01 1.169539933667677487e-20 3.173661467956643199e-18 4.103936703083067329e-03 0.000000000000000000e+00
7.880591935445468987e-01 2.078368697523699515e-01 1.169539933667677487e-20 3.173661467956643199e-18 4.103936703083067329e-03 0.000000000000000000e+00
7.880591935445468987e-01 2.078368697523699515e-01 1.169539933667677487e-20 3.173661467956643199e-18 4.103936703083067329e-03 0.000000000000000000e+00
7.880591935445468987e-01 2.078368697523699515e-01 1.169539933667677487e-20 3.173661467956643199e-18 4.103936703083067329e-03 0.000000000000000000e+00
7.880591935445468987e-01 2.078368697523699515e-01 1.169539933667677487e-20 3.173661467956643199e-18 4.103936703083067329e-03 0.000000000000000000e+00
7.880591935445468987e-01 2.078368697523699515e-01 1.169539933667677487e-20 3.173661467956643199e-18 4.103936703083067329e-03 0.000000000000000000e+00
7.880591935445468987e-01 2.078368697523699515e-01 1.169539933667677487e-20 3.173661467956643199e-18 4.103936703083067329e-03 0.000000000000000000e+00
7.880591935445468987e-01 2.078368697523699515e-01 1.169539933667677487e-20 3.173661467956643199e-18 4.103936703083067329e-03 0.000000000000000000e+00
7.880591935445468987e-01 2.078368697523699515e-01 1.169539933667677487e-20 3.173661467956643199e-18 4.103936703083067329e-03 0.000000000000000000e+00
7.880591935445468987e-01 2.078368697523699515e-01 1.169539933667677487e-20 3.173661467956643199e-18 4.103936703083067329e-03 0.000000000000000000e+00
7.880591935445468987e-01 2.078368697523699515e-01 1.169539933667677487e-20 3.173661467956643199e-18 4.103936703083067329e-03 0.000000000000000000e+00
7.880591935445468987e-01 2.078368697523699515e-01 1.169539933667677487e-20 3.173661467956643199e-18 4.103936703083067329e-03 0.000000000000000000e+00
7.880591935445468987e-01 2.078368697523699515e-01 1.169539933667677487e-20 3.173661467956643199e-18 4.103936703083067329e-03 0.000000000000000000e+00
7.880591935445468987e-01 2.078368697523699515e-01 1.169539933667677487e-20 3.173661467956643199e-18 4.103936703083067329e-03 0.000000000000000000e+00
7.880591935445468987e-01 2.078368697523699515e-01 1.169539933667677487e-20 3.173661467956643199e-18 4.103936703083067329e-03 0.000000000000000000e+00
7.880591935445468987e-01 2.078368697523699515e-01 1.169539933667677487e-20 3.173661467956643199e-18 4.103936703083067329e-03 0.000000000000000000e+00
7.880591935445468987e-01 2.078368697523699515e-01 1.169539933667677487e-20 3.173661467956643199e-18 4.103936703083067329e-03 0.000000000000000000e+00
7.880591935445468987e-01 2.078368697523699515e-01 1.169539933667677487e-20 3.173661467956643199e-18 4.103936703083067329e-03 0.000000000000000000e+00
7.880591935445468987e-01 2.078368697523699515e-01 1.169539933667677487e-20 3.173661467956643199e-18 4.103936703083067329e-03 0.000000000000000000e+00
7.880591935445468987e-01 2.078368697523699515e-01 1.169539933667677487e-20 3.173661467956643199e-18 4.103936703083067329e-03 0.000000000000000000e+00
7.880591935445468987e-01 2.078368697523699515e-01 1.169539933667677487e-20 3.173661467956643199e-18 4.103936703083067329e-03 0.000000000000000000e+00
7.880591935445468987e-01 2.078368697523699515e-01 1.169539933667677487e-20 3.173661467956643199e-18 4.103936703083067329e-03 0.000000000000000000e+00
7.880591935445468987e-01 2.078368697523699515e-01 1.169539933667677487e-20 3.173661467956643199e-18 4.103936703083067329e-03 0.000000000000000000e+00
7.880591935445468987e-01 2.078368697523699515e-01 1.169539933667677487e-20 3.173661467956643199e-18 4.103936703083067329e-03 0.000000000000000000e+00
7.880591935445468987e-01 2.078368697523699515e-01 1.169539933667677487e-20 3.173661467956643199e-18 4.103936703083067329e-03 0.000000000000000000e+00
7.880591935445468987e-01 2.078368697523699515e-01 1.169539933667677487e-20 3.173661467956643199e-18 4.103936703083067329e-03 0.000000000000000000e+00
7.880591935445468987e-01 2.078368697523699515e-01 1.169539933667677487e-20 3.173661467956643199e-18 4.103936703083067329e-03 0.000000000000000000e+00
7.880591935445468987e-01 2.078368697523699515e-01 1.169539933667677487e-20 3.173661467956643199e-18 4.103936703083067329e-03 0.000000000000000000e+00
7.880591935445468987e-01 2.078368697523699515e-01 1.169539933667677487e-20 3.173661467956643199e-18 4.103936703083067329e-03 0.000000000000000000e+00
7.880591935445468987e-01 2.078368697523699515e-01 1.169539933667677487e-20 3.173661467956643199e-18 4.103936703083067329e-03 0.000000000000000000e+00
7.880591935445468987e-01 2.078368697523699515e-01 1.169539933667677487e-20 3.173661467956643199e-18 4.103936703083067329e-03 0.000000000000000000e+00
7.880591935445468987e-01 2.078368697523699515e-01 1.169539933667677487e-20 3.173661467956643199e-18 4.103936703083067329e-03 0.000000000000000000e+00
7.880591935445468987e-01 2.078368697523699515e-01 1.169539933667677487e-20 3.173661467956643199e-18 4.103936703083067329e-03 0.000000000000000000e+00
7.880591935445468987e-01 2.078368697523699515e-01 1.169539933667677487e-20 3.173661467956643199e-18 4.103936703083067329e-03 0.000000000000000000e+00
7.880591935445468987e-01 2.078368697523699515e-01 1.169539933667677487e-20 3.173661467956643199e-18 4.103936703083067329e-03 0.000000000000000000e+00
7.880591935445468987e-01 2.078368697523699515e-01 1.169539933667677487e-20 3.173661467956643199e-18 4.103936703083067329e-03 0.000000000000000000e+00
7.880591935445468987e-01 2.078368697523699515e-01 1.169539933667677487e-20 3.173661467956643199e-18 4.103936703083067329e-03 0.000000000000000000e+00
7.880591935445468987e-01 2.078368697523699515e-01 1.169539933667677487e-20 3.173661467956643199e-18 4.103936703083067329e-03 0.000000000000000000e+00
7.880591935445468987e-01 2.078368697523699515e-01 1.169539933667677487e-20 3.173661467956643199e-18 4.103936703083067329e-03 0.000000000000000000e+00
7.880591935445468987e-01 2.078368697523699515e-01 1.169539933667677487e-20 3.173661467956643199e-18 4.103936703083067329e-03 0.000000000000000000e+00
7.880591935445468987e-01 2.078368697523699515e-01 1.169539933667677487e-20 3.173661467956643199e-18 4.103936703083067329e-03 0.000000000000000000e+00
7.880591935445468987e-01 2.078368697523699515e-01 1.169539933667677487e-20 3.173661467956643199e-18 4.103936703083067329e-03 0.000000000000000000e+00
7.880591935445468987e-01 2.078368697523699515e-01 1.169539933667677487e-20 3.173661467956643199e-18 4.103936703083067329e-03 0.000000000000000000e+00
7.880591935445468987e-01 2.078368697523699515e-01 1.169539933667677487e-20 3.173661467956643199e-18 4.103936703083067329e-03 0.000000000000000000e+00
7.880591935445468987e-01 2.078368697523699515e-01 1.169539933667677487e-20 3.173661467956643199e-18 4.103936703083067329e-03 0.000000000000000000e+00
7.880591935445468987e-01 2.078368697523699515e-01 1.169539933667677487e-20 3.173661467956643199e-18 4.103936703083067329e-03 0.000000000000000000e+00
7.880591935445468987e-01 2.078368697523699515e-01 1.169539933667677487e-20 3.173661467956643199e-18 4.103936703083067329e-03 0.000000000000000000e+00
7.880591935445468987e-01 2.078368697523699515e-01 1.169539933667677487e-20 3.173661467956643199e-18 4.103936703083067329e-03 0.000000000000000000e+00
7.880591935445468987e-01 2.078368697523699515e-01 1.169539933667677487e-20 3.173661467956643199e-18 4.103936703083067329e-03 0.000000000000000000e+00
7.880591935445468987e-01 2.078368697523699515e-01 1.169539933667677487e-20 3.173661467956643199e-18 4.103936703083067329e-03 0.000000000000000000e+00
7.880591935445468987e-01 2.078368697523699515e-01 1.169539933667677487e-20 3.173661467956643199e-18 4.103936703083067329e-03 0.000000000000000000e+00
7.880591935445468987e-01 2.078368697523699515e-01 1.169539933667677487e-20 3.173661467956643199e-18 4.103936703083067329e-03 0.000000000000000000e+00
7.880591935445468987e-01 2.078368697523699515e-01 1.169539933667677487e-20 3.173661467956643199e-18 4.103936703083067329e-03 0.000000000000000000e+00
7.880591935445468987e-01 2.078368697523699515e-01 1.169539933667677487e-20 3.173661467956643199e-18 4.103936703083067329e-03 0.000000000000000000e+00
7.880591935445468987e-01 2.078368697523699515e-01 1.169539933667677487e-20 3.173661467956643199e-18 4.103936703083067329e-03 0.000000000000000000e+00
7.880591935445468987e-01 2.078368697523699515e-01 1.169539933667677487e-20 3.173661467956643199e-18 4.103936703083067329e-03 0.000000000000000000e+00
7.880591935445468987e-01 2.078368697523699515e-01 1.169539933667677487e-20 3.173661467956643199e-18 4.103936703083067329e-03 0.000000000000000000e+00
7.880591935445468987e-01 2.078368697523699515e-01 1.169539933667677487e-20 3.173661467956643199e-18 4.103936703083067329e-03 0.000000000000000000e+00
7.880591935445468987e-01 2.078368697523699515e-01 1.169539933667677487e-20 3.173661467956643199e-18 4.103936703083067329e-03 0.000000000000000000e+00
7.880591935445468987e-01 2.078368697523699515e-01 1.169539933667677487e-20 3.173661467956643199e-18 4.103936703083067329e-03 0.000000000000000000e+00
7.880591935445468987e-01 2.078368697523699515e-01 1.169539933667677487e-20 3.173661467956643199e-18 4.103936703083067329e-03 0.000000000000000000e+00
7.880591935445468987e-01 2.078368697523699515e-01 1.169539933667677487e-20 3.173661467956643199e-18 4.103936703083067329e-03 0.000000000000000000e+00
7.880591935445468987e-01 2.078368697523699515e-01 1.169539933667677487e-20 3.173661467956643199e-18 4.103936703083067329e-03 0.000000000000000000e+00
7.880591935445468987e-01 2.078368697523699515e-01 1.169539933667677487e-20 3.173661467956643199e-18 4.103936703083067329e-03 0.000000000000000000e+00
7.880591935445468987e-01 2.078368697523699515e-01 1.169539933667677487e-20 3.173661467956643199e-18 4.103936703083067329e-03 0.000000000000000000e+00
7.880591935445468987e-01 2.078368697523699515e-01 1.169539933667677487e-20 3.173661467956643199e-18 4.103936703083067329e-03 0.000000000000000000e+00
7.880591935445468987e-01 2.078368697523699515e-01 1.169539933667677487e-20 3.173661467956643199e-18 4.103936703083067329e-03 0.000000000000000000e+00
7.880591935445468987e-01 2.078368697523699515e-01 1.169539933667677487e-20 3.173661467956643199e-18 4.103936703083067329e-03 0.000000000000000000e+00
7.880591935445468987e-01 2.078368697523699515e-01 1.169539933667677487e-20 3.173661467956643199e-18 4.103936703083067329e-03 0.000000000000000000e+00
7.880591935445468987e-01 2.078368697523699515e-01 1.169539933667677487e-20 3.173661467956643199e-18 4.103936703083067329e-03 0.000000000000000000e+00
7.880591935445468987e-01 2.078368697523699515e-01 1.169539933667677487e-20 3.173661467956643199e-18 4.103936703083067329e-03 0.000000000000000000e+00
7.880591935445468987e-01 2.078368697523699515e-01 1.169539933667677487e-20 3.173661467956643199e-18 4.103936703083067329e-03 0.000000000000000000e+00
7.880591935445468987e-01 2.078368697523699515e-01 1.169539933667677487e-20 3.173661467956643199e-18 4.103936703083067329e-03 0.000000000000000000e+00
7.880591935445468987e-01 2.078368697523699515e-01 1.169539933667677487e-20 3.173661467956643199e-18 4.103936703083067329e-03 0.000000000000000000e+00
7.880591935445468987e-01 2.078368697523699515e-01 1.169539933667677487e-20 3.173661467956643199e-18 4.103936703083067329e-03 0.000000000000000000e+00
7.880591935445468987e-01 2.078368697523699515e-01 1.169539933667677487e-20 3.173661467956643199e-18 4.103936703083067329e-03 0.000000000000000000e+00
7.880591935445468987e-01 2.078368697523699515e-01 1.169539933667677487e-20 3.173661467956643199e-18 4.103936703083067329e-03 0.000000000000000000e+00
7.880591935445468987e-01 2.078368697523699515e-01 1.169539933667677487e-20 3.173661467956643199e-18 4.103936703083067329e-03 0.000000000000000000e+00
7.880591935445468987e-01 2.078368697523699515e-01 1.169539933667677487e-20 3.173661467956643199e-18 4.103936703083067329e-03 0.000000000000000000e+00
7.880591935445468987e-01 2.078368697523699515e-01 1.169539933667677487e-20 3.173661467956643199e-18 4.103936703083067329e-03 0.000000000000000000e+00
7.880591935445468987e-01 2.078368697523699515e-01 1.169539933667677487e-20 3.173661467956643199e-18 4.103936703083067329e-03 0.000000000000000000e+00
7.880591935445468987e-01 2.078368697523699515e-01 1.169539933667677487e-20 3.173661467956643199e-18 4.103936703083067329e-03 0.000000000000000000e+00
7.880591935445468987e-01 2.078368697523699515e-01 1.169539933667677487e-20 3.173661467956643199e-18 4.103936703083067329e-03 0.000000000000000000e+00
7.880591935445468987e-01 2.078368697523699515e-01 1.169539933667677487e-20 3.173661467956643199e-18 4.103936703083067329e-03 0.000000000000000000e+00
7.880591935445468987e-01 2.078368697523699515e-01 1.169539933667677487e-20 3.173661467956643199e-18 4.103936703083067329e-03 0.000000000000000000e+00
7.880591935445468987e-01 2.078368697523699515e-01 1.169539933667677487e-20 3.173661467956643199e-18 4.103936703083067329e-03 0.000000000000000000e+00
7.880591935445468987e-01 2.078368697523699515e-01 1.169539933667677487e-20 3.173661467956643199e-18 4.103936703083067329e-03 0.000000000000000000e+00
7.880591935445468987e-01 2.078368697523699515e-01 1.169539933667677487e-20 3.173661467956643199e-18 4.103936703083067329e-03 0.000000000000000000e+00
7.880591935445468987e-01 2.078368697523699515e-01 1.169539933667677487e-20 3.173661467956643199e-18 4.103936703083067329e-03 0.000000000000000000e+00
7.880591935445468987e-01 2.078368697523699515e-01 1.169539933667677487e-20 3.173661467956643199e-18 4.103936703083067329e-03 0.000000000000000000e+00
7.880591935445468987e-01 2.078368697523699515e-01 1.169539933667677487e-20 3.173661467956643199e-18 4.103936703083067329e-03 0.000000000000000000e+00
7.880591935445468987e-01 2.078368697523699515e-01 1.169539933667677487e-20 3.173661467956643199e-18 4.103936703083067329e-03 0.000000000000000000e+00
7.880591935445468987e-01 2.078368697523699515e-01 1.169539933667677487e-20 3.173661467956643199e-18 4.103936703083067329e-03 0.000000000000000000e+00
7.880591935445468987e-01 2.078368697523699515e-01 1.169539933667677487e-20 3.173661467956643199e-18 4.103936703083067329e-03 0.000000000000000000e+00
7.880591935445468987e-01 2.078368697523699515e-01 1.169539933667677487e-20 3.173661467956643199e-18 4.103936703083067329e-03 0.000000000000000000e+00
7.880591935445468987e-01 2.078368697523699515e-01 1.169539933667677487e-20 3.173661467956643199e-18 4.103936703083067329e-03 0.000000000000000000e+00
7.880591935445468987e-01 2.078368697523699515e-01 1.169539933667677487e-20 3.173661467956643199e-18 4.103936703083067329e-03 0.000000000000000000e+00
7.880591935445468987e-01 2.078368697523699515e-01 1.169539933667677487e-20 3.173661467956643199e-18 4.103936703083067329e-03 0.000000000000000000e+00
7.880591935445468987e-01 2.078368697523699515e-01 1.169539933667677487e-20 3.173661467956643199e-18 4.103936703083067329e-03 0.000000000000000000e+00
7.880591935445468987e-01 2.078368697523699515e-01 1.169539933667677487e-20 3.173661467956643199e-18 4.103936703083067329e-03 0.000000000000000000e+00
7.880591935445468987e-01 2.078368697523699515e-01 1.169539933667677487e-20 3.173661467956643199e-18 4.103936703083067329e-03 0.000000000000000000e+00
7.880591935445468987e-01 2.078368697523699515e-01 1.169539933667677487e-20 3.173661467956643199e-18 4.103936703083067329e-03 0.000000000000000000e+00
7.880591935445468987e-01 2.078368697523699515e-01 1.169539933667677487e-20 3.173661467956643199e-18 4.103936703083067329e-03 0.000000000000000000e+00
7.880591935445468987e-01 2.078368697523699515e-01 1.169539933667677487e-20 3.173661467956643199e-18 4.103936703083067329e-03 0.000000000000000000e+00
7.880591935445468987e-01 2.078368697523699515e-01 1.169539933667677487e-20 3.173661467956643199e-18 4.103936703083067329e-03 0.000000000000000000e+00
7.880591935445468987e-01 2.078368697523699515e-01 1.169539933667677487e-20 3.173661467956643199e-18 4.103936703083067329e-03 0.000000000000000000e+00
7.880591935445468987e-01 2.078368697523699515e-01 1.169539933667677487e-20 3.173661467956643199e-18 4.103936703083067329e-03 0.000000000000000000e+00
7.880591935445468987e-01 2.078368697523699515e-01 1.169539933667677487e-20 3.173661467956643199e-18 4.103936703083067329e-03 0.000000000000000000e+00
7.880591935445468987e-01 2.078368697523699515e-01 1.169539933667677487e-20 3.173661467956643199e-18 4.103936703083067329e-03 0.000000000000000000e+00
7.880591935445468987e-01 2.078368697523699515e-01 1.169539933667677487e-20 3.173661467956643199e-18 4.103936703083067329e-03 0.000000000000000000e+00
7.880591935445468987e-01 2.078368697523699515e-01 1.169539933667677487e-20 3.173661467956643199e-18 4.103936703083067329e-03 0.000000000000000000e+00
7.880591935445468987e-01 2.078368697523699515e-01 1.169539933667677487e-20 3.173661467956643199e-18 4.103936703083067329e-03 0.000000000000000000e+00
7.880591935445468987e-01 2.078368697523699515e-01 1.169539933667677487e-20 3.173661467956643199e-18 4.103936703083067329e-03 0.000000000000000000e+00
7.880591935445468987e-01 2.078368697523699515e-01 1.169539933667677487e-20 3.173661467956643199e-18 4.103936703083067329e-03 0.000000000000000000e+00
7.880591935445468987e-01 2.078368697523699515e-01 1.169539933667677487e-20 3.173661467956643199e-18 4.103936703083067329e-03 0.000000000000000000e+00
7.880591935445468987e-01 2.078368697523699515e-01 1.169539933667677487e-20 3.173661467956643199e-18 4.103936703083067329e-03 0.000000000000000000e+00
7.880591935445468987e-01 2.078368697523699515e-01 1.169539933667677487e-20 3.173661467956643199e-18 4.103936703083067329e-03 0.000000000000000000e+00
7.880591935445468987e-01 2.078368697523699515e-01 1.169539933667677487e-20 3.173661467956643199e-18 4.103936703083067329e-03 0.000000000000000000e+00
7.880591935445468987e-01 2.078368697523699515e-01 1.169539933667677487e-20 3.173661467956643199e-18 4.103936703083067329e-03 0.000000000000000000e+00
7.880591935445468987e-01 2.078368697523699515e-01 1.169539933667677487e-20 3.173661467956643199e-18 4.103936703083067329e-03 0.000000000000000000e+00
7.880591935445468987e-01 2.078368697523699515e-01 1.169539933667677487e-20 3.173661467956643199e-18 4.103936703083067329e-03 0.000000000000000000e+00
7.880591935445468987e-01 2.078368697523699515e-01 1.169539933667677487e-20 3.173661467956643199e-18 4.103936703083067329e-03 0.000000000000000000e+00
7.880591935445468987e-01 2.078368697523699515e-01 1.169539933667677487e-20 3.173661467956643199e-18 4.103936703083067329e-03 0.000000000000000000e+00
7.880591935445468987e-01 2.078368697523699515e-01 1.169539933667677487e-20 3.173661467956643199e-18 4.103936703083067329e-03 0.000000000000000000e+00
7.880591935445468987e-01 2.078368697523699515e-01 1.169539933667677487e-20 3.173661467956643199e-18 4.103936703083067329e-03 0.000000000000000000e+00
7.880591935445468987e-01 2.078368697523699515e-01 1.169539933667677487e-20 3.173661467956643199e-18 4.103936703083067329e-03 0.000000000000000000e+00
7.880591935445468987e-01 2.078368697523699515e-01 1.169539933667677487e-20 3.173661467956643199e-18 4.103936703083067329e-03 0.000000000000000000e+00
7.880591935445468987e-01 2.078368697523699515e-01 1.169539933667677487e-20 3.173661467956643199e-18 4.103936703083067329e-03 0.000000000000000000e+00
7.880591935445468987e-01 2.078368697523699515e-01 1.169539933667677487e-20 3.173661467956643199e-18 4.103936703083067329e-03 0.000000000000000000e+00
7.880591935445468987e-01 2.078368697523699515e-01 1.169539933667677487e-20 3.173661467956643199e-18 4.103936703083067329e-03 0.000000000000000000e+00
7.880591935445468987e-01 2.078368697523699515e-01 1.169539933667677487e-20 3.173661467956643199e-18 4.103936703083067329e-03 0.000000000000000000e+00
7.880591935445468987e-01 2.078368697523699515e-01 1.169539933667677487e-20 3.173661467956643199e-18 4.103936703083067329e-03 0.000000000000000000e+00
7.880591935445468987e-01 2.078368697523699515e-01 1.169539933667677487e-20 3.173661467956643199e-18 4.103936703083067329e-03 0.000000000000000000e+00
7.880591935445468987e-01 2.078368697523699515e-01 1.169539933667677487e-20 3.173661467956643199e-18 4.103936703083067329e-03 0.000000000000000000e+00
7.880591935445468987e-01 2.078368697523699515e-01 1.169539933667677487e-20 3.173661467956643199e-18 4.103936703083067329e-03 0.000000000000000000e+00
7.880591935445468987e-01 2.078368697523699515e-01 1.169539933667677487e-20 3.173661467956643199e-18 4.103936703083067329e-03 0.000000000000000000e+00
7.880591935445468987e-01 2.078368697523699515e-01 1.169539933667677487e-20 3.173661467956643199e-18 4.103936703083067329e-03 0.000000000000000000e+00
7.880591935445468987e-01 2.078368697523699515e-01 1.169539933667677487e-20 3.173661467956643199e-18 4.103936703083067329e-03 0.000000000000000000e+00
7.880591935445468987e-01 2.078368697523699515e-01 1.169539933667677487e-20 3.173661467956643199e-18 4.103936703083067329e-03 0.000000000000000000e+00
7.880591935445468987e-01 2.078368697523699515e-01 1.169539933667677487e-20 3.173661467956643199e-18 4.103936703083067329e-03 0.000000000000000000e+00
7.880591935445468987e-01 2.078368697523699515e-01 1.169539933667677487e-20 3.173661467956643199e-18 4.103936703083067329e-03 0.000000000000000000e+00
7.880591935445468987e-01 2.078368697523699515e-01 1.169539933667677487e-20 3.173661467956643199e-18 4.103936703083067329e-03 0.000000000000000000e+00
7.880591935445468987e-01 2.078368697523699515e-01 1.169539933667677487e-20 3.173661467956643199e-18 4.103936703083067329e-03 0.000000000000000000e+00
7.880591935445468987e-01 2.078368697523699515e-01 1.169539933667677487e-20 3.173661467956643199e-18 4.103936703083067329e-03 0.000000000000000000e+00
7.880591935445468987e-01 2.078368697523699515e-01 1.169539933667677487e-20 3.173661467956643199e-18 4.103936703083067329e-03 0.000000000000000000e+00
7.880591935445468987e-01 2.078368697523699515e-01 1.169539933667677487e-20 3.173661467956643199e-18 4.103936703083067329e-03 0.000000000000000000e+00
7.880591935445468987e-01 2.078368697523699515e-01 1.169539933667677487e-20 3.173661467956643199e-18 4.103936703083067329e-03 0.000000000000000000e+00
7.880591935445468987e-01 2.078368697523699515e-01 1.169539933667677487e-20 3.173661467956643199e-18 4.103936703083067329e-03 0.000000000000000000e+00
7.880591935445468987e-01 2.078368697523699515e-01 1.169539933667677487e-20 3.173661467956643199e-18 4.103936703083067329e-03 0.000000000000000000e+00
7.880591935445468987e-01 2.078368697523699515e-01 1.169539933667677487e-20 3.173661467956643199e-18 4.103936703083067329e-03 0.000000000000000000e+00
7.880591935445468987e-01 2.078368697523699515e-01 1.169539933667677487e-20 3.173661467956643199e-18 4.103936703083067329e-03 0.000000000000000000e+00
7.880591935445468987e-01 2.078368697523699515e-01 1.169539933667677487e-20 3.173661467956643199e-18 4.103936703083067329e-03 0.000000000000000000e+00
7.880591935445468987e-01 2.078368697523699515e-01 1.169539933667677487e-20 3.173661467956643199e-18 4.103936703083067329e-03 0.000000000000000000e+00
7.880591935445468987e-01 2.078368697523699515e-01 1.169539933667677487e-20 3.173661467956643199e-18 4.103936703083067329e-03 0.000000000000000000e+00
7.880591935445468987e-01 2.078368697523699515e-01 1.169539933667677487e-20 3.173661467956643199e-18 4.103936703083067329e-03 0.000000000000000000e+00
7.880591935445468987e-01 2.078368697523699515e-01 1.169539933667677487e-20 3.173661467956643199e-18 4.103936703083067329e-03 0.000000000000000000e+00
7.880591935445468987e-01 2.078368697523699515e-01 1.169539933667677487e-20 3.173661467956643199e-18 4.103936703083067329e-03 0.000000000000000000e+00
7.880591935445468987e-01 2.078368697523699515e-01 1.169539933667677487e-20 3.173661467956643199e-18 4.103936703083067329e-03 0.000000000000000000e+00
7.880591935445468987e-01 2.078368697523699515e-01 1.169539933667677487e-20 3.173661467956643199e-18 4.103936703083067329e-03 0.000000000000000000e+00
7.880591935445468987e-01 2.078368697523699515e-01 1.169539933667677487e-20 3.173661467956643199e-18 4.103936703083067329e-03 0.000000000000000000e+00
7.880591935445468987e-01 2.078368697523699515e-01 1.169539933667677487e-20 3.173661467956643199e-18 4.103936703083067329e-03 0.000000000000000000e+00
7.880591935445468987e-01 2.078368697523699515e-01 1.169539933667677487e-20 3.173661467956643199e-18 4.103936703083067329e-03 0.000000000000000000e+00
7.880591935445468987e-01 2.078368697523699515e-01 1.169539933667677487e-20 3.173661467956643199e-18 4.103936703083067329e-03 0.000000000000000000e+00
7.880591935445468987e-01 2.078368697523699515e-01 1.169539933667677487e-20 3.173661467956643199e-18 4.103936703083067329e-03 0.000000000000000000e+00
7.880591935445468987e-01 2.078368697523699515e-01 1.169539933667677487e-20 3.173661467956643199e-18 4.103936703083067329e-03 0.000000000000000000e+00
7.880591935445468987e-01 2.078368697523699515e-01 1.169539933667677487e-20 3.173661467956643199e-18 4.103936703083067329e-03 0.000000000000000000e+00
7.880591935445468987e-01 2.078368697523699515e-01 1.169539933667677487e-20 3.173661467956643199e-18 4.103936703083067329e-03 0.000000000000000000e+00
7.880591935445468987e-01 2.078368697523699515e-01 1.169539933667677487e-20 3.173661467956643199e-18 4.103936703083067329e-03 0.000000000000000000e+00
7.880591935445468987e-01 2.078368697523699515e-01 1.169539933667677487e-20 3.173661467956643199e-18 4.103936703083067329e-03 0.000000000000000000e+00
7.880591935445468987e-01 2.078368697523699515e-01 1.169539933667677487e-20 3.173661467956643199e-18 4.103936703083067329e-03 0.000000000000000000e+00
7.880591935445468987e-01 2.078368697523699515e-01 1.169539933667677487e-20 3.173661467956643199e-18 4.103936703083067329e-03 0.000000000000000000e+00
7.880591935445468987e-01 2.078368697523699515e-01 1.169539933667677487e-20 3.173661467956643199e-18 4.103936703083067329e-03 0.000000000000000000e+00
7.880591935445468987e-01 2.078368697523699515e-01 1.169539933667677487e-20 3.173661467956643199e-18 4.103936703083067329e-03 0.000000000000000000e+00
7.880591935445468987e-01 2.078368697523699515e-01 1.169539933667677487e-20 3.173661467956643199e-18 4.103936703083067329e-03 0.000000000000000000e+00
7.880591935445468987e-01 2.078368697523699515e-01 1.169539933667677487e-20 3.173661467956643199e-18 4.103936703083067329e-03 0.000000000000000000e+00
7.880591935445468987e-01 2.078368697523699515e-01 1.169539933667677487e-20 3.173661467956643199e-18 4.103936703083067329e-03 0.000000000000000000e+00
7.880591935445468987e-01 2.078368697523699515e-01 1.169539933667677487e-20 3.173661467956643199e-18 4.103936703083067329e-03 0.000000000000000000e+00
7.880591935445468987e-01 2.078368697523699515e-01 1.169539933667677487e-20 3.173661467956643199e-18 4.103936703083067329e-03 0.000000000000000000e+00
7.880591935445468987e-01 2.078368697523699515e-01 1.169539933667677487e-20 3.173661467956643199e-18 4.103936703083067329e-03 0.000000000000000000e+00
7.880591935445468987e-01 2.078368697523699515e-01 1.169539933667677487e-20 3.173661467956643199e-18 4.103936703083067329e-03 0.000000000000000000e+00
7.880591935445468987e-01 2.078368697523699515e-01 1.169539933667677487e-20 3.173661467956643199e-18 4.103936703083067329e-03 0.000000000000000000e+00
7.880591935445468987e-01 2.078368697523699515e-01 1.169539933667677487e-20 3.173661467956643199e-18 4.103936703083067329e-03 0.000000000000000000e+00
7.880591935445468987e-01 2.078368697523699515e-01 1.169539933667677487e-20 3.173661467956643199e-18 4.103936703083067329e-03 0.000000000000000000e+00
7.880591935445468987e-01 2.078368697523699515e-01 1.169539933667677487e-20 3.173661467956643199e-18 4.103936703083067329e-03 0.000000000000000000e+00
7.880591935445468987e-01 2.078368697523699515e-01 1.169539933667677487e-20 3.173661467956643199e-18 4.103936703083067329e-03 0.000000000000000000e+00
7.880591935445468987e-01 2.078368697523699515e-01 1.169539933667677487e-20 3.173661467956643199e-18 4.103936703083067329e-03 0.000000000000000000e+00
7.880591935445468987e-01 2.078368697523699515e-01 1.169539933667677487e-20 3.173661467956643199e-18 4.103936703083067329e-03 0.000000000000000000e+00
7.880591935445468987e-01 2.078368697523699515e-01 1.169539933667677487e-20 3.173661467956643199e-18 4.103936703083067329e-03 0.000000000000000000e+00
7.880591935445468987e-01 2.078368697523699515e-01 1.169539933667677487e-20 3.173661467956643199e-18 4.103936703083067329e-03 0.000000000000000000e+00
7.880591935445468987e-01 2.078368697523699515e-01 1.169539933667677487e-20 3.173661467956643199e-18 4.103936703083067329e-03 0.000000000000000000e+00
7.880591935445468987e-01 2.078368697523699515e-01 1.169539933667677487e-20 3.173661467956643199e-18 4.103936703083067329e-03 0.000000000000000000e+00
7.880591935445468987e-01 2.078368697523699515e-01 1.169539933667677487e-20 3.173661467956643199e-18 4.103936703083067329e-03 0.000000000000000000e+00
7.880591935445468987e-01 2.078368697523699515e-01 1.169539933667677487e-20 3.173661467956643199e-18 4.103936703083067329e-03 0.000000000000000000e+00
7.880591935445468987e-01 2.078368697523699515e-01 1.169539933667677487e-20 3.173661467956643199e-18 4.103936703083067329e-03 0.000000000000000000e+00
7.880591935445468987e-01 2.078368697523699515e-01 1.169539933667677487e-20 3.173661467956643199e-18 4.103936703083067329e-03 0.000000000000000000e+00
7.880591935445468987e-01 2.078368697523699515e-01 1.169539933667677487e-20 3.173661467956643199e-18 4.103936703083067329e-03 0.000000000000000000e+00
7.880591935445468987e-01 2.078368697523699515e-01 1.169539933667677487e-20 3.173661467956643199e-18 4.103936703083067329e-03 0.000000000000000000e+00
7.880591935445468987e-01 2.078368697523699515e-01 1.169539933667677487e-20 3.173661467956643199e-18 4.103936703083067329e-03 0.000000000000000000e+00
7.880591935445468987e-01 2.078368697523699515e-01 1.169539933667677487e-20 3.173661467956643199e-18 4.103936703083067329e-03 0.000000000000000000e+00
7.880591935445468987e-01 2.078368697523699515e-01 1.169539933667677487e-20 3.173661467956643199e-18 4.103936703083067329e-03 0.000000000000000000e+00
7.880591935445468987e-01 2.078368697523699515e-01 1.169539933667677487e-20 3.173661467956643199e-18 4.103936703083067329e-03 0.000000000000000000e+00
7.880591935445468987e-01 2.078368697523699515e-01 1.169539933667677487e-20 3.173661467956643199e-18 4.103936703083067329e-03 0.000000000000000000e+00
7.880591935445468987e-01 2.078368697523699515e-01 1.169539933667677487e-20 3.173661467956643199e-18 4.103936703083067329e-03 0.000000000000000000e+00
7.880591935445468987e-01 2.078368697523699515e-01 1.169539933667677487e-20 3.173661467956643199e-18 4.103936703083067329e-03 0.000000000000000000e+00
7.880591935445468987e-01 2.078368697523699515e-01 1.169539933667677487e-20 3.173661467956643199e-18 4.103936703083067329e-03 0.000000000000000000e+00
7.880591935445468987e-01 2.078368697523699515e-01 1.169539933667677487e-20 3.173661467956643199e-18 4.103936703083067329e-03 0.000000000000000000e+00
7.880591935445468987e-01 2.078368697523699515e-01 1.169539933667677487e-20 3.173661467956643199e-18 4.103936703083067329e-03 0.000000000000000000e+00
7.880591935445468987e-01 2.078368697523699515e-01 1.169539933667677487e-20 3.173661467956643199e-18 4.103936703083067329e-03 0.000000000000000000e+00
7.880591935445468987e-01 2.078368697523699515e-01 1.169539933667677487e-20 3.173661467956643199e-18 4.103936703083067329e-03 0.000000000000000000e+00
7.880591935445468987e-01 2.078368697523699515e-01 1.169539933667677487e-20 3.173661467956643199e-18 4.103936703083067329e-03 0.000000000000000000e+00
7.880591935445468987e-01 2.078368697523699515e-01 1.169539933667677487e-20 3.173661467956643199e-18 4.103936703083067329e-03 0.000000000000000000e+00
7.880591935445468987e-01 2.078368697523699515e-01 1.169539933667677487e-20 3.173661467956643199e-18 4.103936703083067329e-03 0.000000000000000000e+00
7.880591935445468987e-01 2.078368697523699515e-01 1.169539933667677487e-20 3.173661467956643199e-18 4.103936703083067329e-03 0.000000000000000000e+00
7.880591935445468987e-01 2.078368697523699515e-01 1.169539933667677487e-20 3.173661467956643199e-18 4.103936703083067329e-03 0.000000000000000000e+00
7.880591935445468987e-01 2.078368697523699515e-01 1.169539933667677487e-20 3.173661467956643199e-18 4.103936703083067329e-03 0.000000000000000000e+00
7.880591935445468987e-01 2.078368697523699515e-01 1.169539933667677487e-20 3.173661467956643199e-18 4.103936703083067329e-03 0.000000000000000000e+00
7.880591935445468987e-01 2.078368697523699515e-01 1.169539933667677487e-20 3.173661467956643199e-18 4.103936703083067329e-03 0.000000000000000000e+00
7.880591935445468987e-01 2.078368697523699515e-01 1.169539933667677487e-20 3.173661467956643199e-18 4.103936703083067329e-03 0.000000000000000000e+00
7.880591935445468987e-01 2.078368697523699515e-01 1.169539933667677487e-20 3.173661467956643199e-18 4.103936703083067329e-03 0.000000000000000000e+00
7.880591935445468987e-01 2.078368697523699515e-01 1.169539933667677487e-20 3.173661467956643199e-18 4.103936703083067329e-03 0.000000000000000000e+00
7.880591935445468987e-01 2.078368697523699515e-01 1.169539933667677487e-20 3.173661467956643199e-18 4.103936703083067329e-03 0.000000000000000000e+00
7.880591935445468987e-01 2.078368697523699515e-01 1.169539933667677487e-20 3.173661467956643199e-18 4.103936703083067329e-03 0.000000000000000000e+00
7.880591935445468987e-01 2.078368697523699515e-01 1.169539933667677487e-20 3.173661467956643199e-18 4.103936703083067329e-03 0.000000000000000000e+00
7.880591935445468987e-01 2.078368697523699515e-01 1.169539933667677487e-20 3.173661467956643199e-18 4.103936703083067329e-03 0.000000000000000000e+00
7.880591935445468987e-01 2.078368697523699515e-01 1.169539933667677487e-20 3.173661467956643199e-18 4.103936703083067329e-03 0.000000000000000000e+00
7.880591935445468987e-01 2.078368697523699515e-01 1.169539933667677487e-20 3.173661467956643199e-18 4.103936703083067329e-03 0.000000000000000000e+00
7.880591935445468987e-01 2.078368697523699515e-01 1.169539933667677487e-20 3.173661467956643199e-18 4.103936703083067329e-03 0.000000000000000000e+00
7.880591935445468987e-01 2.078368697523699515e-01 1.169539933667677487e-20 3.173661467956643199e-18 4.103936703083067329e-03 0.000000000000000000e+00
7.880591935445468987e-01 2.078368697523699515e-01 1.169539933667677487e-20 3.173661467956643199e-18 4.103936703083067329e-03 0.000000000000000000e+00
7.880591935445468987e-01 2.078368697523699515e-01 1.169539933667677487e-20 3.173661467956643199e-18 4.103936703083067329e-03 0.000000000000000000e+00
7.880591935445468987e-01 2.078368697523699515e-01 1.169539933667677487e-20 3.173661467956643199e-18 4.103936703083067329e-03 0.000000000000000000e+00
7.880591935445468987e-01 2.078368697523699515e-01 1.169539933667677487e-20 3.173661467956643199e-18 4.103936703083067329e-03 0.000000000000000000e+00
7.880591935445468987e-01 2.078368697523699515e-01 1.169539933667677487e-20 3.173661467956643199e-18 4.103936703083067329e-03 0.000000000000000000e+00
7.880591935445468987e-01 2.078368697523699515e-01 1.169539933667677487e-20 3.173661467956643199e-18 4.103936703083067329e-03 0.000000000000000000e+00
7.880591935445468987e-01 2.078368697523699515e-01 1.169539933667677487e-20 3.173661467956643199e-18 4.103936703083067329e-03 0.000000000000000000e+00
7.880591935445468987e-01 2.078368697523699515e-01 1.169539933667677487e-20 3.173661467956643199e-18 4.103936703083067329e-03 0.000000000000000000e+00
7.880591935445468987e-01 2.078368697523699515e-01 1.169539933667677487e-20 3.173661467956643199e-18 4.103936703083067329e-03 0.000000000000000000e+00
7.880591935445468987e-01 2.078368697523699515e-01 1.169539933667677487e-20 3.173661467956643199e-18 4.103936703083067329e-03 0.000000000000000000e+00
7.880591935445468987e-01 2.078368697523699515e-01 1.169539933667677487e-20 3.173661467956643199e-18 4.103936703083067329e-03 0.000000000000000000e+00
7.880591935445468987e-01 2.078368697523699515e-01 1.169539933667677487e-20 3.173661467956643199e-18 4.103936703083067329e-03 0.000000000000000000e+00
7.880591935445468987e-01 2.078368697523699515e-01 1.169539933667677487e-20 3.173661467956643199e-18 4.103936703083067329e-03 0.000000000000000000e+00
7.880591935445468987e-01 2.078368697523699515e-01 1.169539933667677487e-20 3.173661467956643199e-18 4.103936703083067329e-03 0.000000000000000000e+00
7.880591935445468987e-01 2.078368697523699515e-01 1.169539933667677487e-20 3.173661467956643199e-18 4.103936703083067329e-03 0.000000000000000000e+00
7.880591935445468987e-01 2.078368697523699515e-01 1.169539933667677487e-20 3.173661467956643199e-18 4.103936703083067329e-03 0.000000000000000000e+00
7.880591935445468987e-01 2.078368697523699515e-01 1.169539933667677487e-20 3.173661467956643199e-18 4.103936703083067329e-03 0.000000000000000000e+00
7.880591935445468987e-01 2.078368697523699515e-01 1.169539933667677487e-20 3.173661467956643199e-18 4.103936703083067329e-03 0.000000000000000000e+00
7.880591935445468987e-01 2.078368697523699515e-01 1.169539933667677487e-20 3.173661467956643199e-18 4.103936703083067329e-03 0.000000000000000000e+00
7.880591935445468987e-01 2.078368697523699515e-01 1.169539933667677487e-20 3.173661467956643199e-18 4.103936703083067329e-03 0.000000000000000000e+00
7.880591935445468987e-01 2.078368697523699515e-01 1.169539933667677487e-20 3.173661467956643199e-18 4.103936703083067329e-03 0.000000000000000000e+00
7.880591935445468987e-01 2.078368697523699515e-01 1.169539933667677487e-20 3.173661467956643199e-18 4.103936703083067329e-03 0.000000000000000000e+00
7.880591935445468987e-01 2.078368697523699515e-01 1.169539933667677487e-20 3.173661467956643199e-18 4.103936703083067329e-03 0.000000000000000000e+00
7.880591935445468987e-01 2.078368697523699515e-01 1.169539933667677487e-20 3.173661467956643199e-18 4.103936703083067329e-03 0.000000000000000000e+00
7.880591935445468987e-01 2.078368697523699515e-01 1.169539933667677487e-20 3.173661467956643199e-18 4.103936703083067329e-03 0.000000000000000000e+00
7.880591935445468987e-01 2.078368697523699515e-01 1.169539933667677487e-20 3.173661467956643199e-18 4.103936703083067329e-03 0.000000000000000000e+00
7.880591935445468987e-01 2.078368697523699515e-01 1.169539933667677487e-20 3.173661467956643199e-18 4.103936703083067329e-03 0.000000000000000000e+00
7.880591935445468987e-01 2.078368697523699515e-01 1.169539933667677487e-20 3.173661467956643199e-18 4.103936703083067329e-03 0.000000000000000000e+00
7.880591935445468987e-01 2.078368697523699515e-01 1.169539933667677487e-20 3.173661467956643199e-18 4.103936703083067329e-03 0.000000000000000000e+00
7.880591935445468987e-01 2.078368697523699515e-01 1.169539933667677487e-20 3.173661467956643199e-18 4.103936703083067329e-03 0.000000000000000000e+00
7.880591935445468987e-01 2.078368697523699515e-01 1.169539933667677487e-20 3.173661467956643199e-18 4.103936703083067329e-03 0.000000000000000000e+00
7.880591935445468987e-01 2.078368697523699515e-01 1.169539933667677487e-20 3.173661467956643199e-18 4.103936703083067329e-03 0.000000000000000000e+00
7.880591935445468987e-01 2.078368697523699515e-01 1.169539933667677487e-20 3.173661467956643199e-18 4.103936703083067329e-03 0.000000000000000000e+00
7.880591935445468987e-01 2.078368697523699515e-01 1.169539933667677487e-20 3.173661467956643199e-18 4.103936703083067329e-03 0.000000000000000000e+00
7.880591935445468987e-01 2.078368697523699515e-01 1.169539933667677487e-20 3.173661467956643199e-18 4.103936703083067329e-03 0.000000000000000000e+00
7.880591935445468987e-01 2.078368697523699515e-01 1.169539933667677487e-20 3.173661467956643199e-18 4.103936703083067329e-03 0.000000000000000000e+00
7.880591935445468987e-01 2.078368697523699515e-01 1.169539933667677487e-20 3.173661467956643199e-18 4.103936703083067329e-03 0.000000000000000000e+00
7.880591935445468987e-01 2.078368697523699515e-01 1.169539933667677487e-20 3.173661467956643199e-18 4.103936703083067329e-03 0.000000000000000000e+00
7.880591935445468987e-01 2.078368697523699515e-01 1.169539933667677487e-20 3.173661467956643199e-18 4.103936703083067329e-03 0.000000000000000000e+00
7.880591935445468987e-01 2.078368697523699515e-01 1.169539933667677487e-20 3.173661467956643199e-18 4.103936703083067329e-03 0.000000000000000000e+00
7.880591935445468987e-01 2.078368697523699515e-01 1.169539933667677487e-20 3.173661467956643199e-18 4.103936703083067329e-03 0.000000000000000000e+00
7.880591935445468987e-01 2.078368697523699515e-01 1.169539933667677487e-20 3.173661467956643199e-18 4.103936703083067329e-03 0.000000000000000000e+00
7.880591935445468987e-01 2.078368697523699515e-01 1.169539933667677487e-20 3.173661467956643199e-18 4.103936703083067329e-03 0.000000000000000000e+00
7.880591935445468987e-01 2.078368697523699515e-01 1.169539933667677487e-20 3.173661467956643199e-18 4.103936703083067329e-03 0.000000000000000000e+00
7.880591935445468987e-01 2.078368697523699515e-01 1.169539933667677487e-20 3.173661467956643199e-18 4.103936703083067329e-03 0.000000000000000000e+00
7.880591935445468987e-01 2.078368697523699515e-01 1.169539933667677487e-20 3.173661467956643199e-18 4.103936703083067329e-03 0.000000000000000000e+00
7.880591935445468987e-01 2.078368697523699515e-01 1.169539933667677487e-20 3.173661467956643199e-18 4.103936703083067329e-03 0.000000000000000000e+00
7.880591935445468987e-01 2.078368697523699515e-01 1.169539933667677487e-20 3.173661467956643199e-18 4.103936703083067329e-03 0.000000000000000000e+00
7.880591935445468987e-01 2.078368697523699515e-01 1.169539933667677487e-20 3.173661467956643199e-18 4.103936703083067329e-03 0.000000000000000000e+00
7.880591935445468987e-01 2.078368697523699515e-01 1.169539933667677487e-20 3.173661467956643199e-18 4.103936703083067329e-03 0.000000000000000000e+00
7.880591935445468987e-01 2.078368697523699515e-01 1.169539933667677487e-20 3.173661467956643199e-18 4.103936703083067329e-03 0.000000000000000000e+00
7.880591935445468987e-01 2.078368697523699515e-01 1.169539933667677487e-20 3.173661467956643199e-18 4.103936703083067329e-03 0.000000000000000000e+00
7.880591935445468987e-01 2.078368697523699515e-01 1.169539933667677487e-20 3.173661467956643199e-18 4.103936703083067329e-03 0.000000000000000000e+00
7.880591935445468987e-01 2.078368697523699515e-01 1.169539933667677487e-20 3.173661467956643199e-18 4.103936703083067329e-03 0.000000000000000000e+00
7.880591935445468987e-01 2.078368697523699515e-01 1.169539933667677487e-20 3.173661467956643199e-18 4.103936703083067329e-03 0.000000000000000000e+00
7.880591935445468987e-01 2.078368697523699515e-01 1.169539933667677487e-20 3.173661467956643199e-18 4.103936703083067329e-03 0.000000000000000000e+00
7.880591935445468987e-01 2.078368697523699515e-01 1.169539933667677487e-20 3.173661467956643199e-18 4.103936703083067329e-03 0.000000000000000000e+00
7.880591935445468987e-01 2.078368697523699515e-01 1.169539933667677487e-20 3.173661467956643199e-18 4.103936703083067329e-03 0.000000000000000000e+00
7.880591935445468987e-01 2.078368697523699515e-01 1.169539933667677487e-20 3.173661467956643199e-18 4.103936703083067329e-03 0.000000000000000000e+00
7.880591935445468987e-01 2.078368697523699515e-01 1.169539933667677487e-20 3.173661467956643199e-18 4.103936703083067329e-03 0.000000000000000000e+00
7.880591935445468987e-01 2.078368697523699515e-01 1.169539933667677487e-20 3.173661467956643199e-18 4.103936703083067329e-03 0.000000000000000000e+00
7.880591935445468987e-01 2.078368697523699515e-01 1.169539933667677487e-20 3.173661467956643199e-18 4.103936703083067329e-03 0.000000000000000000e+00
7.880591935445468987e-01 2.078368697523699515e-01 1.169539933667677487e-20 3.173661467956643199e-18 4.103936703083067329e-03 0.000000000000000000e+00
7.880591935445468987e-01 2.078368697523699515e-01 1.169539933667677487e-20 3.173661467956643199e-18 4.103936703083067329e-03 0.000000000000000000e+00
7.880591935445468987e-01 2.078368697523699515e-01 1.169539933667677487e-20 3.173661467956643199e-18 4.103936703083067329e-03 0.000000000000000000e+00
7.880591935445468987e-01 2.078368697523699515e-01 1.169539933667677487e-20 3.173661467956643199e-18 4.103936703083067329e-03 0.000000000000000000e+00
7.880591935445468987e-01 2.078368697523699515e-01 1.169539933667677487e-20 3.173661467956643199e-18 4.103936703083067329e-03 0.000000000000000000e+00
7.880591935445468987e-01 2.078368697523699515e-01 1.169539933667677487e-20 3.173661467956643199e-18 4.103936703083067329e-03 0.000000000000000000e+00
7.880591935445468987e-01 2.078368697523699515e-01 1.169539933667677487e-20 3.173661467956643199e-18 4.103936703083067329e-03 0.000000000000000000e+00
7.880591935445468987e-01 2.078368697523699515e-01 1.169539933667677487e-20 3.173661467956643199e-18 4.103936703083067329e-03 0.000000000000000000e+00
7.880591935445468987e-01 2.078368697523699515e-01 1.169539933667677487e-20 3.173661467956643199e-18 4.103936703083067329e-03 0.000000000000000000e+00
7.880591935445468987e-01 2.078368697523699515e-01 1.169539933667677487e-20 3.173661467956643199e-18 4.103936703083067329e-03 0.000000000000000000e+00
7.880591935445468987e-01 2.078368697523699515e-01 1.169539933667677487e-20 3.173661467956643199e-18 4.103936703083067329e-03 0.000000000000000000e+00
7.880591935445468987e-01 2.078368697523699515e-01 1.169539933667677487e-20 3.173661467956643199e-18 4.103936703083067329e-03 0.000000000000000000e+00
7.880591935445468987e-01 2.078368697523699515e-01 1.169539933667677487e-20 3.173661467956643199e-18 4.103936703083067329e-03 0.000000000000000000e+00
7.880591935445468987e-01 2.078368697523699515e-01 1.169539933667677487e-20 3.173661467956643199e-18 4.103936703083067329e-03 0.000000000000000000e+00
7.880591935445468987e-01 2.078368697523699515e-01 1.169539933667677487e-20 3.173661467956643199e-18 4.103936703083067329e-03 0.000000000000000000e+00
7.880591935445468987e-01 2.078368697523699515e-01 1.169539933667677487e-20 3.173661467956643199e-18 4.103936703083067329e-03 0.000000000000000000e+00
7.880591935445468987e-01 2.078368697523699515e-01 1.169539933667677487e-20 3.173661467956643199e-18 4.103936703083067329e-03 0.000000000000000000e+00
7.880591935445468987e-01 2.078368697523699515e-01 1.169539933667677487e-20 3.173661467956643199e-18 4.103936703083067329e-03 0.000000000000000000e+00
7.880591935445468987e-01 2.078368697523699515e-01 1.169539933667677487e-20 3.173661467956643199e-18 4.103936703083067329e-03 0.000000000000000000e+00
7.880591935445468987e-01 2.078368697523699515e-01 1.169539933667677487e-20 3.173661467956643199e-18 4.103936703083067329e-03 0.000000000000000000e+00
7.880591935445468987e-01 2.078368697523699515e-01 1.169539933667677487e-20 3.173661467956643199e-18 4.103936703083067329e-03 0.000000000000000000e+00
7.880591935445468987e-01 2.078368697523699515e-01 1.169539933667677487e-20 3.173661467956643199e-18 4.103936703083067329e-03 0.000000000000000000e+00
7.880591935445468987e-01 2.078368697523699515e-01 1.169539933667677487e-20 3.173661467956643199e-18 4.103936703083067329e-03 0.000000000000000000e+00
7.880591935445468987e-01 2.078368697523699515e-01 1.169539933667677487e-20 3.173661467956643199e-18 4.103936703083067329e-03 0.000000000000000000e+00
7.880591935445468987e-01 2.078368697523699515e-01 1.169539933667677487e-20 3.173661467956643199e-18 4.103936703083067329e-03 0.000000000000000000e+00
7.880591935445468987e-01 2.078368697523699515e-01 1.169539933667677487e-20 3.173661467956643199e-18 4.103936703083067329e-03 0.000000000000000000e+00
7.880591935445468987e-01 2.078368697523699515e-01 1.169539933667677487e-20 3.173661467956643199e-18 4.103936703083067329e-03 0.000000000000000000e+00
7.880591935445468987e-01 2.078368697523699515e-01 1.169539933667677487e-20 3.173661467956643199e-18 4.103936703083067329e-03 0.000000000000000000e+00
7.880591935445468987e-01 2.078368697523699515e-01 1.169539933667677487e-20 3.173661467956643199e-18 4.103936703083067329e-03 0.000000000000000000e+00
7.880591935445468987e-01 2.078368697523699515e-01 1.169539933667677487e-20 3.173661467956643199e-18 4.103936703083067329e-03 0.000000000000000000e+00
7.880591935445468987e-01 2.078368697523699515e-01 1.169539933667677487e-20 3.173661467956643199e-18 4.103936703083067329e-03 0.000000000000000000e+00
7.880591935445468987e-01 2.078368697523699515e-01 1.169539933667677487e-20 3.173661467956643199e-18 4.103936703083067329e-03 0.000000000000000000e+00
7.880591935445468987e-01 2.078368697523699515e-01 1.169539933667677487e-20 3.173661467956643199e-18 4.103936703083067329e-03 0.000000000000000000e+00
7.880591935445468987e-01 2.078368697523699515e-01 1.169539933667677487e-20 3.173661467956643199e-18 4.103936703083067329e-03 0.000000000000000000e+00
7.880591935445468987e-01 2.078368697523699515e-01 1.169539933667677487e-20 3.173661467956643199e-18 4.103936703083067329e-03 0.000000000000000000e+00
7.880591935445468987e-01 2.078368697523699515e-01 1.169539933667677487e-20 3.173661467956643199e-18 4.103936703083067329e-03 0.000000000000000000e+00
7.880591935445468987e-01 2.078368697523699515e-01 1.169539933667677487e-20 3.173661467956643199e-18 4.103936703083067329e-03 0.000000000000000000e+00
7.880591935445468987e-01 2.078368697523699515e-01 1.169539933667677487e-20 3.173661467956643199e-18 4.103936703083067329e-03 0.000000000000000000e+00
7.880591935445468987e-01 2.078368697523699515e-01 1.169539933667677487e-20 3.173661467956643199e-18 4.103936703083067329e-03 0.000000000000000000e+00
7.880591935445468987e-01 2.078368697523699515e-01 1.169539933667677487e-20 3.173661467956643199e-18 4.103936703083067329e-03 0.000000000000000000e+00
7.880591935445468987e-01 2.078368697523699515e-01 1.169539933667677487e-20 3.173661467956643199e-18 4.103936703083067329e-03 0.000000000000000000e+00
7.880591935445468987e-01 2.078368697523699515e-01 1.169539933667677487e-20 3.173661467956643199e-18 4.103936703083067329e-03 0.000000000000000000e+00
7.880591935445468987e-01 2.078368697523699515e-01 1.169539933667677487e-20 3.173661467956643199e-18 4.103936703083067329e-03 0.000000000000000000e+00
7.880591935445468987e-01 2.078368697523699515e-01 1.169539933667677487e-20 3.173661467956643199e-18 4.103936703083067329e-03 0.000000000000000000e+00
7.880591935445468987e-01 2.078368697523699515e-01 1.169539933667677487e-20 3.173661467956643199e-18 4.103936703083067329e-03 0.000000000000000000e+00
7.880591935445468987e-01 2.078368697523699515e-01 1.169539933667677487e-20 3.173661467956643199e-18 4.103936703083067329e-03 0.000000000000000000e+00
7.880591935445468987e-01 2.078368697523699515e-01 1.169539933667677487e-20 3.173661467956643199e-18 4.103936703083067329e-03 0.000000000000000000e+00
7.880591935445468987e-01 2.078368697523699515e-01 1.169539933667677487e-20 3.173661467956643199e-18 4.103936703083067329e-03 0.000000000000000000e+00
7.880591935445468987e-01 2.078368697523699515e-01 1.169539933667677487e-20 3.173661467956643199e-18 4.103936703083067329e-03 0.000000000000000000e+00
7.880591935445468987e-01 2.078368697523699515e-01 1.169539933667677487e-20 3.173661467956643199e-18 4.103936703083067329e-03 0.000000000000000000e+00
7.880591935445468987e-01 2.078368697523699515e-01 1.169539933667677487e-20 3.173661467956643199e-18 4.103936703083067329e-03 0.000000000000000000e+00
7.880591935445468987e-01 2.078368697523699515e-01 1.169539933667677487e-20 3.173661467956643199e-18 4.103936703083067329e-03 0.000000000000000000e+00
7.880591935445468987e-01 2.078368697523699515e-01 1.169539933667677487e-20 3.173661467956643199e-18 4.103936703083067329e-03 0.000000000000000000e+00
7.880591935445468987e-01 2.078368697523699515e-01 1.169539933667677487e-20 3.173661467956643199e-18 4.103936703083067329e-03 0.000000000000000000e+00
7.880591935445468987e-01 2.078368697523699515e-01 1.169539933667677487e-20 3.173661467956643199e-18 4.103936703083067329e-03 0.000000000000000000e+00
7.880591935445468987e-01 2.078368697523699515e-01 1.169539933667677487e-20 3.173661467956643199e-18 4.103936703083067329e-03 0.000000000000000000e+00
7.880591935445468987e-01 2.078368697523699515e-01 1.169539933667677487e-20 3.173661467956643199e-18 4.103936703083067329e-03 0.000000000000000000e+00
7.880591935445468987e-01 2.078368697523699515e-01 1.169539933667677487e-20 3.173661467956643199e-18 4.103936703083067329e-03 0.000000000000000000e+00
7.880591935445468987e-01 2.078368697523699515e-01 1.169539933667677487e-20 3.173661467956643199e-18 4.103936703083067329e-03 0.000000000000000000e+00
7.880591935445468987e-01 2.078368697523699515e-01 1.169539933667677487e-20 3.173661467956643199e-18 4.103936703083067329e-03 0.000000000000000000e+00
7.880591935445468987e-01 2.078368697523699515e-01 1.169539933667677487e-20 3.173661467956643199e-18 4.103936703083067329e-03 0.000000000000000000e+00
7.880591935445468987e-01 2.078368697523699515e-01 1.169539933667677487e-20 3.173661467956643199e-18 4.103936703083067329e-03 0.000000000000000000e+00
7.880591935445468987e-01 2.078368697523699515e-01 1.169539933667677487e-20 3.173661467956643199e-18 4.103936703083067329e-03 0.000000000000000000e+00
7.880591935445468987e-01 2.078368697523699515e-01 1.169539933667677487e-20 3.173661467956643199e-18 4.103936703083067329e-03 0.000000000000000000e+00
7.880591935445468987e-01 2.078368697523699515e-01 1.169539933667677487e-20 3.173661467956643199e-18 4.103936703083067329e-03 0.000000000000000000e+00
7.880591935445468987e-01 2.078368697523699515e-01 1.169539933667677487e-20 3.173661467956643199e-18 4.103936703083067329e-03 0.000000000000000000e+00
7.880591935445468987e-01 2.078368697523699515e-01 1.169539933667677487e-20 3.173661467956643199e-18 4.103936703083067329e-03 0.000000000000000000e+00
7.880591935445468987e-01 2.078368697523699515e-01 1.169539933667677487e-20 3.173661467956643199e-18 4.103936703083067329e-03 0.000000000000000000e+00
7.880591935445468987e-01 2.078368697523699515e-01 1.169539933667677487e-20 3.173661467956643199e-18 4.103936703083067329e-03 0.000000000000000000e+00
7.880591935445468987e-01 2.078368697523699515e-01 1.169539933667677487e-20 3.173661467956643199e-18 4.103936703083067329e-03 0.000000000000000000e+00
7.880591935445468987e-01 2.078368697523699515e-01 1.169539933667677487e-20 3.173661467956643199e-18 4.103936703083067329e-03 0.000000000000000000e+00
7.880591935445468987e-01 2.078368697523699515e-01 1.169539933667677487e-20 3.173661467956643199e-18 4.103936703083067329e-03 0.000000000000000000e+00
7.880591935445468987e-01 2.078368697523699515e-01 1.169539933667677487e-20 3.173661467956643199e-18 4.103936703083067329e-03 0.000000000000000000e+00
7.880591935445468987e-01 2.078368697523699515e-01 1.169539933667677487e-20 3.173661467956643199e-18 4.103936703083067329e-03 0.000000000000000000e+00
7.880591935445468987e-01 2.078368697523699515e-01 1.169539933667677487e-20 3.173661467956643199e-18 4.103936703083067329e-03 0.000000000000000000e+00
7.880591935445468987e-01 2.078368697523699515e-01 1.169539933667677487e-20 3.173661467956643199e-18 4.103936703083067329e-03 0.000000000000000000e+00
7.880591935445468987e-01 2.078368697523699515e-01 1.169539933667677487e-20 3.173661467956643199e-18 4.103936703083067329e-03 0.000000000000000000e+00
7.880591935445468987e-01 2.078368697523699515e-01 1.169539933667677487e-20 3.173661467956643199e-18 4.103936703083067329e-03 0.000000000000000000e+00
7.880591935445468987e-01 2.078368697523699515e-01 1.169539933667677487e-20 3.173661467956643199e-18 4.103936703083067329e-03 0.000000000000000000e+00
7.880591935445468987e-01 2.078368697523699515e-01 1.169539933667677487e-20 3.173661467956643199e-18 4.103936703083067329e-03 0.000000000000000000e+00
7.880591935445468987e-01 2.078368697523699515e-01 1.169539933667677487e-20 3.173661467956643199e-18 4.103936703083067329e-03 0.000000000000000000e+00
7.880591935445468987e-01 2.078368697523699515e-01 1.169539933667677487e-20 3.173661467956643199e-18 4.103936703083067329e-03 0.000000000000000000e+00
7.880591935445468987e-01 2.078368697523699515e-01 1.169539933667677487e-20 3.173661467956643199e-18 4.103936703083067329e-03 0.000000000000000000e+00
7.880591935445468987e-01 2.078368697523699515e-01 1.169539933667677487e-20 3.173661467956643199e-18 4.103936703083067329e-03 0.000000000000000000e+00
7.880591935445468987e-01 2.078368697523699515e-01 1.169539933667677487e-20 3.173661467956643199e-18 4.103936703083067329e-03 0.000000000000000000e+00
7.880591935445468987e-01 2.078368697523699515e-01 1.169539933667677487e-20 3.173661467956643199e-18 4.103936703083067329e-03 0.000000000000000000e+00
7.880591935445468987e-01 2.078368697523699515e-01 1.169539933667677487e-20 3.173661467956643199e-18 4.103936703083067329e-03 0.000000000000000000e+00
7.880591935445468987e-01 2.078368697523699515e-01 1.169539933667677487e-20 3.173661467956643199e-18 4.103936703083067329e-03 0.000000000000000000e+00
7.880591935445468987e-01 2.078368697523699515e-01 1.169539933667677487e-20 3.173661467956643199e-18 4.103936703083067329e-03 0.000000000000000000e+00
7.880591935445468987e-01 2.078368697523699515e-01 1.169539933667677487e-20 3.173661467956643199e-18 4.103936703083067329e-03 0.000000000000000000e+00
7.880591935445468987e-01 2.078368697523699515e-01 1.169539933667677487e-20 3.173661467956643199e-18 4.103936703083067329e-03 0.000000000000000000e+00
7.880591935445468987e-01 2.078368697523699515e-01 1.169539933667677487e-20 3.173661467956643199e-18 4.103936703083067329e-03 0.000000000000000000e+00
7.880591935445468987e-01 2.078368697523699515e-01 1.169539933667677487e-20 3.173661467956643199e-18 4.103936703083067329e-03 0.000000000000000000e+00
7.880591935445468987e-01 2.078368697523699515e-01 1.169539933667677487e-20 3.173661467956643199e-18 4.103936703083067329e-03 0.000000000000000000e+00
7.880591935445468987e-01 2.078368697523699515e-01 1.169539933667677487e-20 3.173661467956643199e-18 4.103936703083067329e-03 0.000000000000000000e+00
7.880591935445468987e-01 2.078368697523699515e-01 1.169539933667677487e-20 3.173661467956643199e-18 4.103936703083067329e-03 0.000000000000000000e+00
7.880591935445468987e-01 2.078368697523699515e-01 1.169539933667677487e-20 3.173661467956643199e-18 4.103936703083067329e-03 0.000000000000000000e+00
7.880591935445468987e-01 2.078368697523699515e-01 1.169539933667677487e-20 3.173661467956643199e-18 4.103936703083067329e-03 0.000000000000000000e+00
7.880591935445468987e-01 2.078368697523699515e-01 1.169539933667677487e-20 3.173661467956643199e-18 4.103936703083067329e-03 0.000000000000000000e+00
7.880591935445468987e-01 2.078368697523699515e-01 1.169539933667677487e-20 3.173661467956643199e-18 4.103936703083067329e-03 0.000000000000000000e+00
