9.713695333426609624e-01 2.795152601245443069e-02 3.419958490773742803e-12 7.083105080275391695e-13 6.789406407562427167e-04 0.000000000000000000e+00
9.713695333426610734e-01 2.795152601245443069e-02 2.545468814207541687e-12 5.607171602603419855e-13 6.789406417756254286e-04 0.000000000000000000e+00
9.713695333426608514e-01 2.795152601245443069e-02 1.727887720765364692e-12 4.126442406912425773e-13 6.789406427405946355e-04 0.000000000000000000e+00
9.713695333426609624e-01 2.795152601245443069e-02 1.165219286245608015e-12 3.020670053296404831e-13 6.789406434134499617e-04 0.000000000000000000e+00
9.713695333426609624e-01 2.795152601245443069e-02 7.806630515280087518e-13 2.199590798065511292e-13 6.789406438828253683e-04 0.000000000000000000e+00
9.713695333426608514e-01 2.795152601245443069e-02 5.194872539263987403e-13 1.592959112127825929e-13 6.789406442041575219e-04 0.000000000000000000e+00
9.713695333426609624e-01 2.795152601245443069e-02 3.433860548382485759e-13 1.147426339604013198e-13 6.789406444252305732e-04 0.000000000000000000e+00
9.713695333426609624e-01 2.795152601245443069e-02 2.254532713620780291e-13 8.220112670733868627e-14 6.789406445763909075e-04 0.000000000000000000e+00
9.713695333426610734e-01 2.795152601245444457e-02 1.469872047532757419e-13 5.855565762115114473e-14 6.789406446783301978e-04 0.000000000000000000e+00
9.713695333426608514e-01 2.795152601245443069e-02 9.517575805878851294e-14 4.148185697972452394e-14 6.789406447476665531e-04 0.000000000000000000e+00
9.713695333426609624e-01 2.795152601245443069e-02 6.118180337831631652e-14 2.921490976509574060e-14 6.789406447938163775e-04 0.000000000000000000e+00
9.713695333426609624e-01 2.795152601245443069e-02 3.905267131518815058e-14 2.045856018449449955e-14 6.789406448248584951e-04 0.000000000000000000e+00
9.713695333426610734e-01 2.795152601245443069e-02 2.474497141918744012e-14 1.424192819341908350e-14 6.789406448454187630e-04 0.000000000000000000e+00
9.713695333426609624e-01 2.795152601245443069e-02 1.556344836085235119e-14 9.855196049059428918e-15 6.789406448589928658e-04 0.000000000000000000e+00
9.713695333426608514e-01 2.795152601245443069e-02 9.717535370683853041e-15 6.779593476544519001e-15 6.789406448680105005e-04 0.000000000000000000e+00
9.713695333426608514e-01 2.795152601245443069e-02 6.019816497699406985e-15 4.634236165729269606e-15 6.789406448738158611e-04 0.000000000000000000e+00
9.713695333426609624e-01 2.795152601245443069e-02 3.701124044694109461e-15 3.148523005703491150e-15 6.789406448776314938e-04 0.000000000000000000e+00
9.713695333426609624e-01 2.795152601245443069e-02 2.258305298118619069e-15 2.126033512027348975e-15 6.789406448801216893e-04 0.000000000000000000e+00
9.713695333426609624e-01 2.795152601245443069e-02 1.366948744402331452e-15 1.426343021005996318e-15 6.789406448817101539e-04 0.000000000000000000e+00
9.713695333426609624e-01 2.795152601245443069e-02 8.208763841121974968e-16 9.508167462679465170e-16 6.789406448827307134e-04 0.000000000000000000e+00
9.713695333426610734e-01 2.795152601245443069e-02 4.890478120334278511e-16 6.297700239321402635e-16 6.789406448833875231e-04 0.000000000000000000e+00
9.713695333426609624e-01 2.795152601245443069e-02 2.890135603799403464e-16 4.144146176497139372e-16 6.789406448838061336e-04 0.000000000000000000e+00
9.713695333426609624e-01 2.795152601245443069e-02 1.694038945702781689e-16 2.709014583988916266e-16 6.789406448840713294e-04 0.000000000000000000e+00
9.713695333426610734e-01 2.795152601245443069e-02 9.844781644779288307e-17 1.758655290393420538e-16 6.789406448842365618e-04 0.000000000000000000e+00
9.713695333426610734e-01 2.795152601245443069e-02 5.673117084513020392e-17 1.133933868750079242e-16 6.789406448843407537e-04 0.000000000000000000e+00
9.713695333426609624e-01 2.795152601245443069e-02 3.241326835058264855e-17 7.260954236615773609e-17 6.789406448844059142e-04 0.000000000000000000e+00
9.713695333426610734e-01 2.795152601245443069e-02 1.835925793269272618e-17 4.616943940306180010e-17 6.789406448844468971e-04 0.000000000000000000e+00
9.713695333426609624e-01 2.795152601245443069e-02 1.030776956107861429e-17 2.914919704620920580e-17 6.789406448844719421e-04 0.000000000000000000e+00
9.713695333426609624e-01 2.795152601245443069e-02 5.735853242935305840e-18 1.827116240575750793e-17 6.789406448844872294e-04 0.000000000000000000e+00
9.713695333426609624e-01 2.795152601245443069e-02 3.163021768825317916e-18 1.136921074273665113e-17 6.789406448844968788e-04 0.000000000000000000e+00
9.713695333426609624e-01 2.795152601245443069e-02 1.728325825262982604e-18 7.022263479270849401e-18 6.789406448845031672e-04 0.000000000000000000e+00
9.713695333426610734e-01 2.795152601245444457e-02 9.356674648562320681e-19 4.304954437854768632e-18 6.789406448845066366e-04 0.000000000000000000e+00
9.713695333426609624e-01 2.795152601245443069e-02 5.018121937882314884e-19 2.619178097394445853e-18 6.789406448845086966e-04 0.000000000000000000e+00
9.713695333426610734e-01 2.795152601245443069e-02 2.665855235902746504e-19 1.581347779139552910e-18 6.789406448845094555e-04 0.000000000000000000e+00
9.713695333426610734e-01 2.795152601245443069e-02 1.402688962318887159e-19 9.473665356639277889e-19 6.789406448845107566e-04 0.000000000000000000e+00
9.713695333426609624e-01 2.795152601245443069e-02 7.308622328123752107e-20 5.630823586798458235e-19 6.789406448845107566e-04 0.000000000000000000e+00
9.713695333426609624e-01 2.795152601245443069e-02 3.769486796205939660e-20 3.319294977847708575e-19 6.789406448845115155e-04 0.000000000000000000e+00
9.713695333426609624e-01 2.795152601245443069e-02 1.924816821744896461e-20 1.940933426975651972e-19 6.789406448845115155e-04 0.000000000000000000e+00
9.713695333426608514e-01 2.795152601245443069e-02 9.730064865077064257e-21 1.125725735207652350e-19 6.789406448845115155e-04 0.000000000000000000e+00
9.713695333426609624e-01 2.795152601245443069e-02 4.868675378008368998e-21 6.475458206223727683e-20 6.789406448845115155e-04 0.000000000000000000e+00
9.713695333426609624e-01 2.795152601245443069e-02 2.410972448744502222e-21 3.693664197592886495e-20 6.789406448845115155e-04 0.000000000000000000e+00
9.713695333426609624e-01 2.795152601245443069e-02 1.180620006924596947e-21 2.087901564082052095e-20 6.789406448845115155e-04 0.000000000000000000e+00
9.713695333426609624e-01 2.795152601245443069e-02 5.720651344242581354e-22 1.170187305216222601e-20 6.789406448845115155e-04 0.000000000000000000e+00
9.713695333426609624e-01 2.795152601245443069e-02 2.742697621673076373e-22 6.502446912989730709e-21 6.789406448845115155e-04 0.000000000000000000e+00
9.713695333426609624e-01 2.795152601245443069e-02 1.299987430169871023e-22 3.579942583496191142e-21 6.789406448845115155e-04 0.000000000000000000e+00
9.713695333426609624e-01 2.795152601245443069e-02 6.092408142497858988e-23 1.952995632359781685e-21 6.789406448845115155e-04 0.000000000000000000e+00
9.713695333426609624e-01 2.795152601245443069e-02 2.824405873502951354e-23 1.056121251606873068e-21 6.789406448845115155e-04 0.000000000000000000e+00
9.713695333426609624e-01 2.795152601245443069e-02 1.293556465397665497e-23 5.655272381429147294e-22 6.789406448845115155e-04 0.000000000000000000e+00
9.713695333426609624e-01 2.795152601245443069e-02 5.856230020756558314e-24 3.000029596239159784e-22 6.789406448845115155e-04 0.000000000000000000e+00
9.713695333426610734e-01 2.795152601245443069e-02 2.620488826219620860e-24 1.576502502808333146e-22 6.789406448845115155e-04 0.000000000000000000e+00
9.713695333426608514e-01 2.795152601245443069e-02 1.473437563893322234e-24 9.944758161070477862e-23 6.789406448845115155e-04 0.000000000000000000e+00
9.713695333426608514e-01 2.795152601245443069e-02 1.473437563893322234e-24 9.944758161070477862e-23 6.789406448845115155e-04 0.000000000000000000e+00
9.713695333426608514e-01 2.795152601245443069e-02 1.473437563893322234e-24 9.944758161070477862e-23 6.789406448845115155e-04 0.000000000000000000e+00
9.713695333426608514e-01 2.795152601245443069e-02 1.473437563893322234e-24 9.944758161070477862e-23 6.789406448845115155e-04 0.000000000000000000e+00
9.713695333426608514e-01 2.795152601245443069e-02 1.473437563893322234e-24 9.944758161070477862e-23 6.789406448845115155e-04 0.000000000000000000e+00
9.713695333426608514e-01 2.795152601245443069e-02 1.473437563893322234e-24 9.944758161070477862e-23 6.789406448845115155e-04 0.000000000000000000e+00
9.713695333426608514e-01 2.795152601245443069e-02 1.473437563893322234e-24 9.944758161070477862e-23 6.789406448845115155e-04 0.000000000000000000e+00
9.713695333426608514e-01 2.795152601245443069e-02 1.473437563893322234e-24 9.944758161070477862e-23 6.789406448845115155e-04 0.000000000000000000e+00
9.713695333426608514e-01 2.795152601245443069e-02 1.473437563893322234e-24 9.944758161070477862e-23 6.789406448845115155e-04 0.000000000000000000e+00
9.713695333426608514e-01 2.795152601245443069e-02 1.473437563893322234e-24 9.944758161070477862e-23 6.789406448845115155e-04 0.000000000000000000e+00
9.713695333426608514e-01 2.795152601245443069e-02 1.473437563893322234e-24 9.944758161070477862e-23 6.789406448845115155e-04 0.000000000000000000e+00
9.713695333426608514e-01 2.795152601245443069e-02 1.473437563893322234e-24 9.944758161070477862e-23 6.789406448845115155e-04 0.000000000000000000e+00
9.713695333426608514e-01 2.795152601245443069e-02 1.473437563893322234e-24 9.944758161070477862e-23 6.789406448845115155e-04 0.000000000000000000e+00
9.713695333426608514e-01 2.795152601245443069e-02 1.473437563893322234e-24 9.944758161070477862e-23 6.789406448845115155e-04 0.000000000000000000e+00
9.713695333426608514e-01 2.795152601245443069e-02 1.473437563893322234e-24 9.944758161070477862e-23 6.789406448845115155e-04 0.000000000000000000e+00
9.713695333426608514e-01 2.795152601245443069e-02 1.473437563893322234e-24 9.944758161070477862e-23 6.789406448845115155e-04 0.000000000000000000e+00
9.713695333426608514e-01 2.795152601245443069e-02 1.473437563893322234e-24 9.944758161070477862e-23 6.789406448845115155e-04 0.000000000000000000e+00
9.713695333426608514e-01 2.795152601245443069e-02 1.473437563893322234e-24 9.944758161070477862e-23 6.789406448845115155e-04 0.000000000000000000e+00
9.713695333426608514e-01 2.795152601245443069e-02 1.473437563893322234e-24 9.944758161070477862e-23 6.789406448845115155e-04 0.000000000000000000e+00
9.713695333426608514e-01 2.795152601245443069e-02 1.473437563893322234e-24 9.944758161070477862e-23 6.789406448845115155e-04 0.000000000000000000e+00
9.713695333426608514e-01 2.795152601245443069e-02 1.473437563893322234e-24 9.944758161070477862e-23 6.789406448845115155e-04 0.000000000000000000e+00
9.713695333426608514e-01 2.795152601245443069e-02 1.473437563893322234e-24 9.944758161070477862e-23 6.789406448845115155e-04 0.000000000000000000e+00
9.713695333426608514e-01 2.795152601245443069e-02 1.473437563893322234e-24 9.944758161070477862e-23 6.789406448845115155e-04 0.000000000000000000e+00
9.713695333426608514e-01 2.795152601245443069e-02 1.473437563893322234e-24 9.944758161070477862e-23 6.789406448845115155e-04 0.000000000000000000e+00
9.713695333426608514e-01 2.795152601245443069e-02 1.473437563893322234e-24 9.944758161070477862e-23 6.789406448845115155e-04 0.000000000000000000e+00
9.713695333426608514e-01 2.795152601245443069e-02 1.473437563893322234e-24 9.944758161070477862e-23 6.789406448845115155e-04 0.000000000000000000e+00
9.713695333426608514e-01 2.795152601245443069e-02 1.473437563893322234e-24 9.944758161070477862e-23 6.789406448845115155e-04 0.000000000000000000e+00
9.713695333426608514e-01 2.795152601245443069e-02 1.473437563893322234e-24 9.944758161070477862e-23 6.789406448845115155e-04 0.000000000000000000e+00
9.713695333426608514e-01 2.795152601245443069e-02 1.473437563893322234e-24 9.944758161070477862e-23 6.789406448845115155e-04 0.000000000000000000e+00
9.713695333426608514e-01 2.795152601245443069e-02 1.473437563893322234e-24 9.944758161070477862e-23 6.789406448845115155e-04 0.000000000000000000e+00
9.713695333426608514e-01 2.795152601245443069e-02 1.473437563893322234e-24 9.944758161070477862e-23 6.789406448845115155e-04 0.000000000000000000e+00
9.713695333426608514e-01 2.795152601245443069e-02 1.473437563893322234e-24 9.944758161070477862e-23 6.789406448845115155e-04 0.000000000000000000e+00
9.713695333426608514e-01 2.795152601245443069e-02 1.473437563893322234e-24 9.944758161070477862e-23 6.789406448845115155e-04 0.000000000000000000e+00
9.713695333426608514e-01 2.795152601245443069e-02 1.473437563893322234e-24 9.944758161070477862e-23 6.789406448845115155e-04 0.000000000000000000e+00
9.713695333426608514e-01 2.795152601245443069e-02 1.473437563893322234e-24 9.944758161070477862e-23 6.789406448845115155e-04 0.000000000000000000e+00
9.713695333426608514e-01 2.795152601245443069e-02 1.473437563893322234e-24 9.944758161070477862e-23 6.789406448845115155e-04 0.000000000000000000e+00
9.713695333426608514e-01 2.795152601245443069e-02 1.473437563893322234e-24 9.944758161070477862e-23 6.789406448845115155e-04 0.000000000000000000e+00
9.713695333426608514e-01 2.795152601245443069e-02 1.473437563893322234e-24 9.944758161070477862e-23 6.789406448845115155e-04 0.000000000000000000e+00
9.713695333426608514e-01 2.795152601245443069e-02 1.473437563893322234e-24 9.944758161070477862e-23 6.789406448845115155e-04 0.000000000000000000e+00
9.713695333426608514e-01 2.795152601245443069e-02 1.473437563893322234e-24 9.944758161070477862e-23 6.789406448845115155e-04 0.000000000000000000e+00
9.713695333426608514e-01 2.795152601245443069e-02 1.473437563893322234e-24 9.944758161070477862e-23 6.789406448845115155e-04 0.000000000000000000e+00
9.713695333426608514e-01 2.795152601245443069e-02 1.473437563893322234e-24 9.944758161070477862e-23 6.789406448845115155e-04 0.000000000000000000e+00
9.713695333426608514e-01 2.795152601245443069e-02 1.473437563893322234e-24 9.944758161070477862e-23 6.789406448845115155e-04 0.000000000000000000e+00
9.713695333426608514e-01 2.795152601245443069e-02 1.473437563893322234e-24 9.944758161070477862e-23 6.789406448845115155e-04 0.000000000000000000e+00
9.713695333426608514e-01 2.795152601245443069e-02 1.473437563893322234e-24 9.944758161070477862e-23 6.789406448845115155e-04 0.000000000000000000e+00
9.713695333426608514e-01 2.795152601245443069e-02 1.473437563893322234e-24 9.944758161070477862e-23 6.789406448845115155e-04 0.000000000000000000e+00
9.713695333426608514e-01 2.795152601245443069e-02 1.473437563893322234e-24 9.944758161070477862e-23 6.789406448845115155e-04 0.000000000000000000e+00
9.713695333426608514e-01 2.795152601245443069e-02 1.473437563893322234e-24 9.944758161070477862e-23 6.789406448845115155e-04 0.000000000000000000e+00
9.713695333426608514e-01 2.795152601245443069e-02 1.473437563893322234e-24 9.944758161070477862e-23 6.789406448845115155e-04 0.000000000000000000e+00
9.713695333426608514e-01 2.795152601245443069e-02 1.473437563893322234e-24 9.944758161070477862e-23 6.789406448845115155e-04 0.000000000000000000e+00
9.713695333426608514e-01 2.795152601245443069e-02 1.473437563893322234e-24 9.944758161070477862e-23 6.789406448845115155e-04 0.000000000000000000e+00
9.713695333426608514e-01 2.795152601245443069e-02 1.473437563893322234e-24 9.944758161070477862e-23 6.789406448845115155e-04 0.000000000000000000e+00
9.713695333426608514e-01 2.795152601245443069e-02 1.473437563893322234e-24 9.944758161070477862e-23 6.789406448845115155e-04 0.000000000000000000e+00
9.713695333426608514e-01 2.795152601245443069e-02 1.473437563893322234e-24 9.944758161070477862e-23 6.789406448845115155e-04 0.000000000000000000e+00
9.713695333426608514e-01 2.795152601245443069e-02 1.473437563893322234e-24 9.944758161070477862e-23 6.789406448845115155e-04 0.000000000000000000e+00
9.713695333426608514e-01 2.795152601245443069e-02 1.473437563893322234e-24 9.944758161070477862e-23 6.789406448845115155e-04 0.000000000000000000e+00
9.713695333426608514e-01 2.795152601245443069e-02 1.473437563893322234e-24 9.944758161070477862e-23 6.789406448845115155e-04 0.000000000000000000e+00
9.713695333426608514e-01 2.795152601245443069e-02 1.473437563893322234e-24 9.944758161070477862e-23 6.789406448845115155e-04 0.000000000000000000e+00
9.713695333426608514e-01 2.795152601245443069e-02 1.473437563893322234e-24 9.944758161070477862e-23 6.789406448845115155e-04 0.000000000000000000e+00
9.713695333426608514e-01 2.795152601245443069e-02 1.473437563893322234e-24 9.944758161070477862e-23 6.789406448845115155e-04 0.000000000000000000e+00
9.713695333426608514e-01 2.795152601245443069e-02 1.473437563893322234e-24 9.944758161070477862e-23 6.789406448845115155e-04 0.000000000000000000e+00
9.713695333426608514e-01 2.795152601245443069e-02 1.473437563893322234e-24 9.944758161070477862e-23 6.789406448845115155e-04 0.000000000000000000e+00
9.713695333426608514e-01 2.795152601245443069e-02 1.473437563893322234e-24 9.944758161070477862e-23 6.789406448845115155e-04 0.000000000000000000e+00
9.713695333426608514e-01 2.795152601245443069e-02 1.473437563893322234e-24 9.944758161070477862e-23 6.789406448845115155e-04 0.000000000000000000e+00
9.713695333426608514e-01 2.795152601245443069e-02 1.473437563893322234e-24 9.944758161070477862e-23 6.789406448845115155e-04 0.000000000000000000e+00
9.713695333426608514e-01 2.795152601245443069e-02 1.473437563893322234e-24 9.944758161070477862e-23 6.789406448845115155e-04 0.000000000000000000e+00
9.713695333426608514e-01 2.795152601245443069e-02 1.473437563893322234e-24 9.944758161070477862e-23 6.789406448845115155e-04 0.000000000000000000e+00
9.713695333426608514e-01 2.795152601245443069e-02 1.473437563893322234e-24 9.944758161070477862e-23 6.789406448845115155e-04 0.000000000000000000e+00
9.713695333426608514e-01 2.795152601245443069e-02 1.473437563893322234e-24 9.944758161070477862e-23 6.789406448845115155e-04 0.000000000000000000e+00
9.713695333426608514e-01 2.795152601245443069e-02 1.473437563893322234e-24 9.944758161070477862e-23 6.789406448845115155e-04 0.000000000000000000e+00
9.713695333426608514e-01 2.795152601245443069e-02 1.473437563893322234e-24 9.944758161070477862e-23 6.789406448845115155e-04 0.000000000000000000e+00
9.713695333426608514e-01 2.795152601245443069e-02 1.473437563893322234e-24 9.944758161070477862e-23 6.789406448845115155e-04 0.000000000000000000e+00
9.713695333426608514e-01 2.795152601245443069e-02 1.473437563893322234e-24 9.944758161070477862e-23 6.789406448845115155e-04 0.000000000000000000e+00
9.713695333426608514e-01 2.795152601245443069e-02 1.473437563893322234e-24 9.944758161070477862e-23 6.789406448845115155e-04 0.000000000000000000e+00
9.713695333426608514e-01 2.795152601245443069e-02 1.473437563893322234e-24 9.944758161070477862e-23 6.789406448845115155e-04 0.000000000000000000e+00
9.713695333426608514e-01 2.795152601245443069e-02 1.473437563893322234e-24 9.944758161070477862e-23 6.789406448845115155e-04 0.000000000000000000e+00
9.713695333426608514e-01 2.795152601245443069e-02 1.473437563893322234e-24 9.944758161070477862e-23 6.789406448845115155e-04 0.000000000000000000e+00
9.713695333426608514e-01 2.795152601245443069e-02 1.473437563893322234e-24 9.944758161070477862e-23 6.789406448845115155e-04 0.000000000000000000e+00
9.713695333426608514e-01 2.795152601245443069e-02 1.473437563893322234e-24 9.944758161070477862e-23 6.789406448845115155e-04 0.000000000000000000e+00
9.713695333426608514e-01 2.795152601245443069e-02 1.473437563893322234e-24 9.944758161070477862e-23 6.789406448845115155e-04 0.000000000000000000e+00
9.713695333426608514e-01 2.795152601245443069e-02 1.473437563893322234e-24 9.944758161070477862e-23 6.789406448845115155e-04 0.000000000000000000e+00
9.713695333426608514e-01 2.795152601245443069e-02 1.473437563893322234e-24 9.944758161070477862e-23 6.789406448845115155e-04 0.000000000000000000e+00
9.713695333426608514e-01 2.795152601245443069e-02 1.473437563893322234e-24 9.944758161070477862e-23 6.789406448845115155e-04 0.000000000000000000e+00
9.713695333426608514e-01 2.795152601245443069e-02 1.473437563893322234e-24 9.944758161070477862e-23 6.789406448845115155e-04 0.000000000000000000e+00
9.713695333426608514e-01 2.795152601245443069e-02 1.473437563893322234e-24 9.944758161070477862e-23 6.789406448845115155e-04 0.000000000000000000e+00
9.713695333426608514e-01 2.795152601245443069e-02 1.473437563893322234e-24 9.944758161070477862e-23 6.789406448845115155e-04 0.000000000000000000e+00
9.713695333426608514e-01 2.795152601245443069e-02 1.473437563893322234e-24 9.944758161070477862e-23 6.789406448845115155e-04 0.000000000000000000e+00
9.713695333426608514e-01 2.795152601245443069e-02 1.473437563893322234e-24 9.944758161070477862e-23 6.789406448845115155e-04 0.000000000000000000e+00
9.713695333426608514e-01 2.795152601245443069e-02 1.473437563893322234e-24 9.944758161070477862e-23 6.789406448845115155e-04 0.000000000000000000e+00
9.713695333426608514e-01 2.795152601245443069e-02 1.473437563893322234e-24 9.944758161070477862e-23 6.789406448845115155e-04 0.000000000000000000e+00
9.713695333426608514e-01 2.795152601245443069e-02 1.473437563893322234e-24 9.944758161070477862e-23 6.789406448845115155e-04 0.000000000000000000e+00
9.713695333426608514e-01 2.795152601245443069e-02 1.473437563893322234e-24 9.944758161070477862e-23 6.789406448845115155e-04 0.000000000000000000e+00
9.713695333426608514e-01 2.795152601245443069e-02 1.473437563893322234e-24 9.944758161070477862e-23 6.789406448845115155e-04 0.000000000000000000e+00
9.713695333426608514e-01 2.795152601245443069e-02 1.473437563893322234e-24 9.944758161070477862e-23 6.789406448845115155e-04 0.000000000000000000e+00
9.713695333426608514e-01 2.795152601245443069e-02 1.473437563893322234e-24 9.944758161070477862e-23 6.789406448845115155e-04 0.000000000000000000e+00
9.713695333426608514e-01 2.795152601245443069e-02 1.473437563893322234e-24 9.944758161070477862e-23 6.789406448845115155e-04 0.000000000000000000e+00
9.713695333426608514e-01 2.795152601245443069e-02 1.473437563893322234e-24 9.944758161070477862e-23 6.789406448845115155e-04 0.000000000000000000e+00
9.713695333426608514e-01 2.795152601245443069e-02 1.473437563893322234e-24 9.944758161070477862e-23 6.789406448845115155e-04 0.000000000000000000e+00
9.713695333426608514e-01 2.795152601245443069e-02 1.473437563893322234e-24 9.944758161070477862e-23 6.789406448845115155e-04 0.000000000000000000e+00
9.713695333426608514e-01 2.795152601245443069e-02 1.473437563893322234e-24 9.944758161070477862e-23 6.789406448845115155e-04 0.000000000000000000e+00
9.713695333426608514e-01 2.795152601245443069e-02 1.473437563893322234e-24 9.944758161070477862e-23 6.789406448845115155e-04 0.000000000000000000e+00
9.713695333426608514e-01 2.795152601245443069e-02 1.473437563893322234e-24 9.944758161070477862e-23 6.789406448845115155e-04 0.000000000000000000e+00
9.713695333426608514e-01 2.795152601245443069e-02 1.473437563893322234e-24 9.944758161070477862e-23 6.789406448845115155e-04 0.000000000000000000e+00
9.713695333426608514e-01 2.795152601245443069e-02 1.473437563893322234e-24 9.944758161070477862e-23 6.789406448845115155e-04 0.000000000000000000e+00
9.713695333426608514e-01 2.795152601245443069e-02 1.473437563893322234e-24 9.944758161070477862e-23 6.789406448845115155e-04 0.000000000000000000e+00
9.713695333426608514e-01 2.795152601245443069e-02 1.473437563893322234e-24 9.944758161070477862e-23 6.789406448845115155e-04 0.000000000000000000e+00
9.713695333426608514e-01 2.795152601245443069e-02 1.473437563893322234e-24 9.944758161070477862e-23 6.789406448845115155e-04 0.000000000000000000e+00
9.713695333426608514e-01 2.795152601245443069e-02 1.473437563893322234e-24 9.944758161070477862e-23 6.789406448845115155e-04 0.000000000000000000e+00
9.713695333426608514e-01 2.795152601245443069e-02 1.473437563893322234e-24 9.944758161070477862e-23 6.789406448845115155e-04 0.000000000000000000e+00
9.713695333426608514e-01 2.795152601245443069e-02 1.473437563893322234e-24 9.944758161070477862e-23 6.789406448845115155e-04 0.000000000000000000e+00
9.713695333426608514e-01 2.795152601245443069e-02 1.473437563893322234e-24 9.944758161070477862e-23 6.789406448845115155e-04 0.000000000000000000e+00
9.713695333426608514e-01 2.795152601245443069e-02 1.473437563893322234e-24 9.944758161070477862e-23 6.789406448845115155e-04 0.000000000000000000e+00
9.713695333426608514e-01 2.795152601245443069e-02 1.473437563893322234e-24 9.944758161070477862e-23 6.789406448845115155e-04 0.000000000000000000e+00
9.713695333426608514e-01 2.795152601245443069e-02 1.473437563893322234e-24 9.944758161070477862e-23 6.789406448845115155e-04 0.000000000000000000e+00
9.713695333426608514e-01 2.795152601245443069e-02 1.473437563893322234e-24 9.944758161070477862e-23 6.789406448845115155e-04 0.000000000000000000e+00
9.713695333426608514e-01 2.795152601245443069e-02 1.473437563893322234e-24 9.944758161070477862e-23 6.789406448845115155e-04 0.000000000000000000e+00
9.713695333426608514e-01 2.795152601245443069e-02 1.473437563893322234e-24 9.944758161070477862e-23 6.789406448845115155e-04 0.000000000000000000e+00
9.713695333426608514e-01 2.795152601245443069e-02 1.473437563893322234e-24 9.944758161070477862e-23 6.789406448845115155e-04 0.000000000000000000e+00
9.713695333426608514e-01 2.795152601245443069e-02 1.473437563893322234e-24 9.944758161070477862e-23 6.789406448845115155e-04 0.000000000000000000e+00
9.713695333426608514e-01 2.795152601245443069e-02 1.473437563893322234e-24 9.944758161070477862e-23 6.789406448845115155e-04 0.000000000000000000e+00
9.713695333426608514e-01 2.795152601245443069e-02 1.473437563893322234e-24 9.944758161070477862e-23 6.789406448845115155e-04 0.000000000000000000e+00
9.713695333426608514e-01 2.795152601245443069e-02 1.473437563893322234e-24 9.944758161070477862e-23 6.789406448845115155e-04 0.000000000000000000e+00
9.713695333426608514e-01 2.795152601245443069e-02 1.473437563893322234e-24 9.944758161070477862e-23 6.789406448845115155e-04 0.000000000000000000e+00
9.713695333426608514e-01 2.795152601245443069e-02 1.473437563893322234e-24 9.944758161070477862e-23 6.789406448845115155e-04 0.000000000000000000e+00
9.713695333426608514e-01 2.795152601245443069e-02 1.473437563893322234e-24 9.944758161070477862e-23 6.789406448845115155e-04 0.000000000000000000e+00
9.713695333426608514e-01 2.795152601245443069e-02 1.473437563893322234e-24 9.944758161070477862e-23 6.789406448845115155e-04 0.000000000000000000e+00
9.713695333426608514e-01 2.795152601245443069e-02 1.473437563893322234e-24 9.944758161070477862e-23 6.789406448845115155e-04 0.000000000000000000e+00
9.713695333426608514e-01 2.795152601245443069e-02 1.473437563893322234e-24 9.944758161070477862e-23 6.789406448845115155e-04 0.000000000000000000e+00
9.713695333426608514e-01 2.795152601245443069e-02 1.473437563893322234e-24 9.944758161070477862e-23 6.789406448845115155e-04 0.000000000000000000e+00
9.713695333426608514e-01 2.795152601245443069e-02 1.473437563893322234e-24 9.944758161070477862e-23 6.789406448845115155e-04 0.000000000000000000e+00
9.713695333426608514e-01 2.795152601245443069e-02 1.473437563893322234e-24 9.944758161070477862e-23 6.789406448845115155e-04 0.000000000000000000e+00
9.713695333426608514e-01 2.795152601245443069e-02 1.473437563893322234e-24 9.944758161070477862e-23 6.789406448845115155e-04 0.000000000000000000e+00
9.713695333426608514e-01 2.795152601245443069e-02 1.473437563893322234e-24 9.944758161070477862e-23 6.789406448845115155e-04 0.000000000000000000e+00
9.713695333426608514e-01 2.795152601245443069e-02 1.473437563893322234e-24 9.944758161070477862e-23 6.789406448845115155e-04 0.000000000000000000e+00
9.713695333426608514e-01 2.795152601245443069e-02 1.473437563893322234e-24 9.944758161070477862e-23 6.789406448845115155e-04 0.000000000000000000e+00
9.713695333426608514e-01 2.795152601245443069e-02 1.473437563893322234e-24 9.944758161070477862e-23 6.789406448845115155e-04 0.000000000000000000e+00
9.713695333426608514e-01 2.795152601245443069e-02 1.473437563893322234e-24 9.944758161070477862e-23 6.789406448845115155e-04 0.000000000000000000e+00
9.713695333426608514e-01 2.795152601245443069e-02 1.473437563893322234e-24 9.944758161070477862e-23 6.789406448845115155e-04 0.000000000000000000e+00
9.713695333426608514e-01 2.795152601245443069e-02 1.473437563893322234e-24 9.944758161070477862e-23 6.789406448845115155e-04 0.000000000000000000e+00
9.713695333426608514e-01 2.795152601245443069e-02 1.473437563893322234e-24 9.944758161070477862e-23 6.789406448845115155e-04 0.000000000000000000e+00
9.713695333426608514e-01 2.795152601245443069e-02 1.473437563893322234e-24 9.944758161070477862e-23 6.789406448845115155e-04 0.000000000000000000e+00
9.713695333426608514e-01 2.795152601245443069e-02 1.473437563893322234e-24 9.944758161070477862e-23 6.789406448845115155e-04 0.000000000000000000e+00
9.713695333426608514e-01 2.795152601245443069e-02 1.473437563893322234e-24 9.944758161070477862e-23 6.789406448845115155e-04 0.000000000000000000e+00
9.713695333426608514e-01 2.795152601245443069e-02 1.473437563893322234e-24 9.944758161070477862e-23 6.789406448845115155e-04 0.000000000000000000e+00
9.713695333426608514e-01 2.795152601245443069e-02 1.473437563893322234e-24 9.944758161070477862e-23 6.789406448845115155e-04 0.000000000000000000e+00
9.713695333426608514e-01 2.795152601245443069e-02 1.473437563893322234e-24 9.944758161070477862e-23 6.789406448845115155e-04 0.000000000000000000e+00
9.713695333426608514e-01 2.795152601245443069e-02 1.473437563893322234e-24 9.944758161070477862e-23 6.789406448845115155e-04 0.000000000000000000e+00
9.713695333426608514e-01 2.795152601245443069e-02 1.473437563893322234e-24 9.944758161070477862e-23 6.789406448845115155e-04 0.000000000000000000e+00
9.713695333426608514e-01 2.795152601245443069e-02 1.473437563893322234e-24 9.944758161070477862e-23 6.789406448845115155e-04 0.000000000000000000e+00
9.713695333426608514e-01 2.795152601245443069e-02 1.473437563893322234e-24 9.944758161070477862e-23 6.789406448845115155e-04 0.000000000000000000e+00
9.713695333426608514e-01 2.795152601245443069e-02 1.473437563893322234e-24 9.944758161070477862e-23 6.789406448845115155e-04 0.000000000000000000e+00
9.713695333426608514e-01 2.795152601245443069e-02 1.473437563893322234e-24 9.944758161070477862e-23 6.789406448845115155e-04 0.000000000000000000e+00
9.713695333426608514e-01 2.795152601245443069e-02 1.473437563893322234e-24 9.944758161070477862e-23 6.789406448845115155e-04 0.000000000000000000e+00
9.713695333426608514e-01 2.795152601245443069e-02 1.473437563893322234e-24 9.944758161070477862e-23 6.789406448845115155e-04 0.000000000000000000e+00
9.713695333426608514e-01 2.795152601245443069e-02 1.473437563893322234e-24 9.944758161070477862e-23 6.789406448845115155e-04 0.000000000000000000e+00
9.713695333426608514e-01 2.795152601245443069e-02 1.473437563893322234e-24 9.944758161070477862e-23 6.789406448845115155e-04 0.000000000000000000e+00
9.713695333426608514e-01 2.795152601245443069e-02 1.473437563893322234e-24 9.944758161070477862e-23 6.789406448845115155e-04 0.000000000000000000e+00
9.713695333426608514e-01 2.795152601245443069e-02 1.473437563893322234e-24 9.944758161070477862e-23 6.789406448845115155e-04 0.000000000000000000e+00
9.713695333426608514e-01 2.795152601245443069e-02 1.473437563893322234e-24 9.944758161070477862e-23 6.789406448845115155e-04 0.000000000000000000e+00
9.713695333426608514e-01 2.795152601245443069e-02 1.473437563893322234e-24 9.944758161070477862e-23 6.789406448845115155e-04 0.000000000000000000e+00
9.713695333426608514e-01 2.795152601245443069e-02 1.473437563893322234e-24 9.944758161070477862e-23 6.789406448845115155e-04 0.000000000000000000e+00
9.713695333426608514e-01 2.795152601245443069e-02 1.473437563893322234e-24 9.944758161070477862e-23 6.789406448845115155e-04 0.000000000000000000e+00
9.713695333426608514e-01 2.795152601245443069e-02 1.473437563893322234e-24 9.944758161070477862e-23 6.789406448845115155e-04 0.000000000000000000e+00
9.713695333426608514e-01 2.795152601245443069e-02 1.473437563893322234e-24 9.944758161070477862e-23 6.789406448845115155e-04 0.000000000000000000e+00
9.713695333426608514e-01 2.795152601245443069e-02 1.473437563893322234e-24 9.944758161070477862e-23 6.789406448845115155e-04 0.000000000000000000e+00
9.713695333426608514e-01 2.795152601245443069e-02 1.473437563893322234e-24 9.944758161070477862e-23 6.789406448845115155e-04 0.000000000000000000e+00
9.713695333426608514e-01 2.795152601245443069e-02 1.473437563893322234e-24 9.944758161070477862e-23 6.789406448845115155e-04 0.000000000000000000e+00
9.713695333426608514e-01 2.795152601245443069e-02 1.473437563893322234e-24 9.944758161070477862e-23 6.789406448845115155e-04 0.000000000000000000e+00
9.713695333426608514e-01 2.795152601245443069e-02 1.473437563893322234e-24 9.944758161070477862e-23 6.789406448845115155e-04 0.000000000000000000e+00
9.713695333426608514e-01 2.795152601245443069e-02 1.473437563893322234e-24 9.944758161070477862e-23 6.789406448845115155e-04 0.000000000000000000e+00
9.713695333426608514e-01 2.795152601245443069e-02 1.473437563893322234e-24 9.944758161070477862e-23 6.789406448845115155e-04 0.000000000000000000e+00
9.713695333426608514e-01 2.795152601245443069e-02 1.473437563893322234e-24 9.944758161070477862e-23 6.789406448845115155e-04 0.000000000000000000e+00
9.713695333426608514e-01 2.795152601245443069e-02 1.473437563893322234e-24 9.944758161070477862e-23 6.789406448845115155e-04 0.000000000000000000e+00
9.713695333426608514e-01 2.795152601245443069e-02 1.473437563893322234e-24 9.944758161070477862e-23 6.789406448845115155e-04 0.000000000000000000e+00
9.713695333426608514e-01 2.795152601245443069e-02 1.473437563893322234e-24 9.944758161070477862e-23 6.789406448845115155e-04 0.000000000000000000e+00
9.713695333426608514e-01 2.795152601245443069e-02 1.473437563893322234e-24 9.944758161070477862e-23 6.789406448845115155e-04 0.000000000000000000e+00
9.713695333426608514e-01 2.795152601245443069e-02 1.473437563893322234e-24 9.944758161070477862e-23 6.789406448845115155e-04 0.000000000000000000e+00
9.713695333426608514e-01 2.795152601245443069e-02 1.473437563893322234e-24 9.944758161070477862e-23 6.789406448845115155e-04 0.000000000000000000e+00
9.713695333426608514e-01 2.795152601245443069e-02 1.473437563893322234e-24 9.944758161070477862e-23 6.789406448845115155e-04 0.000000000000000000e+00
9.713695333426608514e-01 2.795152601245443069e-02 1.473437563893322234e-24 9.944758161070477862e-23 6.789406448845115155e-04 0.000000000000000000e+00
9.713695333426608514e-01 2.795152601245443069e-02 1.473437563893322234e-24 9.944758161070477862e-23 6.789406448845115155e-04 0.000000000000000000e+00
9.713695333426608514e-01 2.795152601245443069e-02 1.473437563893322234e-24 9.944758161070477862e-23 6.789406448845115155e-04 0.000000000000000000e+00
9.713695333426608514e-01 2.795152601245443069e-02 1.473437563893322234e-24 9.944758161070477862e-23 6.789406448845115155e-04 0.000000000000000000e+00
9.713695333426608514e-01 2.795152601245443069e-02 1.473437563893322234e-24 9.944758161070477862e-23 6.789406448845115155e-04 0.000000000000000000e+00
9.713695333426608514e-01 2.795152601245443069e-02 1.473437563893322234e-24 9.944758161070477862e-23 6.789406448845115155e-04 0.000000000000000000e+00
9.713695333426608514e-01 2.795152601245443069e-02 1.473437563893322234e-24 9.944758161070477862e-23 6.789406448845115155e-04 0.000000000000000000e+00
9.713695333426608514e-01 2.795152601245443069e-02 1.473437563893322234e-24 9.944758161070477862e-23 6.789406448845115155e-04 0.000000000000000000e+00
9.713695333426608514e-01 2.795152601245443069e-02 1.473437563893322234e-24 9.944758161070477862e-23 6.789406448845115155e-04 0.000000000000000000e+00
9.713695333426608514e-01 2.795152601245443069e-02 1.473437563893322234e-24 9.944758161070477862e-23 6.789406448845115155e-04 0.000000000000000000e+00
9.713695333426608514e-01 2.795152601245443069e-02 1.473437563893322234e-24 9.944758161070477862e-23 6.789406448845115155e-04 0.000000000000000000e+00
9.713695333426608514e-01 2.795152601245443069e-02 1.473437563893322234e-24 9.944758161070477862e-23 6.789406448845115155e-04 0.000000000000000000e+00
9.713695333426608514e-01 2.795152601245443069e-02 1.473437563893322234e-24 9.944758161070477862e-23 6.789406448845115155e-04 0.000000000000000000e+00
9.713695333426608514e-01 2.795152601245443069e-02 1.473437563893322234e-24 9.944758161070477862e-23 6.789406448845115155e-04 0.000000000000000000e+00
9.713695333426608514e-01 2.795152601245443069e-02 1.473437563893322234e-24 9.944758161070477862e-23 6.789406448845115155e-04 0.000000000000000000e+00
9.713695333426608514e-01 2.795152601245443069e-02 1.473437563893322234e-24 9.944758161070477862e-23 6.789406448845115155e-04 0.000000000000000000e+00
9.713695333426608514e-01 2.795152601245443069e-02 1.473437563893322234e-24 9.944758161070477862e-23 6.789406448845115155e-04 0.000000000000000000e+00
9.713695333426608514e-01 2.795152601245443069e-02 1.473437563893322234e-24 9.944758161070477862e-23 6.789406448845115155e-04 0.000000000000000000e+00
9.713695333426608514e-01 2.795152601245443069e-02 1.473437563893322234e-24 9.944758161070477862e-23 6.789406448845115155e-04 0.000000000000000000e+00
9.713695333426608514e-01 2.795152601245443069e-02 1.473437563893322234e-24 9.944758161070477862e-23 6.789406448845115155e-04 0.000000000000000000e+00
9.713695333426608514e-01 2.795152601245443069e-02 1.473437563893322234e-24 9.944758161070477862e-23 6.789406448845115155e-04 0.000000000000000000e+00
9.713695333426608514e-01 2.795152601245443069e-02 1.473437563893322234e-24 9.944758161070477862e-23 6.789406448845115155e-04 0.000000000000000000e+00
9.713695333426608514e-01 2.795152601245443069e-02 1.473437563893322234e-24 9.944758161070477862e-23 6.789406448845115155e-04 0.000000000000000000e+00
9.713695333426608514e-01 2.795152601245443069e-02 1.473437563893322234e-24 9.944758161070477862e-23 6.789406448845115155e-04 0.000000000000000000e+00
9.713695333426608514e-01 2.795152601245443069e-02 1.473437563893322234e-24 9.944758161070477862e-23 6.789406448845115155e-04 0.000000000000000000e+00
9.713695333426608514e-01 2.795152601245443069e-02 1.473437563893322234e-24 9.944758161070477862e-23 6.789406448845115155e-04 0.000000000000000000e+00
9.713695333426608514e-01 2.795152601245443069e-02 1.473437563893322234e-24 9.944758161070477862e-23 6.789406448845115155e-04 0.000000000000000000e+00
9.713695333426608514e-01 2.795152601245443069e-02 1.473437563893322234e-24 9.944758161070477862e-23 6.789406448845115155e-04 0.000000000000000000e+00
9.713695333426608514e-01 2.795152601245443069e-02 1.473437563893322234e-24 9.944758161070477862e-23 6.789406448845115155e-04 0.000000000000000000e+00
9.713695333426608514e-01 2.795152601245443069e-02 1.473437563893322234e-24 9.944758161070477862e-23 6.789406448845115155e-04 0.000000000000000000e+00
9.713695333426608514e-01 2.795152601245443069e-02 1.473437563893322234e-24 9.944758161070477862e-23 6.789406448845115155e-04 0.000000000000000000e+00
9.713695333426608514e-01 2.795152601245443069e-02 1.473437563893322234e-24 9.944758161070477862e-23 6.789406448845115155e-04 0.000000000000000000e+00
9.713695333426608514e-01 2.795152601245443069e-02 1.473437563893322234e-24 9.944758161070477862e-23 6.789406448845115155e-04 0.000000000000000000e+00
9.713695333426608514e-01 2.795152601245443069e-02 1.473437563893322234e-24 9.944758161070477862e-23 6.789406448845115155e-04 0.000000000000000000e+00
9.713695333426608514e-01 2.795152601245443069e-02 1.473437563893322234e-24 9.944758161070477862e-23 6.789406448845115155e-04 0.000000000000000000e+00
9.713695333426608514e-01 2.795152601245443069e-02 1.473437563893322234e-24 9.944758161070477862e-23 6.789406448845115155e-04 0.000000000000000000e+00
9.713695333426608514e-01 2.795152601245443069e-02 1.473437563893322234e-24 9.944758161070477862e-23 6.789406448845115155e-04 0.000000000000000000e+00
9.713695333426608514e-01 2.795152601245443069e-02 1.473437563893322234e-24 9.944758161070477862e-23 6.789406448845115155e-04 0.000000000000000000e+00
9.713695333426608514e-01 2.795152601245443069e-02 1.473437563893322234e-24 9.944758161070477862e-23 6.789406448845115155e-04 0.000000000000000000e+00
9.713695333426608514e-01 2.795152601245443069e-02 1.473437563893322234e-24 9.944758161070477862e-23 6.789406448845115155e-04 0.000000000000000000e+00
9.713695333426608514e-01 2.795152601245443069e-02 1.473437563893322234e-24 9.944758161070477862e-23 6.789406448845115155e-04 0.000000000000000000e+00
9.713695333426608514e-01 2.795152601245443069e-02 1.473437563893322234e-24 9.944758161070477862e-23 6.789406448845115155e-04 0.000000000000000000e+00
9.713695333426608514e-01 2.795152601245443069e-02 1.473437563893322234e-24 9.944758161070477862e-23 6.789406448845115155e-04 0.000000000000000000e+00
9.713695333426608514e-01 2.795152601245443069e-02 1.473437563893322234e-24 9.944758161070477862e-23 6.789406448845115155e-04 0.000000000000000000e+00
9.713695333426608514e-01 2.795152601245443069e-02 1.473437563893322234e-24 9.944758161070477862e-23 6.789406448845115155e-04 0.000000000000000000e+00
9.713695333426608514e-01 2.795152601245443069e-02 1.473437563893322234e-24 9.944758161070477862e-23 6.789406448845115155e-04 0.000000000000000000e+00
9.713695333426608514e-01 2.795152601245443069e-02 1.473437563893322234e-24 9.944758161070477862e-23 6.789406448845115155e-04 0.000000000000000000e+00
9.713695333426608514e-01 2.795152601245443069e-02 1.473437563893322234e-24 9.944758161070477862e-23 6.789406448845115155e-04 0.000000000000000000e+00
9.713695333426608514e-01 2.795152601245443069e-02 1.473437563893322234e-24 9.944758161070477862e-23 6.789406448845115155e-04 0.000000000000000000e+00
9.713695333426608514e-01 2.795152601245443069e-02 1.473437563893322234e-24 9.944758161070477862e-23 6.789406448845115155e-04 0.000000000000000000e+00
9.713695333426608514e-01 2.795152601245443069e-02 1.473437563893322234e-24 9.944758161070477862e-23 6.789406448845115155e-04 0.000000000000000000e+00
9.713695333426608514e-01 2.795152601245443069e-02 1.473437563893322234e-24 9.944758161070477862e-23 6.789406448845115155e-04 0.000000000000000000e+00
9.713695333426608514e-01 2.795152601245443069e-02 1.473437563893322234e-24 9.944758161070477862e-23 6.789406448845115155e-04 0.000000000000000000e+00
9.713695333426608514e-01 2.795152601245443069e-02 1.473437563893322234e-24 9.944758161070477862e-23 6.789406448845115155e-04 0.000000000000000000e+00
9.713695333426608514e-01 2.795152601245443069e-02 1.473437563893322234e-24 9.944758161070477862e-23 6.789406448845115155e-04 0.000000000000000000e+00
9.713695333426608514e-01 2.795152601245443069e-02 1.473437563893322234e-24 9.944758161070477862e-23 6.789406448845115155e-04 0.000000000000000000e+00
9.713695333426608514e-01 2.795152601245443069e-02 1.473437563893322234e-24 9.944758161070477862e-23 6.789406448845115155e-04 0.000000000000000000e+00
9.713695333426608514e-01 2.795152601245443069e-02 1.473437563893322234e-24 9.944758161070477862e-23 6.789406448845115155e-04 0.000000000000000000e+00
9.713695333426608514e-01 2.795152601245443069e-02 1.473437563893322234e-24 9.944758161070477862e-23 6.789406448845115155e-04 0.000000000000000000e+00
9.713695333426608514e-01 2.795152601245443069e-02 1.473437563893322234e-24 9.944758161070477862e-23 6.789406448845115155e-04 0.000000000000000000e+00
9.713695333426608514e-01 2.795152601245443069e-02 1.473437563893322234e-24 9.944758161070477862e-23 6.789406448845115155e-04 0.000000000000000000e+00
9.713695333426608514e-01 2.795152601245443069e-02 1.473437563893322234e-24 9.944758161070477862e-23 6.789406448845115155e-04 0.000000000000000000e+00
9.713695333426608514e-01 2.795152601245443069e-02 1.473437563893322234e-24 9.944758161070477862e-23 6.789406448845115155e-04 0.000000000000000000e+00
9.713695333426608514e-01 2.795152601245443069e-02 1.473437563893322234e-24 9.944758161070477862e-23 6.789406448845115155e-04 0.000000000000000000e+00
9.713695333426608514e-01 2.795152601245443069e-02 1.473437563893322234e-24 9.944758161070477862e-23 6.789406448845115155e-04 0.000000000000000000e+00
9.713695333426608514e-01 2.795152601245443069e-02 1.473437563893322234e-24 9.944758161070477862e-23 6.789406448845115155e-04 0.000000000000000000e+00
9.713695333426608514e-01 2.795152601245443069e-02 1.473437563893322234e-24 9.944758161070477862e-23 6.789406448845115155e-04 0.000000000000000000e+00
9.713695333426608514e-01 2.795152601245443069e-02 1.473437563893322234e-24 9.944758161070477862e-23 6.789406448845115155e-04 0.000000000000000000e+00
9.713695333426608514e-01 2.795152601245443069e-02 1.473437563893322234e-24 9.944758161070477862e-23 6.789406448845115155e-04 0.000000000000000000e+00
9.713695333426608514e-01 2.795152601245443069e-02 1.473437563893322234e-24 9.944758161070477862e-23 6.789406448845115155e-04 0.000000000000000000e+00
9.713695333426608514e-01 2.795152601245443069e-02 1.473437563893322234e-24 9.944758161070477862e-23 6.789406448845115155e-04 0.000000000000000000e+00
9.713695333426608514e-01 2.795152601245443069e-02 1.473437563893322234e-24 9.944758161070477862e-23 6.789406448845115155e-04 0.000000000000000000e+00
9.713695333426608514e-01 2.795152601245443069e-02 1.473437563893322234e-24 9.944758161070477862e-23 6.789406448845115155e-04 0.000000000000000000e+00
9.713695333426608514e-01 2.795152601245443069e-02 1.473437563893322234e-24 9.944758161070477862e-23 6.789406448845115155e-04 0.000000000000000000e+00
9.713695333426608514e-01 2.795152601245443069e-02 1.473437563893322234e-24 9.944758161070477862e-23 6.789406448845115155e-04 0.000000000000000000e+00
9.713695333426608514e-01 2.795152601245443069e-02 1.473437563893322234e-24 9.944758161070477862e-23 6.789406448845115155e-04 0.000000000000000000e+00
9.713695333426608514e-01 2.795152601245443069e-02 1.473437563893322234e-24 9.944758161070477862e-23 6.789406448845115155e-04 0.000000000000000000e+00
9.713695333426608514e-01 2.795152601245443069e-02 1.473437563893322234e-24 9.944758161070477862e-23 6.789406448845115155e-04 0.000000000000000000e+00
9.713695333426608514e-01 2.795152601245443069e-02 1.473437563893322234e-24 9.944758161070477862e-23 6.789406448845115155e-04 0.000000000000000000e+00
9.713695333426608514e-01 2.795152601245443069e-02 1.473437563893322234e-24 9.944758161070477862e-23 6.789406448845115155e-04 0.000000000000000000e+00
9.713695333426608514e-01 2.795152601245443069e-02 1.473437563893322234e-24 9.944758161070477862e-23 6.789406448845115155e-04 0.000000000000000000e+00
9.713695333426608514e-01 2.795152601245443069e-02 1.473437563893322234e-24 9.944758161070477862e-23 6.789406448845115155e-04 0.000000000000000000e+00
9.713695333426608514e-01 2.795152601245443069e-02 1.473437563893322234e-24 9.944758161070477862e-23 6.789406448845115155e-04 0.000000000000000000e+00
9.713695333426608514e-01 2.795152601245443069e-02 1.473437563893322234e-24 9.944758161070477862e-23 6.789406448845115155e-04 0.000000000000000000e+00
9.713695333426608514e-01 2.795152601245443069e-02 1.473437563893322234e-24 9.944758161070477862e-23 6.789406448845115155e-04 0.000000000000000000e+00
9.713695333426608514e-01 2.795152601245443069e-02 1.473437563893322234e-24 9.944758161070477862e-23 6.789406448845115155e-04 0.000000000000000000e+00
9.713695333426608514e-01 2.795152601245443069e-02 1.473437563893322234e-24 9.944758161070477862e-23 6.789406448845115155e-04 0.000000000000000000e+00
9.713695333426608514e-01 2.795152601245443069e-02 1.473437563893322234e-24 9.944758161070477862e-23 6.789406448845115155e-04 0.000000000000000000e+00
9.713695333426608514e-01 2.795152601245443069e-02 1.473437563893322234e-24 9.944758161070477862e-23 6.789406448845115155e-04 0.000000000000000000e+00
9.713695333426608514e-01 2.795152601245443069e-02 1.473437563893322234e-24 9.944758161070477862e-23 6.789406448845115155e-04 0.000000000000000000e+00
9.713695333426608514e-01 2.795152601245443069e-02 1.473437563893322234e-24 9.944758161070477862e-23 6.789406448845115155e-04 0.000000000000000000e+00
9.713695333426608514e-01 2.795152601245443069e-02 1.473437563893322234e-24 9.944758161070477862e-23 6.789406448845115155e-04 0.000000000000000000e+00
9.713695333426608514e-01 2.795152601245443069e-02 1.473437563893322234e-24 9.944758161070477862e-23 6.789406448845115155e-04 0.000000000000000000e+00
9.713695333426608514e-01 2.795152601245443069e-02 1.473437563893322234e-24 9.944758161070477862e-23 6.789406448845115155e-04 0.000000000000000000e+00
9.713695333426608514e-01 2.795152601245443069e-02 1.473437563893322234e-24 9.944758161070477862e-23 6.789406448845115155e-04 0.000000000000000000e+00
9.713695333426608514e-01 2.795152601245443069e-02 1.473437563893322234e-24 9.944758161070477862e-23 6.789406448845115155e-04 0.000000000000000000e+00
9.713695333426608514e-01 2.795152601245443069e-02 1.473437563893322234e-24 9.944758161070477862e-23 6.789406448845115155e-04 0.000000000000000000e+00
9.713695333426608514e-01 2.795152601245443069e-02 1.473437563893322234e-24 9.944758161070477862e-23 6.789406448845115155e-04 0.000000000000000000e+00
9.713695333426608514e-01 2.795152601245443069e-02 1.473437563893322234e-24 9.944758161070477862e-23 6.789406448845115155e-04 0.000000000000000000e+00
9.713695333426608514e-01 2.795152601245443069e-02 1.473437563893322234e-24 9.944758161070477862e-23 6.789406448845115155e-04 0.000000000000000000e+00
9.713695333426608514e-01 2.795152601245443069e-02 1.473437563893322234e-24 9.944758161070477862e-23 6.789406448845115155e-04 0.000000000000000000e+00
9.713695333426608514e-01 2.795152601245443069e-02 1.473437563893322234e-24 9.944758161070477862e-23 6.789406448845115155e-04 0.000000000000000000e+00
9.713695333426608514e-01 2.795152601245443069e-02 1.473437563893322234e-24 9.944758161070477862e-23 6.789406448845115155e-04 0.000000000000000000e+00
9.713695333426608514e-01 2.795152601245443069e-02 1.473437563893322234e-24 9.944758161070477862e-23 6.789406448845115155e-04 0.000000000000000000e+00
9.713695333426608514e-01 2.795152601245443069e-02 1.473437563893322234e-24 9.944758161070477862e-23 6.789406448845115155e-04 0.000000000000000000e+00
9.713695333426608514e-01 2.795152601245443069e-02 1.473437563893322234e-24 9.944758161070477862e-23 6.789406448845115155e-04 0.000000000000000000e+00
9.713695333426608514e-01 2.795152601245443069e-02 1.473437563893322234e-24 9.944758161070477862e-23 6.789406448845115155e-04 0.000000000000000000e+00
9.713695333426608514e-01 2.795152601245443069e-02 1.473437563893322234e-24 9.944758161070477862e-23 6.789406448845115155e-04 0.000000000000000000e+00
9.713695333426608514e-01 2.795152601245443069e-02 1.473437563893322234e-24 9.944758161070477862e-23 6.789406448845115155e-04 0.000000000000000000e+00
9.713695333426608514e-01 2.795152601245443069e-02 1.473437563893322234e-24 9.944758161070477862e-23 6.789406448845115155e-04 0.000000000000000000e+00
9.713695333426608514e-01 2.795152601245443069e-02 1.473437563893322234e-24 9.944758161070477862e-23 6.789406448845115155e-04 0.000000000000000000e+00
9.713695333426608514e-01 2.795152601245443069e-02 1.473437563893322234e-24 9.944758161070477862e-23 6.789406448845115155e-04 0.000000000000000000e+00
9.713695333426608514e-01 2.795152601245443069e-02 1.473437563893322234e-24 9.944758161070477862e-23 6.789406448845115155e-04 0.000000000000000000e+00
9.713695333426608514e-01 2.795152601245443069e-02 1.473437563893322234e-24 9.944758161070477862e-23 6.789406448845115155e-04 0.000000000000000000e+00
9.713695333426608514e-01 2.795152601245443069e-02 1.473437563893322234e-24 9.944758161070477862e-23 6.789406448845115155e-04 0.000000000000000000e+00
9.713695333426608514e-01 2.795152601245443069e-02 1.473437563893322234e-24 9.944758161070477862e-23 6.789406448845115155e-04 0.000000000000000000e+00
9.713695333426608514e-01 2.795152601245443069e-02 1.473437563893322234e-24 9.944758161070477862e-23 6.789406448845115155e-04 0.000000000000000000e+00
9.713695333426608514e-01 2.795152601245443069e-02 1.473437563893322234e-24 9.944758161070477862e-23 6.789406448845115155e-04 0.000000000000000000e+00
9.713695333426608514e-01 2.795152601245443069e-02 1.473437563893322234e-24 9.944758161070477862e-23 6.789406448845115155e-04 0.000000000000000000e+00
9.713695333426608514e-01 2.795152601245443069e-02 1.473437563893322234e-24 9.944758161070477862e-23 6.789406448845115155e-04 0.000000000000000000e+00
9.713695333426608514e-01 2.795152601245443069e-02 1.473437563893322234e-24 9.944758161070477862e-23 6.789406448845115155e-04 0.000000000000000000e+00
9.713695333426608514e-01 2.795152601245443069e-02 1.473437563893322234e-24 9.944758161070477862e-23 6.789406448845115155e-04 0.000000000000000000e+00
9.713695333426608514e-01 2.795152601245443069e-02 1.473437563893322234e-24 9.944758161070477862e-23 6.789406448845115155e-04 0.000000000000000000e+00
9.713695333426608514e-01 2.795152601245443069e-02 1.473437563893322234e-24 9.944758161070477862e-23 6.789406448845115155e-04 0.000000000000000000e+00
9.713695333426608514e-01 2.795152601245443069e-02 1.473437563893322234e-24 9.944758161070477862e-23 6.789406448845115155e-04 0.000000000000000000e+00
9.713695333426608514e-01 2.795152601245443069e-02 1.473437563893322234e-24 9.944758161070477862e-23 6.789406448845115155e-04 0.000000000000000000e+00
9.713695333426608514e-01 2.795152601245443069e-02 1.473437563893322234e-24 9.944758161070477862e-23 6.789406448845115155e-04 0.000000000000000000e+00
9.713695333426608514e-01 2.795152601245443069e-02 1.473437563893322234e-24 9.944758161070477862e-23 6.789406448845115155e-04 0.000000000000000000e+00
9.713695333426608514e-01 2.795152601245443069e-02 1.473437563893322234e-24 9.944758161070477862e-23 6.789406448845115155e-04 0.000000000000000000e+00
9.713695333426608514e-01 2.795152601245443069e-02 1.473437563893322234e-24 9.944758161070477862e-23 6.789406448845115155e-04 0.000000000000000000e+00
9.713695333426608514e-01 2.795152601245443069e-02 1.473437563893322234e-24 9.944758161070477862e-23 6.789406448845115155e-04 0.000000000000000000e+00
9.713695333426608514e-01 2.795152601245443069e-02 1.473437563893322234e-24 9.944758161070477862e-23 6.789406448845115155e-04 0.000000000000000000e+00
9.713695333426608514e-01 2.795152601245443069e-02 1.473437563893322234e-24 9.944758161070477862e-23 6.789406448845115155e-04 0.000000000000000000e+00
9.713695333426608514e-01 2.795152601245443069e-02 1.473437563893322234e-24 9.944758161070477862e-23 6.789406448845115155e-04 0.000000000000000000e+00
9.713695333426608514e-01 2.795152601245443069e-02 1.473437563893322234e-24 9.944758161070477862e-23 6.789406448845115155e-04 0.000000000000000000e+00
9.713695333426608514e-01 2.795152601245443069e-02 1.473437563893322234e-24 9.944758161070477862e-23 6.789406448845115155e-04 0.000000000000000000e+00
9.713695333426608514e-01 2.795152601245443069e-02 1.473437563893322234e-24 9.944758161070477862e-23 6.789406448845115155e-04 0.000000000000000000e+00
9.713695333426608514e-01 2.795152601245443069e-02 1.473437563893322234e-24 9.944758161070477862e-23 6.789406448845115155e-04 0.000000000000000000e+00
9.713695333426608514e-01 2.795152601245443069e-02 1.473437563893322234e-24 9.944758161070477862e-23 6.789406448845115155e-04 0.000000000000000000e+00
9.713695333426608514e-01 2.795152601245443069e-02 1.473437563893322234e-24 9.944758161070477862e-23 6.789406448845115155e-04 0.000000000000000000e+00
9.713695333426608514e-01 2.795152601245443069e-02 1.473437563893322234e-24 9.944758161070477862e-23 6.789406448845115155e-04 0.000000000000000000e+00
9.713695333426608514e-01 2.795152601245443069e-02 1.473437563893322234e-24 9.944758161070477862e-23 6.789406448845115155e-04 0.000000000000000000e+00
9.713695333426608514e-01 2.795152601245443069e-02 1.473437563893322234e-24 9.944758161070477862e-23 6.789406448845115155e-04 0.000000000000000000e+00
9.713695333426608514e-01 2.795152601245443069e-02 1.473437563893322234e-24 9.944758161070477862e-23 6.789406448845115155e-04 0.000000000000000000e+00
9.713695333426608514e-01 2.795152601245443069e-02 1.473437563893322234e-24 9.944758161070477862e-23 6.789406448845115155e-04 0.000000000000000000e+00
9.713695333426608514e-01 2.795152601245443069e-02 1.473437563893322234e-24 9.944758161070477862e-23 6.789406448845115155e-04 0.000000000000000000e+00
9.713695333426608514e-01 2.795152601245443069e-02 1.473437563893322234e-24 9.944758161070477862e-23 6.789406448845115155e-04 0.000000000000000000e+00
9.713695333426608514e-01 2.795152601245443069e-02 1.473437563893322234e-24 9.944758161070477862e-23 6.789406448845115155e-04 0.000000000000000000e+00
9.713695333426608514e-01 2.795152601245443069e-02 1.473437563893322234e-24 9.944758161070477862e-23 6.789406448845115155e-04 0.000000000000000000e+00
9.713695333426608514e-01 2.795152601245443069e-02 1.473437563893322234e-24 9.944758161070477862e-23 6.789406448845115155e-04 0.000000000000000000e+00
9.713695333426608514e-01 2.795152601245443069e-02 1.473437563893322234e-24 9.944758161070477862e-23 6.789406448845115155e-04 0.000000000000000000e+00
9.713695333426608514e-01 2.795152601245443069e-02 1.473437563893322234e-24 9.944758161070477862e-23 6.789406448845115155e-04 0.000000000000000000e+00
9.713695333426608514e-01 2.795152601245443069e-02 1.473437563893322234e-24 9.944758161070477862e-23 6.789406448845115155e-04 0.000000000000000000e+00
9.713695333426608514e-01 2.795152601245443069e-02 1.473437563893322234e-24 9.944758161070477862e-23 6.789406448845115155e-04 0.000000000000000000e+00
9.713695333426608514e-01 2.795152601245443069e-02 1.473437563893322234e-24 9.944758161070477862e-23 6.789406448845115155e-04 0.000000000000000000e+00
9.713695333426608514e-01 2.795152601245443069e-02 1.473437563893322234e-24 9.944758161070477862e-23 6.789406448845115155e-04 0.000000000000000000e+00
9.713695333426608514e-01 2.795152601245443069e-02 1.473437563893322234e-24 9.944758161070477862e-23 6.789406448845115155e-04 0.000000000000000000e+00
9.713695333426608514e-01 2.795152601245443069e-02 1.473437563893322234e-24 9.944758161070477862e-23 6.789406448845115155e-04 0.000000000000000000e+00
9.713695333426608514e-01 2.795152601245443069e-02 1.473437563893322234e-24 9.944758161070477862e-23 6.789406448845115155e-04 0.000000000000000000e+00
9.713695333426608514e-01 2.795152601245443069e-02 1.473437563893322234e-24 9.944758161070477862e-23 6.789406448845115155e-04 0.000000000000000000e+00
9.713695333426608514e-01 2.795152601245443069e-02 1.473437563893322234e-24 9.944758161070477862e-23 6.789406448845115155e-04 0.000000000000000000e+00
9.713695333426608514e-01 2.795152601245443069e-02 1.473437563893322234e-24 9.944758161070477862e-23 6.789406448845115155e-04 0.000000000000000000e+00
9.713695333426608514e-01 2.795152601245443069e-02 1.473437563893322234e-24 9.944758161070477862e-23 6.789406448845115155e-04 0.000000000000000000e+00
9.713695333426608514e-01 2.795152601245443069e-02 1.473437563893322234e-24 9.944758161070477862e-23 6.789406448845115155e-04 0.000000000000000000e+00
9.713695333426608514e-01 2.795152601245443069e-02 1.473437563893322234e-24 9.944758161070477862e-23 6.789406448845115155e-04 0.000000000000000000e+00
9.713695333426608514e-01 2.795152601245443069e-02 1.473437563893322234e-24 9.944758161070477862e-23 6.789406448845115155e-04 0.000000000000000000e+00
9.713695333426608514e-01 2.795152601245443069e-02 1.473437563893322234e-24 9.944758161070477862e-23 6.789406448845115155e-04 0.000000000000000000e+00
9.713695333426608514e-01 2.795152601245443069e-02 1.473437563893322234e-24 9.944758161070477862e-23 6.789406448845115155e-04 0.000000000000000000e+00
9.713695333426608514e-01 2.795152601245443069e-02 1.473437563893322234e-24 9.944758161070477862e-23 6.789406448845115155e-04 0.000000000000000000e+00
9.713695333426608514e-01 2.795152601245443069e-02 1.473437563893322234e-24 9.944758161070477862e-23 6.789406448845115155e-04 0.000000000000000000e+00
9.713695333426608514e-01 2.795152601245443069e-02 1.473437563893322234e-24 9.944758161070477862e-23 6.789406448845115155e-04 0.000000000000000000e+00
9.713695333426608514e-01 2.795152601245443069e-02 1.473437563893322234e-24 9.944758161070477862e-23 6.789406448845115155e-04 0.000000000000000000e+00
9.713695333426608514e-01 2.795152601245443069e-02 1.473437563893322234e-24 9.944758161070477862e-23 6.789406448845115155e-04 0.000000000000000000e+00
9.713695333426608514e-01 2.795152601245443069e-02 1.473437563893322234e-24 9.944758161070477862e-23 6.789406448845115155e-04 0.000000000000000000e+00
9.713695333426608514e-01 2.795152601245443069e-02 1.473437563893322234e-24 9.944758161070477862e-23 6.789406448845115155e-04 0.000000000000000000e+00
9.713695333426608514e-01 2.795152601245443069e-02 1.473437563893322234e-24 9.944758161070477862e-23 6.789406448845115155e-04 0.000000000000000000e+00
9.713695333426608514e-01 2.795152601245443069e-02 1.473437563893322234e-24 9.944758161070477862e-23 6.789406448845115155e-04 0.000000000000000000e+00
9.713695333426608514e-01 2.795152601245443069e-02 1.473437563893322234e-24 9.944758161070477862e-23 6.789406448845115155e-04 0.000000000000000000e+00
9.713695333426608514e-01 2.795152601245443069e-02 1.473437563893322234e-24 9.944758161070477862e-23 6.789406448845115155e-04 0.000000000000000000e+00
9.713695333426608514e-01 2.795152601245443069e-02 1.473437563893322234e-24 9.944758161070477862e-23 6.789406448845115155e-04 0.000000000000000000e+00
9.713695333426608514e-01 2.795152601245443069e-02 1.473437563893322234e-24 9.944758161070477862e-23 6.789406448845115155e-04 0.000000000000000000e+00
9.713695333426608514e-01 2.795152601245443069e-02 1.473437563893322234e-24 9.944758161070477862e-23 6.789406448845115155e-04 0.000000000000000000e+00
9.713695333426608514e-01 2.795152601245443069e-02 1.473437563893322234e-24 9.944758161070477862e-23 6.789406448845115155e-04 0.000000000000000000e+00
9.713695333426608514e-01 2.795152601245443069e-02 1.473437563893322234e-24 9.944758161070477862e-23 6.789406448845115155e-04 0.000000000000000000e+00
9.713695333426608514e-01 2.795152601245443069e-02 1.473437563893322234e-24 9.944758161070477862e-23 6.789406448845115155e-04 0.000000000000000000e+00
9.713695333426608514e-01 2.795152601245443069e-02 1.473437563893322234e-24 9.944758161070477862e-23 6.789406448845115155e-04 0.000000000000000000e+00
9.713695333426608514e-01 2.795152601245443069e-02 1.473437563893322234e-24 9.944758161070477862e-23 6.789406448845115155e-04 0.000000000000000000e+00
9.713695333426608514e-01 2.795152601245443069e-02 1.473437563893322234e-24 9.944758161070477862e-23 6.789406448845115155e-04 0.000000000000000000e+00
9.713695333426608514e-01 2.795152601245443069e-02 1.473437563893322234e-24 9.944758161070477862e-23 6.789406448845115155e-04 0.000000000000000000e+00
9.713695333426608514e-01 2.795152601245443069e-02 1.473437563893322234e-24 9.944758161070477862e-23 6.789406448845115155e-04 0.000000000000000000e+00
9.713695333426608514e-01 2.795152601245443069e-02 1.473437563893322234e-24 9.944758161070477862e-23 6.789406448845115155e-04 0.000000000000000000e+00
9.713695333426608514e-01 2.795152601245443069e-02 1.473437563893322234e-24 9.944758161070477862e-23 6.789406448845115155e-04 0.000000000000000000e+00
9.713695333426608514e-01 2.795152601245443069e-02 1.473437563893322234e-24 9.944758161070477862e-23 6.789406448845115155e-04 0.000000000000000000e+00
9.713695333426608514e-01 2.795152601245443069e-02 1.473437563893322234e-24 9.944758161070477862e-23 6.789406448845115155e-04 0.000000000000000000e+00
9.713695333426608514e-01 2.795152601245443069e-02 1.473437563893322234e-24 9.944758161070477862e-23 6.789406448845115155e-04 0.000000000000000000e+00
9.713695333426608514e-01 2.795152601245443069e-02 1.473437563893322234e-24 9.944758161070477862e-23 6.789406448845115155e-04 0.000000000000000000e+00
9.713695333426608514e-01 2.795152601245443069e-02 1.473437563893322234e-24 9.944758161070477862e-23 6.789406448845115155e-04 0.000000000000000000e+00
9.713695333426608514e-01 2.795152601245443069e-02 1.473437563893322234e-24 9.944758161070477862e-23 6.789406448845115155e-04 0.000000000000000000e+00
9.713695333426608514e-01 2.795152601245443069e-02 1.473437563893322234e-24 9.944758161070477862e-23 6.789406448845115155e-04 0.000000000000000000e+00
9.713695333426608514e-01 2.795152601245443069e-02 1.473437563893322234e-24 9.944758161070477862e-23 6.789406448845115155e-04 0.000000000000000000e+00
9.713695333426608514e-01 2.795152601245443069e-02 1.473437563893322234e-24 9.944758161070477862e-23 6.789406448845115155e-04 0.000000000000000000e+00
9.713695333426608514e-01 2.795152601245443069e-02 1.473437563893322234e-24 9.944758161070477862e-23 6.789406448845115155e-04 0.000000000000000000e+00
9.713695333426608514e-01 2.795152601245443069e-02 1.473437563893322234e-24 9.944758161070477862e-23 6.789406448845115155e-04 0.000000000000000000e+00
9.713695333426608514e-01 2.795152601245443069e-02 1.473437563893322234e-24 9.944758161070477862e-23 6.789406448845115155e-04 0.000000000000000000e+00
9.713695333426608514e-01 2.795152601245443069e-02 1.473437563893322234e-24 9.944758161070477862e-23 6.789406448845115155e-04 0.000000000000000000e+00
9.713695333426608514e-01 2.795152601245443069e-02 1.473437563893322234e-24 9.944758161070477862e-23 6.789406448845115155e-04 0.000000000000000000e+00
9.713695333426608514e-01 2.795152601245443069e-02 1.473437563893322234e-24 9.944758161070477862e-23 6.789406448845115155e-04 0.000000000000000000e+00
9.713695333426608514e-01 2.795152601245443069e-02 1.473437563893322234e-24 9.944758161070477862e-23 6.789406448845115155e-04 0.000000000000000000e+00
9.713695333426608514e-01 2.795152601245443069e-02 1.473437563893322234e-24 9.944758161070477862e-23 6.789406448845115155e-04 0.000000000000000000e+00
9.713695333426608514e-01 2.795152601245443069e-02 1.473437563893322234e-24 9.944758161070477862e-23 6.789406448845115155e-04 0.000000000000000000e+00
9.713695333426608514e-01 2.795152601245443069e-02 1.473437563893322234e-24 9.944758161070477862e-23 6.789406448845115155e-04 0.000000000000000000e+00
9.713695333426608514e-01 2.795152601245443069e-02 1.473437563893322234e-24 9.944758161070477862e-23 6.789406448845115155e-04 0.000000000000000000e+00
9.713695333426608514e-01 2.795152601245443069e-02 1.473437563893322234e-24 9.944758161070477862e-23 6.789406448845115155e-04 0.000000000000000000e+00
9.713695333426608514e-01 2.795152601245443069e-02 1.473437563893322234e-24 9.944758161070477862e-23 6.789406448845115155e-04 0.000000000000000000e+00
9.713695333426608514e-01 2.795152601245443069e-02 1.473437563893322234e-24 9.944758161070477862e-23 6.789406448845115155e-04 0.000000000000000000e+00
9.713695333426608514e-01 2.795152601245443069e-02 1.473437563893322234e-24 9.944758161070477862e-23 6.789406448845115155e-04 0.000000000000000000e+00
9.713695333426608514e-01 2.795152601245443069e-02 1.473437563893322234e-24 9.944758161070477862e-23 6.789406448845115155e-04 0.000000000000000000e+00
9.713695333426608514e-01 2.795152601245443069e-02 1.473437563893322234e-24 9.944758161070477862e-23 6.789406448845115155e-04 0.000000000000000000e+00
9.713695333426608514e-01 2.795152601245443069e-02 1.473437563893322234e-24 9.944758161070477862e-23 6.789406448845115155e-04 0.000000000000000000e+00
9.713695333426608514e-01 2.795152601245443069e-02 1.473437563893322234e-24 9.944758161070477862e-23 6.789406448845115155e-04 0.000000000000000000e+00
9.713695333426608514e-01 2.795152601245443069e-02 1.473437563893322234e-24 9.944758161070477862e-23 6.789406448845115155e-04 0.000000000000000000e+00
9.713695333426608514e-01 2.795152601245443069e-02 1.473437563893322234e-24 9.944758161070477862e-23 6.789406448845115155e-04 0.000000000000000000e+00
9.713695333426608514e-01 2.795152601245443069e-02 1.473437563893322234e-24 9.944758161070477862e-23 6.789406448845115155e-04 0.000000000000000000e+00
9.713695333426608514e-01 2.795152601245443069e-02 1.473437563893322234e-24 9.944758161070477862e-23 6.789406448845115155e-04 0.000000000000000000e+00
9.713695333426608514e-01 2.795152601245443069e-02 1.473437563893322234e-24 9.944758161070477862e-23 6.789406448845115155e-04 0.000000000000000000e+00
9.713695333426608514e-01 2.795152601245443069e-02 1.473437563893322234e-24 9.944758161070477862e-23 6.789406448845115155e-04 0.000000000000000000e+00
9.713695333426608514e-01 2.795152601245443069e-02 1.473437563893322234e-24 9.944758161070477862e-23 6.789406448845115155e-04 0.000000000000000000e+00
9.713695333426608514e-01 2.795152601245443069e-02 1.473437563893322234e-24 9.944758161070477862e-23 6.789406448845115155e-04 0.000000000000000000e+00
9.713695333426608514e-01 2.795152601245443069e-02 1.473437563893322234e-24 9.944758161070477862e-23 6.789406448845115155e-04 0.000000000000000000e+00
9.713695333426608514e-01 2.795152601245443069e-02 1.473437563893322234e-24 9.944758161070477862e-23 6.789406448845115155e-04 0.000000000000000000e+00
9.713695333426608514e-01 2.795152601245443069e-02 1.473437563893322234e-24 9.944758161070477862e-23 6.789406448845115155e-04 0.000000000000000000e+00
9.713695333426608514e-01 2.795152601245443069e-02 1.473437563893322234e-24 9.944758161070477862e-23 6.789406448845115155e-04 0.000000000000000000e+00
9.713695333426608514e-01 2.795152601245443069e-02 1.473437563893322234e-24 9.944758161070477862e-23 6.789406448845115155e-04 0.000000000000000000e+00
9.713695333426608514e-01 2.795152601245443069e-02 1.473437563893322234e-24 9.944758161070477862e-23 6.789406448845115155e-04 0.000000000000000000e+00
9.713695333426608514e-01 2.795152601245443069e-02 1.473437563893322234e-24 9.944758161070477862e-23 6.789406448845115155e-04 0.000000000000000000e+00
9.713695333426608514e-01 2.795152601245443069e-02 1.473437563893322234e-24 9.944758161070477862e-23 6.789406448845115155e-04 0.000000000000000000e+00
9.713695333426608514e-01 2.795152601245443069e-02 1.473437563893322234e-24 9.944758161070477862e-23 6.789406448845115155e-04 0.000000000000000000e+00
9.713695333426608514e-01 2.795152601245443069e-02 1.473437563893322234e-24 9.944758161070477862e-23 6.789406448845115155e-04 0.000000000000000000e+00
9.713695333426608514e-01 2.795152601245443069e-02 1.473437563893322234e-24 9.944758161070477862e-23 6.789406448845115155e-04 0.000000000000000000e+00
9.713695333426608514e-01 2.795152601245443069e-02 1.473437563893322234e-24 9.944758161070477862e-23 6.789406448845115155e-04 0.000000000000000000e+00
9.713695333426608514e-01 2.795152601245443069e-02 1.473437563893322234e-24 9.944758161070477862e-23 6.789406448845115155e-04 0.000000000000000000e+00
9.713695333426608514e-01 2.795152601245443069e-02 1.473437563893322234e-24 9.944758161070477862e-23 6.789406448845115155e-04 0.000000000000000000e+00
9.713695333426608514e-01 2.795152601245443069e-02 1.473437563893322234e-24 9.944758161070477862e-23 6.789406448845115155e-04 0.000000000000000000e+00
9.713695333426608514e-01 2.795152601245443069e-02 1.473437563893322234e-24 9.944758161070477862e-23 6.789406448845115155e-04 0.000000000000000000e+00
9.713695333426608514e-01 2.795152601245443069e-02 1.473437563893322234e-24 9.944758161070477862e-23 6.789406448845115155e-04 0.000000000000000000e+00
9.713695333426608514e-01 2.795152601245443069e-02 1.473437563893322234e-24 9.944758161070477862e-23 6.789406448845115155e-04 0.000000000000000000e+00
9.713695333426608514e-01 2.795152601245443069e-02 1.473437563893322234e-24 9.944758161070477862e-23 6.789406448845115155e-04 0.000000000000000000e+00
9.713695333426608514e-01 2.795152601245443069e-02 1.473437563893322234e-24 9.944758161070477862e-23 6.789406448845115155e-04 0.000000000000000000e+00
9.713695333426608514e-01 2.795152601245443069e-02 1.473437563893322234e-24 9.944758161070477862e-23 6.789406448845115155e-04 0.000000000000000000e+00
9.713695333426608514e-01 2.795152601245443069e-02 1.473437563893322234e-24 9.944758161070477862e-23 6.789406448845115155e-04 0.000000000000000000e+00
9.713695333426608514e-01 2.795152601245443069e-02 1.473437563893322234e-24 9.944758161070477862e-23 6.789406448845115155e-04 0.000000000000000000e+00
9.713695333426608514e-01 2.795152601245443069e-02 1.473437563893322234e-24 9.944758161070477862e-23 6.789406448845115155e-04 0.000000000000000000e+00
9.713695333426608514e-01 2.795152601245443069e-02 1.473437563893322234e-24 9.944758161070477862e-23 6.789406448845115155e-04 0.000000000000000000e+00
9.713695333426608514e-01 2.795152601245443069e-02 1.473437563893322234e-24 9.944758161070477862e-23 6.789406448845115155e-04 0.000000000000000000e+00
9.713695333426608514e-01 2.795152601245443069e-02 1.473437563893322234e-24 9.944758161070477862e-23 6.789406448845115155e-04 0.000000000000000000e+00
9.713695333426608514e-01 2.795152601245443069e-02 1.473437563893322234e-24 9.944758161070477862e-23 6.789406448845115155e-04 0.000000000000000000e+00
9.713695333426608514e-01 2.795152601245443069e-02 1.473437563893322234e-24 9.944758161070477862e-23 6.789406448845115155e-04 0.000000000000000000e+00
9.713695333426608514e-01 2.795152601245443069e-02 1.473437563893322234e-24 9.944758161070477862e-23 6.789406448845115155e-04 0.000000000000000000e+00
9.713695333426608514e-01 2.795152601245443069e-02 1.473437563893322234e-24 9.944758161070477862e-23 6.789406448845115155e-04 0.000000000000000000e+00
9.713695333426608514e-01 2.795152601245443069e-02 1.473437563893322234e-24 9.944758161070477862e-23 6.789406448845115155e-04 0.000000000000000000e+00
9.713695333426608514e-01 2.795152601245443069e-02 1.473437563893322234e-24 9.944758161070477862e-23 6.789406448845115155e-04 0.000000000000000000e+00
9.713695333426608514e-01 2.795152601245443069e-02 1.473437563893322234e-24 9.944758161070477862e-23 6.789406448845115155e-04 0.000000000000000000e+00
9.713695333426608514e-01 2.795152601245443069e-02 1.473437563893322234e-24 9.944758161070477862e-23 6.789406448845115155e-04 0.000000000000000000e+00
9.713695333426608514e-01 2.795152601245443069e-02 1.473437563893322234e-24 9.944758161070477862e-23 6.789406448845115155e-04 0.000000000000000000e+00
9.713695333426608514e-01 2.795152601245443069e-02 1.473437563893322234e-24 9.944758161070477862e-23 6.789406448845115155e-04 0.000000000000000000e+00
9.713695333426608514e-01 2.795152601245443069e-02 1.473437563893322234e-24 9.944758161070477862e-23 6.789406448845115155e-04 0.000000000000000000e+00
9.713695333426608514e-01 2.795152601245443069e-02 1.473437563893322234e-24 9.944758161070477862e-23 6.789406448845115155e-04 0.000000000000000000e+00
9.713695333426608514e-01 2.795152601245443069e-02 1.473437563893322234e-24 9.944758161070477862e-23 6.789406448845115155e-04 0.000000000000000000e+00
9.713695333426608514e-01 2.795152601245443069e-02 1.473437563893322234e-24 9.944758161070477862e-23 6.789406448845115155e-04 0.000000000000000000e+00
9.713695333426608514e-01 2.795152601245443069e-02 1.473437563893322234e-24 9.944758161070477862e-23 6.789406448845115155e-04 0.000000000000000000e+00
9.713695333426608514e-01 2.795152601245443069e-02 1.473437563893322234e-24 9.944758161070477862e-23 6.789406448845115155e-04 0.000000000000000000e+00
