8.024634743858081176e-01 1.950504806505152788e-01 1.700257783859437911e-14 1.417443890600151705e-13 2.486044963517846859e-03 0.000000000000000000e+00
8.024634743858081176e-01 1.950504806505153343e-01 1.340055399064269727e-14 1.173406846023438555e-13 2.486044963545179596e-03 0.000000000000000000e+00
8.024634743858081176e-01 1.950504806505152788e-01 8.232042532069541765e-15 7.970151502324587779e-14 2.486044963588004281e-03 0.000000000000000000e+00
8.024634743858081176e-01 1.950504806505153343e-01 5.020520164463995590e-15 5.382003877023349239e-14 2.486044963617683231e-03 0.000000000000000000e+00
8.024634743858081176e-01 1.950504806505152788e-01 3.036127557912629414e-15 3.609570904331657472e-14 2.486044963637115170e-03 0.000000000000000000e+00
8.024634743858080066e-01 1.950504806505152788e-01 1.822879014597998781e-15 2.406769996434825120e-14 2.486044963650649482e-03 0.000000000000000000e+00
8.024634743858081176e-01 1.950504806505152788e-01 1.085052778899772582e-15 1.593627226815242474e-14 2.486044963659407234e-03 0.000000000000000000e+00
8.024634743858081176e-01 1.950504806505152788e-01 6.410533035027212256e-16 1.048846710833517014e-14 2.486044963665431928e-03 0.000000000000000000e+00
8.024634743858081176e-01 1.950504806505153343e-01 3.754173493218244921e-16 6.854042333682181841e-15 2.486044963669285617e-03 0.000000000000000000e+00
8.024634743858082286e-01 1.950504806505153343e-01 2.181896482749634843e-16 4.451571874359181004e-15 2.486044963671916758e-03 0.000000000000000000e+00
8.024634743858081176e-01 1.950504806505152788e-01 1.256425610970208528e-16 2.869671429118744240e-15 2.486044963673561710e-03 0.000000000000000000e+00
8.024634743858081176e-01 1.950504806505152788e-01 7.179273201069596306e-17 1.838379336624895917e-15 2.486044963674677571e-03 0.000000000000000000e+00
8.024634743858081176e-01 1.950504806505152788e-01 4.064096801392671826e-17 1.168840113602442440e-15 2.486044963675368858e-03 0.000000000000000000e+00
8.024634743858081176e-01 1.950504806505152788e-01 2.281461392389878994e-17 7.381355157377021105e-16 2.486044963675824223e-03 0.000000000000000000e+00
8.024634743858080066e-01 1.950504806505152788e-01 1.269641557903693614e-17 4.628705446140046063e-16 2.486044963676116524e-03 0.000000000000000000e+00
8.024634743858081176e-01 1.950504806505152788e-01 6.998664160572905565e-18 2.880314920620081018e-16 2.486044963676294333e-03 0.000000000000000000e+00
8.024634743858080066e-01 1.950504806505152788e-01 3.825443768500918593e-18 1.780141610019773959e-16 2.486044963676408825e-03 0.000000000000000000e+00
8.024634743858081176e-01 1.950504806505152788e-01 2.071297730730877781e-18 1.091813263331227681e-16 2.486044963676479948e-03 0.000000000000000000e+00
8.024634743858081176e-01 1.950504806505152788e-01 1.110762619120047327e-18 6.644460451171764142e-17 2.486044963676525485e-03 0.000000000000000000e+00
8.024634743858081176e-01 1.950504806505152788e-01 5.903770682228160716e-19 4.014582198244736978e-17 2.486044963676551072e-03 0.000000000000000000e+00
8.024634743858081176e-01 1.950504806505152788e-01 3.108367750929319852e-19 2.407133331373554718e-17 2.486044963676568853e-03 0.000000000000000000e+00
8.024634743858080066e-01 1.950504806505152788e-01 1.619479273504322283e-19 1.431103781609916218e-17 2.486044963676578828e-03 0.000000000000000000e+00
8.024634743858081176e-01 1.950504806505153343e-01 8.358589587426714375e-20 8.443779768762685273e-18 2.486044963676584032e-03 0.000000000000000000e+00
8.024634743858081176e-01 1.950504806505152788e-01 4.272918637625552521e-20 4.943470368960745477e-18 2.486044963676589236e-03 0.000000000000000000e+00
8.024634743858080066e-01 1.950504806505152788e-01 2.162336334428684289e-20 2.870597847705477428e-18 2.486044963676591838e-03 0.000000000000000000e+00
8.024634743858081176e-01 1.950504806505152788e-01 1.082203998515733716e-20 1.652031393761578523e-18 2.486044963676591838e-03 0.000000000000000000e+00
8.024634743858081176e-01 1.950504806505152788e-01 5.361812777680546853e-21 9.430115039982495149e-19 2.486044963676591838e-03 0.000000000000000000e+00
8.024634743858080066e-01 1.950504806505152788e-01 2.629397888716149377e-21 5.338361598872541144e-19 2.486044963676591838e-03 0.000000000000000000e+00
8.024634743858081176e-01 1.950504806505152788e-01 1.276049812829949084e-21 2.996608425757740742e-19 2.486044963676591838e-03 0.000000000000000000e+00
8.024634743858081176e-01 1.950504806505152788e-01 6.127299541042314063e-22 1.667711488377112176e-19 2.486044963676594440e-03 0.000000000000000000e+00
8.024634743858082286e-01 1.950504806505153343e-01 2.908369912571036142e-22 9.194916515526853974e-20 2.486044963676594440e-03 0.000000000000000000e+00
8.024634743858081176e-01 1.950504806505152788e-01 1.364908468583496367e-22 5.023271981777078121e-20 2.486044963676591838e-03 0.000000000000000000e+00
8.024634743858081176e-01 1.950504806505152788e-01 6.334595893973941014e-23 2.719622598755170706e-20 2.486044963676594440e-03 0.000000000000000000e+00
8.024634743858081176e-01 1.950504806505152788e-01 2.906811478463822317e-23 1.458980619695651951e-20 2.486044963676594440e-03 0.000000000000000000e+00
8.024634743858081176e-01 1.950504806505152788e-01 1.318619761094251041e-23 7.754363539631585154e-21 2.486044963676594440e-03 0.000000000000000000e+00
8.024634743858081176e-01 1.950504806505152788e-01 5.912198738872248166e-24 4.082584441276370853e-21 2.486044963676594440e-03 0.000000000000000000e+00
8.024634743858080066e-01 1.950504806505152788e-01 2.619552453302032521e-24 2.128889636630392540e-21 2.486044963676594440e-03 0.000000000000000000e+00
8.024634743858081176e-01 1.950504806505152788e-01 1.146768648947474823e-24 1.099351888176052336e-21 2.486044963676594440e-03 0.000000000000000000e+00
8.024634743858081176e-01 1.950504806505152788e-01 4.959266903221563377e-25 5.621119476376623485e-22 2.486044963676594440e-03 0.000000000000000000e+00
8.024634743858080066e-01 1.950504806505152788e-01 2.118239086099875198e-25 2.845435584614315879e-22 2.486044963676594440e-03 0.000000000000000000e+00
8.024634743858081176e-01 1.950504806505152788e-01 8.934535353249450816e-26 1.425780092859886698e-22 2.486044963676594440e-03 0.000000000000000000e+00
8.024634743858080066e-01 1.950504806505152788e-01 3.720773616761889062e-26 7.070873517868261816e-23 2.486044963676594440e-03 0.000000000000000000e+00
8.024634743858080066e-01 1.950504806505152788e-01 1.529313902416386519e-26 3.469588359188243177e-23 2.486044963676594440e-03 0.000000000000000000e+00
8.024634743858081176e-01 1.950504806505152788e-01 6.202163492863822843e-27 1.684109271142579265e-23 2.486044963676594440e-03 0.000000000000000000e+00
8.024634743858081176e-01 1.950504806505152788e-01 2.481390405678796135e-27 8.085124646318988893e-24 2.486044963676594440e-03 0.000000000000000000e+00
8.024634743858081176e-01 1.950504806505152788e-01 9.792227226586881594e-28 3.838572691607608939e-24 2.486044963676594440e-03 0.000000000000000000e+00
8.024634743858081176e-01 1.950504806505152788e-01 3.810964560923963345e-28 1.802040722412048634e-24 2.486044963676594440e-03 0.000000000000000000e+00
8.024634743858081176e-01 1.950504806505152788e-01 1.462486799493041123e-28 8.364108562154590058e-25 2.486044963676594440e-03 0.000000000000000000e+00
8.024634743858081176e-01 1.950504806505152788e-01 5.533424148444684503e-29 3.837843515156359172e-25 2.486044963676594440e-03 0.000000000000000000e+00
8.024634743858081176e-01 1.950504806505153343e-01 2.063896380278409276e-29 1.740701366389679774e-25 2.486044963676594440e-03 0.000000000000000000e+00
8.024634743858080066e-01 1.950504806505152788e-01 8.739186625992065608e-30 8.739486138479578857e-26 2.486044963676594440e-03 0.000000000000000000e+00
8.024634743858080066e-01 1.950504806505152788e-01 8.739186625992065608e-30 8.739486138479578857e-26 2.486044963676594440e-03 0.000000000000000000e+00
8.024634743858080066e-01 1.950504806505152788e-01 8.739186625992065608e-30 8.739486138479578857e-26 2.486044963676594440e-03 0.000000000000000000e+00
8.024634743858080066e-01 1.950504806505152788e-01 8.739186625992065608e-30 8.739486138479578857e-26 2.486044963676594440e-03 0.000000000000000000e+00
8.024634743858080066e-01 1.950504806505152788e-01 8.739186625992065608e-30 8.739486138479578857e-26 2.486044963676594440e-03 0.000000000000000000e+00
8.024634743858080066e-01 1.950504806505152788e-01 8.739186625992065608e-30 8.739486138479578857e-26 2.486044963676594440e-03 0.000000000000000000e+00
8.024634743858080066e-01 1.950504806505152788e-01 8.739186625992065608e-30 8.739486138479578857e-26 2.486044963676594440e-03 0.000000000000000000e+00
8.024634743858080066e-01 1.950504806505152788e-01 8.739186625992065608e-30 8.739486138479578857e-26 2.486044963676594440e-03 0.000000000000000000e+00
8.024634743858080066e-01 1.950504806505152788e-01 8.739186625992065608e-30 8.739486138479578857e-26 2.486044963676594440e-03 0.000000000000000000e+00
8.024634743858080066e-01 1.950504806505152788e-01 8.739186625992065608e-30 8.739486138479578857e-26 2.486044963676594440e-03 0.000000000000000000e+00
8.024634743858080066e-01 1.950504806505152788e-01 8.739186625992065608e-30 8.739486138479578857e-26 2.486044963676594440e-03 0.000000000000000000e+00
8.024634743858080066e-01 1.950504806505152788e-01 8.739186625992065608e-30 8.739486138479578857e-26 2.486044963676594440e-03 0.000000000000000000e+00
8.024634743858080066e-01 1.950504806505152788e-01 8.739186625992065608e-30 8.739486138479578857e-26 2.486044963676594440e-03 0.000000000000000000e+00
8.024634743858080066e-01 1.950504806505152788e-01 8.739186625992065608e-30 8.739486138479578857e-26 2.486044963676594440e-03 0.000000000000000000e+00
8.024634743858080066e-01 1.950504806505152788e-01 8.739186625992065608e-30 8.739486138479578857e-26 2.486044963676594440e-03 0.000000000000000000e+00
8.024634743858080066e-01 1.950504806505152788e-01 8.739186625992065608e-30 8.739486138479578857e-26 2.486044963676594440e-03 0.000000000000000000e+00
8.024634743858080066e-01 1.950504806505152788e-01 8.739186625992065608e-30 8.739486138479578857e-26 2.486044963676594440e-03 0.000000000000000000e+00
8.024634743858080066e-01 1.950504806505152788e-01 8.739186625992065608e-30 8.739486138479578857e-26 2.486044963676594440e-03 0.000000000000000000e+00
8.024634743858080066e-01 1.950504806505152788e-01 8.739186625992065608e-30 8.739486138479578857e-26 2.486044963676594440e-03 0.000000000000000000e+00
8.024634743858080066e-01 1.950504806505152788e-01 8.739186625992065608e-30 8.739486138479578857e-26 2.486044963676594440e-03 0.000000000000000000e+00
8.024634743858080066e-01 1.950504806505152788e-01 8.739186625992065608e-30 8.739486138479578857e-26 2.486044963676594440e-03 0.000000000000000000e+00
8.024634743858080066e-01 1.950504806505152788e-01 8.739186625992065608e-30 8.739486138479578857e-26 2.486044963676594440e-03 0.000000000000000000e+00
8.024634743858080066e-01 1.950504806505152788e-01 8.739186625992065608e-30 8.739486138479578857e-26 2.486044963676594440e-03 0.000000000000000000e+00
8.024634743858080066e-01 1.950504806505152788e-01 8.739186625992065608e-30 8.739486138479578857e-26 2.486044963676594440e-03 0.000000000000000000e+00
8.024634743858080066e-01 1.950504806505152788e-01 8.739186625992065608e-30 8.739486138479578857e-26 2.486044963676594440e-03 0.000000000000000000e+00
8.024634743858080066e-01 1.950504806505152788e-01 8.739186625992065608e-30 8.739486138479578857e-26 2.486044963676594440e-03 0.000000000000000000e+00
8.024634743858080066e-01 1.950504806505152788e-01 8.739186625992065608e-30 8.739486138479578857e-26 2.486044963676594440e-03 0.000000000000000000e+00
8.024634743858080066e-01 1.950504806505152788e-01 8.739186625992065608e-30 8.739486138479578857e-26 2.486044963676594440e-03 0.000000000000000000e+00
8.024634743858080066e-01 1.950504806505152788e-01 8.739186625992065608e-30 8.739486138479578857e-26 2.486044963676594440e-03 0.000000000000000000e+00
8.024634743858080066e-01 1.950504806505152788e-01 8.739186625992065608e-30 8.739486138479578857e-26 2.486044963676594440e-03 0.000000000000000000e+00
8.024634743858080066e-01 1.950504806505152788e-01 8.739186625992065608e-30 8.739486138479578857e-26 2.486044963676594440e-03 0.000000000000000000e+00
8.024634743858080066e-01 1.950504806505152788e-01 8.739186625992065608e-30 8.739486138479578857e-26 2.486044963676594440e-03 0.000000000000000000e+00
8.024634743858080066e-01 1.950504806505152788e-01 8.739186625992065608e-30 8.739486138479578857e-26 2.486044963676594440e-03 0.000000000000000000e+00
8.024634743858080066e-01 1.950504806505152788e-01 8.739186625992065608e-30 8.739486138479578857e-26 2.486044963676594440e-03 0.000000000000000000e+00
8.024634743858080066e-01 1.950504806505152788e-01 8.739186625992065608e-30 8.739486138479578857e-26 2.486044963676594440e-03 0.000000000000000000e+00
8.024634743858080066e-01 1.950504806505152788e-01 8.739186625992065608e-30 8.739486138479578857e-26 2.486044963676594440e-03 0.000000000000000000e+00
8.024634743858080066e-01 1.950504806505152788e-01 8.739186625992065608e-30 8.739486138479578857e-26 2.486044963676594440e-03 0.000000000000000000e+00
8.024634743858080066e-01 1.950504806505152788e-01 8.739186625992065608e-30 8.739486138479578857e-26 2.486044963676594440e-03 0.000000000000000000e+00
8.024634743858080066e-01 1.950504806505152788e-01 8.739186625992065608e-30 8.739486138479578857e-26 2.486044963676594440e-03 0.000000000000000000e+00
8.024634743858080066e-01 1.950504806505152788e-01 8.739186625992065608e-30 8.739486138479578857e-26 2.486044963676594440e-03 0.000000000000000000e+00
8.024634743858080066e-01 1.950504806505152788e-01 8.739186625992065608e-30 8.739486138479578857e-26 2.486044963676594440e-03 0.000000000000000000e+00
8.024634743858080066e-01 1.950504806505152788e-01 8.739186625992065608e-30 8.739486138479578857e-26 2.486044963676594440e-03 0.000000000000000000e+00
8.024634743858080066e-01 1.950504806505152788e-01 8.739186625992065608e-30 8.739486138479578857e-26 2.486044963676594440e-03 0.000000000000000000e+00
8.024634743858080066e-01 1.950504806505152788e-01 8.739186625992065608e-30 8.739486138479578857e-26 2.486044963676594440e-03 0.000000000000000000e+00
8.024634743858080066e-01 1.950504806505152788e-01 8.739186625992065608e-30 8.739486138479578857e-26 2.486044963676594440e-03 0.000000000000000000e+00
8.024634743858080066e-01 1.950504806505152788e-01 8.739186625992065608e-30 8.739486138479578857e-26 2.486044963676594440e-03 0.000000000000000000e+00
8.024634743858080066e-01 1.950504806505152788e-01 8.739186625992065608e-30 8.739486138479578857e-26 2.486044963676594440e-03 0.000000000000000000e+00
8.024634743858080066e-01 1.950504806505152788e-01 8.739186625992065608e-30 8.739486138479578857e-26 2.486044963676594440e-03 0.000000000000000000e+00
8.024634743858080066e-01 1.950504806505152788e-01 8.739186625992065608e-30 8.739486138479578857e-26 2.486044963676594440e-03 0.000000000000000000e+00
8.024634743858080066e-01 1.950504806505152788e-01 8.739186625992065608e-30 8.739486138479578857e-26 2.486044963676594440e-03 0.000000000000000000e+00
8.024634743858080066e-01 1.950504806505152788e-01 8.739186625992065608e-30 8.739486138479578857e-26 2.486044963676594440e-03 0.000000000000000000e+00
8.024634743858080066e-01 1.950504806505152788e-01 8.739186625992065608e-30 8.739486138479578857e-26 2.486044963676594440e-03 0.000000000000000000e+00
8.024634743858080066e-01 1.950504806505152788e-01 8.739186625992065608e-30 8.739486138479578857e-26 2.486044963676594440e-03 0.000000000000000000e+00
8.024634743858080066e-01 1.950504806505152788e-01 8.739186625992065608e-30 8.739486138479578857e-26 2.486044963676594440e-03 0.000000000000000000e+00
8.024634743858080066e-01 1.950504806505152788e-01 8.739186625992065608e-30 8.739486138479578857e-26 2.486044963676594440e-03 0.000000000000000000e+00
8.024634743858080066e-01 1.950504806505152788e-01 8.739186625992065608e-30 8.739486138479578857e-26 2.486044963676594440e-03 0.000000000000000000e+00
8.024634743858080066e-01 1.950504806505152788e-01 8.739186625992065608e-30 8.739486138479578857e-26 2.486044963676594440e-03 0.000000000000000000e+00
8.024634743858080066e-01 1.950504806505152788e-01 8.739186625992065608e-30 8.739486138479578857e-26 2.486044963676594440e-03 0.000000000000000000e+00
8.024634743858080066e-01 1.950504806505152788e-01 8.739186625992065608e-30 8.739486138479578857e-26 2.486044963676594440e-03 0.000000000000000000e+00
8.024634743858080066e-01 1.950504806505152788e-01 8.739186625992065608e-30 8.739486138479578857e-26 2.486044963676594440e-03 0.000000000000000000e+00
8.024634743858080066e-01 1.950504806505152788e-01 8.739186625992065608e-30 8.739486138479578857e-26 2.486044963676594440e-03 0.000000000000000000e+00
8.024634743858080066e-01 1.950504806505152788e-01 8.739186625992065608e-30 8.739486138479578857e-26 2.486044963676594440e-03 0.000000000000000000e+00
8.024634743858080066e-01 1.950504806505152788e-01 8.739186625992065608e-30 8.739486138479578857e-26 2.486044963676594440e-03 0.000000000000000000e+00
8.024634743858080066e-01 1.950504806505152788e-01 8.739186625992065608e-30 8.739486138479578857e-26 2.486044963676594440e-03 0.000000000000000000e+00
8.024634743858080066e-01 1.950504806505152788e-01 8.739186625992065608e-30 8.739486138479578857e-26 2.486044963676594440e-03 0.000000000000000000e+00
8.024634743858080066e-01 1.950504806505152788e-01 8.739186625992065608e-30 8.739486138479578857e-26 2.486044963676594440e-03 0.000000000000000000e+00
8.024634743858080066e-01 1.950504806505152788e-01 8.739186625992065608e-30 8.739486138479578857e-26 2.486044963676594440e-03 0.000000000000000000e+00
8.024634743858080066e-01 1.950504806505152788e-01 8.739186625992065608e-30 8.739486138479578857e-26 2.486044963676594440e-03 0.000000000000000000e+00
8.024634743858080066e-01 1.950504806505152788e-01 8.739186625992065608e-30 8.739486138479578857e-26 2.486044963676594440e-03 0.000000000000000000e+00
8.024634743858080066e-01 1.950504806505152788e-01 8.739186625992065608e-30 8.739486138479578857e-26 2.486044963676594440e-03 0.000000000000000000e+00
8.024634743858080066e-01 1.950504806505152788e-01 8.739186625992065608e-30 8.739486138479578857e-26 2.486044963676594440e-03 0.000000000000000000e+00
8.024634743858080066e-01 1.950504806505152788e-01 8.739186625992065608e-30 8.739486138479578857e-26 2.486044963676594440e-03 0.000000000000000000e+00
8.024634743858080066e-01 1.950504806505152788e-01 8.739186625992065608e-30 8.739486138479578857e-26 2.486044963676594440e-03 0.000000000000000000e+00
8.024634743858080066e-01 1.950504806505152788e-01 8.739186625992065608e-30 8.739486138479578857e-26 2.486044963676594440e-03 0.000000000000000000e+00
8.024634743858080066e-01 1.950504806505152788e-01 8.739186625992065608e-30 8.739486138479578857e-26 2.486044963676594440e-03 0.000000000000000000e+00
8.024634743858080066e-01 1.950504806505152788e-01 8.739186625992065608e-30 8.739486138479578857e-26 2.486044963676594440e-03 0.000000000000000000e+00
8.024634743858080066e-01 1.950504806505152788e-01 8.739186625992065608e-30 8.739486138479578857e-26 2.486044963676594440e-03 0.000000000000000000e+00
8.024634743858080066e-01 1.950504806505152788e-01 8.739186625992065608e-30 8.739486138479578857e-26 2.486044963676594440e-03 0.000000000000000000e+00
8.024634743858080066e-01 1.950504806505152788e-01 8.739186625992065608e-30 8.739486138479578857e-26 2.486044963676594440e-03 0.000000000000000000e+00
8.024634743858080066e-01 1.950504806505152788e-01 8.739186625992065608e-30 8.739486138479578857e-26 2.486044963676594440e-03 0.000000000000000000e+00
8.024634743858080066e-01 1.950504806505152788e-01 8.739186625992065608e-30 8.739486138479578857e-26 2.486044963676594440e-03 0.000000000000000000e+00
8.024634743858080066e-01 1.950504806505152788e-01 8.739186625992065608e-30 8.739486138479578857e-26 2.486044963676594440e-03 0.000000000000000000e+00
8.024634743858080066e-01 1.950504806505152788e-01 8.739186625992065608e-30 8.739486138479578857e-26 2.486044963676594440e-03 0.000000000000000000e+00
8.024634743858080066e-01 1.950504806505152788e-01 8.739186625992065608e-30 8.739486138479578857e-26 2.486044963676594440e-03 0.000000000000000000e+00
8.024634743858080066e-01 1.950504806505152788e-01 8.739186625992065608e-30 8.739486138479578857e-26 2.486044963676594440e-03 0.000000000000000000e+00
8.024634743858080066e-01 1.950504806505152788e-01 8.739186625992065608e-30 8.739486138479578857e-26 2.486044963676594440e-03 0.000000000000000000e+00
8.024634743858080066e-01 1.950504806505152788e-01 8.739186625992065608e-30 8.739486138479578857e-26 2.486044963676594440e-03 0.000000000000000000e+00
8.024634743858080066e-01 1.950504806505152788e-01 8.739186625992065608e-30 8.739486138479578857e-26 2.486044963676594440e-03 0.000000000000000000e+00
8.024634743858080066e-01 1.950504806505152788e-01 8.739186625992065608e-30 8.739486138479578857e-26 2.486044963676594440e-03 0.000000000000000000e+00
8.024634743858080066e-01 1.950504806505152788e-01 8.739186625992065608e-30 8.739486138479578857e-26 2.486044963676594440e-03 0.000000000000000000e+00
8.024634743858080066e-01 1.950504806505152788e-01 8.739186625992065608e-30 8.739486138479578857e-26 2.486044963676594440e-03 0.000000000000000000e+00
8.024634743858080066e-01 1.950504806505152788e-01 8.739186625992065608e-30 8.739486138479578857e-26 2.486044963676594440e-03 0.000000000000000000e+00
8.024634743858080066e-01 1.950504806505152788e-01 8.739186625992065608e-30 8.739486138479578857e-26 2.486044963676594440e-03 0.000000000000000000e+00
8.024634743858080066e-01 1.950504806505152788e-01 8.739186625992065608e-30 8.739486138479578857e-26 2.486044963676594440e-03 0.000000000000000000e+00
8.024634743858080066e-01 1.950504806505152788e-01 8.739186625992065608e-30 8.739486138479578857e-26 2.486044963676594440e-03 0.000000000000000000e+00
8.024634743858080066e-01 1.950504806505152788e-01 8.739186625992065608e-30 8.739486138479578857e-26 2.486044963676594440e-03 0.000000000000000000e+00
8.024634743858080066e-01 1.950504806505152788e-01 8.739186625992065608e-30 8.739486138479578857e-26 2.486044963676594440e-03 0.000000000000000000e+00
8.024634743858080066e-01 1.950504806505152788e-01 8.739186625992065608e-30 8.739486138479578857e-26 2.486044963676594440e-03 0.000000000000000000e+00
8.024634743858080066e-01 1.950504806505152788e-01 8.739186625992065608e-30 8.739486138479578857e-26 2.486044963676594440e-03 0.000000000000000000e+00
8.024634743858080066e-01 1.950504806505152788e-01 8.739186625992065608e-30 8.739486138479578857e-26 2.486044963676594440e-03 0.000000000000000000e+00
8.024634743858080066e-01 1.950504806505152788e-01 8.739186625992065608e-30 8.739486138479578857e-26 2.486044963676594440e-03 0.000000000000000000e+00
8.024634743858080066e-01 1.950504806505152788e-01 8.739186625992065608e-30 8.739486138479578857e-26 2.486044963676594440e-03 0.000000000000000000e+00
8.024634743858080066e-01 1.950504806505152788e-01 8.739186625992065608e-30 8.739486138479578857e-26 2.486044963676594440e-03 0.000000000000000000e+00
8.024634743858080066e-01 1.950504806505152788e-01 8.739186625992065608e-30 8.739486138479578857e-26 2.486044963676594440e-03 0.000000000000000000e+00
8.024634743858080066e-01 1.950504806505152788e-01 8.739186625992065608e-30 8.739486138479578857e-26 2.486044963676594440e-03 0.000000000000000000e+00
8.024634743858080066e-01 1.950504806505152788e-01 8.739186625992065608e-30 8.739486138479578857e-26 2.486044963676594440e-03 0.000000000000000000e+00
8.024634743858080066e-01 1.950504806505152788e-01 8.739186625992065608e-30 8.739486138479578857e-26 2.486044963676594440e-03 0.000000000000000000e+00
8.024634743858080066e-01 1.950504806505152788e-01 8.739186625992065608e-30 8.739486138479578857e-26 2.486044963676594440e-03 0.000000000000000000e+00
8.024634743858080066e-01 1.950504806505152788e-01 8.739186625992065608e-30 8.739486138479578857e-26 2.486044963676594440e-03 0.000000000000000000e+00
8.024634743858080066e-01 1.950504806505152788e-01 8.739186625992065608e-30 8.739486138479578857e-26 2.486044963676594440e-03 0.000000000000000000e+00
8.024634743858080066e-01 1.950504806505152788e-01 8.739186625992065608e-30 8.739486138479578857e-26 2.486044963676594440e-03 0.000000000000000000e+00
8.024634743858080066e-01 1.950504806505152788e-01 8.739186625992065608e-30 8.739486138479578857e-26 2.486044963676594440e-03 0.000000000000000000e+00
8.024634743858080066e-01 1.950504806505152788e-01 8.739186625992065608e-30 8.739486138479578857e-26 2.486044963676594440e-03 0.000000000000000000e+00
8.024634743858080066e-01 1.950504806505152788e-01 8.739186625992065608e-30 8.739486138479578857e-26 2.486044963676594440e-03 0.000000000000000000e+00
8.024634743858080066e-01 1.950504806505152788e-01 8.739186625992065608e-30 8.739486138479578857e-26 2.486044963676594440e-03 0.000000000000000000e+00
8.024634743858080066e-01 1.950504806505152788e-01 8.739186625992065608e-30 8.739486138479578857e-26 2.486044963676594440e-03 0.000000000000000000e+00
8.024634743858080066e-01 1.950504806505152788e-01 8.739186625992065608e-30 8.739486138479578857e-26 2.486044963676594440e-03 0.000000000000000000e+00
8.024634743858080066e-01 1.950504806505152788e-01 8.739186625992065608e-30 8.739486138479578857e-26 2.486044963676594440e-03 0.000000000000000000e+00
8.024634743858080066e-01 1.950504806505152788e-01 8.739186625992065608e-30 8.739486138479578857e-26 2.486044963676594440e-03 0.000000000000000000e+00
8.024634743858080066e-01 1.950504806505152788e-01 8.739186625992065608e-30 8.739486138479578857e-26 2.486044963676594440e-03 0.000000000000000000e+00
8.024634743858080066e-01 1.950504806505152788e-01 8.739186625992065608e-30 8.739486138479578857e-26 2.486044963676594440e-03 0.000000000000000000e+00
8.024634743858080066e-01 1.950504806505152788e-01 8.739186625992065608e-30 8.739486138479578857e-26 2.486044963676594440e-03 0.000000000000000000e+00
8.024634743858080066e-01 1.950504806505152788e-01 8.739186625992065608e-30 8.739486138479578857e-26 2.486044963676594440e-03 0.000000000000000000e+00
8.024634743858080066e-01 1.950504806505152788e-01 8.739186625992065608e-30 8.739486138479578857e-26 2.486044963676594440e-03 0.000000000000000000e+00
8.024634743858080066e-01 1.950504806505152788e-01 8.739186625992065608e-30 8.739486138479578857e-26 2.486044963676594440e-03 0.000000000000000000e+00
8.024634743858080066e-01 1.950504806505152788e-01 8.739186625992065608e-30 8.739486138479578857e-26 2.486044963676594440e-03 0.000000000000000000e+00
8.024634743858080066e-01 1.950504806505152788e-01 8.739186625992065608e-30 8.739486138479578857e-26 2.486044963676594440e-03 0.000000000000000000e+00
8.024634743858080066e-01 1.950504806505152788e-01 8.739186625992065608e-30 8.739486138479578857e-26 2.486044963676594440e-03 0.000000000000000000e+00
8.024634743858080066e-01 1.950504806505152788e-01 8.739186625992065608e-30 8.739486138479578857e-26 2.486044963676594440e-03 0.000000000000000000e+00
8.024634743858080066e-01 1.950504806505152788e-01 8.739186625992065608e-30 8.739486138479578857e-26 2.486044963676594440e-03 0.000000000000000000e+00
8.024634743858080066e-01 1.950504806505152788e-01 8.739186625992065608e-30 8.739486138479578857e-26 2.486044963676594440e-03 0.000000000000000000e+00
8.024634743858080066e-01 1.950504806505152788e-01 8.739186625992065608e-30 8.739486138479578857e-26 2.486044963676594440e-03 0.000000000000000000e+00
8.024634743858080066e-01 1.950504806505152788e-01 8.739186625992065608e-30 8.739486138479578857e-26 2.486044963676594440e-03 0.000000000000000000e+00
8.024634743858080066e-01 1.950504806505152788e-01 8.739186625992065608e-30 8.739486138479578857e-26 2.486044963676594440e-03 0.000000000000000000e+00
8.024634743858080066e-01 1.950504806505152788e-01 8.739186625992065608e-30 8.739486138479578857e-26 2.486044963676594440e-03 0.000000000000000000e+00
8.024634743858080066e-01 1.950504806505152788e-01 8.739186625992065608e-30 8.739486138479578857e-26 2.486044963676594440e-03 0.000000000000000000e+00
8.024634743858080066e-01 1.950504806505152788e-01 8.739186625992065608e-30 8.739486138479578857e-26 2.486044963676594440e-03 0.000000000000000000e+00
8.024634743858080066e-01 1.950504806505152788e-01 8.739186625992065608e-30 8.739486138479578857e-26 2.486044963676594440e-03 0.000000000000000000e+00
8.024634743858080066e-01 1.950504806505152788e-01 8.739186625992065608e-30 8.739486138479578857e-26 2.486044963676594440e-03 0.000000000000000000e+00
8.024634743858080066e-01 1.950504806505152788e-01 8.739186625992065608e-30 8.739486138479578857e-26 2.486044963676594440e-03 0.000000000000000000e+00
8.024634743858080066e-01 1.950504806505152788e-01 8.739186625992065608e-30 8.739486138479578857e-26 2.486044963676594440e-03 0.000000000000000000e+00
8.024634743858080066e-01 1.950504806505152788e-01 8.739186625992065608e-30 8.739486138479578857e-26 2.486044963676594440e-03 0.000000000000000000e+00
8.024634743858080066e-01 1.950504806505152788e-01 8.739186625992065608e-30 8.739486138479578857e-26 2.486044963676594440e-03 0.000000000000000000e+00
8.024634743858080066e-01 1.950504806505152788e-01 8.739186625992065608e-30 8.739486138479578857e-26 2.486044963676594440e-03 0.000000000000000000e+00
8.024634743858080066e-01 1.950504806505152788e-01 8.739186625992065608e-30 8.739486138479578857e-26 2.486044963676594440e-03 0.000000000000000000e+00
8.024634743858080066e-01 1.950504806505152788e-01 8.739186625992065608e-30 8.739486138479578857e-26 2.486044963676594440e-03 0.000000000000000000e+00
8.024634743858080066e-01 1.950504806505152788e-01 8.739186625992065608e-30 8.739486138479578857e-26 2.486044963676594440e-03 0.000000000000000000e+00
8.024634743858080066e-01 1.950504806505152788e-01 8.739186625992065608e-30 8.739486138479578857e-26 2.486044963676594440e-03 0.000000000000000000e+00
8.024634743858080066e-01 1.950504806505152788e-01 8.739186625992065608e-30 8.739486138479578857e-26 2.486044963676594440e-03 0.000000000000000000e+00
8.024634743858080066e-01 1.950504806505152788e-01 8.739186625992065608e-30 8.739486138479578857e-26 2.486044963676594440e-03 0.000000000000000000e+00
8.024634743858080066e-01 1.950504806505152788e-01 8.739186625992065608e-30 8.739486138479578857e-26 2.486044963676594440e-03 0.000000000000000000e+00
8.024634743858080066e-01 1.950504806505152788e-01 8.739186625992065608e-30 8.739486138479578857e-26 2.486044963676594440e-03 0.000000000000000000e+00
8.024634743858080066e-01 1.950504806505152788e-01 8.739186625992065608e-30 8.739486138479578857e-26 2.486044963676594440e-03 0.000000000000000000e+00
8.024634743858080066e-01 1.950504806505152788e-01 8.739186625992065608e-30 8.739486138479578857e-26 2.486044963676594440e-03 0.000000000000000000e+00
8.024634743858080066e-01 1.950504806505152788e-01 8.739186625992065608e-30 8.739486138479578857e-26 2.486044963676594440e-03 0.000000000000000000e+00
8.024634743858080066e-01 1.950504806505152788e-01 8.739186625992065608e-30 8.739486138479578857e-26 2.486044963676594440e-03 0.000000000000000000e+00
8.024634743858080066e-01 1.950504806505152788e-01 8.739186625992065608e-30 8.739486138479578857e-26 2.486044963676594440e-03 0.000000000000000000e+00
8.024634743858080066e-01 1.950504806505152788e-01 8.739186625992065608e-30 8.739486138479578857e-26 2.486044963676594440e-03 0.000000000000000000e+00
8.024634743858080066e-01 1.950504806505152788e-01 8.739186625992065608e-30 8.739486138479578857e-26 2.486044963676594440e-03 0.000000000000000000e+00
8.024634743858080066e-01 1.950504806505152788e-01 8.739186625992065608e-30 8.739486138479578857e-26 2.486044963676594440e-03 0.000000000000000000e+00
8.024634743858080066e-01 1.950504806505152788e-01 8.739186625992065608e-30 8.739486138479578857e-26 2.486044963676594440e-03 0.000000000000000000e+00
8.024634743858080066e-01 1.950504806505152788e-01 8.739186625992065608e-30 8.739486138479578857e-26 2.486044963676594440e-03 0.000000000000000000e+00
8.024634743858080066e-01 1.950504806505152788e-01 8.739186625992065608e-30 8.739486138479578857e-26 2.486044963676594440e-03 0.000000000000000000e+00
8.024634743858080066e-01 1.950504806505152788e-01 8.739186625992065608e-30 8.739486138479578857e-26 2.486044963676594440e-03 0.000000000000000000e+00
8.024634743858080066e-01 1.950504806505152788e-01 8.739186625992065608e-30 8.739486138479578857e-26 2.486044963676594440e-03 0.000000000000000000e+00
8.024634743858080066e-01 1.950504806505152788e-01 8.739186625992065608e-30 8.739486138479578857e-26 2.486044963676594440e-03 0.000000000000000000e+00
8.024634743858080066e-01 1.950504806505152788e-01 8.739186625992065608e-30 8.739486138479578857e-26 2.486044963676594440e-03 0.000000000000000000e+00
8.024634743858080066e-01 1.950504806505152788e-01 8.739186625992065608e-30 8.739486138479578857e-26 2.486044963676594440e-03 0.000000000000000000e+00
8.024634743858080066e-01 1.950504806505152788e-01 8.739186625992065608e-30 8.739486138479578857e-26 2.486044963676594440e-03 0.000000000000000000e+00
8.024634743858080066e-01 1.950504806505152788e-01 8.739186625992065608e-30 8.739486138479578857e-26 2.486044963676594440e-03 0.000000000000000000e+00
8.024634743858080066e-01 1.950504806505152788e-01 8.739186625992065608e-30 8.739486138479578857e-26 2.486044963676594440e-03 0.000000000000000000e+00
8.024634743858080066e-01 1.950504806505152788e-01 8.739186625992065608e-30 8.739486138479578857e-26 2.486044963676594440e-03 0.000000000000000000e+00
8.024634743858080066e-01 1.950504806505152788e-01 8.739186625992065608e-30 8.739486138479578857e-26 2.486044963676594440e-03 0.000000000000000000e+00
8.024634743858080066e-01 1.950504806505152788e-01 8.739186625992065608e-30 8.739486138479578857e-26 2.486044963676594440e-03 0.000000000000000000e+00
8.024634743858080066e-01 1.950504806505152788e-01 8.739186625992065608e-30 8.739486138479578857e-26 2.486044963676594440e-03 0.000000000000000000e+00
8.024634743858080066e-01 1.950504806505152788e-01 8.739186625992065608e-30 8.739486138479578857e-26 2.486044963676594440e-03 0.000000000000000000e+00
8.024634743858080066e-01 1.950504806505152788e-01 8.739186625992065608e-30 8.739486138479578857e-26 2.486044963676594440e-03 0.000000000000000000e+00
8.024634743858080066e-01 1.950504806505152788e-01 8.739186625992065608e-30 8.739486138479578857e-26 2.486044963676594440e-03 0.000000000000000000e+00
8.024634743858080066e-01 1.950504806505152788e-01 8.739186625992065608e-30 8.739486138479578857e-26 2.486044963676594440e-03 0.000000000000000000e+00
8.024634743858080066e-01 1.950504806505152788e-01 8.739186625992065608e-30 8.739486138479578857e-26 2.486044963676594440e-03 0.000000000000000000e+00
8.024634743858080066e-01 1.950504806505152788e-01 8.739186625992065608e-30 8.739486138479578857e-26 2.486044963676594440e-03 0.000000000000000000e+00
8.024634743858080066e-01 1.950504806505152788e-01 8.739186625992065608e-30 8.739486138479578857e-26 2.486044963676594440e-03 0.000000000000000000e+00
8.024634743858080066e-01 1.950504806505152788e-01 8.739186625992065608e-30 8.739486138479578857e-26 2.486044963676594440e-03 0.000000000000000000e+00
8.024634743858080066e-01 1.950504806505152788e-01 8.739186625992065608e-30 8.739486138479578857e-26 2.486044963676594440e-03 0.000000000000000000e+00
8.024634743858080066e-01 1.950504806505152788e-01 8.739186625992065608e-30 8.739486138479578857e-26 2.486044963676594440e-03 0.000000000000000000e+00
8.024634743858080066e-01 1.950504806505152788e-01 8.739186625992065608e-30 8.739486138479578857e-26 2.486044963676594440e-03 0.000000000000000000e+00
8.024634743858080066e-01 1.950504806505152788e-01 8.739186625992065608e-30 8.739486138479578857e-26 2.486044963676594440e-03 0.000000000000000000e+00
8.024634743858080066e-01 1.950504806505152788e-01 8.739186625992065608e-30 8.739486138479578857e-26 2.486044963676594440e-03 0.000000000000000000e+00
8.024634743858080066e-01 1.950504806505152788e-01 8.739186625992065608e-30 8.739486138479578857e-26 2.486044963676594440e-03 0.000000000000000000e+00
8.024634743858080066e-01 1.950504806505152788e-01 8.739186625992065608e-30 8.739486138479578857e-26 2.486044963676594440e-03 0.000000000000000000e+00
8.024634743858080066e-01 1.950504806505152788e-01 8.739186625992065608e-30 8.739486138479578857e-26 2.486044963676594440e-03 0.000000000000000000e+00
8.024634743858080066e-01 1.950504806505152788e-01 8.739186625992065608e-30 8.739486138479578857e-26 2.486044963676594440e-03 0.000000000000000000e+00
8.024634743858080066e-01 1.950504806505152788e-01 8.739186625992065608e-30 8.739486138479578857e-26 2.486044963676594440e-03 0.000000000000000000e+00
8.024634743858080066e-01 1.950504806505152788e-01 8.739186625992065608e-30 8.739486138479578857e-26 2.486044963676594440e-03 0.000000000000000000e+00
8.024634743858080066e-01 1.950504806505152788e-01 8.739186625992065608e-30 8.739486138479578857e-26 2.486044963676594440e-03 0.000000000000000000e+00
8.024634743858080066e-01 1.950504806505152788e-01 8.739186625992065608e-30 8.739486138479578857e-26 2.486044963676594440e-03 0.000000000000000000e+00
8.024634743858080066e-01 1.950504806505152788e-01 8.739186625992065608e-30 8.739486138479578857e-26 2.486044963676594440e-03 0.000000000000000000e+00
8.024634743858080066e-01 1.950504806505152788e-01 8.739186625992065608e-30 8.739486138479578857e-26 2.486044963676594440e-03 0.000000000000000000e+00
8.024634743858080066e-01 1.950504806505152788e-01 8.739186625992065608e-30 8.739486138479578857e-26 2.486044963676594440e-03 0.000000000000000000e+00
8.024634743858080066e-01 1.950504806505152788e-01 8.739186625992065608e-30 8.739486138479578857e-26 2.486044963676594440e-03 0.000000000000000000e+00
8.024634743858080066e-01 1.950504806505152788e-01 8.739186625992065608e-30 8.739486138479578857e-26 2.486044963676594440e-03 0.000000000000000000e+00
8.024634743858080066e-01 1.950504806505152788e-01 8.739186625992065608e-30 8.739486138479578857e-26 2.486044963676594440e-03 0.000000000000000000e+00
8.024634743858080066e-01 1.950504806505152788e-01 8.739186625992065608e-30 8.739486138479578857e-26 2.486044963676594440e-03 0.000000000000000000e+00
8.024634743858080066e-01 1.950504806505152788e-01 8.739186625992065608e-30 8.739486138479578857e-26 2.486044963676594440e-03 0.000000000000000000e+00
8.024634743858080066e-01 1.950504806505152788e-01 8.739186625992065608e-30 8.739486138479578857e-26 2.486044963676594440e-03 0.000000000000000000e+00
8.024634743858080066e-01 1.950504806505152788e-01 8.739186625992065608e-30 8.739486138479578857e-26 2.486044963676594440e-03 0.000000000000000000e+00
8.024634743858080066e-01 1.950504806505152788e-01 8.739186625992065608e-30 8.739486138479578857e-26 2.486044963676594440e-03 0.000000000000000000e+00
8.024634743858080066e-01 1.950504806505152788e-01 8.739186625992065608e-30 8.739486138479578857e-26 2.486044963676594440e-03 0.000000000000000000e+00
8.024634743858080066e-01 1.950504806505152788e-01 8.739186625992065608e-30 8.739486138479578857e-26 2.486044963676594440e-03 0.000000000000000000e+00
8.024634743858080066e-01 1.950504806505152788e-01 8.739186625992065608e-30 8.739486138479578857e-26 2.486044963676594440e-03 0.000000000000000000e+00
8.024634743858080066e-01 1.950504806505152788e-01 8.739186625992065608e-30 8.739486138479578857e-26 2.486044963676594440e-03 0.000000000000000000e+00
8.024634743858080066e-01 1.950504806505152788e-01 8.739186625992065608e-30 8.739486138479578857e-26 2.486044963676594440e-03 0.000000000000000000e+00
8.024634743858080066e-01 1.950504806505152788e-01 8.739186625992065608e-30 8.739486138479578857e-26 2.486044963676594440e-03 0.000000000000000000e+00
8.024634743858080066e-01 1.950504806505152788e-01 8.739186625992065608e-30 8.739486138479578857e-26 2.486044963676594440e-03 0.000000000000000000e+00
8.024634743858080066e-01 1.950504806505152788e-01 8.739186625992065608e-30 8.739486138479578857e-26 2.486044963676594440e-03 0.000000000000000000e+00
8.024634743858080066e-01 1.950504806505152788e-01 8.739186625992065608e-30 8.739486138479578857e-26 2.486044963676594440e-03 0.000000000000000000e+00
8.024634743858080066e-01 1.950504806505152788e-01 8.739186625992065608e-30 8.739486138479578857e-26 2.486044963676594440e-03 0.000000000000000000e+00
8.024634743858080066e-01 1.950504806505152788e-01 8.739186625992065608e-30 8.739486138479578857e-26 2.486044963676594440e-03 0.000000000000000000e+00
8.024634743858080066e-01 1.950504806505152788e-01 8.739186625992065608e-30 8.739486138479578857e-26 2.486044963676594440e-03 0.000000000000000000e+00
8.024634743858080066e-01 1.950504806505152788e-01 8.739186625992065608e-30 8.739486138479578857e-26 2.486044963676594440e-03 0.000000000000000000e+00
8.024634743858080066e-01 1.950504806505152788e-01 8.739186625992065608e-30 8.739486138479578857e-26 2.486044963676594440e-03 0.000000000000000000e+00
8.024634743858080066e-01 1.950504806505152788e-01 8.739186625992065608e-30 8.739486138479578857e-26 2.486044963676594440e-03 0.000000000000000000e+00
8.024634743858080066e-01 1.950504806505152788e-01 8.739186625992065608e-30 8.739486138479578857e-26 2.486044963676594440e-03 0.000000000000000000e+00
8.024634743858080066e-01 1.950504806505152788e-01 8.739186625992065608e-30 8.739486138479578857e-26 2.486044963676594440e-03 0.000000000000000000e+00
8.024634743858080066e-01 1.950504806505152788e-01 8.739186625992065608e-30 8.739486138479578857e-26 2.486044963676594440e-03 0.000000000000000000e+00
8.024634743858080066e-01 1.950504806505152788e-01 8.739186625992065608e-30 8.739486138479578857e-26 2.486044963676594440e-03 0.000000000000000000e+00
8.024634743858080066e-01 1.950504806505152788e-01 8.739186625992065608e-30 8.739486138479578857e-26 2.486044963676594440e-03 0.000000000000000000e+00
8.024634743858080066e-01 1.950504806505152788e-01 8.739186625992065608e-30 8.739486138479578857e-26 2.486044963676594440e-03 0.000000000000000000e+00
8.024634743858080066e-01 1.950504806505152788e-01 8.739186625992065608e-30 8.739486138479578857e-26 2.486044963676594440e-03 0.000000000000000000e+00
8.024634743858080066e-01 1.950504806505152788e-01 8.739186625992065608e-30 8.739486138479578857e-26 2.486044963676594440e-03 0.000000000000000000e+00
8.024634743858080066e-01 1.950504806505152788e-01 8.739186625992065608e-30 8.739486138479578857e-26 2.486044963676594440e-03 0.000000000000000000e+00
8.024634743858080066e-01 1.950504806505152788e-01 8.739186625992065608e-30 8.739486138479578857e-26 2.486044963676594440e-03 0.000000000000000000e+00
8.024634743858080066e-01 1.950504806505152788e-01 8.739186625992065608e-30 8.739486138479578857e-26 2.486044963676594440e-03 0.000000000000000000e+00
8.024634743858080066e-01 1.950504806505152788e-01 8.739186625992065608e-30 8.739486138479578857e-26 2.486044963676594440e-03 0.000000000000000000e+00
8.024634743858080066e-01 1.950504806505152788e-01 8.739186625992065608e-30 8.739486138479578857e-26 2.486044963676594440e-03 0.000000000000000000e+00
8.024634743858080066e-01 1.950504806505152788e-01 8.739186625992065608e-30 8.739486138479578857e-26 2.486044963676594440e-03 0.000000000000000000e+00
8.024634743858080066e-01 1.950504806505152788e-01 8.739186625992065608e-30 8.739486138479578857e-26 2.486044963676594440e-03 0.000000000000000000e+00
8.024634743858080066e-01 1.950504806505152788e-01 8.739186625992065608e-30 8.739486138479578857e-26 2.486044963676594440e-03 0.000000000000000000e+00
8.024634743858080066e-01 1.950504806505152788e-01 8.739186625992065608e-30 8.739486138479578857e-26 2.486044963676594440e-03 0.000000000000000000e+00
8.024634743858080066e-01 1.950504806505152788e-01 8.739186625992065608e-30 8.739486138479578857e-26 2.486044963676594440e-03 0.000000000000000000e+00
8.024634743858080066e-01 1.950504806505152788e-01 8.739186625992065608e-30 8.739486138479578857e-26 2.486044963676594440e-03 0.000000000000000000e+00
8.024634743858080066e-01 1.950504806505152788e-01 8.739186625992065608e-30 8.739486138479578857e-26 2.486044963676594440e-03 0.000000000000000000e+00
8.024634743858080066e-01 1.950504806505152788e-01 8.739186625992065608e-30 8.739486138479578857e-26 2.486044963676594440e-03 0.000000000000000000e+00
8.024634743858080066e-01 1.950504806505152788e-01 8.739186625992065608e-30 8.739486138479578857e-26 2.486044963676594440e-03 0.000000000000000000e+00
8.024634743858080066e-01 1.950504806505152788e-01 8.739186625992065608e-30 8.739486138479578857e-26 2.486044963676594440e-03 0.000000000000000000e+00
8.024634743858080066e-01 1.950504806505152788e-01 8.739186625992065608e-30 8.739486138479578857e-26 2.486044963676594440e-03 0.000000000000000000e+00
8.024634743858080066e-01 1.950504806505152788e-01 8.739186625992065608e-30 8.739486138479578857e-26 2.486044963676594440e-03 0.000000000000000000e+00
8.024634743858080066e-01 1.950504806505152788e-01 8.739186625992065608e-30 8.739486138479578857e-26 2.486044963676594440e-03 0.000000000000000000e+00
8.024634743858080066e-01 1.950504806505152788e-01 8.739186625992065608e-30 8.739486138479578857e-26 2.486044963676594440e-03 0.000000000000000000e+00
8.024634743858080066e-01 1.950504806505152788e-01 8.739186625992065608e-30 8.739486138479578857e-26 2.486044963676594440e-03 0.000000000000000000e+00
8.024634743858080066e-01 1.950504806505152788e-01 8.739186625992065608e-30 8.739486138479578857e-26 2.486044963676594440e-03 0.000000000000000000e+00
8.024634743858080066e-01 1.950504806505152788e-01 8.739186625992065608e-30 8.739486138479578857e-26 2.486044963676594440e-03 0.000000000000000000e+00
8.024634743858080066e-01 1.950504806505152788e-01 8.739186625992065608e-30 8.739486138479578857e-26 2.486044963676594440e-03 0.000000000000000000e+00
8.024634743858080066e-01 1.950504806505152788e-01 8.739186625992065608e-30 8.739486138479578857e-26 2.486044963676594440e-03 0.000000000000000000e+00
8.024634743858080066e-01 1.950504806505152788e-01 8.739186625992065608e-30 8.739486138479578857e-26 2.486044963676594440e-03 0.000000000000000000e+00
8.024634743858080066e-01 1.950504806505152788e-01 8.739186625992065608e-30 8.739486138479578857e-26 2.486044963676594440e-03 0.000000000000000000e+00
8.024634743858080066e-01 1.950504806505152788e-01 8.739186625992065608e-30 8.739486138479578857e-26 2.486044963676594440e-03 0.000000000000000000e+00
8.024634743858080066e-01 1.950504806505152788e-01 8.739186625992065608e-30 8.739486138479578857e-26 2.486044963676594440e-03 0.000000000000000000e+00
8.024634743858080066e-01 1.950504806505152788e-01 8.739186625992065608e-30 8.739486138479578857e-26 2.486044963676594440e-03 0.000000000000000000e+00
8.024634743858080066e-01 1.950504806505152788e-01 8.739186625992065608e-30 8.739486138479578857e-26 2.486044963676594440e-03 0.000000000000000000e+00
8.024634743858080066e-01 1.950504806505152788e-01 8.739186625992065608e-30 8.739486138479578857e-26 2.486044963676594440e-03 0.000000000000000000e+00
8.024634743858080066e-01 1.950504806505152788e-01 8.739186625992065608e-30 8.739486138479578857e-26 2.486044963676594440e-03 0.000000000000000000e+00
8.024634743858080066e-01 1.950504806505152788e-01 8.739186625992065608e-30 8.739486138479578857e-26 2.486044963676594440e-03 0.000000000000000000e+00
8.024634743858080066e-01 1.950504806505152788e-01 8.739186625992065608e-30 8.739486138479578857e-26 2.486044963676594440e-03 0.000000000000000000e+00
8.024634743858080066e-01 1.950504806505152788e-01 8.739186625992065608e-30 8.739486138479578857e-26 2.486044963676594440e-03 0.000000000000000000e+00
8.024634743858080066e-01 1.950504806505152788e-01 8.739186625992065608e-30 8.739486138479578857e-26 2.486044963676594440e-03 0.000000000000000000e+00
8.024634743858080066e-01 1.950504806505152788e-01 8.739186625992065608e-30 8.739486138479578857e-26 2.486044963676594440e-03 0.000000000000000000e+00
8.024634743858080066e-01 1.950504806505152788e-01 8.739186625992065608e-30 8.739486138479578857e-26 2.486044963676594440e-03 0.000000000000000000e+00
8.024634743858080066e-01 1.950504806505152788e-01 8.739186625992065608e-30 8.739486138479578857e-26 2.486044963676594440e-03 0.000000000000000000e+00
8.024634743858080066e-01 1.950504806505152788e-01 8.739186625992065608e-30 8.739486138479578857e-26 2.486044963676594440e-03 0.000000000000000000e+00
8.024634743858080066e-01 1.950504806505152788e-01 8.739186625992065608e-30 8.739486138479578857e-26 2.486044963676594440e-03 0.000000000000000000e+00
8.024634743858080066e-01 1.950504806505152788e-01 8.739186625992065608e-30 8.739486138479578857e-26 2.486044963676594440e-03 0.000000000000000000e+00
8.024634743858080066e-01 1.950504806505152788e-01 8.739186625992065608e-30 8.739486138479578857e-26 2.486044963676594440e-03 0.000000000000000000e+00
8.024634743858080066e-01 1.950504806505152788e-01 8.739186625992065608e-30 8.739486138479578857e-26 2.486044963676594440e-03 0.000000000000000000e+00
8.024634743858080066e-01 1.950504806505152788e-01 8.739186625992065608e-30 8.739486138479578857e-26 2.486044963676594440e-03 0.000000000000000000e+00
8.024634743858080066e-01 1.950504806505152788e-01 8.739186625992065608e-30 8.739486138479578857e-26 2.486044963676594440e-03 0.000000000000000000e+00
8.024634743858080066e-01 1.950504806505152788e-01 8.739186625992065608e-30 8.739486138479578857e-26 2.486044963676594440e-03 0.000000000000000000e+00
8.024634743858080066e-01 1.950504806505152788e-01 8.739186625992065608e-30 8.739486138479578857e-26 2.486044963676594440e-03 0.000000000000000000e+00
8.024634743858080066e-01 1.950504806505152788e-01 8.739186625992065608e-30 8.739486138479578857e-26 2.486044963676594440e-03 0.000000000000000000e+00
8.024634743858080066e-01 1.950504806505152788e-01 8.739186625992065608e-30 8.739486138479578857e-26 2.486044963676594440e-03 0.000000000000000000e+00
8.024634743858080066e-01 1.950504806505152788e-01 8.739186625992065608e-30 8.739486138479578857e-26 2.486044963676594440e-03 0.000000000000000000e+00
8.024634743858080066e-01 1.950504806505152788e-01 8.739186625992065608e-30 8.739486138479578857e-26 2.486044963676594440e-03 0.000000000000000000e+00
8.024634743858080066e-01 1.950504806505152788e-01 8.739186625992065608e-30 8.739486138479578857e-26 2.486044963676594440e-03 0.000000000000000000e+00
8.024634743858080066e-01 1.950504806505152788e-01 8.739186625992065608e-30 8.739486138479578857e-26 2.486044963676594440e-03 0.000000000000000000e+00
8.024634743858080066e-01 1.950504806505152788e-01 8.739186625992065608e-30 8.739486138479578857e-26 2.486044963676594440e-03 0.000000000000000000e+00
8.024634743858080066e-01 1.950504806505152788e-01 8.739186625992065608e-30 8.739486138479578857e-26 2.486044963676594440e-03 0.000000000000000000e+00
8.024634743858080066e-01 1.950504806505152788e-01 8.739186625992065608e-30 8.739486138479578857e-26 2.486044963676594440e-03 0.000000000000000000e+00
8.024634743858080066e-01 1.950504806505152788e-01 8.739186625992065608e-30 8.739486138479578857e-26 2.486044963676594440e-03 0.000000000000000000e+00
8.024634743858080066e-01 1.950504806505152788e-01 8.739186625992065608e-30 8.739486138479578857e-26 2.486044963676594440e-03 0.000000000000000000e+00
8.024634743858080066e-01 1.950504806505152788e-01 8.739186625992065608e-30 8.739486138479578857e-26 2.486044963676594440e-03 0.000000000000000000e+00
8.024634743858080066e-01 1.950504806505152788e-01 8.739186625992065608e-30 8.739486138479578857e-26 2.486044963676594440e-03 0.000000000000000000e+00
8.024634743858080066e-01 1.950504806505152788e-01 8.739186625992065608e-30 8.739486138479578857e-26 2.486044963676594440e-03 0.000000000000000000e+00
8.024634743858080066e-01 1.950504806505152788e-01 8.739186625992065608e-30 8.739486138479578857e-26 2.486044963676594440e-03 0.000000000000000000e+00
8.024634743858080066e-01 1.950504806505152788e-01 8.739186625992065608e-30 8.739486138479578857e-26 2.486044963676594440e-03 0.000000000000000000e+00
8.024634743858080066e-01 1.950504806505152788e-01 8.739186625992065608e-30 8.739486138479578857e-26 2.486044963676594440e-03 0.000000000000000000e+00
8.024634743858080066e-01 1.950504806505152788e-01 8.739186625992065608e-30 8.739486138479578857e-26 2.486044963676594440e-03 0.000000000000000000e+00
8.024634743858080066e-01 1.950504806505152788e-01 8.739186625992065608e-30 8.739486138479578857e-26 2.486044963676594440e-03 0.000000000000000000e+00
8.024634743858080066e-01 1.950504806505152788e-01 8.739186625992065608e-30 8.739486138479578857e-26 2.486044963676594440e-03 0.000000000000000000e+00
8.024634743858080066e-01 1.950504806505152788e-01 8.739186625992065608e-30 8.739486138479578857e-26 2.486044963676594440e-03 0.000000000000000000e+00
8.024634743858080066e-01 1.950504806505152788e-01 8.739186625992065608e-30 8.739486138479578857e-26 2.486044963676594440e-03 0.000000000000000000e+00
8.024634743858080066e-01 1.950504806505152788e-01 8.739186625992065608e-30 8.739486138479578857e-26 2.486044963676594440e-03 0.000000000000000000e+00
8.024634743858080066e-01 1.950504806505152788e-01 8.739186625992065608e-30 8.739486138479578857e-26 2.486044963676594440e-03 0.000000000000000000e+00
8.024634743858080066e-01 1.950504806505152788e-01 8.739186625992065608e-30 8.739486138479578857e-26 2.486044963676594440e-03 0.000000000000000000e+00
8.024634743858080066e-01 1.950504806505152788e-01 8.739186625992065608e-30 8.739486138479578857e-26 2.486044963676594440e-03 0.000000000000000000e+00
8.024634743858080066e-01 1.950504806505152788e-01 8.739186625992065608e-30 8.739486138479578857e-26 2.486044963676594440e-03 0.000000000000000000e+00
8.024634743858080066e-01 1.950504806505152788e-01 8.739186625992065608e-30 8.739486138479578857e-26 2.486044963676594440e-03 0.000000000000000000e+00
8.024634743858080066e-01 1.950504806505152788e-01 8.739186625992065608e-30 8.739486138479578857e-26 2.486044963676594440e-03 0.000000000000000000e+00
8.024634743858080066e-01 1.950504806505152788e-01 8.739186625992065608e-30 8.739486138479578857e-26 2.486044963676594440e-03 0.000000000000000000e+00
8.024634743858080066e-01 1.950504806505152788e-01 8.739186625992065608e-30 8.739486138479578857e-26 2.486044963676594440e-03 0.000000000000000000e+00
8.024634743858080066e-01 1.950504806505152788e-01 8.739186625992065608e-30 8.739486138479578857e-26 2.486044963676594440e-03 0.000000000000000000e+00
8.024634743858080066e-01 1.950504806505152788e-01 8.739186625992065608e-30 8.739486138479578857e-26 2.486044963676594440e-03 0.000000000000000000e+00
8.024634743858080066e-01 1.950504806505152788e-01 8.739186625992065608e-30 8.739486138479578857e-26 2.486044963676594440e-03 0.000000000000000000e+00
8.024634743858080066e-01 1.950504806505152788e-01 8.739186625992065608e-30 8.739486138479578857e-26 2.486044963676594440e-03 0.000000000000000000e+00
8.024634743858080066e-01 1.950504806505152788e-01 8.739186625992065608e-30 8.739486138479578857e-26 2.486044963676594440e-03 0.000000000000000000e+00
8.024634743858080066e-01 1.950504806505152788e-01 8.739186625992065608e-30 8.739486138479578857e-26 2.486044963676594440e-03 0.000000000000000000e+00
8.024634743858080066e-01 1.950504806505152788e-01 8.739186625992065608e-30 8.739486138479578857e-26 2.486044963676594440e-03 0.000000000000000000e+00
8.024634743858080066e-01 1.950504806505152788e-01 8.739186625992065608e-30 8.739486138479578857e-26 2.486044963676594440e-03 0.000000000000000000e+00
8.024634743858080066e-01 1.950504806505152788e-01 8.739186625992065608e-30 8.739486138479578857e-26 2.486044963676594440e-03 0.000000000000000000e+00
8.024634743858080066e-01 1.950504806505152788e-01 8.739186625992065608e-30 8.739486138479578857e-26 2.486044963676594440e-03 0.000000000000000000e+00
8.024634743858080066e-01 1.950504806505152788e-01 8.739186625992065608e-30 8.739486138479578857e-26 2.486044963676594440e-03 0.000000000000000000e+00
8.024634743858080066e-01 1.950504806505152788e-01 8.739186625992065608e-30 8.739486138479578857e-26 2.486044963676594440e-03 0.000000000000000000e+00
8.024634743858080066e-01 1.950504806505152788e-01 8.739186625992065608e-30 8.739486138479578857e-26 2.486044963676594440e-03 0.000000000000000000e+00
8.024634743858080066e-01 1.950504806505152788e-01 8.739186625992065608e-30 8.739486138479578857e-26 2.486044963676594440e-03 0.000000000000000000e+00
8.024634743858080066e-01 1.950504806505152788e-01 8.739186625992065608e-30 8.739486138479578857e-26 2.486044963676594440e-03 0.000000000000000000e+00
8.024634743858080066e-01 1.950504806505152788e-01 8.739186625992065608e-30 8.739486138479578857e-26 2.486044963676594440e-03 0.000000000000000000e+00
8.024634743858080066e-01 1.950504806505152788e-01 8.739186625992065608e-30 8.739486138479578857e-26 2.486044963676594440e-03 0.000000000000000000e+00
8.024634743858080066e-01 1.950504806505152788e-01 8.739186625992065608e-30 8.739486138479578857e-26 2.486044963676594440e-03 0.000000000000000000e+00
8.024634743858080066e-01 1.950504806505152788e-01 8.739186625992065608e-30 8.739486138479578857e-26 2.486044963676594440e-03 0.000000000000000000e+00
8.024634743858080066e-01 1.950504806505152788e-01 8.739186625992065608e-30 8.739486138479578857e-26 2.486044963676594440e-03 0.000000000000000000e+00
8.024634743858080066e-01 1.950504806505152788e-01 8.739186625992065608e-30 8.739486138479578857e-26 2.486044963676594440e-03 0.000000000000000000e+00
8.024634743858080066e-01 1.950504806505152788e-01 8.739186625992065608e-30 8.739486138479578857e-26 2.486044963676594440e-03 0.000000000000000000e+00
8.024634743858080066e-01 1.950504806505152788e-01 8.739186625992065608e-30 8.739486138479578857e-26 2.486044963676594440e-03 0.000000000000000000e+00
8.024634743858080066e-01 1.950504806505152788e-01 8.739186625992065608e-30 8.739486138479578857e-26 2.486044963676594440e-03 0.000000000000000000e+00
8.024634743858080066e-01 1.950504806505152788e-01 8.739186625992065608e-30 8.739486138479578857e-26 2.486044963676594440e-03 0.000000000000000000e+00
8.024634743858080066e-01 1.950504806505152788e-01 8.739186625992065608e-30 8.739486138479578857e-26 2.486044963676594440e-03 0.000000000000000000e+00
8.024634743858080066e-01 1.950504806505152788e-01 8.739186625992065608e-30 8.739486138479578857e-26 2.486044963676594440e-03 0.000000000000000000e+00
8.024634743858080066e-01 1.950504806505152788e-01 8.739186625992065608e-30 8.739486138479578857e-26 2.486044963676594440e-03 0.000000000000000000e+00
8.024634743858080066e-01 1.950504806505152788e-01 8.739186625992065608e-30 8.739486138479578857e-26 2.486044963676594440e-03 0.000000000000000000e+00
8.024634743858080066e-01 1.950504806505152788e-01 8.739186625992065608e-30 8.739486138479578857e-26 2.486044963676594440e-03 0.000000000000000000e+00
8.024634743858080066e-01 1.950504806505152788e-01 8.739186625992065608e-30 8.739486138479578857e-26 2.486044963676594440e-03 0.000000000000000000e+00
8.024634743858080066e-01 1.950504806505152788e-01 8.739186625992065608e-30 8.739486138479578857e-26 2.486044963676594440e-03 0.000000000000000000e+00
8.024634743858080066e-01 1.950504806505152788e-01 8.739186625992065608e-30 8.739486138479578857e-26 2.486044963676594440e-03 0.000000000000000000e+00
8.024634743858080066e-01 1.950504806505152788e-01 8.739186625992065608e-30 8.739486138479578857e-26 2.486044963676594440e-03 0.000000000000000000e+00
8.024634743858080066e-01 1.950504806505152788e-01 8.739186625992065608e-30 8.739486138479578857e-26 2.486044963676594440e-03 0.000000000000000000e+00
8.024634743858080066e-01 1.950504806505152788e-01 8.739186625992065608e-30 8.739486138479578857e-26 2.486044963676594440e-03 0.000000000000000000e+00
8.024634743858080066e-01 1.950504806505152788e-01 8.739186625992065608e-30 8.739486138479578857e-26 2.486044963676594440e-03 0.000000000000000000e+00
8.024634743858080066e-01 1.950504806505152788e-01 8.739186625992065608e-30 8.739486138479578857e-26 2.486044963676594440e-03 0.000000000000000000e+00
8.024634743858080066e-01 1.950504806505152788e-01 8.739186625992065608e-30 8.739486138479578857e-26 2.486044963676594440e-03 0.000000000000000000e+00
8.024634743858080066e-01 1.950504806505152788e-01 8.739186625992065608e-30 8.739486138479578857e-26 2.486044963676594440e-03 0.000000000000000000e+00
8.024634743858080066e-01 1.950504806505152788e-01 8.739186625992065608e-30 8.739486138479578857e-26 2.486044963676594440e-03 0.000000000000000000e+00
8.024634743858080066e-01 1.950504806505152788e-01 8.739186625992065608e-30 8.739486138479578857e-26 2.486044963676594440e-03 0.000000000000000000e+00
8.024634743858080066e-01 1.950504806505152788e-01 8.739186625992065608e-30 8.739486138479578857e-26 2.486044963676594440e-03 0.000000000000000000e+00
8.024634743858080066e-01 1.950504806505152788e-01 8.739186625992065608e-30 8.739486138479578857e-26 2.486044963676594440e-03 0.000000000000000000e+00
8.024634743858080066e-01 1.950504806505152788e-01 8.739186625992065608e-30 8.739486138479578857e-26 2.486044963676594440e-03 0.000000000000000000e+00
8.024634743858080066e-01 1.950504806505152788e-01 8.739186625992065608e-30 8.739486138479578857e-26 2.486044963676594440e-03 0.000000000000000000e+00
8.024634743858080066e-01 1.950504806505152788e-01 8.739186625992065608e-30 8.739486138479578857e-26 2.486044963676594440e-03 0.000000000000000000e+00
8.024634743858080066e-01 1.950504806505152788e-01 8.739186625992065608e-30 8.739486138479578857e-26 2.486044963676594440e-03 0.000000000000000000e+00
8.024634743858080066e-01 1.950504806505152788e-01 8.739186625992065608e-30 8.739486138479578857e-26 2.486044963676594440e-03 0.000000000000000000e+00
8.024634743858080066e-01 1.950504806505152788e-01 8.739186625992065608e-30 8.739486138479578857e-26 2.486044963676594440e-03 0.000000000000000000e+00
8.024634743858080066e-01 1.950504806505152788e-01 8.739186625992065608e-30 8.739486138479578857e-26 2.486044963676594440e-03 0.000000000000000000e+00
8.024634743858080066e-01 1.950504806505152788e-01 8.739186625992065608e-30 8.739486138479578857e-26 2.486044963676594440e-03 0.000000000000000000e+00
8.024634743858080066e-01 1.950504806505152788e-01 8.739186625992065608e-30 8.739486138479578857e-26 2.486044963676594440e-03 0.000000000000000000e+00
8.024634743858080066e-01 1.950504806505152788e-01 8.739186625992065608e-30 8.739486138479578857e-26 2.486044963676594440e-03 0.000000000000000000e+00
8.024634743858080066e-01 1.950504806505152788e-01 8.739186625992065608e-30 8.739486138479578857e-26 2.486044963676594440e-03 0.000000000000000000e+00
8.024634743858080066e-01 1.950504806505152788e-01 8.739186625992065608e-30 8.739486138479578857e-26 2.486044963676594440e-03 0.000000000000000000e+00
8.024634743858080066e-01 1.950504806505152788e-01 8.739186625992065608e-30 8.739486138479578857e-26 2.486044963676594440e-03 0.000000000000000000e+00
8.024634743858080066e-01 1.950504806505152788e-01 8.739186625992065608e-30 8.739486138479578857e-26 2.486044963676594440e-03 0.000000000000000000e+00
8.024634743858080066e-01 1.950504806505152788e-01 8.739186625992065608e-30 8.739486138479578857e-26 2.486044963676594440e-03 0.000000000000000000e+00
8.024634743858080066e-01 1.950504806505152788e-01 8.739186625992065608e-30 8.739486138479578857e-26 2.486044963676594440e-03 0.000000000000000000e+00
8.024634743858080066e-01 1.950504806505152788e-01 8.739186625992065608e-30 8.739486138479578857e-26 2.486044963676594440e-03 0.000000000000000000e+00
8.024634743858080066e-01 1.950504806505152788e-01 8.739186625992065608e-30 8.739486138479578857e-26 2.486044963676594440e-03 0.000000000000000000e+00
8.024634743858080066e-01 1.950504806505152788e-01 8.739186625992065608e-30 8.739486138479578857e-26 2.486044963676594440e-03 0.000000000000000000e+00
8.024634743858080066e-01 1.950504806505152788e-01 8.739186625992065608e-30 8.739486138479578857e-26 2.486044963676594440e-03 0.000000000000000000e+00
8.024634743858080066e-01 1.950504806505152788e-01 8.739186625992065608e-30 8.739486138479578857e-26 2.486044963676594440e-03 0.000000000000000000e+00
8.024634743858080066e-01 1.950504806505152788e-01 8.739186625992065608e-30 8.739486138479578857e-26 2.486044963676594440e-03 0.000000000000000000e+00
8.024634743858080066e-01 1.950504806505152788e-01 8.739186625992065608e-30 8.739486138479578857e-26 2.486044963676594440e-03 0.000000000000000000e+00
8.024634743858080066e-01 1.950504806505152788e-01 8.739186625992065608e-30 8.739486138479578857e-26 2.486044963676594440e-03 0.000000000000000000e+00
8.024634743858080066e-01 1.950504806505152788e-01 8.739186625992065608e-30 8.739486138479578857e-26 2.486044963676594440e-03 0.000000000000000000e+00
8.024634743858080066e-01 1.950504806505152788e-01 8.739186625992065608e-30 8.739486138479578857e-26 2.486044963676594440e-03 0.000000000000000000e+00
8.024634743858080066e-01 1.950504806505152788e-01 8.739186625992065608e-30 8.739486138479578857e-26 2.486044963676594440e-03 0.000000000000000000e+00
8.024634743858080066e-01 1.950504806505152788e-01 8.739186625992065608e-30 8.739486138479578857e-26 2.486044963676594440e-03 0.000000000000000000e+00
8.024634743858080066e-01 1.950504806505152788e-01 8.739186625992065608e-30 8.739486138479578857e-26 2.486044963676594440e-03 0.000000000000000000e+00
8.024634743858080066e-01 1.950504806505152788e-01 8.739186625992065608e-30 8.739486138479578857e-26 2.486044963676594440e-03 0.000000000000000000e+00
8.024634743858080066e-01 1.950504806505152788e-01 8.739186625992065608e-30 8.739486138479578857e-26 2.486044963676594440e-03 0.000000000000000000e+00
8.024634743858080066e-01 1.950504806505152788e-01 8.739186625992065608e-30 8.739486138479578857e-26 2.486044963676594440e-03 0.000000000000000000e+00
8.024634743858080066e-01 1.950504806505152788e-01 8.739186625992065608e-30 8.739486138479578857e-26 2.486044963676594440e-03 0.000000000000000000e+00
8.024634743858080066e-01 1.950504806505152788e-01 8.739186625992065608e-30 8.739486138479578857e-26 2.486044963676594440e-03 0.000000000000000000e+00
8.024634743858080066e-01 1.950504806505152788e-01 8.739186625992065608e-30 8.739486138479578857e-26 2.486044963676594440e-03 0.000000000000000000e+00
8.024634743858080066e-01 1.950504806505152788e-01 8.739186625992065608e-30 8.739486138479578857e-26 2.486044963676594440e-03 0.000000000000000000e+00
8.024634743858080066e-01 1.950504806505152788e-01 8.739186625992065608e-30 8.739486138479578857e-26 2.486044963676594440e-03 0.000000000000000000e+00
8.024634743858080066e-01 1.950504806505152788e-01 8.739186625992065608e-30 8.739486138479578857e-26 2.486044963676594440e-03 0.000000000000000000e+00
8.024634743858080066e-01 1.950504806505152788e-01 8.739186625992065608e-30 8.739486138479578857e-26 2.486044963676594440e-03 0.000000000000000000e+00
8.024634743858080066e-01 1.950504806505152788e-01 8.739186625992065608e-30 8.739486138479578857e-26 2.486044963676594440e-03 0.000000000000000000e+00
8.024634743858080066e-01 1.950504806505152788e-01 8.739186625992065608e-30 8.739486138479578857e-26 2.486044963676594440e-03 0.000000000000000000e+00
8.024634743858080066e-01 1.950504806505152788e-01 8.739186625992065608e-30 8.739486138479578857e-26 2.486044963676594440e-03 0.000000000000000000e+00
8.024634743858080066e-01 1.950504806505152788e-01 8.739186625992065608e-30 8.739486138479578857e-26 2.486044963676594440e-03 0.000000000000000000e+00
8.024634743858080066e-01 1.950504806505152788e-01 8.739186625992065608e-30 8.739486138479578857e-26 2.486044963676594440e-03 0.000000000000000000e+00
8.024634743858080066e-01 1.950504806505152788e-01 8.739186625992065608e-30 8.739486138479578857e-26 2.486044963676594440e-03 0.000000000000000000e+00
8.024634743858080066e-01 1.950504806505152788e-01 8.739186625992065608e-30 8.739486138479578857e-26 2.486044963676594440e-03 0.000000000000000000e+00
8.024634743858080066e-01 1.950504806505152788e-01 8.739186625992065608e-30 8.739486138479578857e-26 2.486044963676594440e-03 0.000000000000000000e+00
8.024634743858080066e-01 1.950504806505152788e-01 8.739186625992065608e-30 8.739486138479578857e-26 2.486044963676594440e-03 0.000000000000000000e+00
8.024634743858080066e-01 1.950504806505152788e-01 8.739186625992065608e-30 8.739486138479578857e-26 2.486044963676594440e-03 0.000000000000000000e+00
8.024634743858080066e-01 1.950504806505152788e-01 8.739186625992065608e-30 8.739486138479578857e-26 2.486044963676594440e-03 0.000000000000000000e+00
8.024634743858080066e-01 1.950504806505152788e-01 8.739186625992065608e-30 8.739486138479578857e-26 2.486044963676594440e-03 0.000000000000000000e+00
8.024634743858080066e-01 1.950504806505152788e-01 8.739186625992065608e-30 8.739486138479578857e-26 2.486044963676594440e-03 0.000000000000000000e+00
8.024634743858080066e-01 1.950504806505152788e-01 8.739186625992065608e-30 8.739486138479578857e-26 2.486044963676594440e-03 0.000000000000000000e+00
8.024634743858080066e-01 1.950504806505152788e-01 8.739186625992065608e-30 8.739486138479578857e-26 2.486044963676594440e-03 0.000000000000000000e+00
8.024634743858080066e-01 1.950504806505152788e-01 8.739186625992065608e-30 8.739486138479578857e-26 2.486044963676594440e-03 0.000000000000000000e+00
8.024634743858080066e-01 1.950504806505152788e-01 8.739186625992065608e-30 8.739486138479578857e-26 2.486044963676594440e-03 0.000000000000000000e+00
8.024634743858080066e-01 1.950504806505152788e-01 8.739186625992065608e-30 8.739486138479578857e-26 2.486044963676594440e-03 0.000000000000000000e+00
8.024634743858080066e-01 1.950504806505152788e-01 8.739186625992065608e-30 8.739486138479578857e-26 2.486044963676594440e-03 0.000000000000000000e+00
8.024634743858080066e-01 1.950504806505152788e-01 8.739186625992065608e-30 8.739486138479578857e-26 2.486044963676594440e-03 0.000000000000000000e+00
8.024634743858080066e-01 1.950504806505152788e-01 8.739186625992065608e-30 8.739486138479578857e-26 2.486044963676594440e-03 0.000000000000000000e+00
8.024634743858080066e-01 1.950504806505152788e-01 8.739186625992065608e-30 8.739486138479578857e-26 2.486044963676594440e-03 0.000000000000000000e+00
8.024634743858080066e-01 1.950504806505152788e-01 8.739186625992065608e-30 8.739486138479578857e-26 2.486044963676594440e-03 0.000000000000000000e+00
8.024634743858080066e-01 1.950504806505152788e-01 8.739186625992065608e-30 8.739486138479578857e-26 2.486044963676594440e-03 0.000000000000000000e+00
8.024634743858080066e-01 1.950504806505152788e-01 8.739186625992065608e-30 8.739486138479578857e-26 2.486044963676594440e-03 0.000000000000000000e+00
8.024634743858080066e-01 1.950504806505152788e-01 8.739186625992065608e-30 8.739486138479578857e-26 2.486044963676594440e-03 0.000000000000000000e+00
8.024634743858080066e-01 1.950504806505152788e-01 8.739186625992065608e-30 8.739486138479578857e-26 2.486044963676594440e-03 0.000000000000000000e+00
8.024634743858080066e-01 1.950504806505152788e-01 8.739186625992065608e-30 8.739486138479578857e-26 2.486044963676594440e-03 0.000000000000000000e+00
8.024634743858080066e-01 1.950504806505152788e-01 8.739186625992065608e-30 8.739486138479578857e-26 2.486044963676594440e-03 0.000000000000000000e+00
8.024634743858080066e-01 1.950504806505152788e-01 8.739186625992065608e-30 8.739486138479578857e-26 2.486044963676594440e-03 0.000000000000000000e+00
8.024634743858080066e-01 1.950504806505152788e-01 8.739186625992065608e-30 8.739486138479578857e-26 2.486044963676594440e-03 0.000000000000000000e+00
8.024634743858080066e-01 1.950504806505152788e-01 8.739186625992065608e-30 8.739486138479578857e-26 2.486044963676594440e-03 0.000000000000000000e+00
8.024634743858080066e-01 1.950504806505152788e-01 8.739186625992065608e-30 8.739486138479578857e-26 2.486044963676594440e-03 0.000000000000000000e+00
8.024634743858080066e-01 1.950504806505152788e-01 8.739186625992065608e-30 8.739486138479578857e-26 2.486044963676594440e-03 0.000000000000000000e+00
8.024634743858080066e-01 1.950504806505152788e-01 8.739186625992065608e-30 8.739486138479578857e-26 2.486044963676594440e-03 0.000000000000000000e+00
8.024634743858080066e-01 1.950504806505152788e-01 8.739186625992065608e-30 8.739486138479578857e-26 2.486044963676594440e-03 0.000000000000000000e+00
8.024634743858080066e-01 1.950504806505152788e-01 8.739186625992065608e-30 8.739486138479578857e-26 2.486044963676594440e-03 0.000000000000000000e+00
8.024634743858080066e-01 1.950504806505152788e-01 8.739186625992065608e-30 8.739486138479578857e-26 2.486044963676594440e-03 0.000000000000000000e+00
8.024634743858080066e-01 1.950504806505152788e-01 8.739186625992065608e-30 8.739486138479578857e-26 2.486044963676594440e-03 0.000000000000000000e+00
8.024634743858080066e-01 1.950504806505152788e-01 8.739186625992065608e-30 8.739486138479578857e-26 2.486044963676594440e-03 0.000000000000000000e+00
8.024634743858080066e-01 1.950504806505152788e-01 8.739186625992065608e-30 8.739486138479578857e-26 2.486044963676594440e-03 0.000000000000000000e+00
8.024634743858080066e-01 1.950504806505152788e-01 8.739186625992065608e-30 8.739486138479578857e-26 2.486044963676594440e-03 0.000000000000000000e+00
8.024634743858080066e-01 1.950504806505152788e-01 8.739186625992065608e-30 8.739486138479578857e-26 2.486044963676594440e-03 0.000000000000000000e+00
8.024634743858080066e-01 1.950504806505152788e-01 8.739186625992065608e-30 8.739486138479578857e-26 2.486044963676594440e-03 0.000000000000000000e+00
8.024634743858080066e-01 1.950504806505152788e-01 8.739186625992065608e-30 8.739486138479578857e-26 2.486044963676594440e-03 0.000000000000000000e+00
8.024634743858080066e-01 1.950504806505152788e-01 8.739186625992065608e-30 8.739486138479578857e-26 2.486044963676594440e-03 0.000000000000000000e+00
8.024634743858080066e-01 1.950504806505152788e-01 8.739186625992065608e-30 8.739486138479578857e-26 2.486044963676594440e-03 0.000000000000000000e+00
8.024634743858080066e-01 1.950504806505152788e-01 8.739186625992065608e-30 8.739486138479578857e-26 2.486044963676594440e-03 0.000000000000000000e+00
8.024634743858080066e-01 1.950504806505152788e-01 8.739186625992065608e-30 8.739486138479578857e-26 2.486044963676594440e-03 0.000000000000000000e+00
8.024634743858080066e-01 1.950504806505152788e-01 8.739186625992065608e-30 8.739486138479578857e-26 2.486044963676594440e-03 0.000000000000000000e+00
8.024634743858080066e-01 1.950504806505152788e-01 8.739186625992065608e-30 8.739486138479578857e-26 2.486044963676594440e-03 0.000000000000000000e+00
8.024634743858080066e-01 1.950504806505152788e-01 8.739186625992065608e-30 8.739486138479578857e-26 2.486044963676594440e-03 0.000000000000000000e+00
8.024634743858080066e-01 1.950504806505152788e-01 8.739186625992065608e-30 8.739486138479578857e-26 2.486044963676594440e-03 0.000000000000000000e+00
8.024634743858080066e-01 1.950504806505152788e-01 8.739186625992065608e-30 8.739486138479578857e-26 2.486044963676594440e-03 0.000000000000000000e+00
8.024634743858080066e-01 1.950504806505152788e-01 8.739186625992065608e-30 8.739486138479578857e-26 2.486044963676594440e-03 0.000000000000000000e+00
8.024634743858080066e-01 1.950504806505152788e-01 8.739186625992065608e-30 8.739486138479578857e-26 2.486044963676594440e-03 0.000000000000000000e+00
8.024634743858080066e-01 1.950504806505152788e-01 8.739186625992065608e-30 8.739486138479578857e-26 2.486044963676594440e-03 0.000000000000000000e+00
8.024634743858080066e-01 1.950504806505152788e-01 8.739186625992065608e-30 8.739486138479578857e-26 2.486044963676594440e-03 0.000000000000000000e+00
