9.773227829359458774e-01 2.198420279135458039e-02 1.358917918843906099e-10 1.144558017751471982e-11 6.930141253620898927e-04 0.000000000000000000e+00
9.773227898410663528e-01 2.198419650984267254e-02 1.029631433791743687e-10 9.195503752966093870e-12 6.930135368531472511e-04 0.000000000000000000e+00
9.773227898410663528e-01 2.198419650984267254e-02 7.369938052640212126e-11 7.062874410756324167e-12 6.930135681432404889e-04 0.000000000000000000e+00
9.773227898410664638e-01 2.198419650984267254e-02 5.245277561019652946e-11 5.399935798451923112e-12 6.930135912228951043e-04 0.000000000000000000e+00
9.773227898410664638e-01 2.198419650984267254e-02 3.710307078572157844e-11 4.108162307939148506e-12 6.930136077814753491e-04 0.000000000000000000e+00
9.773227898410664638e-01 2.198419650984267254e-02 2.609186143406614657e-11 3.110662018521158696e-12 6.930136198272965039e-04 0.000000000000000000e+00
9.773227898410664638e-01 2.198419650984267254e-02 1.823797602723785993e-11 2.343914098797849086e-12 6.930136284896451200e-04 0.000000000000000000e+00
9.773227898410663528e-01 2.198419650984267254e-02 1.266802819076636928e-11 1.757198523056444418e-12 6.930136346237090799e-04 0.000000000000000000e+00
9.773227898410664638e-01 2.198419650984267254e-02 8.745374782122316136e-12 1.310845755010915539e-12 6.930136390079080300e-04 0.000000000000000000e+00
9.773227898410663528e-01 2.198419650984267254e-02 5.999848037072489193e-12 9.729664321323506947e-13 6.930136421162720736e-04 0.000000000000000000e+00
9.773227898410664638e-01 2.198419650984267254e-02 4.089052589470239316e-12 7.183247981030625641e-13 6.930136442720911082e-04 0.000000000000000000e+00
9.773227898410664638e-01 2.198419650984267254e-02 2.768861526347732127e-12 5.275715183488739595e-13 6.930136457824984672e-04 0.000000000000000000e+00
9.773227898410663528e-01 2.198419650984267254e-02 1.862693857833657495e-12 3.854352218480762806e-13 6.930136468345872219e-04 0.000000000000000000e+00
9.773227898410663528e-01 2.198419650984267254e-02 1.244815029540383373e-12 2.800914704469840596e-13 6.930136475620187917e-04 0.000000000000000000e+00
9.773227898410663528e-01 2.198419650984267254e-02 8.263791173001675167e-13 2.024500074867119472e-13 6.930136480612792554e-04 0.000000000000000000e+00
9.773227898410663528e-01 2.198419650984267254e-02 5.448520466683323934e-13 1.455242363313900302e-13 6.930136483998583551e-04 0.000000000000000000e+00
9.773227898410662418e-01 2.198419650984267254e-02 3.567650648103218432e-13 1.040245694134094985e-13 6.930136486290456839e-04 0.000000000000000000e+00
9.773227898410663528e-01 2.198419650984267254e-02 2.319955138898764902e-13 7.394529593720802670e-14 6.930136487839863059e-04 0.000000000000000000e+00
9.773227898410663528e-01 2.198419650984267254e-02 1.498052012109250929e-13 5.226655800353935599e-14 6.930136488880881459e-04 0.000000000000000000e+00
9.773227898410664638e-01 2.198419650984267254e-02 9.604639487081917114e-14 3.673169152891664314e-14 6.930136489576159712e-04 0.000000000000000000e+00
9.773227898410664638e-01 2.198419650984267254e-02 6.113633723039337996e-14 2.566415450559166175e-14 6.930136490037869376e-04 0.000000000000000000e+00
9.773227898410664638e-01 2.198419650984267254e-02 3.863134871311459357e-14 1.782575081144749473e-14 6.930136490342783890e-04 0.000000000000000000e+00
9.773227898410663528e-01 2.198419650984267254e-02 2.423043363203774813e-14 1.230750516112936598e-14 6.930136490543060968e-04 0.000000000000000000e+00
9.773227898410663528e-01 2.198419650984267254e-02 1.508422999406146080e-14 8.446190274581914803e-15 6.930136490673926338e-04 0.000000000000000000e+00
9.773227898410664638e-01 2.198419650984267254e-02 9.319375166482887780e-15 5.760877820151994014e-15 6.930136490758984167e-04 0.000000000000000000e+00
9.773227898410663528e-01 2.198419650984267254e-02 5.713477217810744155e-15 3.904915815996659805e-15 6.930136490813868649e-04 0.000000000000000000e+00
9.773227898410663528e-01 2.198419650984267254e-02 3.475060688617709784e-15 2.629952300446882651e-15 6.930136490848804896e-04 0.000000000000000000e+00
9.773227898410664638e-01 2.198419650984267254e-02 2.097100896456996445e-15 1.760089872670287256e-15 6.930136490871268481e-04 0.000000000000000000e+00
9.773227898410663528e-01 2.198419650984267254e-02 1.255561022324287394e-15 1.170429669130380080e-15 6.930136490885654759e-04 0.000000000000000000e+00
9.773227898410664638e-01 2.198419650984267254e-02 7.457393121995326339e-16 7.733109324901943278e-16 6.930136490894809763e-04 0.000000000000000000e+00
9.773227898410663528e-01 2.198419650984267254e-02 4.393788738857450232e-16 5.076199044755666214e-16 6.930136490900621086e-04 0.000000000000000000e+00
9.773227898410663528e-01 2.198419650984267254e-02 2.566832303401123227e-16 3.309326796069651863e-16 6.930136490904206543e-04 0.000000000000000000e+00
9.773227898410663528e-01 2.198419650984267254e-02 1.486809413822138620e-16 2.142651300412776331e-16 6.930136490906445420e-04 0.000000000000000000e+00
9.773227898410664638e-01 2.198419650984267254e-02 8.540857760107535612e-17 1.377988955398246098e-16 6.930136490907863557e-04 0.000000000000000000e+00
9.773227898410664638e-01 2.198419650984267254e-02 4.865422519248349342e-17 8.802572690838849130e-17 6.930136490908749350e-04 0.000000000000000000e+00
9.773227898410664638e-01 2.198419650984267254e-02 2.745841045837096925e-17 5.580713248899807717e-17 6.930136490909273020e-04 0.000000000000000000e+00
9.773227898410663528e-01 2.198419650984267254e-02 1.536398491128311762e-17 3.513651974516698376e-17 6.930136490909599364e-04 0.000000000000000000e+00
9.773227898410664638e-01 2.198419650984267254e-02 8.523300038068982005e-18 2.196938697348548342e-17 6.930136490909811868e-04 0.000000000000000000e+00
9.773227898410664638e-01 2.198419650984267254e-02 4.681954730444684689e-18 1.362744843248706102e-17 6.930136490909925709e-04 0.000000000000000000e+00
9.773227898410662418e-01 2.198419650984267254e-02 2.549589480220110155e-18 8.393806718608719474e-18 6.930136490910003772e-04 0.000000000000000000e+00
9.773227898410664638e-01 2.198419650984267254e-02 1.375346568034532947e-18 5.130840356786457224e-18 6.930136490910046056e-04 0.000000000000000000e+00
9.773227898410664638e-01 2.198419650984267254e-02 7.348287412916129509e-19 3.112066991187717756e-18 6.930136490910074245e-04 0.000000000000000000e+00
9.773227898410663528e-01 2.198419650984267254e-02 3.890299779388973487e-19 1.873675196319846229e-18 6.930136490910088340e-04 0.000000000000000000e+00
9.773227898410664638e-01 2.198419650984267254e-02 2.038428239993284492e-19 1.118701033185756225e-18 6.930136490910095929e-04 0.000000000000000000e+00
9.773227898410663528e-01 2.198419650984267254e-02 1.058414368320662282e-19 6.630380009408747404e-19 6.930136490910102434e-04 0.000000000000000000e+00
9.773227898410663528e-01 2.198419650984267254e-02 5.436615782512620626e-20 3.895584488325561140e-19 6.930136490910110024e-04 0.000000000000000000e+00
9.773227898410664638e-01 2.198419650984267254e-02 2.766650021697606273e-20 2.271611013743393554e-19 6.930136490910116529e-04 0.000000000000000000e+00
9.773227898410664638e-01 2.198419650984267254e-02 1.392591017666191123e-20 1.312951884820166239e-19 6.930136490910116529e-04 0.000000000000000000e+00
9.773227898410664638e-01 2.198419650984267254e-02 6.940380581708484945e-21 7.527969698783541715e-20 6.930136490910110024e-04 0.000000000000000000e+00
9.773227898410663528e-01 2.198419650984267254e-02 3.422019703608296647e-21 4.278948947978602460e-20 6.930136490910116529e-04 0.000000000000000000e+00
9.773227898410662418e-01 2.198419650984267254e-02 2.291650472210820514e-21 3.106019188735606067e-20 6.930136490910116529e-04 0.000000000000000000e+00
9.773227898410662418e-01 2.198419650984267254e-02 2.291650472210820514e-21 3.106019188735606067e-20 6.930136490910116529e-04 0.000000000000000000e+00
9.773227898410662418e-01 2.198419650984267254e-02 2.291650472210820514e-21 3.106019188735606067e-20 6.930136490910116529e-04 0.000000000000000000e+00
9.773227898410662418e-01 2.198419650984267254e-02 2.291650472210820514e-21 3.106019188735606067e-20 6.930136490910116529e-04 0.000000000000000000e+00
9.773227898410662418e-01 2.198419650984267254e-02 2.291650472210820514e-21 3.106019188735606067e-20 6.930136490910116529e-04 0.000000000000000000e+00
9.773227898410662418e-01 2.198419650984267254e-02 2.291650472210820514e-21 3.106019188735606067e-20 6.930136490910116529e-04 0.000000000000000000e+00
9.773227898410662418e-01 2.198419650984267254e-02 2.291650472210820514e-21 3.106019188735606067e-20 6.930136490910116529e-04 0.000000000000000000e+00
9.773227898410662418e-01 2.198419650984267254e-02 2.291650472210820514e-21 3.106019188735606067e-20 6.930136490910116529e-04 0.000000000000000000e+00
9.773227898410662418e-01 2.198419650984267254e-02 2.291650472210820514e-21 3.106019188735606067e-20 6.930136490910116529e-04 0.000000000000000000e+00
9.773227898410662418e-01 2.198419650984267254e-02 2.291650472210820514e-21 3.106019188735606067e-20 6.930136490910116529e-04 0.000000000000000000e+00
9.773227898410662418e-01 2.198419650984267254e-02 2.291650472210820514e-21 3.106019188735606067e-20 6.930136490910116529e-04 0.000000000000000000e+00
9.773227898410662418e-01 2.198419650984267254e-02 2.291650472210820514e-21 3.106019188735606067e-20 6.930136490910116529e-04 0.000000000000000000e+00
9.773227898410662418e-01 2.198419650984267254e-02 2.291650472210820514e-21 3.106019188735606067e-20 6.930136490910116529e-04 0.000000000000000000e+00
9.773227898410662418e-01 2.198419650984267254e-02 2.291650472210820514e-21 3.106019188735606067e-20 6.930136490910116529e-04 0.000000000000000000e+00
9.773227898410662418e-01 2.198419650984267254e-02 2.291650472210820514e-21 3.106019188735606067e-20 6.930136490910116529e-04 0.000000000000000000e+00
9.773227898410662418e-01 2.198419650984267254e-02 2.291650472210820514e-21 3.106019188735606067e-20 6.930136490910116529e-04 0.000000000000000000e+00
9.773227898410662418e-01 2.198419650984267254e-02 2.291650472210820514e-21 3.106019188735606067e-20 6.930136490910116529e-04 0.000000000000000000e+00
9.773227898410662418e-01 2.198419650984267254e-02 2.291650472210820514e-21 3.106019188735606067e-20 6.930136490910116529e-04 0.000000000000000000e+00
9.773227898410662418e-01 2.198419650984267254e-02 2.291650472210820514e-21 3.106019188735606067e-20 6.930136490910116529e-04 0.000000000000000000e+00
9.773227898410662418e-01 2.198419650984267254e-02 2.291650472210820514e-21 3.106019188735606067e-20 6.930136490910116529e-04 0.000000000000000000e+00
9.773227898410662418e-01 2.198419650984267254e-02 2.291650472210820514e-21 3.106019188735606067e-20 6.930136490910116529e-04 0.000000000000000000e+00
9.773227898410662418e-01 2.198419650984267254e-02 2.291650472210820514e-21 3.106019188735606067e-20 6.930136490910116529e-04 0.000000000000000000e+00
9.773227898410662418e-01 2.198419650984267254e-02 2.291650472210820514e-21 3.106019188735606067e-20 6.930136490910116529e-04 0.000000000000000000e+00
9.773227898410662418e-01 2.198419650984267254e-02 2.291650472210820514e-21 3.106019188735606067e-20 6.930136490910116529e-04 0.000000000000000000e+00
9.773227898410662418e-01 2.198419650984267254e-02 2.291650472210820514e-21 3.106019188735606067e-20 6.930136490910116529e-04 0.000000000000000000e+00
9.773227898410662418e-01 2.198419650984267254e-02 2.291650472210820514e-21 3.106019188735606067e-20 6.930136490910116529e-04 0.000000000000000000e+00
9.773227898410662418e-01 2.198419650984267254e-02 2.291650472210820514e-21 3.106019188735606067e-20 6.930136490910116529e-04 0.000000000000000000e+00
9.773227898410662418e-01 2.198419650984267254e-02 2.291650472210820514e-21 3.106019188735606067e-20 6.930136490910116529e-04 0.000000000000000000e+00
9.773227898410662418e-01 2.198419650984267254e-02 2.291650472210820514e-21 3.106019188735606067e-20 6.930136490910116529e-04 0.000000000000000000e+00
9.773227898410662418e-01 2.198419650984267254e-02 2.291650472210820514e-21 3.106019188735606067e-20 6.930136490910116529e-04 0.000000000000000000e+00
9.773227898410662418e-01 2.198419650984267254e-02 2.291650472210820514e-21 3.106019188735606067e-20 6.930136490910116529e-04 0.000000000000000000e+00
9.773227898410662418e-01 2.198419650984267254e-02 2.291650472210820514e-21 3.106019188735606067e-20 6.930136490910116529e-04 0.000000000000000000e+00
9.773227898410662418e-01 2.198419650984267254e-02 2.291650472210820514e-21 3.106019188735606067e-20 6.930136490910116529e-04 0.000000000000000000e+00
9.773227898410662418e-01 2.198419650984267254e-02 2.291650472210820514e-21 3.106019188735606067e-20 6.930136490910116529e-04 0.000000000000000000e+00
9.773227898410662418e-01 2.198419650984267254e-02 2.291650472210820514e-21 3.106019188735606067e-20 6.930136490910116529e-04 0.000000000000000000e+00
9.773227898410662418e-01 2.198419650984267254e-02 2.291650472210820514e-21 3.106019188735606067e-20 6.930136490910116529e-04 0.000000000000000000e+00
9.773227898410662418e-01 2.198419650984267254e-02 2.291650472210820514e-21 3.106019188735606067e-20 6.930136490910116529e-04 0.000000000000000000e+00
9.773227898410662418e-01 2.198419650984267254e-02 2.291650472210820514e-21 3.106019188735606067e-20 6.930136490910116529e-04 0.000000000000000000e+00
9.773227898410662418e-01 2.198419650984267254e-02 2.291650472210820514e-21 3.106019188735606067e-20 6.930136490910116529e-04 0.000000000000000000e+00
9.773227898410662418e-01 2.198419650984267254e-02 2.291650472210820514e-21 3.106019188735606067e-20 6.930136490910116529e-04 0.000000000000000000e+00
9.773227898410662418e-01 2.198419650984267254e-02 2.291650472210820514e-21 3.106019188735606067e-20 6.930136490910116529e-04 0.000000000000000000e+00
9.773227898410662418e-01 2.198419650984267254e-02 2.291650472210820514e-21 3.106019188735606067e-20 6.930136490910116529e-04 0.000000000000000000e+00
9.773227898410662418e-01 2.198419650984267254e-02 2.291650472210820514e-21 3.106019188735606067e-20 6.930136490910116529e-04 0.000000000000000000e+00
9.773227898410662418e-01 2.198419650984267254e-02 2.291650472210820514e-21 3.106019188735606067e-20 6.930136490910116529e-04 0.000000000000000000e+00
9.773227898410662418e-01 2.198419650984267254e-02 2.291650472210820514e-21 3.106019188735606067e-20 6.930136490910116529e-04 0.000000000000000000e+00
9.773227898410662418e-01 2.198419650984267254e-02 2.291650472210820514e-21 3.106019188735606067e-20 6.930136490910116529e-04 0.000000000000000000e+00
9.773227898410662418e-01 2.198419650984267254e-02 2.291650472210820514e-21 3.106019188735606067e-20 6.930136490910116529e-04 0.000000000000000000e+00
9.773227898410662418e-01 2.198419650984267254e-02 2.291650472210820514e-21 3.106019188735606067e-20 6.930136490910116529e-04 0.000000000000000000e+00
9.773227898410662418e-01 2.198419650984267254e-02 2.291650472210820514e-21 3.106019188735606067e-20 6.930136490910116529e-04 0.000000000000000000e+00
9.773227898410662418e-01 2.198419650984267254e-02 2.291650472210820514e-21 3.106019188735606067e-20 6.930136490910116529e-04 0.000000000000000000e+00
9.773227898410662418e-01 2.198419650984267254e-02 2.291650472210820514e-21 3.106019188735606067e-20 6.930136490910116529e-04 0.000000000000000000e+00
9.773227898410662418e-01 2.198419650984267254e-02 2.291650472210820514e-21 3.106019188735606067e-20 6.930136490910116529e-04 0.000000000000000000e+00
9.773227898410662418e-01 2.198419650984267254e-02 2.291650472210820514e-21 3.106019188735606067e-20 6.930136490910116529e-04 0.000000000000000000e+00
9.773227898410662418e-01 2.198419650984267254e-02 2.291650472210820514e-21 3.106019188735606067e-20 6.930136490910116529e-04 0.000000000000000000e+00
9.773227898410662418e-01 2.198419650984267254e-02 2.291650472210820514e-21 3.106019188735606067e-20 6.930136490910116529e-04 0.000000000000000000e+00
9.773227898410662418e-01 2.198419650984267254e-02 2.291650472210820514e-21 3.106019188735606067e-20 6.930136490910116529e-04 0.000000000000000000e+00
9.773227898410662418e-01 2.198419650984267254e-02 2.291650472210820514e-21 3.106019188735606067e-20 6.930136490910116529e-04 0.000000000000000000e+00
9.773227898410662418e-01 2.198419650984267254e-02 2.291650472210820514e-21 3.106019188735606067e-20 6.930136490910116529e-04 0.000000000000000000e+00
9.773227898410662418e-01 2.198419650984267254e-02 2.291650472210820514e-21 3.106019188735606067e-20 6.930136490910116529e-04 0.000000000000000000e+00
9.773227898410662418e-01 2.198419650984267254e-02 2.291650472210820514e-21 3.106019188735606067e-20 6.930136490910116529e-04 0.000000000000000000e+00
9.773227898410662418e-01 2.198419650984267254e-02 2.291650472210820514e-21 3.106019188735606067e-20 6.930136490910116529e-04 0.000000000000000000e+00
9.773227898410662418e-01 2.198419650984267254e-02 2.291650472210820514e-21 3.106019188735606067e-20 6.930136490910116529e-04 0.000000000000000000e+00
9.773227898410662418e-01 2.198419650984267254e-02 2.291650472210820514e-21 3.106019188735606067e-20 6.930136490910116529e-04 0.000000000000000000e+00
9.773227898410662418e-01 2.198419650984267254e-02 2.291650472210820514e-21 3.106019188735606067e-20 6.930136490910116529e-04 0.000000000000000000e+00
9.773227898410662418e-01 2.198419650984267254e-02 2.291650472210820514e-21 3.106019188735606067e-20 6.930136490910116529e-04 0.000000000000000000e+00
9.773227898410662418e-01 2.198419650984267254e-02 2.291650472210820514e-21 3.106019188735606067e-20 6.930136490910116529e-04 0.000000000000000000e+00
9.773227898410662418e-01 2.198419650984267254e-02 2.291650472210820514e-21 3.106019188735606067e-20 6.930136490910116529e-04 0.000000000000000000e+00
9.773227898410662418e-01 2.198419650984267254e-02 2.291650472210820514e-21 3.106019188735606067e-20 6.930136490910116529e-04 0.000000000000000000e+00
9.773227898410662418e-01 2.198419650984267254e-02 2.291650472210820514e-21 3.106019188735606067e-20 6.930136490910116529e-04 0.000000000000000000e+00
9.773227898410662418e-01 2.198419650984267254e-02 2.291650472210820514e-21 3.106019188735606067e-20 6.930136490910116529e-04 0.000000000000000000e+00
9.773227898410662418e-01 2.198419650984267254e-02 2.291650472210820514e-21 3.106019188735606067e-20 6.930136490910116529e-04 0.000000000000000000e+00
9.773227898410662418e-01 2.198419650984267254e-02 2.291650472210820514e-21 3.106019188735606067e-20 6.930136490910116529e-04 0.000000000000000000e+00
9.773227898410662418e-01 2.198419650984267254e-02 2.291650472210820514e-21 3.106019188735606067e-20 6.930136490910116529e-04 0.000000000000000000e+00
9.773227898410662418e-01 2.198419650984267254e-02 2.291650472210820514e-21 3.106019188735606067e-20 6.930136490910116529e-04 0.000000000000000000e+00
9.773227898410662418e-01 2.198419650984267254e-02 2.291650472210820514e-21 3.106019188735606067e-20 6.930136490910116529e-04 0.000000000000000000e+00
9.773227898410662418e-01 2.198419650984267254e-02 2.291650472210820514e-21 3.106019188735606067e-20 6.930136490910116529e-04 0.000000000000000000e+00
9.773227898410662418e-01 2.198419650984267254e-02 2.291650472210820514e-21 3.106019188735606067e-20 6.930136490910116529e-04 0.000000000000000000e+00
9.773227898410662418e-01 2.198419650984267254e-02 2.291650472210820514e-21 3.106019188735606067e-20 6.930136490910116529e-04 0.000000000000000000e+00
9.773227898410662418e-01 2.198419650984267254e-02 2.291650472210820514e-21 3.106019188735606067e-20 6.930136490910116529e-04 0.000000000000000000e+00
9.773227898410662418e-01 2.198419650984267254e-02 2.291650472210820514e-21 3.106019188735606067e-20 6.930136490910116529e-04 0.000000000000000000e+00
9.773227898410662418e-01 2.198419650984267254e-02 2.291650472210820514e-21 3.106019188735606067e-20 6.930136490910116529e-04 0.000000000000000000e+00
9.773227898410662418e-01 2.198419650984267254e-02 2.291650472210820514e-21 3.106019188735606067e-20 6.930136490910116529e-04 0.000000000000000000e+00
9.773227898410662418e-01 2.198419650984267254e-02 2.291650472210820514e-21 3.106019188735606067e-20 6.930136490910116529e-04 0.000000000000000000e+00
9.773227898410662418e-01 2.198419650984267254e-02 2.291650472210820514e-21 3.106019188735606067e-20 6.930136490910116529e-04 0.000000000000000000e+00
9.773227898410662418e-01 2.198419650984267254e-02 2.291650472210820514e-21 3.106019188735606067e-20 6.930136490910116529e-04 0.000000000000000000e+00
9.773227898410662418e-01 2.198419650984267254e-02 2.291650472210820514e-21 3.106019188735606067e-20 6.930136490910116529e-04 0.000000000000000000e+00
9.773227898410662418e-01 2.198419650984267254e-02 2.291650472210820514e-21 3.106019188735606067e-20 6.930136490910116529e-04 0.000000000000000000e+00
9.773227898410662418e-01 2.198419650984267254e-02 2.291650472210820514e-21 3.106019188735606067e-20 6.930136490910116529e-04 0.000000000000000000e+00
9.773227898410662418e-01 2.198419650984267254e-02 2.291650472210820514e-21 3.106019188735606067e-20 6.930136490910116529e-04 0.000000000000000000e+00
9.773227898410662418e-01 2.198419650984267254e-02 2.291650472210820514e-21 3.106019188735606067e-20 6.930136490910116529e-04 0.000000000000000000e+00
9.773227898410662418e-01 2.198419650984267254e-02 2.291650472210820514e-21 3.106019188735606067e-20 6.930136490910116529e-04 0.000000000000000000e+00
9.773227898410662418e-01 2.198419650984267254e-02 2.291650472210820514e-21 3.106019188735606067e-20 6.930136490910116529e-04 0.000000000000000000e+00
9.773227898410662418e-01 2.198419650984267254e-02 2.291650472210820514e-21 3.106019188735606067e-20 6.930136490910116529e-04 0.000000000000000000e+00
9.773227898410662418e-01 2.198419650984267254e-02 2.291650472210820514e-21 3.106019188735606067e-20 6.930136490910116529e-04 0.000000000000000000e+00
9.773227898410662418e-01 2.198419650984267254e-02 2.291650472210820514e-21 3.106019188735606067e-20 6.930136490910116529e-04 0.000000000000000000e+00
9.773227898410662418e-01 2.198419650984267254e-02 2.291650472210820514e-21 3.106019188735606067e-20 6.930136490910116529e-04 0.000000000000000000e+00
9.773227898410662418e-01 2.198419650984267254e-02 2.291650472210820514e-21 3.106019188735606067e-20 6.930136490910116529e-04 0.000000000000000000e+00
9.773227898410662418e-01 2.198419650984267254e-02 2.291650472210820514e-21 3.106019188735606067e-20 6.930136490910116529e-04 0.000000000000000000e+00
9.773227898410662418e-01 2.198419650984267254e-02 2.291650472210820514e-21 3.106019188735606067e-20 6.930136490910116529e-04 0.000000000000000000e+00
9.773227898410662418e-01 2.198419650984267254e-02 2.291650472210820514e-21 3.106019188735606067e-20 6.930136490910116529e-04 0.000000000000000000e+00
9.773227898410662418e-01 2.198419650984267254e-02 2.291650472210820514e-21 3.106019188735606067e-20 6.930136490910116529e-04 0.000000000000000000e+00
9.773227898410662418e-01 2.198419650984267254e-02 2.291650472210820514e-21 3.106019188735606067e-20 6.930136490910116529e-04 0.000000000000000000e+00
9.773227898410662418e-01 2.198419650984267254e-02 2.291650472210820514e-21 3.106019188735606067e-20 6.930136490910116529e-04 0.000000000000000000e+00
9.773227898410662418e-01 2.198419650984267254e-02 2.291650472210820514e-21 3.106019188735606067e-20 6.930136490910116529e-04 0.000000000000000000e+00
9.773227898410662418e-01 2.198419650984267254e-02 2.291650472210820514e-21 3.106019188735606067e-20 6.930136490910116529e-04 0.000000000000000000e+00
9.773227898410662418e-01 2.198419650984267254e-02 2.291650472210820514e-21 3.106019188735606067e-20 6.930136490910116529e-04 0.000000000000000000e+00
9.773227898410662418e-01 2.198419650984267254e-02 2.291650472210820514e-21 3.106019188735606067e-20 6.930136490910116529e-04 0.000000000000000000e+00
9.773227898410662418e-01 2.198419650984267254e-02 2.291650472210820514e-21 3.106019188735606067e-20 6.930136490910116529e-04 0.000000000000000000e+00
9.773227898410662418e-01 2.198419650984267254e-02 2.291650472210820514e-21 3.106019188735606067e-20 6.930136490910116529e-04 0.000000000000000000e+00
9.773227898410662418e-01 2.198419650984267254e-02 2.291650472210820514e-21 3.106019188735606067e-20 6.930136490910116529e-04 0.000000000000000000e+00
9.773227898410662418e-01 2.198419650984267254e-02 2.291650472210820514e-21 3.106019188735606067e-20 6.930136490910116529e-04 0.000000000000000000e+00
9.773227898410662418e-01 2.198419650984267254e-02 2.291650472210820514e-21 3.106019188735606067e-20 6.930136490910116529e-04 0.000000000000000000e+00
9.773227898410662418e-01 2.198419650984267254e-02 2.291650472210820514e-21 3.106019188735606067e-20 6.930136490910116529e-04 0.000000000000000000e+00
9.773227898410662418e-01 2.198419650984267254e-02 2.291650472210820514e-21 3.106019188735606067e-20 6.930136490910116529e-04 0.000000000000000000e+00
9.773227898410662418e-01 2.198419650984267254e-02 2.291650472210820514e-21 3.106019188735606067e-20 6.930136490910116529e-04 0.000000000000000000e+00
9.773227898410662418e-01 2.198419650984267254e-02 2.291650472210820514e-21 3.106019188735606067e-20 6.930136490910116529e-04 0.000000000000000000e+00
9.773227898410662418e-01 2.198419650984267254e-02 2.291650472210820514e-21 3.106019188735606067e-20 6.930136490910116529e-04 0.000000000000000000e+00
9.773227898410662418e-01 2.198419650984267254e-02 2.291650472210820514e-21 3.106019188735606067e-20 6.930136490910116529e-04 0.000000000000000000e+00
9.773227898410662418e-01 2.198419650984267254e-02 2.291650472210820514e-21 3.106019188735606067e-20 6.930136490910116529e-04 0.000000000000000000e+00
9.773227898410662418e-01 2.198419650984267254e-02 2.291650472210820514e-21 3.106019188735606067e-20 6.930136490910116529e-04 0.000000000000000000e+00
9.773227898410662418e-01 2.198419650984267254e-02 2.291650472210820514e-21 3.106019188735606067e-20 6.930136490910116529e-04 0.000000000000000000e+00
9.773227898410662418e-01 2.198419650984267254e-02 2.291650472210820514e-21 3.106019188735606067e-20 6.930136490910116529e-04 0.000000000000000000e+00
9.773227898410662418e-01 2.198419650984267254e-02 2.291650472210820514e-21 3.106019188735606067e-20 6.930136490910116529e-04 0.000000000000000000e+00
9.773227898410662418e-01 2.198419650984267254e-02 2.291650472210820514e-21 3.106019188735606067e-20 6.930136490910116529e-04 0.000000000000000000e+00
9.773227898410662418e-01 2.198419650984267254e-02 2.291650472210820514e-21 3.106019188735606067e-20 6.930136490910116529e-04 0.000000000000000000e+00
9.773227898410662418e-01 2.198419650984267254e-02 2.291650472210820514e-21 3.106019188735606067e-20 6.930136490910116529e-04 0.000000000000000000e+00
9.773227898410662418e-01 2.198419650984267254e-02 2.291650472210820514e-21 3.106019188735606067e-20 6.930136490910116529e-04 0.000000000000000000e+00
9.773227898410662418e-01 2.198419650984267254e-02 2.291650472210820514e-21 3.106019188735606067e-20 6.930136490910116529e-04 0.000000000000000000e+00
9.773227898410662418e-01 2.198419650984267254e-02 2.291650472210820514e-21 3.106019188735606067e-20 6.930136490910116529e-04 0.000000000000000000e+00
9.773227898410662418e-01 2.198419650984267254e-02 2.291650472210820514e-21 3.106019188735606067e-20 6.930136490910116529e-04 0.000000000000000000e+00
9.773227898410662418e-01 2.198419650984267254e-02 2.291650472210820514e-21 3.106019188735606067e-20 6.930136490910116529e-04 0.000000000000000000e+00
9.773227898410662418e-01 2.198419650984267254e-02 2.291650472210820514e-21 3.106019188735606067e-20 6.930136490910116529e-04 0.000000000000000000e+00
9.773227898410662418e-01 2.198419650984267254e-02 2.291650472210820514e-21 3.106019188735606067e-20 6.930136490910116529e-04 0.000000000000000000e+00
9.773227898410662418e-01 2.198419650984267254e-02 2.291650472210820514e-21 3.106019188735606067e-20 6.930136490910116529e-04 0.000000000000000000e+00
9.773227898410662418e-01 2.198419650984267254e-02 2.291650472210820514e-21 3.106019188735606067e-20 6.930136490910116529e-04 0.000000000000000000e+00
9.773227898410662418e-01 2.198419650984267254e-02 2.291650472210820514e-21 3.106019188735606067e-20 6.930136490910116529e-04 0.000000000000000000e+00
9.773227898410662418e-01 2.198419650984267254e-02 2.291650472210820514e-21 3.106019188735606067e-20 6.930136490910116529e-04 0.000000000000000000e+00
9.773227898410662418e-01 2.198419650984267254e-02 2.291650472210820514e-21 3.106019188735606067e-20 6.930136490910116529e-04 0.000000000000000000e+00
9.773227898410662418e-01 2.198419650984267254e-02 2.291650472210820514e-21 3.106019188735606067e-20 6.930136490910116529e-04 0.000000000000000000e+00
9.773227898410662418e-01 2.198419650984267254e-02 2.291650472210820514e-21 3.106019188735606067e-20 6.930136490910116529e-04 0.000000000000000000e+00
9.773227898410662418e-01 2.198419650984267254e-02 2.291650472210820514e-21 3.106019188735606067e-20 6.930136490910116529e-04 0.000000000000000000e+00
9.773227898410662418e-01 2.198419650984267254e-02 2.291650472210820514e-21 3.106019188735606067e-20 6.930136490910116529e-04 0.000000000000000000e+00
9.773227898410662418e-01 2.198419650984267254e-02 2.291650472210820514e-21 3.106019188735606067e-20 6.930136490910116529e-04 0.000000000000000000e+00
9.773227898410662418e-01 2.198419650984267254e-02 2.291650472210820514e-21 3.106019188735606067e-20 6.930136490910116529e-04 0.000000000000000000e+00
9.773227898410662418e-01 2.198419650984267254e-02 2.291650472210820514e-21 3.106019188735606067e-20 6.930136490910116529e-04 0.000000000000000000e+00
9.773227898410662418e-01 2.198419650984267254e-02 2.291650472210820514e-21 3.106019188735606067e-20 6.930136490910116529e-04 0.000000000000000000e+00
9.773227898410662418e-01 2.198419650984267254e-02 2.291650472210820514e-21 3.106019188735606067e-20 6.930136490910116529e-04 0.000000000000000000e+00
9.773227898410662418e-01 2.198419650984267254e-02 2.291650472210820514e-21 3.106019188735606067e-20 6.930136490910116529e-04 0.000000000000000000e+00
9.773227898410662418e-01 2.198419650984267254e-02 2.291650472210820514e-21 3.106019188735606067e-20 6.930136490910116529e-04 0.000000000000000000e+00
9.773227898410662418e-01 2.198419650984267254e-02 2.291650472210820514e-21 3.106019188735606067e-20 6.930136490910116529e-04 0.000000000000000000e+00
9.773227898410662418e-01 2.198419650984267254e-02 2.291650472210820514e-21 3.106019188735606067e-20 6.930136490910116529e-04 0.000000000000000000e+00
9.773227898410662418e-01 2.198419650984267254e-02 2.291650472210820514e-21 3.106019188735606067e-20 6.930136490910116529e-04 0.000000000000000000e+00
9.773227898410662418e-01 2.198419650984267254e-02 2.291650472210820514e-21 3.106019188735606067e-20 6.930136490910116529e-04 0.000000000000000000e+00
9.773227898410662418e-01 2.198419650984267254e-02 2.291650472210820514e-21 3.106019188735606067e-20 6.930136490910116529e-04 0.000000000000000000e+00
9.773227898410662418e-01 2.198419650984267254e-02 2.291650472210820514e-21 3.106019188735606067e-20 6.930136490910116529e-04 0.000000000000000000e+00
9.773227898410662418e-01 2.198419650984267254e-02 2.291650472210820514e-21 3.106019188735606067e-20 6.930136490910116529e-04 0.000000000000000000e+00
9.773227898410662418e-01 2.198419650984267254e-02 2.291650472210820514e-21 3.106019188735606067e-20 6.930136490910116529e-04 0.000000000000000000e+00
9.773227898410662418e-01 2.198419650984267254e-02 2.291650472210820514e-21 3.106019188735606067e-20 6.930136490910116529e-04 0.000000000000000000e+00
9.773227898410662418e-01 2.198419650984267254e-02 2.291650472210820514e-21 3.106019188735606067e-20 6.930136490910116529e-04 0.000000000000000000e+00
9.773227898410662418e-01 2.198419650984267254e-02 2.291650472210820514e-21 3.106019188735606067e-20 6.930136490910116529e-04 0.000000000000000000e+00
9.773227898410662418e-01 2.198419650984267254e-02 2.291650472210820514e-21 3.106019188735606067e-20 6.930136490910116529e-04 0.000000000000000000e+00
9.773227898410662418e-01 2.198419650984267254e-02 2.291650472210820514e-21 3.106019188735606067e-20 6.930136490910116529e-04 0.000000000000000000e+00
9.773227898410662418e-01 2.198419650984267254e-02 2.291650472210820514e-21 3.106019188735606067e-20 6.930136490910116529e-04 0.000000000000000000e+00
9.773227898410662418e-01 2.198419650984267254e-02 2.291650472210820514e-21 3.106019188735606067e-20 6.930136490910116529e-04 0.000000000000000000e+00
9.773227898410662418e-01 2.198419650984267254e-02 2.291650472210820514e-21 3.106019188735606067e-20 6.930136490910116529e-04 0.000000000000000000e+00
9.773227898410662418e-01 2.198419650984267254e-02 2.291650472210820514e-21 3.106019188735606067e-20 6.930136490910116529e-04 0.000000000000000000e+00
9.773227898410662418e-01 2.198419650984267254e-02 2.291650472210820514e-21 3.106019188735606067e-20 6.930136490910116529e-04 0.000000000000000000e+00
9.773227898410662418e-01 2.198419650984267254e-02 2.291650472210820514e-21 3.106019188735606067e-20 6.930136490910116529e-04 0.000000000000000000e+00
9.773227898410662418e-01 2.198419650984267254e-02 2.291650472210820514e-21 3.106019188735606067e-20 6.930136490910116529e-04 0.000000000000000000e+00
9.773227898410662418e-01 2.198419650984267254e-02 2.291650472210820514e-21 3.106019188735606067e-20 6.930136490910116529e-04 0.000000000000000000e+00
9.773227898410662418e-01 2.198419650984267254e-02 2.291650472210820514e-21 3.106019188735606067e-20 6.930136490910116529e-04 0.000000000000000000e+00
9.773227898410662418e-01 2.198419650984267254e-02 2.291650472210820514e-21 3.106019188735606067e-20 6.930136490910116529e-04 0.000000000000000000e+00
9.773227898410662418e-01 2.198419650984267254e-02 2.291650472210820514e-21 3.106019188735606067e-20 6.930136490910116529e-04 0.000000000000000000e+00
9.773227898410662418e-01 2.198419650984267254e-02 2.291650472210820514e-21 3.106019188735606067e-20 6.930136490910116529e-04 0.000000000000000000e+00
9.773227898410662418e-01 2.198419650984267254e-02 2.291650472210820514e-21 3.106019188735606067e-20 6.930136490910116529e-04 0.000000000000000000e+00
9.773227898410662418e-01 2.198419650984267254e-02 2.291650472210820514e-21 3.106019188735606067e-20 6.930136490910116529e-04 0.000000000000000000e+00
9.773227898410662418e-01 2.198419650984267254e-02 2.291650472210820514e-21 3.106019188735606067e-20 6.930136490910116529e-04 0.000000000000000000e+00
9.773227898410662418e-01 2.198419650984267254e-02 2.291650472210820514e-21 3.106019188735606067e-20 6.930136490910116529e-04 0.000000000000000000e+00
9.773227898410662418e-01 2.198419650984267254e-02 2.291650472210820514e-21 3.106019188735606067e-20 6.930136490910116529e-04 0.000000000000000000e+00
9.773227898410662418e-01 2.198419650984267254e-02 2.291650472210820514e-21 3.106019188735606067e-20 6.930136490910116529e-04 0.000000000000000000e+00
9.773227898410662418e-01 2.198419650984267254e-02 2.291650472210820514e-21 3.106019188735606067e-20 6.930136490910116529e-04 0.000000000000000000e+00
9.773227898410662418e-01 2.198419650984267254e-02 2.291650472210820514e-21 3.106019188735606067e-20 6.930136490910116529e-04 0.000000000000000000e+00
9.773227898410662418e-01 2.198419650984267254e-02 2.291650472210820514e-21 3.106019188735606067e-20 6.930136490910116529e-04 0.000000000000000000e+00
9.773227898410662418e-01 2.198419650984267254e-02 2.291650472210820514e-21 3.106019188735606067e-20 6.930136490910116529e-04 0.000000000000000000e+00
9.773227898410662418e-01 2.198419650984267254e-02 2.291650472210820514e-21 3.106019188735606067e-20 6.930136490910116529e-04 0.000000000000000000e+00
9.773227898410662418e-01 2.198419650984267254e-02 2.291650472210820514e-21 3.106019188735606067e-20 6.930136490910116529e-04 0.000000000000000000e+00
9.773227898410662418e-01 2.198419650984267254e-02 2.291650472210820514e-21 3.106019188735606067e-20 6.930136490910116529e-04 0.000000000000000000e+00
9.773227898410662418e-01 2.198419650984267254e-02 2.291650472210820514e-21 3.106019188735606067e-20 6.930136490910116529e-04 0.000000000000000000e+00
9.773227898410662418e-01 2.198419650984267254e-02 2.291650472210820514e-21 3.106019188735606067e-20 6.930136490910116529e-04 0.000000000000000000e+00
9.773227898410662418e-01 2.198419650984267254e-02 2.291650472210820514e-21 3.106019188735606067e-20 6.930136490910116529e-04 0.000000000000000000e+00
9.773227898410662418e-01 2.198419650984267254e-02 2.291650472210820514e-21 3.106019188735606067e-20 6.930136490910116529e-04 0.000000000000000000e+00
9.773227898410662418e-01 2.198419650984267254e-02 2.291650472210820514e-21 3.106019188735606067e-20 6.930136490910116529e-04 0.000000000000000000e+00
9.773227898410662418e-01 2.198419650984267254e-02 2.291650472210820514e-21 3.106019188735606067e-20 6.930136490910116529e-04 0.000000000000000000e+00
9.773227898410662418e-01 2.198419650984267254e-02 2.291650472210820514e-21 3.106019188735606067e-20 6.930136490910116529e-04 0.000000000000000000e+00
9.773227898410662418e-01 2.198419650984267254e-02 2.291650472210820514e-21 3.106019188735606067e-20 6.930136490910116529e-04 0.000000000000000000e+00
9.773227898410662418e-01 2.198419650984267254e-02 2.291650472210820514e-21 3.106019188735606067e-20 6.930136490910116529e-04 0.000000000000000000e+00
9.773227898410662418e-01 2.198419650984267254e-02 2.291650472210820514e-21 3.106019188735606067e-20 6.930136490910116529e-04 0.000000000000000000e+00
9.773227898410662418e-01 2.198419650984267254e-02 2.291650472210820514e-21 3.106019188735606067e-20 6.930136490910116529e-04 0.000000000000000000e+00
9.773227898410662418e-01 2.198419650984267254e-02 2.291650472210820514e-21 3.106019188735606067e-20 6.930136490910116529e-04 0.000000000000000000e+00
9.773227898410662418e-01 2.198419650984267254e-02 2.291650472210820514e-21 3.106019188735606067e-20 6.930136490910116529e-04 0.000000000000000000e+00
9.773227898410662418e-01 2.198419650984267254e-02 2.291650472210820514e-21 3.106019188735606067e-20 6.930136490910116529e-04 0.000000000000000000e+00
9.773227898410662418e-01 2.198419650984267254e-02 2.291650472210820514e-21 3.106019188735606067e-20 6.930136490910116529e-04 0.000000000000000000e+00
9.773227898410662418e-01 2.198419650984267254e-02 2.291650472210820514e-21 3.106019188735606067e-20 6.930136490910116529e-04 0.000000000000000000e+00
9.773227898410662418e-01 2.198419650984267254e-02 2.291650472210820514e-21 3.106019188735606067e-20 6.930136490910116529e-04 0.000000000000000000e+00
9.773227898410662418e-01 2.198419650984267254e-02 2.291650472210820514e-21 3.106019188735606067e-20 6.930136490910116529e-04 0.000000000000000000e+00
9.773227898410662418e-01 2.198419650984267254e-02 2.291650472210820514e-21 3.106019188735606067e-20 6.930136490910116529e-04 0.000000000000000000e+00
9.773227898410662418e-01 2.198419650984267254e-02 2.291650472210820514e-21 3.106019188735606067e-20 6.930136490910116529e-04 0.000000000000000000e+00
9.773227898410662418e-01 2.198419650984267254e-02 2.291650472210820514e-21 3.106019188735606067e-20 6.930136490910116529e-04 0.000000000000000000e+00
9.773227898410662418e-01 2.198419650984267254e-02 2.291650472210820514e-21 3.106019188735606067e-20 6.930136490910116529e-04 0.000000000000000000e+00
9.773227898410662418e-01 2.198419650984267254e-02 2.291650472210820514e-21 3.106019188735606067e-20 6.930136490910116529e-04 0.000000000000000000e+00
9.773227898410662418e-01 2.198419650984267254e-02 2.291650472210820514e-21 3.106019188735606067e-20 6.930136490910116529e-04 0.000000000000000000e+00
9.773227898410662418e-01 2.198419650984267254e-02 2.291650472210820514e-21 3.106019188735606067e-20 6.930136490910116529e-04 0.000000000000000000e+00
9.773227898410662418e-01 2.198419650984267254e-02 2.291650472210820514e-21 3.106019188735606067e-20 6.930136490910116529e-04 0.000000000000000000e+00
9.773227898410662418e-01 2.198419650984267254e-02 2.291650472210820514e-21 3.106019188735606067e-20 6.930136490910116529e-04 0.000000000000000000e+00
9.773227898410662418e-01 2.198419650984267254e-02 2.291650472210820514e-21 3.106019188735606067e-20 6.930136490910116529e-04 0.000000000000000000e+00
9.773227898410662418e-01 2.198419650984267254e-02 2.291650472210820514e-21 3.106019188735606067e-20 6.930136490910116529e-04 0.000000000000000000e+00
9.773227898410662418e-01 2.198419650984267254e-02 2.291650472210820514e-21 3.106019188735606067e-20 6.930136490910116529e-04 0.000000000000000000e+00
9.773227898410662418e-01 2.198419650984267254e-02 2.291650472210820514e-21 3.106019188735606067e-20 6.930136490910116529e-04 0.000000000000000000e+00
9.773227898410662418e-01 2.198419650984267254e-02 2.291650472210820514e-21 3.106019188735606067e-20 6.930136490910116529e-04 0.000000000000000000e+00
9.773227898410662418e-01 2.198419650984267254e-02 2.291650472210820514e-21 3.106019188735606067e-20 6.930136490910116529e-04 0.000000000000000000e+00
9.773227898410662418e-01 2.198419650984267254e-02 2.291650472210820514e-21 3.106019188735606067e-20 6.930136490910116529e-04 0.000000000000000000e+00
9.773227898410662418e-01 2.198419650984267254e-02 2.291650472210820514e-21 3.106019188735606067e-20 6.930136490910116529e-04 0.000000000000000000e+00
9.773227898410662418e-01 2.198419650984267254e-02 2.291650472210820514e-21 3.106019188735606067e-20 6.930136490910116529e-04 0.000000000000000000e+00
9.773227898410662418e-01 2.198419650984267254e-02 2.291650472210820514e-21 3.106019188735606067e-20 6.930136490910116529e-04 0.000000000000000000e+00
9.773227898410662418e-01 2.198419650984267254e-02 2.291650472210820514e-21 3.106019188735606067e-20 6.930136490910116529e-04 0.000000000000000000e+00
9.773227898410662418e-01 2.198419650984267254e-02 2.291650472210820514e-21 3.106019188735606067e-20 6.930136490910116529e-04 0.000000000000000000e+00
9.773227898410662418e-01 2.198419650984267254e-02 2.291650472210820514e-21 3.106019188735606067e-20 6.930136490910116529e-04 0.000000000000000000e+00
9.773227898410662418e-01 2.198419650984267254e-02 2.291650472210820514e-21 3.106019188735606067e-20 6.930136490910116529e-04 0.000000000000000000e+00
9.773227898410662418e-01 2.198419650984267254e-02 2.291650472210820514e-21 3.106019188735606067e-20 6.930136490910116529e-04 0.000000000000000000e+00
9.773227898410662418e-01 2.198419650984267254e-02 2.291650472210820514e-21 3.106019188735606067e-20 6.930136490910116529e-04 0.000000000000000000e+00
9.773227898410662418e-01 2.198419650984267254e-02 2.291650472210820514e-21 3.106019188735606067e-20 6.930136490910116529e-04 0.000000000000000000e+00
9.773227898410662418e-01 2.198419650984267254e-02 2.291650472210820514e-21 3.106019188735606067e-20 6.930136490910116529e-04 0.000000000000000000e+00
9.773227898410662418e-01 2.198419650984267254e-02 2.291650472210820514e-21 3.106019188735606067e-20 6.930136490910116529e-04 0.000000000000000000e+00
9.773227898410662418e-01 2.198419650984267254e-02 2.291650472210820514e-21 3.106019188735606067e-20 6.930136490910116529e-04 0.000000000000000000e+00
9.773227898410662418e-01 2.198419650984267254e-02 2.291650472210820514e-21 3.106019188735606067e-20 6.930136490910116529e-04 0.000000000000000000e+00
9.773227898410662418e-01 2.198419650984267254e-02 2.291650472210820514e-21 3.106019188735606067e-20 6.930136490910116529e-04 0.000000000000000000e+00
9.773227898410662418e-01 2.198419650984267254e-02 2.291650472210820514e-21 3.106019188735606067e-20 6.930136490910116529e-04 0.000000000000000000e+00
9.773227898410662418e-01 2.198419650984267254e-02 2.291650472210820514e-21 3.106019188735606067e-20 6.930136490910116529e-04 0.000000000000000000e+00
9.773227898410662418e-01 2.198419650984267254e-02 2.291650472210820514e-21 3.106019188735606067e-20 6.930136490910116529e-04 0.000000000000000000e+00
9.773227898410662418e-01 2.198419650984267254e-02 2.291650472210820514e-21 3.106019188735606067e-20 6.930136490910116529e-04 0.000000000000000000e+00
9.773227898410662418e-01 2.198419650984267254e-02 2.291650472210820514e-21 3.106019188735606067e-20 6.930136490910116529e-04 0.000000000000000000e+00
9.773227898410662418e-01 2.198419650984267254e-02 2.291650472210820514e-21 3.106019188735606067e-20 6.930136490910116529e-04 0.000000000000000000e+00
9.773227898410662418e-01 2.198419650984267254e-02 2.291650472210820514e-21 3.106019188735606067e-20 6.930136490910116529e-04 0.000000000000000000e+00
9.773227898410662418e-01 2.198419650984267254e-02 2.291650472210820514e-21 3.106019188735606067e-20 6.930136490910116529e-04 0.000000000000000000e+00
9.773227898410662418e-01 2.198419650984267254e-02 2.291650472210820514e-21 3.106019188735606067e-20 6.930136490910116529e-04 0.000000000000000000e+00
9.773227898410662418e-01 2.198419650984267254e-02 2.291650472210820514e-21 3.106019188735606067e-20 6.930136490910116529e-04 0.000000000000000000e+00
9.773227898410662418e-01 2.198419650984267254e-02 2.291650472210820514e-21 3.106019188735606067e-20 6.930136490910116529e-04 0.000000000000000000e+00
9.773227898410662418e-01 2.198419650984267254e-02 2.291650472210820514e-21 3.106019188735606067e-20 6.930136490910116529e-04 0.000000000000000000e+00
9.773227898410662418e-01 2.198419650984267254e-02 2.291650472210820514e-21 3.106019188735606067e-20 6.930136490910116529e-04 0.000000000000000000e+00
9.773227898410662418e-01 2.198419650984267254e-02 2.291650472210820514e-21 3.106019188735606067e-20 6.930136490910116529e-04 0.000000000000000000e+00
9.773227898410662418e-01 2.198419650984267254e-02 2.291650472210820514e-21 3.106019188735606067e-20 6.930136490910116529e-04 0.000000000000000000e+00
9.773227898410662418e-01 2.198419650984267254e-02 2.291650472210820514e-21 3.106019188735606067e-20 6.930136490910116529e-04 0.000000000000000000e+00
9.773227898410662418e-01 2.198419650984267254e-02 2.291650472210820514e-21 3.106019188735606067e-20 6.930136490910116529e-04 0.000000000000000000e+00
9.773227898410662418e-01 2.198419650984267254e-02 2.291650472210820514e-21 3.106019188735606067e-20 6.930136490910116529e-04 0.000000000000000000e+00
9.773227898410662418e-01 2.198419650984267254e-02 2.291650472210820514e-21 3.106019188735606067e-20 6.930136490910116529e-04 0.000000000000000000e+00
9.773227898410662418e-01 2.198419650984267254e-02 2.291650472210820514e-21 3.106019188735606067e-20 6.930136490910116529e-04 0.000000000000000000e+00
9.773227898410662418e-01 2.198419650984267254e-02 2.291650472210820514e-21 3.106019188735606067e-20 6.930136490910116529e-04 0.000000000000000000e+00
9.773227898410662418e-01 2.198419650984267254e-02 2.291650472210820514e-21 3.106019188735606067e-20 6.930136490910116529e-04 0.000000000000000000e+00
9.773227898410662418e-01 2.198419650984267254e-02 2.291650472210820514e-21 3.106019188735606067e-20 6.930136490910116529e-04 0.000000000000000000e+00
9.773227898410662418e-01 2.198419650984267254e-02 2.291650472210820514e-21 3.106019188735606067e-20 6.930136490910116529e-04 0.000000000000000000e+00
9.773227898410662418e-01 2.198419650984267254e-02 2.291650472210820514e-21 3.106019188735606067e-20 6.930136490910116529e-04 0.000000000000000000e+00
9.773227898410662418e-01 2.198419650984267254e-02 2.291650472210820514e-21 3.106019188735606067e-20 6.930136490910116529e-04 0.000000000000000000e+00
9.773227898410662418e-01 2.198419650984267254e-02 2.291650472210820514e-21 3.106019188735606067e-20 6.930136490910116529e-04 0.000000000000000000e+00
9.773227898410662418e-01 2.198419650984267254e-02 2.291650472210820514e-21 3.106019188735606067e-20 6.930136490910116529e-04 0.000000000000000000e+00
9.773227898410662418e-01 2.198419650984267254e-02 2.291650472210820514e-21 3.106019188735606067e-20 6.930136490910116529e-04 0.000000000000000000e+00
9.773227898410662418e-01 2.198419650984267254e-02 2.291650472210820514e-21 3.106019188735606067e-20 6.930136490910116529e-04 0.000000000000000000e+00
9.773227898410662418e-01 2.198419650984267254e-02 2.291650472210820514e-21 3.106019188735606067e-20 6.930136490910116529e-04 0.000000000000000000e+00
9.773227898410662418e-01 2.198419650984267254e-02 2.291650472210820514e-21 3.106019188735606067e-20 6.930136490910116529e-04 0.000000000000000000e+00
9.773227898410662418e-01 2.198419650984267254e-02 2.291650472210820514e-21 3.106019188735606067e-20 6.930136490910116529e-04 0.000000000000000000e+00
9.773227898410662418e-01 2.198419650984267254e-02 2.291650472210820514e-21 3.106019188735606067e-20 6.930136490910116529e-04 0.000000000000000000e+00
9.773227898410662418e-01 2.198419650984267254e-02 2.291650472210820514e-21 3.106019188735606067e-20 6.930136490910116529e-04 0.000000000000000000e+00
9.773227898410662418e-01 2.198419650984267254e-02 2.291650472210820514e-21 3.106019188735606067e-20 6.930136490910116529e-04 0.000000000000000000e+00
9.773227898410662418e-01 2.198419650984267254e-02 2.291650472210820514e-21 3.106019188735606067e-20 6.930136490910116529e-04 0.000000000000000000e+00
9.773227898410662418e-01 2.198419650984267254e-02 2.291650472210820514e-21 3.106019188735606067e-20 6.930136490910116529e-04 0.000000000000000000e+00
9.773227898410662418e-01 2.198419650984267254e-02 2.291650472210820514e-21 3.106019188735606067e-20 6.930136490910116529e-04 0.000000000000000000e+00
9.773227898410662418e-01 2.198419650984267254e-02 2.291650472210820514e-21 3.106019188735606067e-20 6.930136490910116529e-04 0.000000000000000000e+00
9.773227898410662418e-01 2.198419650984267254e-02 2.291650472210820514e-21 3.106019188735606067e-20 6.930136490910116529e-04 0.000000000000000000e+00
9.773227898410662418e-01 2.198419650984267254e-02 2.291650472210820514e-21 3.106019188735606067e-20 6.930136490910116529e-04 0.000000000000000000e+00
9.773227898410662418e-01 2.198419650984267254e-02 2.291650472210820514e-21 3.106019188735606067e-20 6.930136490910116529e-04 0.000000000000000000e+00
9.773227898410662418e-01 2.198419650984267254e-02 2.291650472210820514e-21 3.106019188735606067e-20 6.930136490910116529e-04 0.000000000000000000e+00
9.773227898410662418e-01 2.198419650984267254e-02 2.291650472210820514e-21 3.106019188735606067e-20 6.930136490910116529e-04 0.000000000000000000e+00
9.773227898410662418e-01 2.198419650984267254e-02 2.291650472210820514e-21 3.106019188735606067e-20 6.930136490910116529e-04 0.000000000000000000e+00
9.773227898410662418e-01 2.198419650984267254e-02 2.291650472210820514e-21 3.106019188735606067e-20 6.930136490910116529e-04 0.000000000000000000e+00
9.773227898410662418e-01 2.198419650984267254e-02 2.291650472210820514e-21 3.106019188735606067e-20 6.930136490910116529e-04 0.000000000000000000e+00
9.773227898410662418e-01 2.198419650984267254e-02 2.291650472210820514e-21 3.106019188735606067e-20 6.930136490910116529e-04 0.000000000000000000e+00
9.773227898410662418e-01 2.198419650984267254e-02 2.291650472210820514e-21 3.106019188735606067e-20 6.930136490910116529e-04 0.000000000000000000e+00
9.773227898410662418e-01 2.198419650984267254e-02 2.291650472210820514e-21 3.106019188735606067e-20 6.930136490910116529e-04 0.000000000000000000e+00
9.773227898410662418e-01 2.198419650984267254e-02 2.291650472210820514e-21 3.106019188735606067e-20 6.930136490910116529e-04 0.000000000000000000e+00
9.773227898410662418e-01 2.198419650984267254e-02 2.291650472210820514e-21 3.106019188735606067e-20 6.930136490910116529e-04 0.000000000000000000e+00
9.773227898410662418e-01 2.198419650984267254e-02 2.291650472210820514e-21 3.106019188735606067e-20 6.930136490910116529e-04 0.000000000000000000e+00
9.773227898410662418e-01 2.198419650984267254e-02 2.291650472210820514e-21 3.106019188735606067e-20 6.930136490910116529e-04 0.000000000000000000e+00
9.773227898410662418e-01 2.198419650984267254e-02 2.291650472210820514e-21 3.106019188735606067e-20 6.930136490910116529e-04 0.000000000000000000e+00
9.773227898410662418e-01 2.198419650984267254e-02 2.291650472210820514e-21 3.106019188735606067e-20 6.930136490910116529e-04 0.000000000000000000e+00
9.773227898410662418e-01 2.198419650984267254e-02 2.291650472210820514e-21 3.106019188735606067e-20 6.930136490910116529e-04 0.000000000000000000e+00
9.773227898410662418e-01 2.198419650984267254e-02 2.291650472210820514e-21 3.106019188735606067e-20 6.930136490910116529e-04 0.000000000000000000e+00
9.773227898410662418e-01 2.198419650984267254e-02 2.291650472210820514e-21 3.106019188735606067e-20 6.930136490910116529e-04 0.000000000000000000e+00
9.773227898410662418e-01 2.198419650984267254e-02 2.291650472210820514e-21 3.106019188735606067e-20 6.930136490910116529e-04 0.000000000000000000e+00
9.773227898410662418e-01 2.198419650984267254e-02 2.291650472210820514e-21 3.106019188735606067e-20 6.930136490910116529e-04 0.000000000000000000e+00
9.773227898410662418e-01 2.198419650984267254e-02 2.291650472210820514e-21 3.106019188735606067e-20 6.930136490910116529e-04 0.000000000000000000e+00
9.773227898410662418e-01 2.198419650984267254e-02 2.291650472210820514e-21 3.106019188735606067e-20 6.930136490910116529e-04 0.000000000000000000e+00
9.773227898410662418e-01 2.198419650984267254e-02 2.291650472210820514e-21 3.106019188735606067e-20 6.930136490910116529e-04 0.000000000000000000e+00
9.773227898410662418e-01 2.198419650984267254e-02 2.291650472210820514e-21 3.106019188735606067e-20 6.930136490910116529e-04 0.000000000000000000e+00
9.773227898410662418e-01 2.198419650984267254e-02 2.291650472210820514e-21 3.106019188735606067e-20 6.930136490910116529e-04 0.000000000000000000e+00
9.773227898410662418e-01 2.198419650984267254e-02 2.291650472210820514e-21 3.106019188735606067e-20 6.930136490910116529e-04 0.000000000000000000e+00
9.773227898410662418e-01 2.198419650984267254e-02 2.291650472210820514e-21 3.106019188735606067e-20 6.930136490910116529e-04 0.000000000000000000e+00
9.773227898410662418e-01 2.198419650984267254e-02 2.291650472210820514e-21 3.106019188735606067e-20 6.930136490910116529e-04 0.000000000000000000e+00
9.773227898410662418e-01 2.198419650984267254e-02 2.291650472210820514e-21 3.106019188735606067e-20 6.930136490910116529e-04 0.000000000000000000e+00
9.773227898410662418e-01 2.198419650984267254e-02 2.291650472210820514e-21 3.106019188735606067e-20 6.930136490910116529e-04 0.000000000000000000e+00
9.773227898410662418e-01 2.198419650984267254e-02 2.291650472210820514e-21 3.106019188735606067e-20 6.930136490910116529e-04 0.000000000000000000e+00
9.773227898410662418e-01 2.198419650984267254e-02 2.291650472210820514e-21 3.106019188735606067e-20 6.930136490910116529e-04 0.000000000000000000e+00
9.773227898410662418e-01 2.198419650984267254e-02 2.291650472210820514e-21 3.106019188735606067e-20 6.930136490910116529e-04 0.000000000000000000e+00
9.773227898410662418e-01 2.198419650984267254e-02 2.291650472210820514e-21 3.106019188735606067e-20 6.930136490910116529e-04 0.000000000000000000e+00
9.773227898410662418e-01 2.198419650984267254e-02 2.291650472210820514e-21 3.106019188735606067e-20 6.930136490910116529e-04 0.000000000000000000e+00
9.773227898410662418e-01 2.198419650984267254e-02 2.291650472210820514e-21 3.106019188735606067e-20 6.930136490910116529e-04 0.000000000000000000e+00
9.773227898410662418e-01 2.198419650984267254e-02 2.291650472210820514e-21 3.106019188735606067e-20 6.930136490910116529e-04 0.000000000000000000e+00
9.773227898410662418e-01 2.198419650984267254e-02 2.291650472210820514e-21 3.106019188735606067e-20 6.930136490910116529e-04 0.000000000000000000e+00
9.773227898410662418e-01 2.198419650984267254e-02 2.291650472210820514e-21 3.106019188735606067e-20 6.930136490910116529e-04 0.000000000000000000e+00
9.773227898410662418e-01 2.198419650984267254e-02 2.291650472210820514e-21 3.106019188735606067e-20 6.930136490910116529e-04 0.000000000000000000e+00
9.773227898410662418e-01 2.198419650984267254e-02 2.291650472210820514e-21 3.106019188735606067e-20 6.930136490910116529e-04 0.000000000000000000e+00
9.773227898410662418e-01 2.198419650984267254e-02 2.291650472210820514e-21 3.106019188735606067e-20 6.930136490910116529e-04 0.000000000000000000e+00
9.773227898410662418e-01 2.198419650984267254e-02 2.291650472210820514e-21 3.106019188735606067e-20 6.930136490910116529e-04 0.000000000000000000e+00
9.773227898410662418e-01 2.198419650984267254e-02 2.291650472210820514e-21 3.106019188735606067e-20 6.930136490910116529e-04 0.000000000000000000e+00
9.773227898410662418e-01 2.198419650984267254e-02 2.291650472210820514e-21 3.106019188735606067e-20 6.930136490910116529e-04 0.000000000000000000e+00
9.773227898410662418e-01 2.198419650984267254e-02 2.291650472210820514e-21 3.106019188735606067e-20 6.930136490910116529e-04 0.000000000000000000e+00
9.773227898410662418e-01 2.198419650984267254e-02 2.291650472210820514e-21 3.106019188735606067e-20 6.930136490910116529e-04 0.000000000000000000e+00
9.773227898410662418e-01 2.198419650984267254e-02 2.291650472210820514e-21 3.106019188735606067e-20 6.930136490910116529e-04 0.000000000000000000e+00
9.773227898410662418e-01 2.198419650984267254e-02 2.291650472210820514e-21 3.106019188735606067e-20 6.930136490910116529e-04 0.000000000000000000e+00
9.773227898410662418e-01 2.198419650984267254e-02 2.291650472210820514e-21 3.106019188735606067e-20 6.930136490910116529e-04 0.000000000000000000e+00
9.773227898410662418e-01 2.198419650984267254e-02 2.291650472210820514e-21 3.106019188735606067e-20 6.930136490910116529e-04 0.000000000000000000e+00
9.773227898410662418e-01 2.198419650984267254e-02 2.291650472210820514e-21 3.106019188735606067e-20 6.930136490910116529e-04 0.000000000000000000e+00
9.773227898410662418e-01 2.198419650984267254e-02 2.291650472210820514e-21 3.106019188735606067e-20 6.930136490910116529e-04 0.000000000000000000e+00
9.773227898410662418e-01 2.198419650984267254e-02 2.291650472210820514e-21 3.106019188735606067e-20 6.930136490910116529e-04 0.000000000000000000e+00
9.773227898410662418e-01 2.198419650984267254e-02 2.291650472210820514e-21 3.106019188735606067e-20 6.930136490910116529e-04 0.000000000000000000e+00
9.773227898410662418e-01 2.198419650984267254e-02 2.291650472210820514e-21 3.106019188735606067e-20 6.930136490910116529e-04 0.000000000000000000e+00
9.773227898410662418e-01 2.198419650984267254e-02 2.291650472210820514e-21 3.106019188735606067e-20 6.930136490910116529e-04 0.000000000000000000e+00
9.773227898410662418e-01 2.198419650984267254e-02 2.291650472210820514e-21 3.106019188735606067e-20 6.930136490910116529e-04 0.000000000000000000e+00
9.773227898410662418e-01 2.198419650984267254e-02 2.291650472210820514e-21 3.106019188735606067e-20 6.930136490910116529e-04 0.000000000000000000e+00
9.773227898410662418e-01 2.198419650984267254e-02 2.291650472210820514e-21 3.106019188735606067e-20 6.930136490910116529e-04 0.000000000000000000e+00
9.773227898410662418e-01 2.198419650984267254e-02 2.291650472210820514e-21 3.106019188735606067e-20 6.930136490910116529e-04 0.000000000000000000e+00
9.773227898410662418e-01 2.198419650984267254e-02 2.291650472210820514e-21 3.106019188735606067e-20 6.930136490910116529e-04 0.000000000000000000e+00
9.773227898410662418e-01 2.198419650984267254e-02 2.291650472210820514e-21 3.106019188735606067e-20 6.930136490910116529e-04 0.000000000000000000e+00
9.773227898410662418e-01 2.198419650984267254e-02 2.291650472210820514e-21 3.106019188735606067e-20 6.930136490910116529e-04 0.000000000000000000e+00
9.773227898410662418e-01 2.198419650984267254e-02 2.291650472210820514e-21 3.106019188735606067e-20 6.930136490910116529e-04 0.000000000000000000e+00
9.773227898410662418e-01 2.198419650984267254e-02 2.291650472210820514e-21 3.106019188735606067e-20 6.930136490910116529e-04 0.000000000000000000e+00
9.773227898410662418e-01 2.198419650984267254e-02 2.291650472210820514e-21 3.106019188735606067e-20 6.930136490910116529e-04 0.000000000000000000e+00
9.773227898410662418e-01 2.198419650984267254e-02 2.291650472210820514e-21 3.106019188735606067e-20 6.930136490910116529e-04 0.000000000000000000e+00
9.773227898410662418e-01 2.198419650984267254e-02 2.291650472210820514e-21 3.106019188735606067e-20 6.930136490910116529e-04 0.000000000000000000e+00
9.773227898410662418e-01 2.198419650984267254e-02 2.291650472210820514e-21 3.106019188735606067e-20 6.930136490910116529e-04 0.000000000000000000e+00
9.773227898410662418e-01 2.198419650984267254e-02 2.291650472210820514e-21 3.106019188735606067e-20 6.930136490910116529e-04 0.000000000000000000e+00
9.773227898410662418e-01 2.198419650984267254e-02 2.291650472210820514e-21 3.106019188735606067e-20 6.930136490910116529e-04 0.000000000000000000e+00
9.773227898410662418e-01 2.198419650984267254e-02 2.291650472210820514e-21 3.106019188735606067e-20 6.930136490910116529e-04 0.000000000000000000e+00
9.773227898410662418e-01 2.198419650984267254e-02 2.291650472210820514e-21 3.106019188735606067e-20 6.930136490910116529e-04 0.000000000000000000e+00
9.773227898410662418e-01 2.198419650984267254e-02 2.291650472210820514e-21 3.106019188735606067e-20 6.930136490910116529e-04 0.000000000000000000e+00
9.773227898410662418e-01 2.198419650984267254e-02 2.291650472210820514e-21 3.106019188735606067e-20 6.930136490910116529e-04 0.000000000000000000e+00
9.773227898410662418e-01 2.198419650984267254e-02 2.291650472210820514e-21 3.106019188735606067e-20 6.930136490910116529e-04 0.000000000000000000e+00
9.773227898410662418e-01 2.198419650984267254e-02 2.291650472210820514e-21 3.106019188735606067e-20 6.930136490910116529e-04 0.000000000000000000e+00
9.773227898410662418e-01 2.198419650984267254e-02 2.291650472210820514e-21 3.106019188735606067e-20 6.930136490910116529e-04 0.000000000000000000e+00
9.773227898410662418e-01 2.198419650984267254e-02 2.291650472210820514e-21 3.106019188735606067e-20 6.930136490910116529e-04 0.000000000000000000e+00
9.773227898410662418e-01 2.198419650984267254e-02 2.291650472210820514e-21 3.106019188735606067e-20 6.930136490910116529e-04 0.000000000000000000e+00
9.773227898410662418e-01 2.198419650984267254e-02 2.291650472210820514e-21 3.106019188735606067e-20 6.930136490910116529e-04 0.000000000000000000e+00
9.773227898410662418e-01 2.198419650984267254e-02 2.291650472210820514e-21 3.106019188735606067e-20 6.930136490910116529e-04 0.000000000000000000e+00
9.773227898410662418e-01 2.198419650984267254e-02 2.291650472210820514e-21 3.106019188735606067e-20 6.930136490910116529e-04 0.000000000000000000e+00
9.773227898410662418e-01 2.198419650984267254e-02 2.291650472210820514e-21 3.106019188735606067e-20 6.930136490910116529e-04 0.000000000000000000e+00
9.773227898410662418e-01 2.198419650984267254e-02 2.291650472210820514e-21 3.106019188735606067e-20 6.930136490910116529e-04 0.000000000000000000e+00
9.773227898410662418e-01 2.198419650984267254e-02 2.291650472210820514e-21 3.106019188735606067e-20 6.930136490910116529e-04 0.000000000000000000e+00
9.773227898410662418e-01 2.198419650984267254e-02 2.291650472210820514e-21 3.106019188735606067e-20 6.930136490910116529e-04 0.000000000000000000e+00
9.773227898410662418e-01 2.198419650984267254e-02 2.291650472210820514e-21 3.106019188735606067e-20 6.930136490910116529e-04 0.000000000000000000e+00
9.773227898410662418e-01 2.198419650984267254e-02 2.291650472210820514e-21 3.106019188735606067e-20 6.930136490910116529e-04 0.000000000000000000e+00
9.773227898410662418e-01 2.198419650984267254e-02 2.291650472210820514e-21 3.106019188735606067e-20 6.930136490910116529e-04 0.000000000000000000e+00
9.773227898410662418e-01 2.198419650984267254e-02 2.291650472210820514e-21 3.106019188735606067e-20 6.930136490910116529e-04 0.000000000000000000e+00
9.773227898410662418e-01 2.198419650984267254e-02 2.291650472210820514e-21 3.106019188735606067e-20 6.930136490910116529e-04 0.000000000000000000e+00
9.773227898410662418e-01 2.198419650984267254e-02 2.291650472210820514e-21 3.106019188735606067e-20 6.930136490910116529e-04 0.000000000000000000e+00
9.773227898410662418e-01 2.198419650984267254e-02 2.291650472210820514e-21 3.106019188735606067e-20 6.930136490910116529e-04 0.000000000000000000e+00
9.773227898410662418e-01 2.198419650984267254e-02 2.291650472210820514e-21 3.106019188735606067e-20 6.930136490910116529e-04 0.000000000000000000e+00
9.773227898410662418e-01 2.198419650984267254e-02 2.291650472210820514e-21 3.106019188735606067e-20 6.930136490910116529e-04 0.000000000000000000e+00
9.773227898410662418e-01 2.198419650984267254e-02 2.291650472210820514e-21 3.106019188735606067e-20 6.930136490910116529e-04 0.000000000000000000e+00
9.773227898410662418e-01 2.198419650984267254e-02 2.291650472210820514e-21 3.106019188735606067e-20 6.930136490910116529e-04 0.000000000000000000e+00
9.773227898410662418e-01 2.198419650984267254e-02 2.291650472210820514e-21 3.106019188735606067e-20 6.930136490910116529e-04 0.000000000000000000e+00
9.773227898410662418e-01 2.198419650984267254e-02 2.291650472210820514e-21 3.106019188735606067e-20 6.930136490910116529e-04 0.000000000000000000e+00
9.773227898410662418e-01 2.198419650984267254e-02 2.291650472210820514e-21 3.106019188735606067e-20 6.930136490910116529e-04 0.000000000000000000e+00
9.773227898410662418e-01 2.198419650984267254e-02 2.291650472210820514e-21 3.106019188735606067e-20 6.930136490910116529e-04 0.000000000000000000e+00
9.773227898410662418e-01 2.198419650984267254e-02 2.291650472210820514e-21 3.106019188735606067e-20 6.930136490910116529e-04 0.000000000000000000e+00
9.773227898410662418e-01 2.198419650984267254e-02 2.291650472210820514e-21 3.106019188735606067e-20 6.930136490910116529e-04 0.000000000000000000e+00
9.773227898410662418e-01 2.198419650984267254e-02 2.291650472210820514e-21 3.106019188735606067e-20 6.930136490910116529e-04 0.000000000000000000e+00
9.773227898410662418e-01 2.198419650984267254e-02 2.291650472210820514e-21 3.106019188735606067e-20 6.930136490910116529e-04 0.000000000000000000e+00
9.773227898410662418e-01 2.198419650984267254e-02 2.291650472210820514e-21 3.106019188735606067e-20 6.930136490910116529e-04 0.000000000000000000e+00
9.773227898410662418e-01 2.198419650984267254e-02 2.291650472210820514e-21 3.106019188735606067e-20 6.930136490910116529e-04 0.000000000000000000e+00
9.773227898410662418e-01 2.198419650984267254e-02 2.291650472210820514e-21 3.106019188735606067e-20 6.930136490910116529e-04 0.000000000000000000e+00
9.773227898410662418e-01 2.198419650984267254e-02 2.291650472210820514e-21 3.106019188735606067e-20 6.930136490910116529e-04 0.000000000000000000e+00
9.773227898410662418e-01 2.198419650984267254e-02 2.291650472210820514e-21 3.106019188735606067e-20 6.930136490910116529e-04 0.000000000000000000e+00
9.773227898410662418e-01 2.198419650984267254e-02 2.291650472210820514e-21 3.106019188735606067e-20 6.930136490910116529e-04 0.000000000000000000e+00
9.773227898410662418e-01 2.198419650984267254e-02 2.291650472210820514e-21 3.106019188735606067e-20 6.930136490910116529e-04 0.000000000000000000e+00
9.773227898410662418e-01 2.198419650984267254e-02 2.291650472210820514e-21 3.106019188735606067e-20 6.930136490910116529e-04 0.000000000000000000e+00
9.773227898410662418e-01 2.198419650984267254e-02 2.291650472210820514e-21 3.106019188735606067e-20 6.930136490910116529e-04 0.000000000000000000e+00
9.773227898410662418e-01 2.198419650984267254e-02 2.291650472210820514e-21 3.106019188735606067e-20 6.930136490910116529e-04 0.000000000000000000e+00
9.773227898410662418e-01 2.198419650984267254e-02 2.291650472210820514e-21 3.106019188735606067e-20 6.930136490910116529e-04 0.000000000000000000e+00
9.773227898410662418e-01 2.198419650984267254e-02 2.291650472210820514e-21 3.106019188735606067e-20 6.930136490910116529e-04 0.000000000000000000e+00
9.773227898410662418e-01 2.198419650984267254e-02 2.291650472210820514e-21 3.106019188735606067e-20 6.930136490910116529e-04 0.000000000000000000e+00
9.773227898410662418e-01 2.198419650984267254e-02 2.291650472210820514e-21 3.106019188735606067e-20 6.930136490910116529e-04 0.000000000000000000e+00
9.773227898410662418e-01 2.198419650984267254e-02 2.291650472210820514e-21 3.106019188735606067e-20 6.930136490910116529e-04 0.000000000000000000e+00
9.773227898410662418e-01 2.198419650984267254e-02 2.291650472210820514e-21 3.106019188735606067e-20 6.930136490910116529e-04 0.000000000000000000e+00
9.773227898410662418e-01 2.198419650984267254e-02 2.291650472210820514e-21 3.106019188735606067e-20 6.930136490910116529e-04 0.000000000000000000e+00
9.773227898410662418e-01 2.198419650984267254e-02 2.291650472210820514e-21 3.106019188735606067e-20 6.930136490910116529e-04 0.000000000000000000e+00
9.773227898410662418e-01 2.198419650984267254e-02 2.291650472210820514e-21 3.106019188735606067e-20 6.930136490910116529e-04 0.000000000000000000e+00
9.773227898410662418e-01 2.198419650984267254e-02 2.291650472210820514e-21 3.106019188735606067e-20 6.930136490910116529e-04 0.000000000000000000e+00
9.773227898410662418e-01 2.198419650984267254e-02 2.291650472210820514e-21 3.106019188735606067e-20 6.930136490910116529e-04 0.000000000000000000e+00
9.773227898410662418e-01 2.198419650984267254e-02 2.291650472210820514e-21 3.106019188735606067e-20 6.930136490910116529e-04 0.000000000000000000e+00
9.773227898410662418e-01 2.198419650984267254e-02 2.291650472210820514e-21 3.106019188735606067e-20 6.930136490910116529e-04 0.000000000000000000e+00
9.773227898410662418e-01 2.198419650984267254e-02 2.291650472210820514e-21 3.106019188735606067e-20 6.930136490910116529e-04 0.000000000000000000e+00
9.773227898410662418e-01 2.198419650984267254e-02 2.291650472210820514e-21 3.106019188735606067e-20 6.930136490910116529e-04 0.000000000000000000e+00
9.773227898410662418e-01 2.198419650984267254e-02 2.291650472210820514e-21 3.106019188735606067e-20 6.930136490910116529e-04 0.000000000000000000e+00
9.773227898410662418e-01 2.198419650984267254e-02 2.291650472210820514e-21 3.106019188735606067e-20 6.930136490910116529e-04 0.000000000000000000e+00
9.773227898410662418e-01 2.198419650984267254e-02 2.291650472210820514e-21 3.106019188735606067e-20 6.930136490910116529e-04 0.000000000000000000e+00
9.773227898410662418e-01 2.198419650984267254e-02 2.291650472210820514e-21 3.106019188735606067e-20 6.930136490910116529e-04 0.000000000000000000e+00
9.773227898410662418e-01 2.198419650984267254e-02 2.291650472210820514e-21 3.106019188735606067e-20 6.930136490910116529e-04 0.000000000000000000e+00
9.773227898410662418e-01 2.198419650984267254e-02 2.291650472210820514e-21 3.106019188735606067e-20 6.930136490910116529e-04 0.000000000000000000e+00
9.773227898410662418e-01 2.198419650984267254e-02 2.291650472210820514e-21 3.106019188735606067e-20 6.930136490910116529e-04 0.000000000000000000e+00
9.773227898410662418e-01 2.198419650984267254e-02 2.291650472210820514e-21 3.106019188735606067e-20 6.930136490910116529e-04 0.000000000000000000e+00
9.773227898410662418e-01 2.198419650984267254e-02 2.291650472210820514e-21 3.106019188735606067e-20 6.930136490910116529e-04 0.000000000000000000e+00
9.773227898410662418e-01 2.198419650984267254e-02 2.291650472210820514e-21 3.106019188735606067e-20 6.930136490910116529e-04 0.000000000000000000e+00
9.773227898410662418e-01 2.198419650984267254e-02 2.291650472210820514e-21 3.106019188735606067e-20 6.930136490910116529e-04 0.000000000000000000e+00
9.773227898410662418e-01 2.198419650984267254e-02 2.291650472210820514e-21 3.106019188735606067e-20 6.930136490910116529e-04 0.000000000000000000e+00
9.773227898410662418e-01 2.198419650984267254e-02 2.291650472210820514e-21 3.106019188735606067e-20 6.930136490910116529e-04 0.000000000000000000e+00
9.773227898410662418e-01 2.198419650984267254e-02 2.291650472210820514e-21 3.106019188735606067e-20 6.930136490910116529e-04 0.000000000000000000e+00
9.773227898410662418e-01 2.198419650984267254e-02 2.291650472210820514e-21 3.106019188735606067e-20 6.930136490910116529e-04 0.000000000000000000e+00
9.773227898410662418e-01 2.198419650984267254e-02 2.291650472210820514e-21 3.106019188735606067e-20 6.930136490910116529e-04 0.000000000000000000e+00
9.773227898410662418e-01 2.198419650984267254e-02 2.291650472210820514e-21 3.106019188735606067e-20 6.930136490910116529e-04 0.000000000000000000e+00
9.773227898410662418e-01 2.198419650984267254e-02 2.291650472210820514e-21 3.106019188735606067e-20 6.930136490910116529e-04 0.000000000000000000e+00
9.773227898410662418e-01 2.198419650984267254e-02 2.291650472210820514e-21 3.106019188735606067e-20 6.930136490910116529e-04 0.000000000000000000e+00
9.773227898410662418e-01 2.198419650984267254e-02 2.291650472210820514e-21 3.106019188735606067e-20 6.930136490910116529e-04 0.000000000000000000e+00
9.773227898410662418e-01 2.198419650984267254e-02 2.291650472210820514e-21 3.106019188735606067e-20 6.930136490910116529e-04 0.000000000000000000e+00
9.773227898410662418e-01 2.198419650984267254e-02 2.291650472210820514e-21 3.106019188735606067e-20 6.930136490910116529e-04 0.000000000000000000e+00
9.773227898410662418e-01 2.198419650984267254e-02 2.291650472210820514e-21 3.106019188735606067e-20 6.930136490910116529e-04 0.000000000000000000e+00
9.773227898410662418e-01 2.198419650984267254e-02 2.291650472210820514e-21 3.106019188735606067e-20 6.930136490910116529e-04 0.000000000000000000e+00
9.773227898410662418e-01 2.198419650984267254e-02 2.291650472210820514e-21 3.106019188735606067e-20 6.930136490910116529e-04 0.000000000000000000e+00
9.773227898410662418e-01 2.198419650984267254e-02 2.291650472210820514e-21 3.106019188735606067e-20 6.930136490910116529e-04 0.000000000000000000e+00
9.773227898410662418e-01 2.198419650984267254e-02 2.291650472210820514e-21 3.106019188735606067e-20 6.930136490910116529e-04 0.000000000000000000e+00
9.773227898410662418e-01 2.198419650984267254e-02 2.291650472210820514e-21 3.106019188735606067e-20 6.930136490910116529e-04 0.000000000000000000e+00
9.773227898410662418e-01 2.198419650984267254e-02 2.291650472210820514e-21 3.106019188735606067e-20 6.930136490910116529e-04 0.000000000000000000e+00
9.773227898410662418e-01 2.198419650984267254e-02 2.291650472210820514e-21 3.106019188735606067e-20 6.930136490910116529e-04 0.000000000000000000e+00
9.773227898410662418e-01 2.198419650984267254e-02 2.291650472210820514e-21 3.106019188735606067e-20 6.930136490910116529e-04 0.000000000000000000e+00
9.773227898410662418e-01 2.198419650984267254e-02 2.291650472210820514e-21 3.106019188735606067e-20 6.930136490910116529e-04 0.000000000000000000e+00
9.773227898410662418e-01 2.198419650984267254e-02 2.291650472210820514e-21 3.106019188735606067e-20 6.930136490910116529e-04 0.000000000000000000e+00
9.773227898410662418e-01 2.198419650984267254e-02 2.291650472210820514e-21 3.106019188735606067e-20 6.930136490910116529e-04 0.000000000000000000e+00
9.773227898410662418e-01 2.198419650984267254e-02 2.291650472210820514e-21 3.106019188735606067e-20 6.930136490910116529e-04 0.000000000000000000e+00
9.773227898410662418e-01 2.198419650984267254e-02 2.291650472210820514e-21 3.106019188735606067e-20 6.930136490910116529e-04 0.000000000000000000e+00
9.773227898410662418e-01 2.198419650984267254e-02 2.291650472210820514e-21 3.106019188735606067e-20 6.930136490910116529e-04 0.000000000000000000e+00
9.773227898410662418e-01 2.198419650984267254e-02 2.291650472210820514e-21 3.106019188735606067e-20 6.930136490910116529e-04 0.000000000000000000e+00
9.773227898410662418e-01 2.198419650984267254e-02 2.291650472210820514e-21 3.106019188735606067e-20 6.930136490910116529e-04 0.000000000000000000e+00
9.773227898410662418e-01 2.198419650984267254e-02 2.291650472210820514e-21 3.106019188735606067e-20 6.930136490910116529e-04 0.000000000000000000e+00
