7.976162661818155808e-01 1.997159706585925898e-01 3.193381320352327982e-08 2.421011312823877256e-08 2.667707015665586948e-03 0.000000000000000000e+00
7.976162457784637949e-01 1.997159909678404288e-01 2.512377289343903755e-08 2.005936376783749856e-08 2.667718020947082522e-03 0.000000000000000000e+00
7.976162413471540313e-01 1.997159953787127074e-01 1.872758816107637945e-08 1.592985182764815474e-08 2.667728615760552643e-03 0.000000000000000000e+00
7.976162165124899284e-01 1.997160200988350176e-01 1.388398766514823861e-08 1.259492466858925597e-08 2.667736883293750621e-03 0.000000000000000000e+00
7.976162097220206304e-01 1.997160268579854792e-01 1.023824180491014882e-08 9.915249223709044262e-09 2.667743232668496212e-03 0.000000000000000000e+00
7.976161916778242711e-01 1.997160448189597703e-01 7.508979673300584889e-09 7.771560383677721962e-09 2.667748190607430615e-03 0.000000000000000000e+00
7.976161916778241601e-01 1.997160448189597703e-01 5.477070163119111021e-09 6.064332966203990912e-09 2.667751934772747812e-03 0.000000000000000000e+00
7.976161916778240490e-01 1.997160448189597703e-01 3.973007546293838936e-09 4.711099671347259643e-09 2.667754797499286706e-03 0.000000000000000000e+00
7.976161789543683156e-01 1.997160575851912589e-01 2.865927089413632251e-09 3.643365072364978196e-09 2.667756934225445128e-03 0.000000000000000000e+00
7.976161890435372603e-01 1.997160476270752050e-01 2.055657690862601893e-09 2.804761901845142086e-09 2.667758455743732358e-03 0.000000000000000000e+00
7.976161751962986823e-01 1.997160613575565957e-01 1.466028312251120619e-09 2.149190293745891900e-09 2.667759820554579595e-03 0.000000000000000000e+00
7.976161635776949366e-01 1.997160728781955941e-01 1.039455559964739480e-09 1.639123874455740403e-09 2.667760857423914344e-03 0.000000000000000000e+00
7.976161635776949366e-01 1.997160728781955941e-01 7.326699013871703928e-10 1.244170333050494321e-09 2.667761561072081854e-03 0.000000000000000000e+00
7.976161635776948255e-01 1.997160728781955941e-01 5.133545271584625497e-10 9.398380138407054215e-10 2.667762086429900301e-03 0.000000000000000000e+00
7.976161635776949366e-01 1.997160728781955941e-01 3.575211758366571392e-10 7.064898453957969686e-10 2.667762477200281632e-03 0.000000000000000000e+00
7.976161635776950476e-01 1.997160728781955941e-01 2.474750337768560072e-10 5.284625532213545371e-10 2.667762766756884719e-03 0.000000000000000000e+00
7.976161635776949366e-01 1.997160728781955941e-01 1.702462824726686242e-10 3.933278402199386596e-10 2.667762980475505211e-03 0.000000000000000000e+00
7.976161635776949366e-01 1.997160728781955941e-01 1.163560446909811663e-10 2.912091190938157075e-10 2.667763135638844419e-03 0.000000000000000000e+00
7.976161635776948255e-01 1.997160728781955386e-01 7.902524089654229451e-11 2.145096366173599309e-10 2.667763249433074101e-03 0.000000000000000000e+00
7.976161635776949366e-01 1.997160728781955941e-01 5.333252085167041805e-11 1.572052671560135859e-10 2.667763332648697729e-03 0.000000000000000000e+00
7.976161635776948255e-01 1.997160728781955941e-01 3.576397109659011853e-11 1.146166983438747045e-10 2.667763393257340399e-03 0.000000000000000000e+00
7.976161635776949366e-01 1.997160728781955941e-01 2.382774442869359664e-11 8.312922750440388188e-11 2.667763437097213537e-03 0.000000000000000000e+00
7.976161635776948255e-01 1.997160728781955941e-01 1.576410469425502075e-11 5.995082647577201488e-11 2.667763468063641310e-03 0.000000000000000000e+00
7.976161635776949366e-01 1.997160728781955941e-01 1.036076790379753377e-11 4.300541792222003897e-11 2.667763490465263967e-03 0.000000000000000000e+00
7.976161635776948255e-01 1.997160728781955386e-01 6.764543660419773102e-12 3.068510796002526214e-11 2.667763506580150736e-03 0.000000000000000000e+00
7.976161635776949366e-01 1.997160728781955941e-01 4.384908503386182669e-12 2.176746043639827062e-11 2.667763517847473315e-03 0.000000000000000000e+00
7.976161635776948255e-01 1.997160728781955941e-01 2.822438442365962800e-12 1.535384059098184218e-11 2.667763525822167570e-03 0.000000000000000000e+00
7.976161635776948255e-01 1.997160728781955941e-01 1.804451307262007009e-12 1.077080347301040898e-11 2.667763531513906751e-03 0.000000000000000000e+00
7.976161635776949366e-01 1.997160728781955386e-01 1.144815211814563759e-12 7.509101247433240684e-12 2.667763535402642005e-03 0.000000000000000000e+00
7.976161635776949366e-01 1.997160728781955941e-01 7.211876431986469961e-13 5.205243283569741007e-12 2.667763538149299507e-03 0.000000000000000000e+00
7.976161635776949366e-01 1.997160728781955941e-01 4.510327352251919865e-13 3.587123328139022861e-12 2.667763540055549838e-03 0.000000000000000000e+00
7.976161635776948255e-01 1.997160728781955386e-01 2.798994803911905356e-13 2.456586018275332079e-12 2.667763541351892212e-03 0.000000000000000000e+00
7.976161635776948255e-01 1.997160728781955386e-01 1.724827089378575757e-13 1.672832949280572929e-12 2.667763542261479288e-03 0.000000000000000000e+00
7.976161635776949366e-01 1.997160728781955941e-01 1.054094726300784484e-13 1.131504608810031714e-12 2.667763542861645906e-03 0.000000000000000000e+00
7.976161635776949366e-01 1.997160728781955941e-01 6.397027969442420597e-14 7.610389557885826194e-13 2.667763543284000331e-03 0.000000000000000000e+00
7.976161635776948255e-01 1.997160728781955386e-01 3.848692700095286168e-14 5.082946991184412842e-13 2.667763543557385379e-03 0.000000000000000000e+00
7.976161635776949366e-01 1.997160728781955941e-01 2.298970746690419965e-14 3.375255549851710563e-13 2.667763543748103046e-03 0.000000000000000000e+00
7.976161635776949366e-01 1.997160728781955941e-01 1.361276868644494938e-14 2.225462430905264180e-13 2.667763543870936213e-03 0.000000000000000000e+00
7.976161635776949366e-01 1.997160728781955941e-01 7.999281967086588895e-15 1.458341906561428314e-13 2.667763543954612768e-03 0.000000000000000000e+00
7.976161635776949366e-01 1.997160728781955941e-01 4.660591654598192874e-15 9.490640474282223828e-14 2.667763544009092193e-03 0.000000000000000000e+00
7.976161635776948255e-01 1.997160728781955941e-01 2.692716587856149324e-15 6.134630873741450891e-14 2.667763544044705632e-03 0.000000000000000000e+00
7.976161635776948255e-01 1.997160728781955386e-01 1.543425302584362337e-15 3.939926968503392359e-14 2.667763544068512110e-03 0.000000000000000000e+00
7.976161635776948255e-01 1.997160728781955941e-01 8.762767445172827063e-16 2.510966572902337917e-14 2.667763544083180064e-03 0.000000000000000000e+00
7.976161635776949366e-01 1.997160728781955941e-01 4.934855266819610771e-16 1.589810051002197454e-14 2.667763544092930077e-03 0.000000000000000000e+00
7.976161635776949366e-01 1.997160728781955941e-01 2.755110737264837291e-16 9.995444669965365571e-15 2.667763544099195899e-03 0.000000000000000000e+00
7.976161635776948255e-01 1.997160728781955941e-01 1.523478099075628079e-16 6.235752945556347181e-15 2.667763544103025734e-03 0.000000000000000000e+00
7.976161635776948255e-01 1.997160728781955386e-01 8.352837624826063067e-17 3.863527304517637175e-15 2.667763544105508557e-03 0.000000000000000000e+00
7.976161635776949366e-01 1.997160728781955941e-01 4.540129922287144908e-17 2.377033176594522687e-15 2.667763544107090625e-03 0.000000000000000000e+00
7.976161635776949366e-01 1.997160728781955941e-01 2.442228049299766474e-17 1.450219232418912461e-15 2.667763544108018268e-03 0.000000000000000000e+00
7.976161635776948255e-01 1.997160728781955386e-01 1.301972402799177625e-17 8.783661520155173427e-16 2.667763544108604605e-03 0.000000000000000000e+00
7.976161635776948255e-01 1.997160728781955386e-01 1.025217154178897516e-17 7.260029724708983502e-16 2.667763544108778945e-03 0.000000000000000000e+00
7.976161635776948255e-01 1.997160728781955386e-01 1.025217154178897516e-17 7.260029724708983502e-16 2.667763544108778945e-03 0.000000000000000000e+00
7.976161635776948255e-01 1.997160728781955386e-01 1.025217154178897516e-17 7.260029724708983502e-16 2.667763544108778945e-03 0.000000000000000000e+00
7.976161635776948255e-01 1.997160728781955386e-01 1.025217154178897516e-17 7.260029724708983502e-16 2.667763544108778945e-03 0.000000000000000000e+00
7.976161635776948255e-01 1.997160728781955386e-01 1.025217154178897516e-17 7.260029724708983502e-16 2.667763544108778945e-03 0.000000000000000000e+00
7.976161635776948255e-01 1.997160728781955386e-01 1.025217154178897516e-17 7.260029724708983502e-16 2.667763544108778945e-03 0.000000000000000000e+00
7.976161635776948255e-01 1.997160728781955386e-01 1.025217154178897516e-17 7.260029724708983502e-16 2.667763544108778945e-03 0.000000000000000000e+00
7.976161635776948255e-01 1.997160728781955386e-01 1.025217154178897516e-17 7.260029724708983502e-16 2.667763544108778945e-03 0.000000000000000000e+00
7.976161635776948255e-01 1.997160728781955386e-01 1.025217154178897516e-17 7.260029724708983502e-16 2.667763544108778945e-03 0.000000000000000000e+00
7.976161635776948255e-01 1.997160728781955386e-01 1.025217154178897516e-17 7.260029724708983502e-16 2.667763544108778945e-03 0.000000000000000000e+00
7.976161635776948255e-01 1.997160728781955386e-01 1.025217154178897516e-17 7.260029724708983502e-16 2.667763544108778945e-03 0.000000000000000000e+00
7.976161635776948255e-01 1.997160728781955386e-01 1.025217154178897516e-17 7.260029724708983502e-16 2.667763544108778945e-03 0.000000000000000000e+00
7.976161635776948255e-01 1.997160728781955386e-01 1.025217154178897516e-17 7.260029724708983502e-16 2.667763544108778945e-03 0.000000000000000000e+00
7.976161635776948255e-01 1.997160728781955386e-01 1.025217154178897516e-17 7.260029724708983502e-16 2.667763544108778945e-03 0.000000000000000000e+00
7.976161635776948255e-01 1.997160728781955386e-01 1.025217154178897516e-17 7.260029724708983502e-16 2.667763544108778945e-03 0.000000000000000000e+00
7.976161635776948255e-01 1.997160728781955386e-01 1.025217154178897516e-17 7.260029724708983502e-16 2.667763544108778945e-03 0.000000000000000000e+00
7.976161635776948255e-01 1.997160728781955386e-01 1.025217154178897516e-17 7.260029724708983502e-16 2.667763544108778945e-03 0.000000000000000000e+00
7.976161635776948255e-01 1.997160728781955386e-01 1.025217154178897516e-17 7.260029724708983502e-16 2.667763544108778945e-03 0.000000000000000000e+00
7.976161635776948255e-01 1.997160728781955386e-01 1.025217154178897516e-17 7.260029724708983502e-16 2.667763544108778945e-03 0.000000000000000000e+00
7.976161635776948255e-01 1.997160728781955386e-01 1.025217154178897516e-17 7.260029724708983502e-16 2.667763544108778945e-03 0.000000000000000000e+00
7.976161635776948255e-01 1.997160728781955386e-01 1.025217154178897516e-17 7.260029724708983502e-16 2.667763544108778945e-03 0.000000000000000000e+00
7.976161635776948255e-01 1.997160728781955386e-01 1.025217154178897516e-17 7.260029724708983502e-16 2.667763544108778945e-03 0.000000000000000000e+00
7.976161635776948255e-01 1.997160728781955386e-01 1.025217154178897516e-17 7.260029724708983502e-16 2.667763544108778945e-03 0.000000000000000000e+00
7.976161635776948255e-01 1.997160728781955386e-01 1.025217154178897516e-17 7.260029724708983502e-16 2.667763544108778945e-03 0.000000000000000000e+00
7.976161635776948255e-01 1.997160728781955386e-01 1.025217154178897516e-17 7.260029724708983502e-16 2.667763544108778945e-03 0.000000000000000000e+00
7.976161635776948255e-01 1.997160728781955386e-01 1.025217154178897516e-17 7.260029724708983502e-16 2.667763544108778945e-03 0.000000000000000000e+00
7.976161635776948255e-01 1.997160728781955386e-01 1.025217154178897516e-17 7.260029724708983502e-16 2.667763544108778945e-03 0.000000000000000000e+00
7.976161635776948255e-01 1.997160728781955386e-01 1.025217154178897516e-17 7.260029724708983502e-16 2.667763544108778945e-03 0.000000000000000000e+00
7.976161635776948255e-01 1.997160728781955386e-01 1.025217154178897516e-17 7.260029724708983502e-16 2.667763544108778945e-03 0.000000000000000000e+00
7.976161635776948255e-01 1.997160728781955386e-01 1.025217154178897516e-17 7.260029724708983502e-16 2.667763544108778945e-03 0.000000000000000000e+00
7.976161635776948255e-01 1.997160728781955386e-01 1.025217154178897516e-17 7.260029724708983502e-16 2.667763544108778945e-03 0.000000000000000000e+00
7.976161635776948255e-01 1.997160728781955386e-01 1.025217154178897516e-17 7.260029724708983502e-16 2.667763544108778945e-03 0.000000000000000000e+00
7.976161635776948255e-01 1.997160728781955386e-01 1.025217154178897516e-17 7.260029724708983502e-16 2.667763544108778945e-03 0.000000000000000000e+00
7.976161635776948255e-01 1.997160728781955386e-01 1.025217154178897516e-17 7.260029724708983502e-16 2.667763544108778945e-03 0.000000000000000000e+00
7.976161635776948255e-01 1.997160728781955386e-01 1.025217154178897516e-17 7.260029724708983502e-16 2.667763544108778945e-03 0.000000000000000000e+00
7.976161635776948255e-01 1.997160728781955386e-01 1.025217154178897516e-17 7.260029724708983502e-16 2.667763544108778945e-03 0.000000000000000000e+00
7.976161635776948255e-01 1.997160728781955386e-01 1.025217154178897516e-17 7.260029724708983502e-16 2.667763544108778945e-03 0.000000000000000000e+00
7.976161635776948255e-01 1.997160728781955386e-01 1.025217154178897516e-17 7.260029724708983502e-16 2.667763544108778945e-03 0.000000000000000000e+00
7.976161635776948255e-01 1.997160728781955386e-01 1.025217154178897516e-17 7.260029724708983502e-16 2.667763544108778945e-03 0.000000000000000000e+00
7.976161635776948255e-01 1.997160728781955386e-01 1.025217154178897516e-17 7.260029724708983502e-16 2.667763544108778945e-03 0.000000000000000000e+00
7.976161635776948255e-01 1.997160728781955386e-01 1.025217154178897516e-17 7.260029724708983502e-16 2.667763544108778945e-03 0.000000000000000000e+00
7.976161635776948255e-01 1.997160728781955386e-01 1.025217154178897516e-17 7.260029724708983502e-16 2.667763544108778945e-03 0.000000000000000000e+00
7.976161635776948255e-01 1.997160728781955386e-01 1.025217154178897516e-17 7.260029724708983502e-16 2.667763544108778945e-03 0.000000000000000000e+00
7.976161635776948255e-01 1.997160728781955386e-01 1.025217154178897516e-17 7.260029724708983502e-16 2.667763544108778945e-03 0.000000000000000000e+00
7.976161635776948255e-01 1.997160728781955386e-01 1.025217154178897516e-17 7.260029724708983502e-16 2.667763544108778945e-03 0.000000000000000000e+00
7.976161635776948255e-01 1.997160728781955386e-01 1.025217154178897516e-17 7.260029724708983502e-16 2.667763544108778945e-03 0.000000000000000000e+00
7.976161635776948255e-01 1.997160728781955386e-01 1.025217154178897516e-17 7.260029724708983502e-16 2.667763544108778945e-03 0.000000000000000000e+00
7.976161635776948255e-01 1.997160728781955386e-01 1.025217154178897516e-17 7.260029724708983502e-16 2.667763544108778945e-03 0.000000000000000000e+00
7.976161635776948255e-01 1.997160728781955386e-01 1.025217154178897516e-17 7.260029724708983502e-16 2.667763544108778945e-03 0.000000000000000000e+00
7.976161635776948255e-01 1.997160728781955386e-01 1.025217154178897516e-17 7.260029724708983502e-16 2.667763544108778945e-03 0.000000000000000000e+00
7.976161635776948255e-01 1.997160728781955386e-01 1.025217154178897516e-17 7.260029724708983502e-16 2.667763544108778945e-03 0.000000000000000000e+00
7.976161635776948255e-01 1.997160728781955386e-01 1.025217154178897516e-17 7.260029724708983502e-16 2.667763544108778945e-03 0.000000000000000000e+00
7.976161635776948255e-01 1.997160728781955386e-01 1.025217154178897516e-17 7.260029724708983502e-16 2.667763544108778945e-03 0.000000000000000000e+00
7.976161635776948255e-01 1.997160728781955386e-01 1.025217154178897516e-17 7.260029724708983502e-16 2.667763544108778945e-03 0.000000000000000000e+00
7.976161635776948255e-01 1.997160728781955386e-01 1.025217154178897516e-17 7.260029724708983502e-16 2.667763544108778945e-03 0.000000000000000000e+00
7.976161635776948255e-01 1.997160728781955386e-01 1.025217154178897516e-17 7.260029724708983502e-16 2.667763544108778945e-03 0.000000000000000000e+00
7.976161635776948255e-01 1.997160728781955386e-01 1.025217154178897516e-17 7.260029724708983502e-16 2.667763544108778945e-03 0.000000000000000000e+00
7.976161635776948255e-01 1.997160728781955386e-01 1.025217154178897516e-17 7.260029724708983502e-16 2.667763544108778945e-03 0.000000000000000000e+00
7.976161635776948255e-01 1.997160728781955386e-01 1.025217154178897516e-17 7.260029724708983502e-16 2.667763544108778945e-03 0.000000000000000000e+00
7.976161635776948255e-01 1.997160728781955386e-01 1.025217154178897516e-17 7.260029724708983502e-16 2.667763544108778945e-03 0.000000000000000000e+00
7.976161635776948255e-01 1.997160728781955386e-01 1.025217154178897516e-17 7.260029724708983502e-16 2.667763544108778945e-03 0.000000000000000000e+00
7.976161635776948255e-01 1.997160728781955386e-01 1.025217154178897516e-17 7.260029724708983502e-16 2.667763544108778945e-03 0.000000000000000000e+00
7.976161635776948255e-01 1.997160728781955386e-01 1.025217154178897516e-17 7.260029724708983502e-16 2.667763544108778945e-03 0.000000000000000000e+00
7.976161635776948255e-01 1.997160728781955386e-01 1.025217154178897516e-17 7.260029724708983502e-16 2.667763544108778945e-03 0.000000000000000000e+00
7.976161635776948255e-01 1.997160728781955386e-01 1.025217154178897516e-17 7.260029724708983502e-16 2.667763544108778945e-03 0.000000000000000000e+00
7.976161635776948255e-01 1.997160728781955386e-01 1.025217154178897516e-17 7.260029724708983502e-16 2.667763544108778945e-03 0.000000000000000000e+00
7.976161635776948255e-01 1.997160728781955386e-01 1.025217154178897516e-17 7.260029724708983502e-16 2.667763544108778945e-03 0.000000000000000000e+00
7.976161635776948255e-01 1.997160728781955386e-01 1.025217154178897516e-17 7.260029724708983502e-16 2.667763544108778945e-03 0.000000000000000000e+00
7.976161635776948255e-01 1.997160728781955386e-01 1.025217154178897516e-17 7.260029724708983502e-16 2.667763544108778945e-03 0.000000000000000000e+00
7.976161635776948255e-01 1.997160728781955386e-01 1.025217154178897516e-17 7.260029724708983502e-16 2.667763544108778945e-03 0.000000000000000000e+00
7.976161635776948255e-01 1.997160728781955386e-01 1.025217154178897516e-17 7.260029724708983502e-16 2.667763544108778945e-03 0.000000000000000000e+00
7.976161635776948255e-01 1.997160728781955386e-01 1.025217154178897516e-17 7.260029724708983502e-16 2.667763544108778945e-03 0.000000000000000000e+00
7.976161635776948255e-01 1.997160728781955386e-01 1.025217154178897516e-17 7.260029724708983502e-16 2.667763544108778945e-03 0.000000000000000000e+00
7.976161635776948255e-01 1.997160728781955386e-01 1.025217154178897516e-17 7.260029724708983502e-16 2.667763544108778945e-03 0.000000000000000000e+00
7.976161635776948255e-01 1.997160728781955386e-01 1.025217154178897516e-17 7.260029724708983502e-16 2.667763544108778945e-03 0.000000000000000000e+00
7.976161635776948255e-01 1.997160728781955386e-01 1.025217154178897516e-17 7.260029724708983502e-16 2.667763544108778945e-03 0.000000000000000000e+00
7.976161635776948255e-01 1.997160728781955386e-01 1.025217154178897516e-17 7.260029724708983502e-16 2.667763544108778945e-03 0.000000000000000000e+00
7.976161635776948255e-01 1.997160728781955386e-01 1.025217154178897516e-17 7.260029724708983502e-16 2.667763544108778945e-03 0.000000000000000000e+00
7.976161635776948255e-01 1.997160728781955386e-01 1.025217154178897516e-17 7.260029724708983502e-16 2.667763544108778945e-03 0.000000000000000000e+00
7.976161635776948255e-01 1.997160728781955386e-01 1.025217154178897516e-17 7.260029724708983502e-16 2.667763544108778945e-03 0.000000000000000000e+00
7.976161635776948255e-01 1.997160728781955386e-01 1.025217154178897516e-17 7.260029724708983502e-16 2.667763544108778945e-03 0.000000000000000000e+00
7.976161635776948255e-01 1.997160728781955386e-01 1.025217154178897516e-17 7.260029724708983502e-16 2.667763544108778945e-03 0.000000000000000000e+00
7.976161635776948255e-01 1.997160728781955386e-01 1.025217154178897516e-17 7.260029724708983502e-16 2.667763544108778945e-03 0.000000000000000000e+00
7.976161635776948255e-01 1.997160728781955386e-01 1.025217154178897516e-17 7.260029724708983502e-16 2.667763544108778945e-03 0.000000000000000000e+00
7.976161635776948255e-01 1.997160728781955386e-01 1.025217154178897516e-17 7.260029724708983502e-16 2.667763544108778945e-03 0.000000000000000000e+00
7.976161635776948255e-01 1.997160728781955386e-01 1.025217154178897516e-17 7.260029724708983502e-16 2.667763544108778945e-03 0.000000000000000000e+00
7.976161635776948255e-01 1.997160728781955386e-01 1.025217154178897516e-17 7.260029724708983502e-16 2.667763544108778945e-03 0.000000000000000000e+00
7.976161635776948255e-01 1.997160728781955386e-01 1.025217154178897516e-17 7.260029724708983502e-16 2.667763544108778945e-03 0.000000000000000000e+00
7.976161635776948255e-01 1.997160728781955386e-01 1.025217154178897516e-17 7.260029724708983502e-16 2.667763544108778945e-03 0.000000000000000000e+00
7.976161635776948255e-01 1.997160728781955386e-01 1.025217154178897516e-17 7.260029724708983502e-16 2.667763544108778945e-03 0.000000000000000000e+00
7.976161635776948255e-01 1.997160728781955386e-01 1.025217154178897516e-17 7.260029724708983502e-16 2.667763544108778945e-03 0.000000000000000000e+00
7.976161635776948255e-01 1.997160728781955386e-01 1.025217154178897516e-17 7.260029724708983502e-16 2.667763544108778945e-03 0.000000000000000000e+00
7.976161635776948255e-01 1.997160728781955386e-01 1.025217154178897516e-17 7.260029724708983502e-16 2.667763544108778945e-03 0.000000000000000000e+00
7.976161635776948255e-01 1.997160728781955386e-01 1.025217154178897516e-17 7.260029724708983502e-16 2.667763544108778945e-03 0.000000000000000000e+00
7.976161635776948255e-01 1.997160728781955386e-01 1.025217154178897516e-17 7.260029724708983502e-16 2.667763544108778945e-03 0.000000000000000000e+00
7.976161635776948255e-01 1.997160728781955386e-01 1.025217154178897516e-17 7.260029724708983502e-16 2.667763544108778945e-03 0.000000000000000000e+00
7.976161635776948255e-01 1.997160728781955386e-01 1.025217154178897516e-17 7.260029724708983502e-16 2.667763544108778945e-03 0.000000000000000000e+00
7.976161635776948255e-01 1.997160728781955386e-01 1.025217154178897516e-17 7.260029724708983502e-16 2.667763544108778945e-03 0.000000000000000000e+00
7.976161635776948255e-01 1.997160728781955386e-01 1.025217154178897516e-17 7.260029724708983502e-16 2.667763544108778945e-03 0.000000000000000000e+00
7.976161635776948255e-01 1.997160728781955386e-01 1.025217154178897516e-17 7.260029724708983502e-16 2.667763544108778945e-03 0.000000000000000000e+00
7.976161635776948255e-01 1.997160728781955386e-01 1.025217154178897516e-17 7.260029724708983502e-16 2.667763544108778945e-03 0.000000000000000000e+00
7.976161635776948255e-01 1.997160728781955386e-01 1.025217154178897516e-17 7.260029724708983502e-16 2.667763544108778945e-03 0.000000000000000000e+00
7.976161635776948255e-01 1.997160728781955386e-01 1.025217154178897516e-17 7.260029724708983502e-16 2.667763544108778945e-03 0.000000000000000000e+00
7.976161635776948255e-01 1.997160728781955386e-01 1.025217154178897516e-17 7.260029724708983502e-16 2.667763544108778945e-03 0.000000000000000000e+00
7.976161635776948255e-01 1.997160728781955386e-01 1.025217154178897516e-17 7.260029724708983502e-16 2.667763544108778945e-03 0.000000000000000000e+00
7.976161635776948255e-01 1.997160728781955386e-01 1.025217154178897516e-17 7.260029724708983502e-16 2.667763544108778945e-03 0.000000000000000000e+00
7.976161635776948255e-01 1.997160728781955386e-01 1.025217154178897516e-17 7.260029724708983502e-16 2.667763544108778945e-03 0.000000000000000000e+00
7.976161635776948255e-01 1.997160728781955386e-01 1.025217154178897516e-17 7.260029724708983502e-16 2.667763544108778945e-03 0.000000000000000000e+00
7.976161635776948255e-01 1.997160728781955386e-01 1.025217154178897516e-17 7.260029724708983502e-16 2.667763544108778945e-03 0.000000000000000000e+00
7.976161635776948255e-01 1.997160728781955386e-01 1.025217154178897516e-17 7.260029724708983502e-16 2.667763544108778945e-03 0.000000000000000000e+00
7.976161635776948255e-01 1.997160728781955386e-01 1.025217154178897516e-17 7.260029724708983502e-16 2.667763544108778945e-03 0.000000000000000000e+00
7.976161635776948255e-01 1.997160728781955386e-01 1.025217154178897516e-17 7.260029724708983502e-16 2.667763544108778945e-03 0.000000000000000000e+00
7.976161635776948255e-01 1.997160728781955386e-01 1.025217154178897516e-17 7.260029724708983502e-16 2.667763544108778945e-03 0.000000000000000000e+00
7.976161635776948255e-01 1.997160728781955386e-01 1.025217154178897516e-17 7.260029724708983502e-16 2.667763544108778945e-03 0.000000000000000000e+00
7.976161635776948255e-01 1.997160728781955386e-01 1.025217154178897516e-17 7.260029724708983502e-16 2.667763544108778945e-03 0.000000000000000000e+00
7.976161635776948255e-01 1.997160728781955386e-01 1.025217154178897516e-17 7.260029724708983502e-16 2.667763544108778945e-03 0.000000000000000000e+00
7.976161635776948255e-01 1.997160728781955386e-01 1.025217154178897516e-17 7.260029724708983502e-16 2.667763544108778945e-03 0.000000000000000000e+00
7.976161635776948255e-01 1.997160728781955386e-01 1.025217154178897516e-17 7.260029724708983502e-16 2.667763544108778945e-03 0.000000000000000000e+00
7.976161635776948255e-01 1.997160728781955386e-01 1.025217154178897516e-17 7.260029724708983502e-16 2.667763544108778945e-03 0.000000000000000000e+00
7.976161635776948255e-01 1.997160728781955386e-01 1.025217154178897516e-17 7.260029724708983502e-16 2.667763544108778945e-03 0.000000000000000000e+00
7.976161635776948255e-01 1.997160728781955386e-01 1.025217154178897516e-17 7.260029724708983502e-16 2.667763544108778945e-03 0.000000000000000000e+00
7.976161635776948255e-01 1.997160728781955386e-01 1.025217154178897516e-17 7.260029724708983502e-16 2.667763544108778945e-03 0.000000000000000000e+00
7.976161635776948255e-01 1.997160728781955386e-01 1.025217154178897516e-17 7.260029724708983502e-16 2.667763544108778945e-03 0.000000000000000000e+00
7.976161635776948255e-01 1.997160728781955386e-01 1.025217154178897516e-17 7.260029724708983502e-16 2.667763544108778945e-03 0.000000000000000000e+00
7.976161635776948255e-01 1.997160728781955386e-01 1.025217154178897516e-17 7.260029724708983502e-16 2.667763544108778945e-03 0.000000000000000000e+00
7.976161635776948255e-01 1.997160728781955386e-01 1.025217154178897516e-17 7.260029724708983502e-16 2.667763544108778945e-03 0.000000000000000000e+00
7.976161635776948255e-01 1.997160728781955386e-01 1.025217154178897516e-17 7.260029724708983502e-16 2.667763544108778945e-03 0.000000000000000000e+00
7.976161635776948255e-01 1.997160728781955386e-01 1.025217154178897516e-17 7.260029724708983502e-16 2.667763544108778945e-03 0.000000000000000000e+00
7.976161635776948255e-01 1.997160728781955386e-01 1.025217154178897516e-17 7.260029724708983502e-16 2.667763544108778945e-03 0.000000000000000000e+00
7.976161635776948255e-01 1.997160728781955386e-01 1.025217154178897516e-17 7.260029724708983502e-16 2.667763544108778945e-03 0.000000000000000000e+00
7.976161635776948255e-01 1.997160728781955386e-01 1.025217154178897516e-17 7.260029724708983502e-16 2.667763544108778945e-03 0.000000000000000000e+00
7.976161635776948255e-01 1.997160728781955386e-01 1.025217154178897516e-17 7.260029724708983502e-16 2.667763544108778945e-03 0.000000000000000000e+00
7.976161635776948255e-01 1.997160728781955386e-01 1.025217154178897516e-17 7.260029724708983502e-16 2.667763544108778945e-03 0.000000000000000000e+00
7.976161635776948255e-01 1.997160728781955386e-01 1.025217154178897516e-17 7.260029724708983502e-16 2.667763544108778945e-03 0.000000000000000000e+00
7.976161635776948255e-01 1.997160728781955386e-01 1.025217154178897516e-17 7.260029724708983502e-16 2.667763544108778945e-03 0.000000000000000000e+00
7.976161635776948255e-01 1.997160728781955386e-01 1.025217154178897516e-17 7.260029724708983502e-16 2.667763544108778945e-03 0.000000000000000000e+00
7.976161635776948255e-01 1.997160728781955386e-01 1.025217154178897516e-17 7.260029724708983502e-16 2.667763544108778945e-03 0.000000000000000000e+00
7.976161635776948255e-01 1.997160728781955386e-01 1.025217154178897516e-17 7.260029724708983502e-16 2.667763544108778945e-03 0.000000000000000000e+00
7.976161635776948255e-01 1.997160728781955386e-01 1.025217154178897516e-17 7.260029724708983502e-16 2.667763544108778945e-03 0.000000000000000000e+00
7.976161635776948255e-01 1.997160728781955386e-01 1.025217154178897516e-17 7.260029724708983502e-16 2.667763544108778945e-03 0.000000000000000000e+00
7.976161635776948255e-01 1.997160728781955386e-01 1.025217154178897516e-17 7.260029724708983502e-16 2.667763544108778945e-03 0.000000000000000000e+00
7.976161635776948255e-01 1.997160728781955386e-01 1.025217154178897516e-17 7.260029724708983502e-16 2.667763544108778945e-03 0.000000000000000000e+00
7.976161635776948255e-01 1.997160728781955386e-01 1.025217154178897516e-17 7.260029724708983502e-16 2.667763544108778945e-03 0.000000000000000000e+00
7.976161635776948255e-01 1.997160728781955386e-01 1.025217154178897516e-17 7.260029724708983502e-16 2.667763544108778945e-03 0.000000000000000000e+00
7.976161635776948255e-01 1.997160728781955386e-01 1.025217154178897516e-17 7.260029724708983502e-16 2.667763544108778945e-03 0.000000000000000000e+00
7.976161635776948255e-01 1.997160728781955386e-01 1.025217154178897516e-17 7.260029724708983502e-16 2.667763544108778945e-03 0.000000000000000000e+00
7.976161635776948255e-01 1.997160728781955386e-01 1.025217154178897516e-17 7.260029724708983502e-16 2.667763544108778945e-03 0.000000000000000000e+00
7.976161635776948255e-01 1.997160728781955386e-01 1.025217154178897516e-17 7.260029724708983502e-16 2.667763544108778945e-03 0.000000000000000000e+00
7.976161635776948255e-01 1.997160728781955386e-01 1.025217154178897516e-17 7.260029724708983502e-16 2.667763544108778945e-03 0.000000000000000000e+00
7.976161635776948255e-01 1.997160728781955386e-01 1.025217154178897516e-17 7.260029724708983502e-16 2.667763544108778945e-03 0.000000000000000000e+00
7.976161635776948255e-01 1.997160728781955386e-01 1.025217154178897516e-17 7.260029724708983502e-16 2.667763544108778945e-03 0.000000000000000000e+00
7.976161635776948255e-01 1.997160728781955386e-01 1.025217154178897516e-17 7.260029724708983502e-16 2.667763544108778945e-03 0.000000000000000000e+00
7.976161635776948255e-01 1.997160728781955386e-01 1.025217154178897516e-17 7.260029724708983502e-16 2.667763544108778945e-03 0.000000000000000000e+00
7.976161635776948255e-01 1.997160728781955386e-01 1.025217154178897516e-17 7.260029724708983502e-16 2.667763544108778945e-03 0.000000000000000000e+00
7.976161635776948255e-01 1.997160728781955386e-01 1.025217154178897516e-17 7.260029724708983502e-16 2.667763544108778945e-03 0.000000000000000000e+00
7.976161635776948255e-01 1.997160728781955386e-01 1.025217154178897516e-17 7.260029724708983502e-16 2.667763544108778945e-03 0.000000000000000000e+00
7.976161635776948255e-01 1.997160728781955386e-01 1.025217154178897516e-17 7.260029724708983502e-16 2.667763544108778945e-03 0.000000000000000000e+00
7.976161635776948255e-01 1.997160728781955386e-01 1.025217154178897516e-17 7.260029724708983502e-16 2.667763544108778945e-03 0.000000000000000000e+00
7.976161635776948255e-01 1.997160728781955386e-01 1.025217154178897516e-17 7.260029724708983502e-16 2.667763544108778945e-03 0.000000000000000000e+00
7.976161635776948255e-01 1.997160728781955386e-01 1.025217154178897516e-17 7.260029724708983502e-16 2.667763544108778945e-03 0.000000000000000000e+00
7.976161635776948255e-01 1.997160728781955386e-01 1.025217154178897516e-17 7.260029724708983502e-16 2.667763544108778945e-03 0.000000000000000000e+00
7.976161635776948255e-01 1.997160728781955386e-01 1.025217154178897516e-17 7.260029724708983502e-16 2.667763544108778945e-03 0.000000000000000000e+00
7.976161635776948255e-01 1.997160728781955386e-01 1.025217154178897516e-17 7.260029724708983502e-16 2.667763544108778945e-03 0.000000000000000000e+00
7.976161635776948255e-01 1.997160728781955386e-01 1.025217154178897516e-17 7.260029724708983502e-16 2.667763544108778945e-03 0.000000000000000000e+00
7.976161635776948255e-01 1.997160728781955386e-01 1.025217154178897516e-17 7.260029724708983502e-16 2.667763544108778945e-03 0.000000000000000000e+00
7.976161635776948255e-01 1.997160728781955386e-01 1.025217154178897516e-17 7.260029724708983502e-16 2.667763544108778945e-03 0.000000000000000000e+00
7.976161635776948255e-01 1.997160728781955386e-01 1.025217154178897516e-17 7.260029724708983502e-16 2.667763544108778945e-03 0.000000000000000000e+00
7.976161635776948255e-01 1.997160728781955386e-01 1.025217154178897516e-17 7.260029724708983502e-16 2.667763544108778945e-03 0.000000000000000000e+00
7.976161635776948255e-01 1.997160728781955386e-01 1.025217154178897516e-17 7.260029724708983502e-16 2.667763544108778945e-03 0.000000000000000000e+00
7.976161635776948255e-01 1.997160728781955386e-01 1.025217154178897516e-17 7.260029724708983502e-16 2.667763544108778945e-03 0.000000000000000000e+00
7.976161635776948255e-01 1.997160728781955386e-01 1.025217154178897516e-17 7.260029724708983502e-16 2.667763544108778945e-03 0.000000000000000000e+00
7.976161635776948255e-01 1.997160728781955386e-01 1.025217154178897516e-17 7.260029724708983502e-16 2.667763544108778945e-03 0.000000000000000000e+00
7.976161635776948255e-01 1.997160728781955386e-01 1.025217154178897516e-17 7.260029724708983502e-16 2.667763544108778945e-03 0.000000000000000000e+00
7.976161635776948255e-01 1.997160728781955386e-01 1.025217154178897516e-17 7.260029724708983502e-16 2.667763544108778945e-03 0.000000000000000000e+00
7.976161635776948255e-01 1.997160728781955386e-01 1.025217154178897516e-17 7.260029724708983502e-16 2.667763544108778945e-03 0.000000000000000000e+00
7.976161635776948255e-01 1.997160728781955386e-01 1.025217154178897516e-17 7.260029724708983502e-16 2.667763544108778945e-03 0.000000000000000000e+00
7.976161635776948255e-01 1.997160728781955386e-01 1.025217154178897516e-17 7.260029724708983502e-16 2.667763544108778945e-03 0.000000000000000000e+00
7.976161635776948255e-01 1.997160728781955386e-01 1.025217154178897516e-17 7.260029724708983502e-16 2.667763544108778945e-03 0.000000000000000000e+00
7.976161635776948255e-01 1.997160728781955386e-01 1.025217154178897516e-17 7.260029724708983502e-16 2.667763544108778945e-03 0.000000000000000000e+00
7.976161635776948255e-01 1.997160728781955386e-01 1.025217154178897516e-17 7.260029724708983502e-16 2.667763544108778945e-03 0.000000000000000000e+00
7.976161635776948255e-01 1.997160728781955386e-01 1.025217154178897516e-17 7.260029724708983502e-16 2.667763544108778945e-03 0.000000000000000000e+00
7.976161635776948255e-01 1.997160728781955386e-01 1.025217154178897516e-17 7.260029724708983502e-16 2.667763544108778945e-03 0.000000000000000000e+00
7.976161635776948255e-01 1.997160728781955386e-01 1.025217154178897516e-17 7.260029724708983502e-16 2.667763544108778945e-03 0.000000000000000000e+00
7.976161635776948255e-01 1.997160728781955386e-01 1.025217154178897516e-17 7.260029724708983502e-16 2.667763544108778945e-03 0.000000000000000000e+00
7.976161635776948255e-01 1.997160728781955386e-01 1.025217154178897516e-17 7.260029724708983502e-16 2.667763544108778945e-03 0.000000000000000000e+00
7.976161635776948255e-01 1.997160728781955386e-01 1.025217154178897516e-17 7.260029724708983502e-16 2.667763544108778945e-03 0.000000000000000000e+00
7.976161635776948255e-01 1.997160728781955386e-01 1.025217154178897516e-17 7.260029724708983502e-16 2.667763544108778945e-03 0.000000000000000000e+00
7.976161635776948255e-01 1.997160728781955386e-01 1.025217154178897516e-17 7.260029724708983502e-16 2.667763544108778945e-03 0.000000000000000000e+00
7.976161635776948255e-01 1.997160728781955386e-01 1.025217154178897516e-17 7.260029724708983502e-16 2.667763544108778945e-03 0.000000000000000000e+00
7.976161635776948255e-01 1.997160728781955386e-01 1.025217154178897516e-17 7.260029724708983502e-16 2.667763544108778945e-03 0.000000000000000000e+00
7.976161635776948255e-01 1.997160728781955386e-01 1.025217154178897516e-17 7.260029724708983502e-16 2.667763544108778945e-03 0.000000000000000000e+00
7.976161635776948255e-01 1.997160728781955386e-01 1.025217154178897516e-17 7.260029724708983502e-16 2.667763544108778945e-03 0.000000000000000000e+00
7.976161635776948255e-01 1.997160728781955386e-01 1.025217154178897516e-17 7.260029724708983502e-16 2.667763544108778945e-03 0.000000000000000000e+00
7.976161635776948255e-01 1.997160728781955386e-01 1.025217154178897516e-17 7.260029724708983502e-16 2.667763544108778945e-03 0.000000000000000000e+00
7.976161635776948255e-01 1.997160728781955386e-01 1.025217154178897516e-17 7.260029724708983502e-16 2.667763544108778945e-03 0.000000000000000000e+00
7.976161635776948255e-01 1.997160728781955386e-01 1.025217154178897516e-17 7.260029724708983502e-16 2.667763544108778945e-03 0.000000000000000000e+00
7.976161635776948255e-01 1.997160728781955386e-01 1.025217154178897516e-17 7.260029724708983502e-16 2.667763544108778945e-03 0.000000000000000000e+00
7.976161635776948255e-01 1.997160728781955386e-01 1.025217154178897516e-17 7.260029724708983502e-16 2.667763544108778945e-03 0.000000000000000000e+00
7.976161635776948255e-01 1.997160728781955386e-01 1.025217154178897516e-17 7.260029724708983502e-16 2.667763544108778945e-03 0.000000000000000000e+00
7.976161635776948255e-01 1.997160728781955386e-01 1.025217154178897516e-17 7.260029724708983502e-16 2.667763544108778945e-03 0.000000000000000000e+00
7.976161635776948255e-01 1.997160728781955386e-01 1.025217154178897516e-17 7.260029724708983502e-16 2.667763544108778945e-03 0.000000000000000000e+00
7.976161635776948255e-01 1.997160728781955386e-01 1.025217154178897516e-17 7.260029724708983502e-16 2.667763544108778945e-03 0.000000000000000000e+00
7.976161635776948255e-01 1.997160728781955386e-01 1.025217154178897516e-17 7.260029724708983502e-16 2.667763544108778945e-03 0.000000000000000000e+00
7.976161635776948255e-01 1.997160728781955386e-01 1.025217154178897516e-17 7.260029724708983502e-16 2.667763544108778945e-03 0.000000000000000000e+00
7.976161635776948255e-01 1.997160728781955386e-01 1.025217154178897516e-17 7.260029724708983502e-16 2.667763544108778945e-03 0.000000000000000000e+00
7.976161635776948255e-01 1.997160728781955386e-01 1.025217154178897516e-17 7.260029724708983502e-16 2.667763544108778945e-03 0.000000000000000000e+00
7.976161635776948255e-01 1.997160728781955386e-01 1.025217154178897516e-17 7.260029724708983502e-16 2.667763544108778945e-03 0.000000000000000000e+00
7.976161635776948255e-01 1.997160728781955386e-01 1.025217154178897516e-17 7.260029724708983502e-16 2.667763544108778945e-03 0.000000000000000000e+00
7.976161635776948255e-01 1.997160728781955386e-01 1.025217154178897516e-17 7.260029724708983502e-16 2.667763544108778945e-03 0.000000000000000000e+00
7.976161635776948255e-01 1.997160728781955386e-01 1.025217154178897516e-17 7.260029724708983502e-16 2.667763544108778945e-03 0.000000000000000000e+00
7.976161635776948255e-01 1.997160728781955386e-01 1.025217154178897516e-17 7.260029724708983502e-16 2.667763544108778945e-03 0.000000000000000000e+00
7.976161635776948255e-01 1.997160728781955386e-01 1.025217154178897516e-17 7.260029724708983502e-16 2.667763544108778945e-03 0.000000000000000000e+00
7.976161635776948255e-01 1.997160728781955386e-01 1.025217154178897516e-17 7.260029724708983502e-16 2.667763544108778945e-03 0.000000000000000000e+00
7.976161635776948255e-01 1.997160728781955386e-01 1.025217154178897516e-17 7.260029724708983502e-16 2.667763544108778945e-03 0.000000000000000000e+00
7.976161635776948255e-01 1.997160728781955386e-01 1.025217154178897516e-17 7.260029724708983502e-16 2.667763544108778945e-03 0.000000000000000000e+00
7.976161635776948255e-01 1.997160728781955386e-01 1.025217154178897516e-17 7.260029724708983502e-16 2.667763544108778945e-03 0.000000000000000000e+00
7.976161635776948255e-01 1.997160728781955386e-01 1.025217154178897516e-17 7.260029724708983502e-16 2.667763544108778945e-03 0.000000000000000000e+00
7.976161635776948255e-01 1.997160728781955386e-01 1.025217154178897516e-17 7.260029724708983502e-16 2.667763544108778945e-03 0.000000000000000000e+00
7.976161635776948255e-01 1.997160728781955386e-01 1.025217154178897516e-17 7.260029724708983502e-16 2.667763544108778945e-03 0.000000000000000000e+00
7.976161635776948255e-01 1.997160728781955386e-01 1.025217154178897516e-17 7.260029724708983502e-16 2.667763544108778945e-03 0.000000000000000000e+00
7.976161635776948255e-01 1.997160728781955386e-01 1.025217154178897516e-17 7.260029724708983502e-16 2.667763544108778945e-03 0.000000000000000000e+00
7.976161635776948255e-01 1.997160728781955386e-01 1.025217154178897516e-17 7.260029724708983502e-16 2.667763544108778945e-03 0.000000000000000000e+00
7.976161635776948255e-01 1.997160728781955386e-01 1.025217154178897516e-17 7.260029724708983502e-16 2.667763544108778945e-03 0.000000000000000000e+00
7.976161635776948255e-01 1.997160728781955386e-01 1.025217154178897516e-17 7.260029724708983502e-16 2.667763544108778945e-03 0.000000000000000000e+00
7.976161635776948255e-01 1.997160728781955386e-01 1.025217154178897516e-17 7.260029724708983502e-16 2.667763544108778945e-03 0.000000000000000000e+00
7.976161635776948255e-01 1.997160728781955386e-01 1.025217154178897516e-17 7.260029724708983502e-16 2.667763544108778945e-03 0.000000000000000000e+00
7.976161635776948255e-01 1.997160728781955386e-01 1.025217154178897516e-17 7.260029724708983502e-16 2.667763544108778945e-03 0.000000000000000000e+00
7.976161635776948255e-01 1.997160728781955386e-01 1.025217154178897516e-17 7.260029724708983502e-16 2.667763544108778945e-03 0.000000000000000000e+00
7.976161635776948255e-01 1.997160728781955386e-01 1.025217154178897516e-17 7.260029724708983502e-16 2.667763544108778945e-03 0.000000000000000000e+00
7.976161635776948255e-01 1.997160728781955386e-01 1.025217154178897516e-17 7.260029724708983502e-16 2.667763544108778945e-03 0.000000000000000000e+00
7.976161635776948255e-01 1.997160728781955386e-01 1.025217154178897516e-17 7.260029724708983502e-16 2.667763544108778945e-03 0.000000000000000000e+00
7.976161635776948255e-01 1.997160728781955386e-01 1.025217154178897516e-17 7.260029724708983502e-16 2.667763544108778945e-03 0.000000000000000000e+00
7.976161635776948255e-01 1.997160728781955386e-01 1.025217154178897516e-17 7.260029724708983502e-16 2.667763544108778945e-03 0.000000000000000000e+00
7.976161635776948255e-01 1.997160728781955386e-01 1.025217154178897516e-17 7.260029724708983502e-16 2.667763544108778945e-03 0.000000000000000000e+00
7.976161635776948255e-01 1.997160728781955386e-01 1.025217154178897516e-17 7.260029724708983502e-16 2.667763544108778945e-03 0.000000000000000000e+00
7.976161635776948255e-01 1.997160728781955386e-01 1.025217154178897516e-17 7.260029724708983502e-16 2.667763544108778945e-03 0.000000000000000000e+00
7.976161635776948255e-01 1.997160728781955386e-01 1.025217154178897516e-17 7.260029724708983502e-16 2.667763544108778945e-03 0.000000000000000000e+00
7.976161635776948255e-01 1.997160728781955386e-01 1.025217154178897516e-17 7.260029724708983502e-16 2.667763544108778945e-03 0.000000000000000000e+00
7.976161635776948255e-01 1.997160728781955386e-01 1.025217154178897516e-17 7.260029724708983502e-16 2.667763544108778945e-03 0.000000000000000000e+00
7.976161635776948255e-01 1.997160728781955386e-01 1.025217154178897516e-17 7.260029724708983502e-16 2.667763544108778945e-03 0.000000000000000000e+00
7.976161635776948255e-01 1.997160728781955386e-01 1.025217154178897516e-17 7.260029724708983502e-16 2.667763544108778945e-03 0.000000000000000000e+00
7.976161635776948255e-01 1.997160728781955386e-01 1.025217154178897516e-17 7.260029724708983502e-16 2.667763544108778945e-03 0.000000000000000000e+00
7.976161635776948255e-01 1.997160728781955386e-01 1.025217154178897516e-17 7.260029724708983502e-16 2.667763544108778945e-03 0.000000000000000000e+00
7.976161635776948255e-01 1.997160728781955386e-01 1.025217154178897516e-17 7.260029724708983502e-16 2.667763544108778945e-03 0.000000000000000000e+00
7.976161635776948255e-01 1.997160728781955386e-01 1.025217154178897516e-17 7.260029724708983502e-16 2.667763544108778945e-03 0.000000000000000000e+00
7.976161635776948255e-01 1.997160728781955386e-01 1.025217154178897516e-17 7.260029724708983502e-16 2.667763544108778945e-03 0.000000000000000000e+00
7.976161635776948255e-01 1.997160728781955386e-01 1.025217154178897516e-17 7.260029724708983502e-16 2.667763544108778945e-03 0.000000000000000000e+00
7.976161635776948255e-01 1.997160728781955386e-01 1.025217154178897516e-17 7.260029724708983502e-16 2.667763544108778945e-03 0.000000000000000000e+00
7.976161635776948255e-01 1.997160728781955386e-01 1.025217154178897516e-17 7.260029724708983502e-16 2.667763544108778945e-03 0.000000000000000000e+00
7.976161635776948255e-01 1.997160728781955386e-01 1.025217154178897516e-17 7.260029724708983502e-16 2.667763544108778945e-03 0.000000000000000000e+00
7.976161635776948255e-01 1.997160728781955386e-01 1.025217154178897516e-17 7.260029724708983502e-16 2.667763544108778945e-03 0.000000000000000000e+00
7.976161635776948255e-01 1.997160728781955386e-01 1.025217154178897516e-17 7.260029724708983502e-16 2.667763544108778945e-03 0.000000000000000000e+00
7.976161635776948255e-01 1.997160728781955386e-01 1.025217154178897516e-17 7.260029724708983502e-16 2.667763544108778945e-03 0.000000000000000000e+00
7.976161635776948255e-01 1.997160728781955386e-01 1.025217154178897516e-17 7.260029724708983502e-16 2.667763544108778945e-03 0.000000000000000000e+00
7.976161635776948255e-01 1.997160728781955386e-01 1.025217154178897516e-17 7.260029724708983502e-16 2.667763544108778945e-03 0.000000000000000000e+00
7.976161635776948255e-01 1.997160728781955386e-01 1.025217154178897516e-17 7.260029724708983502e-16 2.667763544108778945e-03 0.000000000000000000e+00
7.976161635776948255e-01 1.997160728781955386e-01 1.025217154178897516e-17 7.260029724708983502e-16 2.667763544108778945e-03 0.000000000000000000e+00
7.976161635776948255e-01 1.997160728781955386e-01 1.025217154178897516e-17 7.260029724708983502e-16 2.667763544108778945e-03 0.000000000000000000e+00
7.976161635776948255e-01 1.997160728781955386e-01 1.025217154178897516e-17 7.260029724708983502e-16 2.667763544108778945e-03 0.000000000000000000e+00
7.976161635776948255e-01 1.997160728781955386e-01 1.025217154178897516e-17 7.260029724708983502e-16 2.667763544108778945e-03 0.000000000000000000e+00
7.976161635776948255e-01 1.997160728781955386e-01 1.025217154178897516e-17 7.260029724708983502e-16 2.667763544108778945e-03 0.000000000000000000e+00
7.976161635776948255e-01 1.997160728781955386e-01 1.025217154178897516e-17 7.260029724708983502e-16 2.667763544108778945e-03 0.000000000000000000e+00
7.976161635776948255e-01 1.997160728781955386e-01 1.025217154178897516e-17 7.260029724708983502e-16 2.667763544108778945e-03 0.000000000000000000e+00
7.976161635776948255e-01 1.997160728781955386e-01 1.025217154178897516e-17 7.260029724708983502e-16 2.667763544108778945e-03 0.000000000000000000e+00
7.976161635776948255e-01 1.997160728781955386e-01 1.025217154178897516e-17 7.260029724708983502e-16 2.667763544108778945e-03 0.000000000000000000e+00
7.976161635776948255e-01 1.997160728781955386e-01 1.025217154178897516e-17 7.260029724708983502e-16 2.667763544108778945e-03 0.000000000000000000e+00
7.976161635776948255e-01 1.997160728781955386e-01 1.025217154178897516e-17 7.260029724708983502e-16 2.667763544108778945e-03 0.000000000000000000e+00
7.976161635776948255e-01 1.997160728781955386e-01 1.025217154178897516e-17 7.260029724708983502e-16 2.667763544108778945e-03 0.000000000000000000e+00
7.976161635776948255e-01 1.997160728781955386e-01 1.025217154178897516e-17 7.260029724708983502e-16 2.667763544108778945e-03 0.000000000000000000e+00
7.976161635776948255e-01 1.997160728781955386e-01 1.025217154178897516e-17 7.260029724708983502e-16 2.667763544108778945e-03 0.000000000000000000e+00
7.976161635776948255e-01 1.997160728781955386e-01 1.025217154178897516e-17 7.260029724708983502e-16 2.667763544108778945e-03 0.000000000000000000e+00
7.976161635776948255e-01 1.997160728781955386e-01 1.025217154178897516e-17 7.260029724708983502e-16 2.667763544108778945e-03 0.000000000000000000e+00
7.976161635776948255e-01 1.997160728781955386e-01 1.025217154178897516e-17 7.260029724708983502e-16 2.667763544108778945e-03 0.000000000000000000e+00
7.976161635776948255e-01 1.997160728781955386e-01 1.025217154178897516e-17 7.260029724708983502e-16 2.667763544108778945e-03 0.000000000000000000e+00
7.976161635776948255e-01 1.997160728781955386e-01 1.025217154178897516e-17 7.260029724708983502e-16 2.667763544108778945e-03 0.000000000000000000e+00
7.976161635776948255e-01 1.997160728781955386e-01 1.025217154178897516e-17 7.260029724708983502e-16 2.667763544108778945e-03 0.000000000000000000e+00
7.976161635776948255e-01 1.997160728781955386e-01 1.025217154178897516e-17 7.260029724708983502e-16 2.667763544108778945e-03 0.000000000000000000e+00
7.976161635776948255e-01 1.997160728781955386e-01 1.025217154178897516e-17 7.260029724708983502e-16 2.667763544108778945e-03 0.000000000000000000e+00
7.976161635776948255e-01 1.997160728781955386e-01 1.025217154178897516e-17 7.260029724708983502e-16 2.667763544108778945e-03 0.000000000000000000e+00
7.976161635776948255e-01 1.997160728781955386e-01 1.025217154178897516e-17 7.260029724708983502e-16 2.667763544108778945e-03 0.000000000000000000e+00
7.976161635776948255e-01 1.997160728781955386e-01 1.025217154178897516e-17 7.260029724708983502e-16 2.667763544108778945e-03 0.000000000000000000e+00
7.976161635776948255e-01 1.997160728781955386e-01 1.025217154178897516e-17 7.260029724708983502e-16 2.667763544108778945e-03 0.000000000000000000e+00
7.976161635776948255e-01 1.997160728781955386e-01 1.025217154178897516e-17 7.260029724708983502e-16 2.667763544108778945e-03 0.000000000000000000e+00
7.976161635776948255e-01 1.997160728781955386e-01 1.025217154178897516e-17 7.260029724708983502e-16 2.667763544108778945e-03 0.000000000000000000e+00
7.976161635776948255e-01 1.997160728781955386e-01 1.025217154178897516e-17 7.260029724708983502e-16 2.667763544108778945e-03 0.000000000000000000e+00
7.976161635776948255e-01 1.997160728781955386e-01 1.025217154178897516e-17 7.260029724708983502e-16 2.667763544108778945e-03 0.000000000000000000e+00
7.976161635776948255e-01 1.997160728781955386e-01 1.025217154178897516e-17 7.260029724708983502e-16 2.667763544108778945e-03 0.000000000000000000e+00
7.976161635776948255e-01 1.997160728781955386e-01 1.025217154178897516e-17 7.260029724708983502e-16 2.667763544108778945e-03 0.000000000000000000e+00
7.976161635776948255e-01 1.997160728781955386e-01 1.025217154178897516e-17 7.260029724708983502e-16 2.667763544108778945e-03 0.000000000000000000e+00
7.976161635776948255e-01 1.997160728781955386e-01 1.025217154178897516e-17 7.260029724708983502e-16 2.667763544108778945e-03 0.000000000000000000e+00
7.976161635776948255e-01 1.997160728781955386e-01 1.025217154178897516e-17 7.260029724708983502e-16 2.667763544108778945e-03 0.000000000000000000e+00
7.976161635776948255e-01 1.997160728781955386e-01 1.025217154178897516e-17 7.260029724708983502e-16 2.667763544108778945e-03 0.000000000000000000e+00
7.976161635776948255e-01 1.997160728781955386e-01 1.025217154178897516e-17 7.260029724708983502e-16 2.667763544108778945e-03 0.000000000000000000e+00
7.976161635776948255e-01 1.997160728781955386e-01 1.025217154178897516e-17 7.260029724708983502e-16 2.667763544108778945e-03 0.000000000000000000e+00
7.976161635776948255e-01 1.997160728781955386e-01 1.025217154178897516e-17 7.260029724708983502e-16 2.667763544108778945e-03 0.000000000000000000e+00
7.976161635776948255e-01 1.997160728781955386e-01 1.025217154178897516e-17 7.260029724708983502e-16 2.667763544108778945e-03 0.000000000000000000e+00
7.976161635776948255e-01 1.997160728781955386e-01 1.025217154178897516e-17 7.260029724708983502e-16 2.667763544108778945e-03 0.000000000000000000e+00
7.976161635776948255e-01 1.997160728781955386e-01 1.025217154178897516e-17 7.260029724708983502e-16 2.667763544108778945e-03 0.000000000000000000e+00
7.976161635776948255e-01 1.997160728781955386e-01 1.025217154178897516e-17 7.260029724708983502e-16 2.667763544108778945e-03 0.000000000000000000e+00
7.976161635776948255e-01 1.997160728781955386e-01 1.025217154178897516e-17 7.260029724708983502e-16 2.667763544108778945e-03 0.000000000000000000e+00
7.976161635776948255e-01 1.997160728781955386e-01 1.025217154178897516e-17 7.260029724708983502e-16 2.667763544108778945e-03 0.000000000000000000e+00
7.976161635776948255e-01 1.997160728781955386e-01 1.025217154178897516e-17 7.260029724708983502e-16 2.667763544108778945e-03 0.000000000000000000e+00
7.976161635776948255e-01 1.997160728781955386e-01 1.025217154178897516e-17 7.260029724708983502e-16 2.667763544108778945e-03 0.000000000000000000e+00
7.976161635776948255e-01 1.997160728781955386e-01 1.025217154178897516e-17 7.260029724708983502e-16 2.667763544108778945e-03 0.000000000000000000e+00
7.976161635776948255e-01 1.997160728781955386e-01 1.025217154178897516e-17 7.260029724708983502e-16 2.667763544108778945e-03 0.000000000000000000e+00
7.976161635776948255e-01 1.997160728781955386e-01 1.025217154178897516e-17 7.260029724708983502e-16 2.667763544108778945e-03 0.000000000000000000e+00
7.976161635776948255e-01 1.997160728781955386e-01 1.025217154178897516e-17 7.260029724708983502e-16 2.667763544108778945e-03 0.000000000000000000e+00
7.976161635776948255e-01 1.997160728781955386e-01 1.025217154178897516e-17 7.260029724708983502e-16 2.667763544108778945e-03 0.000000000000000000e+00
7.976161635776948255e-01 1.997160728781955386e-01 1.025217154178897516e-17 7.260029724708983502e-16 2.667763544108778945e-03 0.000000000000000000e+00
7.976161635776948255e-01 1.997160728781955386e-01 1.025217154178897516e-17 7.260029724708983502e-16 2.667763544108778945e-03 0.000000000000000000e+00
7.976161635776948255e-01 1.997160728781955386e-01 1.025217154178897516e-17 7.260029724708983502e-16 2.667763544108778945e-03 0.000000000000000000e+00
7.976161635776948255e-01 1.997160728781955386e-01 1.025217154178897516e-17 7.260029724708983502e-16 2.667763544108778945e-03 0.000000000000000000e+00
7.976161635776948255e-01 1.997160728781955386e-01 1.025217154178897516e-17 7.260029724708983502e-16 2.667763544108778945e-03 0.000000000000000000e+00
7.976161635776948255e-01 1.997160728781955386e-01 1.025217154178897516e-17 7.260029724708983502e-16 2.667763544108778945e-03 0.000000000000000000e+00
7.976161635776948255e-01 1.997160728781955386e-01 1.025217154178897516e-17 7.260029724708983502e-16 2.667763544108778945e-03 0.000000000000000000e+00
7.976161635776948255e-01 1.997160728781955386e-01 1.025217154178897516e-17 7.260029724708983502e-16 2.667763544108778945e-03 0.000000000000000000e+00
7.976161635776948255e-01 1.997160728781955386e-01 1.025217154178897516e-17 7.260029724708983502e-16 2.667763544108778945e-03 0.000000000000000000e+00
7.976161635776948255e-01 1.997160728781955386e-01 1.025217154178897516e-17 7.260029724708983502e-16 2.667763544108778945e-03 0.000000000000000000e+00
7.976161635776948255e-01 1.997160728781955386e-01 1.025217154178897516e-17 7.260029724708983502e-16 2.667763544108778945e-03 0.000000000000000000e+00
7.976161635776948255e-01 1.997160728781955386e-01 1.025217154178897516e-17 7.260029724708983502e-16 2.667763544108778945e-03 0.000000000000000000e+00
7.976161635776948255e-01 1.997160728781955386e-01 1.025217154178897516e-17 7.260029724708983502e-16 2.667763544108778945e-03 0.000000000000000000e+00
7.976161635776948255e-01 1.997160728781955386e-01 1.025217154178897516e-17 7.260029724708983502e-16 2.667763544108778945e-03 0.000000000000000000e+00
7.976161635776948255e-01 1.997160728781955386e-01 1.025217154178897516e-17 7.260029724708983502e-16 2.667763544108778945e-03 0.000000000000000000e+00
7.976161635776948255e-01 1.997160728781955386e-01 1.025217154178897516e-17 7.260029724708983502e-16 2.667763544108778945e-03 0.000000000000000000e+00
7.976161635776948255e-01 1.997160728781955386e-01 1.025217154178897516e-17 7.260029724708983502e-16 2.667763544108778945e-03 0.000000000000000000e+00
7.976161635776948255e-01 1.997160728781955386e-01 1.025217154178897516e-17 7.260029724708983502e-16 2.667763544108778945e-03 0.000000000000000000e+00
7.976161635776948255e-01 1.997160728781955386e-01 1.025217154178897516e-17 7.260029724708983502e-16 2.667763544108778945e-03 0.000000000000000000e+00
7.976161635776948255e-01 1.997160728781955386e-01 1.025217154178897516e-17 7.260029724708983502e-16 2.667763544108778945e-03 0.000000000000000000e+00
7.976161635776948255e-01 1.997160728781955386e-01 1.025217154178897516e-17 7.260029724708983502e-16 2.667763544108778945e-03 0.000000000000000000e+00
7.976161635776948255e-01 1.997160728781955386e-01 1.025217154178897516e-17 7.260029724708983502e-16 2.667763544108778945e-03 0.000000000000000000e+00
7.976161635776948255e-01 1.997160728781955386e-01 1.025217154178897516e-17 7.260029724708983502e-16 2.667763544108778945e-03 0.000000000000000000e+00
7.976161635776948255e-01 1.997160728781955386e-01 1.025217154178897516e-17 7.260029724708983502e-16 2.667763544108778945e-03 0.000000000000000000e+00
7.976161635776948255e-01 1.997160728781955386e-01 1.025217154178897516e-17 7.260029724708983502e-16 2.667763544108778945e-03 0.000000000000000000e+00
7.976161635776948255e-01 1.997160728781955386e-01 1.025217154178897516e-17 7.260029724708983502e-16 2.667763544108778945e-03 0.000000000000000000e+00
7.976161635776948255e-01 1.997160728781955386e-01 1.025217154178897516e-17 7.260029724708983502e-16 2.667763544108778945e-03 0.000000000000000000e+00
7.976161635776948255e-01 1.997160728781955386e-01 1.025217154178897516e-17 7.260029724708983502e-16 2.667763544108778945e-03 0.000000000000000000e+00
7.976161635776948255e-01 1.997160728781955386e-01 1.025217154178897516e-17 7.260029724708983502e-16 2.667763544108778945e-03 0.000000000000000000e+00
7.976161635776948255e-01 1.997160728781955386e-01 1.025217154178897516e-17 7.260029724708983502e-16 2.667763544108778945e-03 0.000000000000000000e+00
7.976161635776948255e-01 1.997160728781955386e-01 1.025217154178897516e-17 7.260029724708983502e-16 2.667763544108778945e-03 0.000000000000000000e+00
7.976161635776948255e-01 1.997160728781955386e-01 1.025217154178897516e-17 7.260029724708983502e-16 2.667763544108778945e-03 0.000000000000000000e+00
7.976161635776948255e-01 1.997160728781955386e-01 1.025217154178897516e-17 7.260029724708983502e-16 2.667763544108778945e-03 0.000000000000000000e+00
7.976161635776948255e-01 1.997160728781955386e-01 1.025217154178897516e-17 7.260029724708983502e-16 2.667763544108778945e-03 0.000000000000000000e+00
7.976161635776948255e-01 1.997160728781955386e-01 1.025217154178897516e-17 7.260029724708983502e-16 2.667763544108778945e-03 0.000000000000000000e+00
7.976161635776948255e-01 1.997160728781955386e-01 1.025217154178897516e-17 7.260029724708983502e-16 2.667763544108778945e-03 0.000000000000000000e+00
7.976161635776948255e-01 1.997160728781955386e-01 1.025217154178897516e-17 7.260029724708983502e-16 2.667763544108778945e-03 0.000000000000000000e+00
7.976161635776948255e-01 1.997160728781955386e-01 1.025217154178897516e-17 7.260029724708983502e-16 2.667763544108778945e-03 0.000000000000000000e+00
7.976161635776948255e-01 1.997160728781955386e-01 1.025217154178897516e-17 7.260029724708983502e-16 2.667763544108778945e-03 0.000000000000000000e+00
7.976161635776948255e-01 1.997160728781955386e-01 1.025217154178897516e-17 7.260029724708983502e-16 2.667763544108778945e-03 0.000000000000000000e+00
7.976161635776948255e-01 1.997160728781955386e-01 1.025217154178897516e-17 7.260029724708983502e-16 2.667763544108778945e-03 0.000000000000000000e+00
7.976161635776948255e-01 1.997160728781955386e-01 1.025217154178897516e-17 7.260029724708983502e-16 2.667763544108778945e-03 0.000000000000000000e+00
7.976161635776948255e-01 1.997160728781955386e-01 1.025217154178897516e-17 7.260029724708983502e-16 2.667763544108778945e-03 0.000000000000000000e+00
7.976161635776948255e-01 1.997160728781955386e-01 1.025217154178897516e-17 7.260029724708983502e-16 2.667763544108778945e-03 0.000000000000000000e+00
7.976161635776948255e-01 1.997160728781955386e-01 1.025217154178897516e-17 7.260029724708983502e-16 2.667763544108778945e-03 0.000000000000000000e+00
7.976161635776948255e-01 1.997160728781955386e-01 1.025217154178897516e-17 7.260029724708983502e-16 2.667763544108778945e-03 0.000000000000000000e+00
7.976161635776948255e-01 1.997160728781955386e-01 1.025217154178897516e-17 7.260029724708983502e-16 2.667763544108778945e-03 0.000000000000000000e+00
7.976161635776948255e-01 1.997160728781955386e-01 1.025217154178897516e-17 7.260029724708983502e-16 2.667763544108778945e-03 0.000000000000000000e+00
7.976161635776948255e-01 1.997160728781955386e-01 1.025217154178897516e-17 7.260029724708983502e-16 2.667763544108778945e-03 0.000000000000000000e+00
7.976161635776948255e-01 1.997160728781955386e-01 1.025217154178897516e-17 7.260029724708983502e-16 2.667763544108778945e-03 0.000000000000000000e+00
7.976161635776948255e-01 1.997160728781955386e-01 1.025217154178897516e-17 7.260029724708983502e-16 2.667763544108778945e-03 0.000000000000000000e+00
7.976161635776948255e-01 1.997160728781955386e-01 1.025217154178897516e-17 7.260029724708983502e-16 2.667763544108778945e-03 0.000000000000000000e+00
7.976161635776948255e-01 1.997160728781955386e-01 1.025217154178897516e-17 7.260029724708983502e-16 2.667763544108778945e-03 0.000000000000000000e+00
7.976161635776948255e-01 1.997160728781955386e-01 1.025217154178897516e-17 7.260029724708983502e-16 2.667763544108778945e-03 0.000000000000000000e+00
7.976161635776948255e-01 1.997160728781955386e-01 1.025217154178897516e-17 7.260029724708983502e-16 2.667763544108778945e-03 0.000000000000000000e+00
7.976161635776948255e-01 1.997160728781955386e-01 1.025217154178897516e-17 7.260029724708983502e-16 2.667763544108778945e-03 0.000000000000000000e+00
7.976161635776948255e-01 1.997160728781955386e-01 1.025217154178897516e-17 7.260029724708983502e-16 2.667763544108778945e-03 0.000000000000000000e+00
7.976161635776948255e-01 1.997160728781955386e-01 1.025217154178897516e-17 7.260029724708983502e-16 2.667763544108778945e-03 0.000000000000000000e+00
7.976161635776948255e-01 1.997160728781955386e-01 1.025217154178897516e-17 7.260029724708983502e-16 2.667763544108778945e-03 0.000000000000000000e+00
7.976161635776948255e-01 1.997160728781955386e-01 1.025217154178897516e-17 7.260029724708983502e-16 2.667763544108778945e-03 0.000000000000000000e+00
7.976161635776948255e-01 1.997160728781955386e-01 1.025217154178897516e-17 7.260029724708983502e-16 2.667763544108778945e-03 0.000000000000000000e+00
7.976161635776948255e-01 1.997160728781955386e-01 1.025217154178897516e-17 7.260029724708983502e-16 2.667763544108778945e-03 0.000000000000000000e+00
7.976161635776948255e-01 1.997160728781955386e-01 1.025217154178897516e-17 7.260029724708983502e-16 2.667763544108778945e-03 0.000000000000000000e+00
7.976161635776948255e-01 1.997160728781955386e-01 1.025217154178897516e-17 7.260029724708983502e-16 2.667763544108778945e-03 0.000000000000000000e+00
7.976161635776948255e-01 1.997160728781955386e-01 1.025217154178897516e-17 7.260029724708983502e-16 2.667763544108778945e-03 0.000000000000000000e+00
7.976161635776948255e-01 1.997160728781955386e-01 1.025217154178897516e-17 7.260029724708983502e-16 2.667763544108778945e-03 0.000000000000000000e+00
7.976161635776948255e-01 1.997160728781955386e-01 1.025217154178897516e-17 7.260029724708983502e-16 2.667763544108778945e-03 0.000000000000000000e+00
7.976161635776948255e-01 1.997160728781955386e-01 1.025217154178897516e-17 7.260029724708983502e-16 2.667763544108778945e-03 0.000000000000000000e+00
7.976161635776948255e-01 1.997160728781955386e-01 1.025217154178897516e-17 7.260029724708983502e-16 2.667763544108778945e-03 0.000000000000000000e+00
7.976161635776948255e-01 1.997160728781955386e-01 1.025217154178897516e-17 7.260029724708983502e-16 2.667763544108778945e-03 0.000000000000000000e+00
7.976161635776948255e-01 1.997160728781955386e-01 1.025217154178897516e-17 7.260029724708983502e-16 2.667763544108778945e-03 0.000000000000000000e+00
7.976161635776948255e-01 1.997160728781955386e-01 1.025217154178897516e-17 7.260029724708983502e-16 2.667763544108778945e-03 0.000000000000000000e+00
7.976161635776948255e-01 1.997160728781955386e-01 1.025217154178897516e-17 7.260029724708983502e-16 2.667763544108778945e-03 0.000000000000000000e+00
7.976161635776948255e-01 1.997160728781955386e-01 1.025217154178897516e-17 7.260029724708983502e-16 2.667763544108778945e-03 0.000000000000000000e+00
7.976161635776948255e-01 1.997160728781955386e-01 1.025217154178897516e-17 7.260029724708983502e-16 2.667763544108778945e-03 0.000000000000000000e+00
7.976161635776948255e-01 1.997160728781955386e-01 1.025217154178897516e-17 7.260029724708983502e-16 2.667763544108778945e-03 0.000000000000000000e+00
7.976161635776948255e-01 1.997160728781955386e-01 1.025217154178897516e-17 7.260029724708983502e-16 2.667763544108778945e-03 0.000000000000000000e+00
7.976161635776948255e-01 1.997160728781955386e-01 1.025217154178897516e-17 7.260029724708983502e-16 2.667763544108778945e-03 0.000000000000000000e+00
7.976161635776948255e-01 1.997160728781955386e-01 1.025217154178897516e-17 7.260029724708983502e-16 2.667763544108778945e-03 0.000000000000000000e+00
7.976161635776948255e-01 1.997160728781955386e-01 1.025217154178897516e-17 7.260029724708983502e-16 2.667763544108778945e-03 0.000000000000000000e+00
7.976161635776948255e-01 1.997160728781955386e-01 1.025217154178897516e-17 7.260029724708983502e-16 2.667763544108778945e-03 0.000000000000000000e+00
7.976161635776948255e-01 1.997160728781955386e-01 1.025217154178897516e-17 7.260029724708983502e-16 2.667763544108778945e-03 0.000000000000000000e+00
7.976161635776948255e-01 1.997160728781955386e-01 1.025217154178897516e-17 7.260029724708983502e-16 2.667763544108778945e-03 0.000000000000000000e+00
7.976161635776948255e-01 1.997160728781955386e-01 1.025217154178897516e-17 7.260029724708983502e-16 2.667763544108778945e-03 0.000000000000000000e+00
7.976161635776948255e-01 1.997160728781955386e-01 1.025217154178897516e-17 7.260029724708983502e-16 2.667763544108778945e-03 0.000000000000000000e+00
7.976161635776948255e-01 1.997160728781955386e-01 1.025217154178897516e-17 7.260029724708983502e-16 2.667763544108778945e-03 0.000000000000000000e+00
7.976161635776948255e-01 1.997160728781955386e-01 1.025217154178897516e-17 7.260029724708983502e-16 2.667763544108778945e-03 0.000000000000000000e+00
7.976161635776948255e-01 1.997160728781955386e-01 1.025217154178897516e-17 7.260029724708983502e-16 2.667763544108778945e-03 0.000000000000000000e+00
7.976161635776948255e-01 1.997160728781955386e-01 1.025217154178897516e-17 7.260029724708983502e-16 2.667763544108778945e-03 0.000000000000000000e+00
7.976161635776948255e-01 1.997160728781955386e-01 1.025217154178897516e-17 7.260029724708983502e-16 2.667763544108778945e-03 0.000000000000000000e+00
7.976161635776948255e-01 1.997160728781955386e-01 1.025217154178897516e-17 7.260029724708983502e-16 2.667763544108778945e-03 0.000000000000000000e+00
7.976161635776948255e-01 1.997160728781955386e-01 1.025217154178897516e-17 7.260029724708983502e-16 2.667763544108778945e-03 0.000000000000000000e+00
7.976161635776948255e-01 1.997160728781955386e-01 1.025217154178897516e-17 7.260029724708983502e-16 2.667763544108778945e-03 0.000000000000000000e+00
7.976161635776948255e-01 1.997160728781955386e-01 1.025217154178897516e-17 7.260029724708983502e-16 2.667763544108778945e-03 0.000000000000000000e+00
7.976161635776948255e-01 1.997160728781955386e-01 1.025217154178897516e-17 7.260029724708983502e-16 2.667763544108778945e-03 0.000000000000000000e+00
7.976161635776948255e-01 1.997160728781955386e-01 1.025217154178897516e-17 7.260029724708983502e-16 2.667763544108778945e-03 0.000000000000000000e+00
7.976161635776948255e-01 1.997160728781955386e-01 1.025217154178897516e-17 7.260029724708983502e-16 2.667763544108778945e-03 0.000000000000000000e+00
7.976161635776948255e-01 1.997160728781955386e-01 1.025217154178897516e-17 7.260029724708983502e-16 2.667763544108778945e-03 0.000000000000000000e+00
7.976161635776948255e-01 1.997160728781955386e-01 1.025217154178897516e-17 7.260029724708983502e-16 2.667763544108778945e-03 0.000000000000000000e+00
7.976161635776948255e-01 1.997160728781955386e-01 1.025217154178897516e-17 7.260029724708983502e-16 2.667763544108778945e-03 0.000000000000000000e+00
7.976161635776948255e-01 1.997160728781955386e-01 1.025217154178897516e-17 7.260029724708983502e-16 2.667763544108778945e-03 0.000000000000000000e+00
7.976161635776948255e-01 1.997160728781955386e-01 1.025217154178897516e-17 7.260029724708983502e-16 2.667763544108778945e-03 0.000000000000000000e+00
7.976161635776948255e-01 1.997160728781955386e-01 1.025217154178897516e-17 7.260029724708983502e-16 2.667763544108778945e-03 0.000000000000000000e+00
7.976161635776948255e-01 1.997160728781955386e-01 1.025217154178897516e-17 7.260029724708983502e-16 2.667763544108778945e-03 0.000000000000000000e+00
7.976161635776948255e-01 1.997160728781955386e-01 1.025217154178897516e-17 7.260029724708983502e-16 2.667763544108778945e-03 0.000000000000000000e+00
7.976161635776948255e-01 1.997160728781955386e-01 1.025217154178897516e-17 7.260029724708983502e-16 2.667763544108778945e-03 0.000000000000000000e+00
7.976161635776948255e-01 1.997160728781955386e-01 1.025217154178897516e-17 7.260029724708983502e-16 2.667763544108778945e-03 0.000000000000000000e+00
7.976161635776948255e-01 1.997160728781955386e-01 1.025217154178897516e-17 7.260029724708983502e-16 2.667763544108778945e-03 0.000000000000000000e+00
7.976161635776948255e-01 1.997160728781955386e-01 1.025217154178897516e-17 7.260029724708983502e-16 2.667763544108778945e-03 0.000000000000000000e+00
7.976161635776948255e-01 1.997160728781955386e-01 1.025217154178897516e-17 7.260029724708983502e-16 2.667763544108778945e-03 0.000000000000000000e+00
7.976161635776948255e-01 1.997160728781955386e-01 1.025217154178897516e-17 7.260029724708983502e-16 2.667763544108778945e-03 0.000000000000000000e+00
7.976161635776948255e-01 1.997160728781955386e-01 1.025217154178897516e-17 7.260029724708983502e-16 2.667763544108778945e-03 0.000000000000000000e+00
7.976161635776948255e-01 1.997160728781955386e-01 1.025217154178897516e-17 7.260029724708983502e-16 2.667763544108778945e-03 0.000000000000000000e+00
7.976161635776948255e-01 1.997160728781955386e-01 1.025217154178897516e-17 7.260029724708983502e-16 2.667763544108778945e-03 0.000000000000000000e+00
7.976161635776948255e-01 1.997160728781955386e-01 1.025217154178897516e-17 7.260029724708983502e-16 2.667763544108778945e-03 0.000000000000000000e+00
7.976161635776948255e-01 1.997160728781955386e-01 1.025217154178897516e-17 7.260029724708983502e-16 2.667763544108778945e-03 0.000000000000000000e+00
7.976161635776948255e-01 1.997160728781955386e-01 1.025217154178897516e-17 7.260029724708983502e-16 2.667763544108778945e-03 0.000000000000000000e+00
7.976161635776948255e-01 1.997160728781955386e-01 1.025217154178897516e-17 7.260029724708983502e-16 2.667763544108778945e-03 0.000000000000000000e+00
7.976161635776948255e-01 1.997160728781955386e-01 1.025217154178897516e-17 7.260029724708983502e-16 2.667763544108778945e-03 0.000000000000000000e+00
7.976161635776948255e-01 1.997160728781955386e-01 1.025217154178897516e-17 7.260029724708983502e-16 2.667763544108778945e-03 0.000000000000000000e+00
7.976161635776948255e-01 1.997160728781955386e-01 1.025217154178897516e-17 7.260029724708983502e-16 2.667763544108778945e-03 0.000000000000000000e+00
7.976161635776948255e-01 1.997160728781955386e-01 1.025217154178897516e-17 7.260029724708983502e-16 2.667763544108778945e-03 0.000000000000000000e+00
7.976161635776948255e-01 1.997160728781955386e-01 1.025217154178897516e-17 7.260029724708983502e-16 2.667763544108778945e-03 0.000000000000000000e+00
7.976161635776948255e-01 1.997160728781955386e-01 1.025217154178897516e-17 7.260029724708983502e-16 2.667763544108778945e-03 0.000000000000000000e+00
7.976161635776948255e-01 1.997160728781955386e-01 1.025217154178897516e-17 7.260029724708983502e-16 2.667763544108778945e-03 0.000000000000000000e+00
7.976161635776948255e-01 1.997160728781955386e-01 1.025217154178897516e-17 7.260029724708983502e-16 2.667763544108778945e-03 0.000000000000000000e+00
7.976161635776948255e-01 1.997160728781955386e-01 1.025217154178897516e-17 7.260029724708983502e-16 2.667763544108778945e-03 0.000000000000000000e+00
7.976161635776948255e-01 1.997160728781955386e-01 1.025217154178897516e-17 7.260029724708983502e-16 2.667763544108778945e-03 0.000000000000000000e+00
7.976161635776948255e-01 1.997160728781955386e-01 1.025217154178897516e-17 7.260029724708983502e-16 2.667763544108778945e-03 0.000000000000000000e+00
7.976161635776948255e-01 1.997160728781955386e-01 1.025217154178897516e-17 7.260029724708983502e-16 2.667763544108778945e-03 0.000000000000000000e+00
7.976161635776948255e-01 1.997160728781955386e-01 1.025217154178897516e-17 7.260029724708983502e-16 2.667763544108778945e-03 0.000000000000000000e+00
7.976161635776948255e-01 1.997160728781955386e-01 1.025217154178897516e-17 7.260029724708983502e-16 2.667763544108778945e-03 0.000000000000000000e+00
7.976161635776948255e-01 1.997160728781955386e-01 1.025217154178897516e-17 7.260029724708983502e-16 2.667763544108778945e-03 0.000000000000000000e+00
7.976161635776948255e-01 1.997160728781955386e-01 1.025217154178897516e-17 7.260029724708983502e-16 2.667763544108778945e-03 0.000000000000000000e+00
7.976161635776948255e-01 1.997160728781955386e-01 1.025217154178897516e-17 7.260029724708983502e-16 2.667763544108778945e-03 0.000000000000000000e+00
7.976161635776948255e-01 1.997160728781955386e-01 1.025217154178897516e-17 7.260029724708983502e-16 2.667763544108778945e-03 0.000000000000000000e+00
7.976161635776948255e-01 1.997160728781955386e-01 1.025217154178897516e-17 7.260029724708983502e-16 2.667763544108778945e-03 0.000000000000000000e+00
7.976161635776948255e-01 1.997160728781955386e-01 1.025217154178897516e-17 7.260029724708983502e-16 2.667763544108778945e-03 0.000000000000000000e+00
7.976161635776948255e-01 1.997160728781955386e-01 1.025217154178897516e-17 7.260029724708983502e-16 2.667763544108778945e-03 0.000000000000000000e+00
7.976161635776948255e-01 1.997160728781955386e-01 1.025217154178897516e-17 7.260029724708983502e-16 2.667763544108778945e-03 0.000000000000000000e+00
7.976161635776948255e-01 1.997160728781955386e-01 1.025217154178897516e-17 7.260029724708983502e-16 2.667763544108778945e-03 0.000000000000000000e+00
7.976161635776948255e-01 1.997160728781955386e-01 1.025217154178897516e-17 7.260029724708983502e-16 2.667763544108778945e-03 0.000000000000000000e+00
