9.013734681331558862e-01 9.765398985160297918e-02 1.245682592424328997e-15 5.142951914155568705e-15 9.725420152347601360e-04 0.000000000000000000e+00
9.013734685967270677e-01 9.765398932765659290e-02 8.404804161207342210e-16 3.761912593760016317e-15 9.725420756116301977e-04 0.000000000000000000e+00
9.013734716796318880e-01 9.765398629553606602e-02 5.045701362128709873e-16 2.507567705347622857e-15 9.725420248290404758e-04 0.000000000000000000e+00
9.013734716796318880e-01 9.765398629553602439e-02 3.004875759126610581e-16 1.660649480944054271e-15 9.725420248300965971e-04 0.000000000000000000e+00
9.013734716796319990e-01 9.765398629553606602e-02 1.774742408958811809e-16 1.092440422796669071e-15 9.725420248307857160e-04 0.000000000000000000e+00
9.013734716796317770e-01 9.765398629553602439e-02 1.039640575576482553e-16 7.139047892054691074e-16 9.725420248312372862e-04 0.000000000000000000e+00
9.013734716796317770e-01 9.765398629553606602e-02 6.039737901416721598e-17 4.634077071457054975e-16 9.725420248315326229e-04 0.000000000000000000e+00
9.013734716796317770e-01 9.765398629553606602e-02 3.479269873961763675e-17 2.987614331258191685e-16 9.725420248317235509e-04 0.000000000000000000e+00
9.013734716796318880e-01 9.765398629553606602e-02 1.987201520667134268e-17 1.912856513842292113e-16 9.725420248318458489e-04 0.000000000000000000e+00
9.013734716796318880e-01 9.765398629553606602e-02 1.125197386526550665e-17 1.216173638219705399e-16 9.725420248319254293e-04 0.000000000000000000e+00
9.013734716796318880e-01 9.765398629553606602e-02 6.315367002157493986e-18 7.677565376414402290e-17 9.725420248319751942e-04 0.000000000000000000e+00
9.013734716796318880e-01 9.765398629553606602e-02 3.513198327144481705e-18 4.812009458199169781e-17 9.725420248320069613e-04 0.000000000000000000e+00
9.013734716796317770e-01 9.765398629553606602e-02 1.936846405683193900e-18 2.994106535467000046e-17 9.725420248320269107e-04 0.000000000000000000e+00
9.013734716796318880e-01 9.765398629553606602e-02 1.058128466518898458e-18 1.849333531638971273e-17 9.725420248320398127e-04 0.000000000000000000e+00
9.013734716796318880e-01 9.765398629553606602e-02 5.727829677140568537e-19 1.133799129958890671e-17 9.725420248320467516e-04 0.000000000000000000e+00
9.013734716796318880e-01 9.765398629553606602e-02 3.071057359068896899e-19 6.897605909729627749e-18 9.725420248320517389e-04 0.000000000000000000e+00
9.013734716796317770e-01 9.765398629553602439e-02 1.630913343025037078e-19 4.163906404565769882e-18 9.725420248320546662e-04 0.000000000000000000e+00
9.013734716796318880e-01 9.765398629553602439e-02 8.578705276877004429e-20 2.494283865780318232e-18 9.725420248320567262e-04 0.000000000000000000e+00
9.013734716796317770e-01 9.765398629553602439e-02 4.469142004808882093e-20 1.482530042608411465e-18 9.725420248320567262e-04 0.000000000000000000e+00
9.013734716796318880e-01 9.765398629553602439e-02 2.305714880731458106e-20 8.742735208216237097e-19 9.725420248320577020e-04 0.000000000000000000e+00
9.013734716796318880e-01 9.765398629553606602e-02 1.177541820116413313e-20 5.113563104440994227e-19 9.725420248320586778e-04 0.000000000000000000e+00
9.013734716796317770e-01 9.765398629553602439e-02 5.951287545330435161e-21 2.965722274311781518e-19 9.725420248320586778e-04 0.000000000000000000e+00
9.013734716796318880e-01 9.765398629553606602e-02 2.977617711928715129e-21 1.706069399597648775e-19 9.725420248320586778e-04 0.000000000000000000e+00
9.013734716796318880e-01 9.765398629553602439e-02 1.474799813643393222e-21 9.734375113948894569e-20 9.725420248320586778e-04 0.000000000000000000e+00
9.013734716796318880e-01 9.765398629553606602e-02 7.222591785048540950e-22 5.503659402029543906e-20 9.725420248320586778e-04 0.000000000000000000e+00
9.013734716796318880e-01 9.765398629553606602e-02 3.500346339863082121e-22 3.085459436776039548e-20 9.725420248320586778e-04 0.000000000000000000e+00
9.013734716796318880e-01 9.765398629553606602e-02 1.678891842126305207e-22 1.715306465841379099e-20 9.725420248320586778e-04 0.000000000000000000e+00
9.013734716796318880e-01 9.765398629553606602e-02 7.956673777855564448e-23 9.443940462929611430e-21 9.725420248320586778e-04 0.000000000000000000e+00
9.013734716796317770e-01 9.765398629553602439e-02 3.731388184571392979e-23 5.155447225354260343e-21 9.725420248320586778e-04 0.000000000000000000e+00
9.013734716796318880e-01 9.765398629553602439e-02 1.729829551290002289e-23 2.788225607467306588e-21 9.725420248320586778e-04 0.000000000000000000e+00
9.013734716796318880e-01 9.765398629553606602e-02 7.926426548660534803e-24 1.493807596229268747e-21 9.725420248320586778e-04 0.000000000000000000e+00
9.013734716796318880e-01 9.765398629553606602e-02 3.591122843631643981e-24 7.930079377018817847e-22 9.725420248320586778e-04 0.000000000000000000e+00
9.013734716796318880e-01 9.765398629553606602e-02 1.606771155185250119e-24 4.167400647034513600e-22 9.725420248320586778e-04 0.000000000000000000e+00
9.013734716796317770e-01 9.765398629553602439e-02 7.108119584070440847e-25 2.170037606024649133e-22 9.725420248320586778e-04 0.000000000000000000e+00
9.013734716796319990e-01 9.765398629553606602e-02 3.103945966874639327e-25 1.118154603398765652e-22 9.725420248320586778e-04 0.000000000000000000e+00
9.013734716796317770e-01 9.765398629553602439e-02 1.339659461997413215e-25 5.707211290635395439e-23 9.725420248320586778e-04 0.000000000000000000e+00
9.013734716796318880e-01 9.765398629553606602e-02 5.706940324466066705e-26 2.882397276474269845e-23 9.725420248320586778e-04 0.000000000000000000e+00
9.013734716796318880e-01 9.765398629553606602e-02 2.400985106013854423e-26 1.441094904333774008e-23 9.725420248320586778e-04 0.000000000000000000e+00
9.013734716796318880e-01 9.765398629553602439e-02 9.974683141384783168e-27 7.131756079027024911e-24 9.725420248320586778e-04 0.000000000000000000e+00
9.013734716796319990e-01 9.765398629553606602e-02 4.087097997564874882e-27 3.490169158489869346e-24 9.725420248320586778e-04 0.000000000000000000e+00
9.013734716796319990e-01 9.765398629553606602e-02 1.654073451577680608e-27 1.690992652187495223e-24 9.725420248320586778e-04 0.000000000000000000e+00
9.013734716796318880e-01 9.765398629553602439e-02 6.595857692218590106e-28 8.095302997891998379e-25 9.725420248320586778e-04 0.000000000000000000e+00
9.013734716796318880e-01 9.765398629553602439e-02 2.594312958506349080e-28 3.832581516881026144e-25 9.725420248320586778e-04 0.000000000000000000e+00
9.013734716796317770e-01 9.765398629553606602e-02 1.006953457264402945e-28 1.795062475759626382e-25 9.725420248320586778e-04 0.000000000000000000e+00
9.013734716796318880e-01 9.765398629553602439e-02 3.847623474432187759e-29 8.301468946095822733e-26 9.725420248320586778e-04 0.000000000000000000e+00
9.013734716796317770e-01 9.765398629553606602e-02 1.449358604911129730e-29 3.794955912604142950e-26 9.725420248320586778e-04 0.000000000000000000e+00
9.013734716796318880e-01 9.765398629553602439e-02 5.383492816985485131e-30 1.715219687272949288e-26 9.725420248320586778e-04 0.000000000000000000e+00
9.013734716796318880e-01 9.765398629553606602e-02 1.969486221336826125e-30 7.657465610775520397e-27 9.725420248320586778e-04 0.000000000000000000e+00
9.013734716796317770e-01 9.765398629553602439e-02 7.089788439642572248e-31 3.374201569673409017e-27 9.725420248320586778e-04 0.000000000000000000e+00
9.013734716796319990e-01 9.765398629553606602e-02 2.514654042613591598e-31 1.469068049589154473e-27 9.725420248320586778e-04 0.000000000000000000e+00
9.013734716796319990e-01 9.765398629553606602e-02 1.754223183229260433e-31 1.100448820401495912e-27 9.725420248320586778e-04 0.000000000000000000e+00
9.013734716796319990e-01 9.765398629553606602e-02 1.754223183229260433e-31 1.100448820401495912e-27 9.725420248320586778e-04 0.000000000000000000e+00
9.013734716796319990e-01 9.765398629553606602e-02 1.754223183229260433e-31 1.100448820401495912e-27 9.725420248320586778e-04 0.000000000000000000e+00
9.013734716796319990e-01 9.765398629553606602e-02 1.754223183229260433e-31 1.100448820401495912e-27 9.725420248320586778e-04 0.000000000000000000e+00
9.013734716796319990e-01 9.765398629553606602e-02 1.754223183229260433e-31 1.100448820401495912e-27 9.725420248320586778e-04 0.000000000000000000e+00
9.013734716796319990e-01 9.765398629553606602e-02 1.754223183229260433e-31 1.100448820401495912e-27 9.725420248320586778e-04 0.000000000000000000e+00
9.013734716796319990e-01 9.765398629553606602e-02 1.754223183229260433e-31 1.100448820401495912e-27 9.725420248320586778e-04 0.000000000000000000e+00
9.013734716796319990e-01 9.765398629553606602e-02 1.754223183229260433e-31 1.100448820401495912e-27 9.725420248320586778e-04 0.000000000000000000e+00
9.013734716796319990e-01 9.765398629553606602e-02 1.754223183229260433e-31 1.100448820401495912e-27 9.725420248320586778e-04 0.000000000000000000e+00
9.013734716796319990e-01 9.765398629553606602e-02 1.754223183229260433e-31 1.100448820401495912e-27 9.725420248320586778e-04 0.000000000000000000e+00
9.013734716796319990e-01 9.765398629553606602e-02 1.754223183229260433e-31 1.100448820401495912e-27 9.725420248320586778e-04 0.000000000000000000e+00
9.013734716796319990e-01 9.765398629553606602e-02 1.754223183229260433e-31 1.100448820401495912e-27 9.725420248320586778e-04 0.000000000000000000e+00
9.013734716796319990e-01 9.765398629553606602e-02 1.754223183229260433e-31 1.100448820401495912e-27 9.725420248320586778e-04 0.000000000000000000e+00
9.013734716796319990e-01 9.765398629553606602e-02 1.754223183229260433e-31 1.100448820401495912e-27 9.725420248320586778e-04 0.000000000000000000e+00
9.013734716796319990e-01 9.765398629553606602e-02 1.754223183229260433e-31 1.100448820401495912e-27 9.725420248320586778e-04 0.000000000000000000e+00
9.013734716796319990e-01 9.765398629553606602e-02 1.754223183229260433e-31 1.100448820401495912e-27 9.725420248320586778e-04 0.000000000000000000e+00
9.013734716796319990e-01 9.765398629553606602e-02 1.754223183229260433e-31 1.100448820401495912e-27 9.725420248320586778e-04 0.000000000000000000e+00
9.013734716796319990e-01 9.765398629553606602e-02 1.754223183229260433e-31 1.100448820401495912e-27 9.725420248320586778e-04 0.000000000000000000e+00
9.013734716796319990e-01 9.765398629553606602e-02 1.754223183229260433e-31 1.100448820401495912e-27 9.725420248320586778e-04 0.000000000000000000e+00
9.013734716796319990e-01 9.765398629553606602e-02 1.754223183229260433e-31 1.100448820401495912e-27 9.725420248320586778e-04 0.000000000000000000e+00
9.013734716796319990e-01 9.765398629553606602e-02 1.754223183229260433e-31 1.100448820401495912e-27 9.725420248320586778e-04 0.000000000000000000e+00
9.013734716796319990e-01 9.765398629553606602e-02 1.754223183229260433e-31 1.100448820401495912e-27 9.725420248320586778e-04 0.000000000000000000e+00
9.013734716796319990e-01 9.765398629553606602e-02 1.754223183229260433e-31 1.100448820401495912e-27 9.725420248320586778e-04 0.000000000000000000e+00
9.013734716796319990e-01 9.765398629553606602e-02 1.754223183229260433e-31 1.100448820401495912e-27 9.725420248320586778e-04 0.000000000000000000e+00
9.013734716796319990e-01 9.765398629553606602e-02 1.754223183229260433e-31 1.100448820401495912e-27 9.725420248320586778e-04 0.000000000000000000e+00
9.013734716796319990e-01 9.765398629553606602e-02 1.754223183229260433e-31 1.100448820401495912e-27 9.725420248320586778e-04 0.000000000000000000e+00
9.013734716796319990e-01 9.765398629553606602e-02 1.754223183229260433e-31 1.100448820401495912e-27 9.725420248320586778e-04 0.000000000000000000e+00
9.013734716796319990e-01 9.765398629553606602e-02 1.754223183229260433e-31 1.100448820401495912e-27 9.725420248320586778e-04 0.000000000000000000e+00
9.013734716796319990e-01 9.765398629553606602e-02 1.754223183229260433e-31 1.100448820401495912e-27 9.725420248320586778e-04 0.000000000000000000e+00
9.013734716796319990e-01 9.765398629553606602e-02 1.754223183229260433e-31 1.100448820401495912e-27 9.725420248320586778e-04 0.000000000000000000e+00
9.013734716796319990e-01 9.765398629553606602e-02 1.754223183229260433e-31 1.100448820401495912e-27 9.725420248320586778e-04 0.000000000000000000e+00
9.013734716796319990e-01 9.765398629553606602e-02 1.754223183229260433e-31 1.100448820401495912e-27 9.725420248320586778e-04 0.000000000000000000e+00
9.013734716796319990e-01 9.765398629553606602e-02 1.754223183229260433e-31 1.100448820401495912e-27 9.725420248320586778e-04 0.000000000000000000e+00
9.013734716796319990e-01 9.765398629553606602e-02 1.754223183229260433e-31 1.100448820401495912e-27 9.725420248320586778e-04 0.000000000000000000e+00
9.013734716796319990e-01 9.765398629553606602e-02 1.754223183229260433e-31 1.100448820401495912e-27 9.725420248320586778e-04 0.000000000000000000e+00
9.013734716796319990e-01 9.765398629553606602e-02 1.754223183229260433e-31 1.100448820401495912e-27 9.725420248320586778e-04 0.000000000000000000e+00
9.013734716796319990e-01 9.765398629553606602e-02 1.754223183229260433e-31 1.100448820401495912e-27 9.725420248320586778e-04 0.000000000000000000e+00
9.013734716796319990e-01 9.765398629553606602e-02 1.754223183229260433e-31 1.100448820401495912e-27 9.725420248320586778e-04 0.000000000000000000e+00
9.013734716796319990e-01 9.765398629553606602e-02 1.754223183229260433e-31 1.100448820401495912e-27 9.725420248320586778e-04 0.000000000000000000e+00
9.013734716796319990e-01 9.765398629553606602e-02 1.754223183229260433e-31 1.100448820401495912e-27 9.725420248320586778e-04 0.000000000000000000e+00
9.013734716796319990e-01 9.765398629553606602e-02 1.754223183229260433e-31 1.100448820401495912e-27 9.725420248320586778e-04 0.000000000000000000e+00
9.013734716796319990e-01 9.765398629553606602e-02 1.754223183229260433e-31 1.100448820401495912e-27 9.725420248320586778e-04 0.000000000000000000e+00
9.013734716796319990e-01 9.765398629553606602e-02 1.754223183229260433e-31 1.100448820401495912e-27 9.725420248320586778e-04 0.000000000000000000e+00
9.013734716796319990e-01 9.765398629553606602e-02 1.754223183229260433e-31 1.100448820401495912e-27 9.725420248320586778e-04 0.000000000000000000e+00
9.013734716796319990e-01 9.765398629553606602e-02 1.754223183229260433e-31 1.100448820401495912e-27 9.725420248320586778e-04 0.000000000000000000e+00
9.013734716796319990e-01 9.765398629553606602e-02 1.754223183229260433e-31 1.100448820401495912e-27 9.725420248320586778e-04 0.000000000000000000e+00
9.013734716796319990e-01 9.765398629553606602e-02 1.754223183229260433e-31 1.100448820401495912e-27 9.725420248320586778e-04 0.000000000000000000e+00
9.013734716796319990e-01 9.765398629553606602e-02 1.754223183229260433e-31 1.100448820401495912e-27 9.725420248320586778e-04 0.000000000000000000e+00
9.013734716796319990e-01 9.765398629553606602e-02 1.754223183229260433e-31 1.100448820401495912e-27 9.725420248320586778e-04 0.000000000000000000e+00
9.013734716796319990e-01 9.765398629553606602e-02 1.754223183229260433e-31 1.100448820401495912e-27 9.725420248320586778e-04 0.000000000000000000e+00
9.013734716796319990e-01 9.765398629553606602e-02 1.754223183229260433e-31 1.100448820401495912e-27 9.725420248320586778e-04 0.000000000000000000e+00
9.013734716796319990e-01 9.765398629553606602e-02 1.754223183229260433e-31 1.100448820401495912e-27 9.725420248320586778e-04 0.000000000000000000e+00
9.013734716796319990e-01 9.765398629553606602e-02 1.754223183229260433e-31 1.100448820401495912e-27 9.725420248320586778e-04 0.000000000000000000e+00
9.013734716796319990e-01 9.765398629553606602e-02 1.754223183229260433e-31 1.100448820401495912e-27 9.725420248320586778e-04 0.000000000000000000e+00
9.013734716796319990e-01 9.765398629553606602e-02 1.754223183229260433e-31 1.100448820401495912e-27 9.725420248320586778e-04 0.000000000000000000e+00
9.013734716796319990e-01 9.765398629553606602e-02 1.754223183229260433e-31 1.100448820401495912e-27 9.725420248320586778e-04 0.000000000000000000e+00
9.013734716796319990e-01 9.765398629553606602e-02 1.754223183229260433e-31 1.100448820401495912e-27 9.725420248320586778e-04 0.000000000000000000e+00
9.013734716796319990e-01 9.765398629553606602e-02 1.754223183229260433e-31 1.100448820401495912e-27 9.725420248320586778e-04 0.000000000000000000e+00
9.013734716796319990e-01 9.765398629553606602e-02 1.754223183229260433e-31 1.100448820401495912e-27 9.725420248320586778e-04 0.000000000000000000e+00
9.013734716796319990e-01 9.765398629553606602e-02 1.754223183229260433e-31 1.100448820401495912e-27 9.725420248320586778e-04 0.000000000000000000e+00
9.013734716796319990e-01 9.765398629553606602e-02 1.754223183229260433e-31 1.100448820401495912e-27 9.725420248320586778e-04 0.000000000000000000e+00
9.013734716796319990e-01 9.765398629553606602e-02 1.754223183229260433e-31 1.100448820401495912e-27 9.725420248320586778e-04 0.000000000000000000e+00
9.013734716796319990e-01 9.765398629553606602e-02 1.754223183229260433e-31 1.100448820401495912e-27 9.725420248320586778e-04 0.000000000000000000e+00
9.013734716796319990e-01 9.765398629553606602e-02 1.754223183229260433e-31 1.100448820401495912e-27 9.725420248320586778e-04 0.000000000000000000e+00
9.013734716796319990e-01 9.765398629553606602e-02 1.754223183229260433e-31 1.100448820401495912e-27 9.725420248320586778e-04 0.000000000000000000e+00
9.013734716796319990e-01 9.765398629553606602e-02 1.754223183229260433e-31 1.100448820401495912e-27 9.725420248320586778e-04 0.000000000000000000e+00
9.013734716796319990e-01 9.765398629553606602e-02 1.754223183229260433e-31 1.100448820401495912e-27 9.725420248320586778e-04 0.000000000000000000e+00
9.013734716796319990e-01 9.765398629553606602e-02 1.754223183229260433e-31 1.100448820401495912e-27 9.725420248320586778e-04 0.000000000000000000e+00
9.013734716796319990e-01 9.765398629553606602e-02 1.754223183229260433e-31 1.100448820401495912e-27 9.725420248320586778e-04 0.000000000000000000e+00
9.013734716796319990e-01 9.765398629553606602e-02 1.754223183229260433e-31 1.100448820401495912e-27 9.725420248320586778e-04 0.000000000000000000e+00
9.013734716796319990e-01 9.765398629553606602e-02 1.754223183229260433e-31 1.100448820401495912e-27 9.725420248320586778e-04 0.000000000000000000e+00
9.013734716796319990e-01 9.765398629553606602e-02 1.754223183229260433e-31 1.100448820401495912e-27 9.725420248320586778e-04 0.000000000000000000e+00
9.013734716796319990e-01 9.765398629553606602e-02 1.754223183229260433e-31 1.100448820401495912e-27 9.725420248320586778e-04 0.000000000000000000e+00
9.013734716796319990e-01 9.765398629553606602e-02 1.754223183229260433e-31 1.100448820401495912e-27 9.725420248320586778e-04 0.000000000000000000e+00
9.013734716796319990e-01 9.765398629553606602e-02 1.754223183229260433e-31 1.100448820401495912e-27 9.725420248320586778e-04 0.000000000000000000e+00
9.013734716796319990e-01 9.765398629553606602e-02 1.754223183229260433e-31 1.100448820401495912e-27 9.725420248320586778e-04 0.000000000000000000e+00
9.013734716796319990e-01 9.765398629553606602e-02 1.754223183229260433e-31 1.100448820401495912e-27 9.725420248320586778e-04 0.000000000000000000e+00
9.013734716796319990e-01 9.765398629553606602e-02 1.754223183229260433e-31 1.100448820401495912e-27 9.725420248320586778e-04 0.000000000000000000e+00
9.013734716796319990e-01 9.765398629553606602e-02 1.754223183229260433e-31 1.100448820401495912e-27 9.725420248320586778e-04 0.000000000000000000e+00
9.013734716796319990e-01 9.765398629553606602e-02 1.754223183229260433e-31 1.100448820401495912e-27 9.725420248320586778e-04 0.000000000000000000e+00
9.013734716796319990e-01 9.765398629553606602e-02 1.754223183229260433e-31 1.100448820401495912e-27 9.725420248320586778e-04 0.000000000000000000e+00
9.013734716796319990e-01 9.765398629553606602e-02 1.754223183229260433e-31 1.100448820401495912e-27 9.725420248320586778e-04 0.000000000000000000e+00
9.013734716796319990e-01 9.765398629553606602e-02 1.754223183229260433e-31 1.100448820401495912e-27 9.725420248320586778e-04 0.000000000000000000e+00
9.013734716796319990e-01 9.765398629553606602e-02 1.754223183229260433e-31 1.100448820401495912e-27 9.725420248320586778e-04 0.000000000000000000e+00
9.013734716796319990e-01 9.765398629553606602e-02 1.754223183229260433e-31 1.100448820401495912e-27 9.725420248320586778e-04 0.000000000000000000e+00
9.013734716796319990e-01 9.765398629553606602e-02 1.754223183229260433e-31 1.100448820401495912e-27 9.725420248320586778e-04 0.000000000000000000e+00
9.013734716796319990e-01 9.765398629553606602e-02 1.754223183229260433e-31 1.100448820401495912e-27 9.725420248320586778e-04 0.000000000000000000e+00
9.013734716796319990e-01 9.765398629553606602e-02 1.754223183229260433e-31 1.100448820401495912e-27 9.725420248320586778e-04 0.000000000000000000e+00
9.013734716796319990e-01 9.765398629553606602e-02 1.754223183229260433e-31 1.100448820401495912e-27 9.725420248320586778e-04 0.000000000000000000e+00
9.013734716796319990e-01 9.765398629553606602e-02 1.754223183229260433e-31 1.100448820401495912e-27 9.725420248320586778e-04 0.000000000000000000e+00
9.013734716796319990e-01 9.765398629553606602e-02 1.754223183229260433e-31 1.100448820401495912e-27 9.725420248320586778e-04 0.000000000000000000e+00
9.013734716796319990e-01 9.765398629553606602e-02 1.754223183229260433e-31 1.100448820401495912e-27 9.725420248320586778e-04 0.000000000000000000e+00
9.013734716796319990e-01 9.765398629553606602e-02 1.754223183229260433e-31 1.100448820401495912e-27 9.725420248320586778e-04 0.000000000000000000e+00
9.013734716796319990e-01 9.765398629553606602e-02 1.754223183229260433e-31 1.100448820401495912e-27 9.725420248320586778e-04 0.000000000000000000e+00
9.013734716796319990e-01 9.765398629553606602e-02 1.754223183229260433e-31 1.100448820401495912e-27 9.725420248320586778e-04 0.000000000000000000e+00
9.013734716796319990e-01 9.765398629553606602e-02 1.754223183229260433e-31 1.100448820401495912e-27 9.725420248320586778e-04 0.000000000000000000e+00
9.013734716796319990e-01 9.765398629553606602e-02 1.754223183229260433e-31 1.100448820401495912e-27 9.725420248320586778e-04 0.000000000000000000e+00
9.013734716796319990e-01 9.765398629553606602e-02 1.754223183229260433e-31 1.100448820401495912e-27 9.725420248320586778e-04 0.000000000000000000e+00
9.013734716796319990e-01 9.765398629553606602e-02 1.754223183229260433e-31 1.100448820401495912e-27 9.725420248320586778e-04 0.000000000000000000e+00
9.013734716796319990e-01 9.765398629553606602e-02 1.754223183229260433e-31 1.100448820401495912e-27 9.725420248320586778e-04 0.000000000000000000e+00
9.013734716796319990e-01 9.765398629553606602e-02 1.754223183229260433e-31 1.100448820401495912e-27 9.725420248320586778e-04 0.000000000000000000e+00
9.013734716796319990e-01 9.765398629553606602e-02 1.754223183229260433e-31 1.100448820401495912e-27 9.725420248320586778e-04 0.000000000000000000e+00
9.013734716796319990e-01 9.765398629553606602e-02 1.754223183229260433e-31 1.100448820401495912e-27 9.725420248320586778e-04 0.000000000000000000e+00
9.013734716796319990e-01 9.765398629553606602e-02 1.754223183229260433e-31 1.100448820401495912e-27 9.725420248320586778e-04 0.000000000000000000e+00
9.013734716796319990e-01 9.765398629553606602e-02 1.754223183229260433e-31 1.100448820401495912e-27 9.725420248320586778e-04 0.000000000000000000e+00
9.013734716796319990e-01 9.765398629553606602e-02 1.754223183229260433e-31 1.100448820401495912e-27 9.725420248320586778e-04 0.000000000000000000e+00
9.013734716796319990e-01 9.765398629553606602e-02 1.754223183229260433e-31 1.100448820401495912e-27 9.725420248320586778e-04 0.000000000000000000e+00
9.013734716796319990e-01 9.765398629553606602e-02 1.754223183229260433e-31 1.100448820401495912e-27 9.725420248320586778e-04 0.000000000000000000e+00
9.013734716796319990e-01 9.765398629553606602e-02 1.754223183229260433e-31 1.100448820401495912e-27 9.725420248320586778e-04 0.000000000000000000e+00
9.013734716796319990e-01 9.765398629553606602e-02 1.754223183229260433e-31 1.100448820401495912e-27 9.725420248320586778e-04 0.000000000000000000e+00
9.013734716796319990e-01 9.765398629553606602e-02 1.754223183229260433e-31 1.100448820401495912e-27 9.725420248320586778e-04 0.000000000000000000e+00
9.013734716796319990e-01 9.765398629553606602e-02 1.754223183229260433e-31 1.100448820401495912e-27 9.725420248320586778e-04 0.000000000000000000e+00
9.013734716796319990e-01 9.765398629553606602e-02 1.754223183229260433e-31 1.100448820401495912e-27 9.725420248320586778e-04 0.000000000000000000e+00
9.013734716796319990e-01 9.765398629553606602e-02 1.754223183229260433e-31 1.100448820401495912e-27 9.725420248320586778e-04 0.000000000000000000e+00
9.013734716796319990e-01 9.765398629553606602e-02 1.754223183229260433e-31 1.100448820401495912e-27 9.725420248320586778e-04 0.000000000000000000e+00
9.013734716796319990e-01 9.765398629553606602e-02 1.754223183229260433e-31 1.100448820401495912e-27 9.725420248320586778e-04 0.000000000000000000e+00
9.013734716796319990e-01 9.765398629553606602e-02 1.754223183229260433e-31 1.100448820401495912e-27 9.725420248320586778e-04 0.000000000000000000e+00
9.013734716796319990e-01 9.765398629553606602e-02 1.754223183229260433e-31 1.100448820401495912e-27 9.725420248320586778e-04 0.000000000000000000e+00
9.013734716796319990e-01 9.765398629553606602e-02 1.754223183229260433e-31 1.100448820401495912e-27 9.725420248320586778e-04 0.000000000000000000e+00
9.013734716796319990e-01 9.765398629553606602e-02 1.754223183229260433e-31 1.100448820401495912e-27 9.725420248320586778e-04 0.000000000000000000e+00
9.013734716796319990e-01 9.765398629553606602e-02 1.754223183229260433e-31 1.100448820401495912e-27 9.725420248320586778e-04 0.000000000000000000e+00
9.013734716796319990e-01 9.765398629553606602e-02 1.754223183229260433e-31 1.100448820401495912e-27 9.725420248320586778e-04 0.000000000000000000e+00
9.013734716796319990e-01 9.765398629553606602e-02 1.754223183229260433e-31 1.100448820401495912e-27 9.725420248320586778e-04 0.000000000000000000e+00
9.013734716796319990e-01 9.765398629553606602e-02 1.754223183229260433e-31 1.100448820401495912e-27 9.725420248320586778e-04 0.000000000000000000e+00
9.013734716796319990e-01 9.765398629553606602e-02 1.754223183229260433e-31 1.100448820401495912e-27 9.725420248320586778e-04 0.000000000000000000e+00
9.013734716796319990e-01 9.765398629553606602e-02 1.754223183229260433e-31 1.100448820401495912e-27 9.725420248320586778e-04 0.000000000000000000e+00
9.013734716796319990e-01 9.765398629553606602e-02 1.754223183229260433e-31 1.100448820401495912e-27 9.725420248320586778e-04 0.000000000000000000e+00
9.013734716796319990e-01 9.765398629553606602e-02 1.754223183229260433e-31 1.100448820401495912e-27 9.725420248320586778e-04 0.000000000000000000e+00
9.013734716796319990e-01 9.765398629553606602e-02 1.754223183229260433e-31 1.100448820401495912e-27 9.725420248320586778e-04 0.000000000000000000e+00
9.013734716796319990e-01 9.765398629553606602e-02 1.754223183229260433e-31 1.100448820401495912e-27 9.725420248320586778e-04 0.000000000000000000e+00
9.013734716796319990e-01 9.765398629553606602e-02 1.754223183229260433e-31 1.100448820401495912e-27 9.725420248320586778e-04 0.000000000000000000e+00
9.013734716796319990e-01 9.765398629553606602e-02 1.754223183229260433e-31 1.100448820401495912e-27 9.725420248320586778e-04 0.000000000000000000e+00
9.013734716796319990e-01 9.765398629553606602e-02 1.754223183229260433e-31 1.100448820401495912e-27 9.725420248320586778e-04 0.000000000000000000e+00
9.013734716796319990e-01 9.765398629553606602e-02 1.754223183229260433e-31 1.100448820401495912e-27 9.725420248320586778e-04 0.000000000000000000e+00
9.013734716796319990e-01 9.765398629553606602e-02 1.754223183229260433e-31 1.100448820401495912e-27 9.725420248320586778e-04 0.000000000000000000e+00
9.013734716796319990e-01 9.765398629553606602e-02 1.754223183229260433e-31 1.100448820401495912e-27 9.725420248320586778e-04 0.000000000000000000e+00
9.013734716796319990e-01 9.765398629553606602e-02 1.754223183229260433e-31 1.100448820401495912e-27 9.725420248320586778e-04 0.000000000000000000e+00
9.013734716796319990e-01 9.765398629553606602e-02 1.754223183229260433e-31 1.100448820401495912e-27 9.725420248320586778e-04 0.000000000000000000e+00
9.013734716796319990e-01 9.765398629553606602e-02 1.754223183229260433e-31 1.100448820401495912e-27 9.725420248320586778e-04 0.000000000000000000e+00
9.013734716796319990e-01 9.765398629553606602e-02 1.754223183229260433e-31 1.100448820401495912e-27 9.725420248320586778e-04 0.000000000000000000e+00
9.013734716796319990e-01 9.765398629553606602e-02 1.754223183229260433e-31 1.100448820401495912e-27 9.725420248320586778e-04 0.000000000000000000e+00
9.013734716796319990e-01 9.765398629553606602e-02 1.754223183229260433e-31 1.100448820401495912e-27 9.725420248320586778e-04 0.000000000000000000e+00
9.013734716796319990e-01 9.765398629553606602e-02 1.754223183229260433e-31 1.100448820401495912e-27 9.725420248320586778e-04 0.000000000000000000e+00
9.013734716796319990e-01 9.765398629553606602e-02 1.754223183229260433e-31 1.100448820401495912e-27 9.725420248320586778e-04 0.000000000000000000e+00
9.013734716796319990e-01 9.765398629553606602e-02 1.754223183229260433e-31 1.100448820401495912e-27 9.725420248320586778e-04 0.000000000000000000e+00
9.013734716796319990e-01 9.765398629553606602e-02 1.754223183229260433e-31 1.100448820401495912e-27 9.725420248320586778e-04 0.000000000000000000e+00
9.013734716796319990e-01 9.765398629553606602e-02 1.754223183229260433e-31 1.100448820401495912e-27 9.725420248320586778e-04 0.000000000000000000e+00
9.013734716796319990e-01 9.765398629553606602e-02 1.754223183229260433e-31 1.100448820401495912e-27 9.725420248320586778e-04 0.000000000000000000e+00
9.013734716796319990e-01 9.765398629553606602e-02 1.754223183229260433e-31 1.100448820401495912e-27 9.725420248320586778e-04 0.000000000000000000e+00
9.013734716796319990e-01 9.765398629553606602e-02 1.754223183229260433e-31 1.100448820401495912e-27 9.725420248320586778e-04 0.000000000000000000e+00
9.013734716796319990e-01 9.765398629553606602e-02 1.754223183229260433e-31 1.100448820401495912e-27 9.725420248320586778e-04 0.000000000000000000e+00
9.013734716796319990e-01 9.765398629553606602e-02 1.754223183229260433e-31 1.100448820401495912e-27 9.725420248320586778e-04 0.000000000000000000e+00
9.013734716796319990e-01 9.765398629553606602e-02 1.754223183229260433e-31 1.100448820401495912e-27 9.725420248320586778e-04 0.000000000000000000e+00
9.013734716796319990e-01 9.765398629553606602e-02 1.754223183229260433e-31 1.100448820401495912e-27 9.725420248320586778e-04 0.000000000000000000e+00
9.013734716796319990e-01 9.765398629553606602e-02 1.754223183229260433e-31 1.100448820401495912e-27 9.725420248320586778e-04 0.000000000000000000e+00
9.013734716796319990e-01 9.765398629553606602e-02 1.754223183229260433e-31 1.100448820401495912e-27 9.725420248320586778e-04 0.000000000000000000e+00
9.013734716796319990e-01 9.765398629553606602e-02 1.754223183229260433e-31 1.100448820401495912e-27 9.725420248320586778e-04 0.000000000000000000e+00
9.013734716796319990e-01 9.765398629553606602e-02 1.754223183229260433e-31 1.100448820401495912e-27 9.725420248320586778e-04 0.000000000000000000e+00
9.013734716796319990e-01 9.765398629553606602e-02 1.754223183229260433e-31 1.100448820401495912e-27 9.725420248320586778e-04 0.000000000000000000e+00
9.013734716796319990e-01 9.765398629553606602e-02 1.754223183229260433e-31 1.100448820401495912e-27 9.725420248320586778e-04 0.000000000000000000e+00
9.013734716796319990e-01 9.765398629553606602e-02 1.754223183229260433e-31 1.100448820401495912e-27 9.725420248320586778e-04 0.000000000000000000e+00
9.013734716796319990e-01 9.765398629553606602e-02 1.754223183229260433e-31 1.100448820401495912e-27 9.725420248320586778e-04 0.000000000000000000e+00
9.013734716796319990e-01 9.765398629553606602e-02 1.754223183229260433e-31 1.100448820401495912e-27 9.725420248320586778e-04 0.000000000000000000e+00
9.013734716796319990e-01 9.765398629553606602e-02 1.754223183229260433e-31 1.100448820401495912e-27 9.725420248320586778e-04 0.000000000000000000e+00
9.013734716796319990e-01 9.765398629553606602e-02 1.754223183229260433e-31 1.100448820401495912e-27 9.725420248320586778e-04 0.000000000000000000e+00
9.013734716796319990e-01 9.765398629553606602e-02 1.754223183229260433e-31 1.100448820401495912e-27 9.725420248320586778e-04 0.000000000000000000e+00
9.013734716796319990e-01 9.765398629553606602e-02 1.754223183229260433e-31 1.100448820401495912e-27 9.725420248320586778e-04 0.000000000000000000e+00
9.013734716796319990e-01 9.765398629553606602e-02 1.754223183229260433e-31 1.100448820401495912e-27 9.725420248320586778e-04 0.000000000000000000e+00
9.013734716796319990e-01 9.765398629553606602e-02 1.754223183229260433e-31 1.100448820401495912e-27 9.725420248320586778e-04 0.000000000000000000e+00
9.013734716796319990e-01 9.765398629553606602e-02 1.754223183229260433e-31 1.100448820401495912e-27 9.725420248320586778e-04 0.000000000000000000e+00
9.013734716796319990e-01 9.765398629553606602e-02 1.754223183229260433e-31 1.100448820401495912e-27 9.725420248320586778e-04 0.000000000000000000e+00
9.013734716796319990e-01 9.765398629553606602e-02 1.754223183229260433e-31 1.100448820401495912e-27 9.725420248320586778e-04 0.000000000000000000e+00
9.013734716796319990e-01 9.765398629553606602e-02 1.754223183229260433e-31 1.100448820401495912e-27 9.725420248320586778e-04 0.000000000000000000e+00
9.013734716796319990e-01 9.765398629553606602e-02 1.754223183229260433e-31 1.100448820401495912e-27 9.725420248320586778e-04 0.000000000000000000e+00
9.013734716796319990e-01 9.765398629553606602e-02 1.754223183229260433e-31 1.100448820401495912e-27 9.725420248320586778e-04 0.000000000000000000e+00
9.013734716796319990e-01 9.765398629553606602e-02 1.754223183229260433e-31 1.100448820401495912e-27 9.725420248320586778e-04 0.000000000000000000e+00
9.013734716796319990e-01 9.765398629553606602e-02 1.754223183229260433e-31 1.100448820401495912e-27 9.725420248320586778e-04 0.000000000000000000e+00
9.013734716796319990e-01 9.765398629553606602e-02 1.754223183229260433e-31 1.100448820401495912e-27 9.725420248320586778e-04 0.000000000000000000e+00
9.013734716796319990e-01 9.765398629553606602e-02 1.754223183229260433e-31 1.100448820401495912e-27 9.725420248320586778e-04 0.000000000000000000e+00
9.013734716796319990e-01 9.765398629553606602e-02 1.754223183229260433e-31 1.100448820401495912e-27 9.725420248320586778e-04 0.000000000000000000e+00
9.013734716796319990e-01 9.765398629553606602e-02 1.754223183229260433e-31 1.100448820401495912e-27 9.725420248320586778e-04 0.000000000000000000e+00
9.013734716796319990e-01 9.765398629553606602e-02 1.754223183229260433e-31 1.100448820401495912e-27 9.725420248320586778e-04 0.000000000000000000e+00
9.013734716796319990e-01 9.765398629553606602e-02 1.754223183229260433e-31 1.100448820401495912e-27 9.725420248320586778e-04 0.000000000000000000e+00
9.013734716796319990e-01 9.765398629553606602e-02 1.754223183229260433e-31 1.100448820401495912e-27 9.725420248320586778e-04 0.000000000000000000e+00
9.013734716796319990e-01 9.765398629553606602e-02 1.754223183229260433e-31 1.100448820401495912e-27 9.725420248320586778e-04 0.000000000000000000e+00
9.013734716796319990e-01 9.765398629553606602e-02 1.754223183229260433e-31 1.100448820401495912e-27 9.725420248320586778e-04 0.000000000000000000e+00
9.013734716796319990e-01 9.765398629553606602e-02 1.754223183229260433e-31 1.100448820401495912e-27 9.725420248320586778e-04 0.000000000000000000e+00
9.013734716796319990e-01 9.765398629553606602e-02 1.754223183229260433e-31 1.100448820401495912e-27 9.725420248320586778e-04 0.000000000000000000e+00
9.013734716796319990e-01 9.765398629553606602e-02 1.754223183229260433e-31 1.100448820401495912e-27 9.725420248320586778e-04 0.000000000000000000e+00
9.013734716796319990e-01 9.765398629553606602e-02 1.754223183229260433e-31 1.100448820401495912e-27 9.725420248320586778e-04 0.000000000000000000e+00
9.013734716796319990e-01 9.765398629553606602e-02 1.754223183229260433e-31 1.100448820401495912e-27 9.725420248320586778e-04 0.000000000000000000e+00
9.013734716796319990e-01 9.765398629553606602e-02 1.754223183229260433e-31 1.100448820401495912e-27 9.725420248320586778e-04 0.000000000000000000e+00
9.013734716796319990e-01 9.765398629553606602e-02 1.754223183229260433e-31 1.100448820401495912e-27 9.725420248320586778e-04 0.000000000000000000e+00
9.013734716796319990e-01 9.765398629553606602e-02 1.754223183229260433e-31 1.100448820401495912e-27 9.725420248320586778e-04 0.000000000000000000e+00
9.013734716796319990e-01 9.765398629553606602e-02 1.754223183229260433e-31 1.100448820401495912e-27 9.725420248320586778e-04 0.000000000000000000e+00
9.013734716796319990e-01 9.765398629553606602e-02 1.754223183229260433e-31 1.100448820401495912e-27 9.725420248320586778e-04 0.000000000000000000e+00
9.013734716796319990e-01 9.765398629553606602e-02 1.754223183229260433e-31 1.100448820401495912e-27 9.725420248320586778e-04 0.000000000000000000e+00
9.013734716796319990e-01 9.765398629553606602e-02 1.754223183229260433e-31 1.100448820401495912e-27 9.725420248320586778e-04 0.000000000000000000e+00
9.013734716796319990e-01 9.765398629553606602e-02 1.754223183229260433e-31 1.100448820401495912e-27 9.725420248320586778e-04 0.000000000000000000e+00
9.013734716796319990e-01 9.765398629553606602e-02 1.754223183229260433e-31 1.100448820401495912e-27 9.725420248320586778e-04 0.000000000000000000e+00
9.013734716796319990e-01 9.765398629553606602e-02 1.754223183229260433e-31 1.100448820401495912e-27 9.725420248320586778e-04 0.000000000000000000e+00
9.013734716796319990e-01 9.765398629553606602e-02 1.754223183229260433e-31 1.100448820401495912e-27 9.725420248320586778e-04 0.000000000000000000e+00
9.013734716796319990e-01 9.765398629553606602e-02 1.754223183229260433e-31 1.100448820401495912e-27 9.725420248320586778e-04 0.000000000000000000e+00
9.013734716796319990e-01 9.765398629553606602e-02 1.754223183229260433e-31 1.100448820401495912e-27 9.725420248320586778e-04 0.000000000000000000e+00
9.013734716796319990e-01 9.765398629553606602e-02 1.754223183229260433e-31 1.100448820401495912e-27 9.725420248320586778e-04 0.000000000000000000e+00
9.013734716796319990e-01 9.765398629553606602e-02 1.754223183229260433e-31 1.100448820401495912e-27 9.725420248320586778e-04 0.000000000000000000e+00
9.013734716796319990e-01 9.765398629553606602e-02 1.754223183229260433e-31 1.100448820401495912e-27 9.725420248320586778e-04 0.000000000000000000e+00
9.013734716796319990e-01 9.765398629553606602e-02 1.754223183229260433e-31 1.100448820401495912e-27 9.725420248320586778e-04 0.000000000000000000e+00
9.013734716796319990e-01 9.765398629553606602e-02 1.754223183229260433e-31 1.100448820401495912e-27 9.725420248320586778e-04 0.000000000000000000e+00
9.013734716796319990e-01 9.765398629553606602e-02 1.754223183229260433e-31 1.100448820401495912e-27 9.725420248320586778e-04 0.000000000000000000e+00
9.013734716796319990e-01 9.765398629553606602e-02 1.754223183229260433e-31 1.100448820401495912e-27 9.725420248320586778e-04 0.000000000000000000e+00
9.013734716796319990e-01 9.765398629553606602e-02 1.754223183229260433e-31 1.100448820401495912e-27 9.725420248320586778e-04 0.000000000000000000e+00
9.013734716796319990e-01 9.765398629553606602e-02 1.754223183229260433e-31 1.100448820401495912e-27 9.725420248320586778e-04 0.000000000000000000e+00
9.013734716796319990e-01 9.765398629553606602e-02 1.754223183229260433e-31 1.100448820401495912e-27 9.725420248320586778e-04 0.000000000000000000e+00
9.013734716796319990e-01 9.765398629553606602e-02 1.754223183229260433e-31 1.100448820401495912e-27 9.725420248320586778e-04 0.000000000000000000e+00
9.013734716796319990e-01 9.765398629553606602e-02 1.754223183229260433e-31 1.100448820401495912e-27 9.725420248320586778e-04 0.000000000000000000e+00
9.013734716796319990e-01 9.765398629553606602e-02 1.754223183229260433e-31 1.100448820401495912e-27 9.725420248320586778e-04 0.000000000000000000e+00
9.013734716796319990e-01 9.765398629553606602e-02 1.754223183229260433e-31 1.100448820401495912e-27 9.725420248320586778e-04 0.000000000000000000e+00
9.013734716796319990e-01 9.765398629553606602e-02 1.754223183229260433e-31 1.100448820401495912e-27 9.725420248320586778e-04 0.000000000000000000e+00
9.013734716796319990e-01 9.765398629553606602e-02 1.754223183229260433e-31 1.100448820401495912e-27 9.725420248320586778e-04 0.000000000000000000e+00
9.013734716796319990e-01 9.765398629553606602e-02 1.754223183229260433e-31 1.100448820401495912e-27 9.725420248320586778e-04 0.000000000000000000e+00
9.013734716796319990e-01 9.765398629553606602e-02 1.754223183229260433e-31 1.100448820401495912e-27 9.725420248320586778e-04 0.000000000000000000e+00
9.013734716796319990e-01 9.765398629553606602e-02 1.754223183229260433e-31 1.100448820401495912e-27 9.725420248320586778e-04 0.000000000000000000e+00
9.013734716796319990e-01 9.765398629553606602e-02 1.754223183229260433e-31 1.100448820401495912e-27 9.725420248320586778e-04 0.000000000000000000e+00
9.013734716796319990e-01 9.765398629553606602e-02 1.754223183229260433e-31 1.100448820401495912e-27 9.725420248320586778e-04 0.000000000000000000e+00
9.013734716796319990e-01 9.765398629553606602e-02 1.754223183229260433e-31 1.100448820401495912e-27 9.725420248320586778e-04 0.000000000000000000e+00
9.013734716796319990e-01 9.765398629553606602e-02 1.754223183229260433e-31 1.100448820401495912e-27 9.725420248320586778e-04 0.000000000000000000e+00
9.013734716796319990e-01 9.765398629553606602e-02 1.754223183229260433e-31 1.100448820401495912e-27 9.725420248320586778e-04 0.000000000000000000e+00
9.013734716796319990e-01 9.765398629553606602e-02 1.754223183229260433e-31 1.100448820401495912e-27 9.725420248320586778e-04 0.000000000000000000e+00
9.013734716796319990e-01 9.765398629553606602e-02 1.754223183229260433e-31 1.100448820401495912e-27 9.725420248320586778e-04 0.000000000000000000e+00
9.013734716796319990e-01 9.765398629553606602e-02 1.754223183229260433e-31 1.100448820401495912e-27 9.725420248320586778e-04 0.000000000000000000e+00
9.013734716796319990e-01 9.765398629553606602e-02 1.754223183229260433e-31 1.100448820401495912e-27 9.725420248320586778e-04 0.000000000000000000e+00
9.013734716796319990e-01 9.765398629553606602e-02 1.754223183229260433e-31 1.100448820401495912e-27 9.725420248320586778e-04 0.000000000000000000e+00
9.013734716796319990e-01 9.765398629553606602e-02 1.754223183229260433e-31 1.100448820401495912e-27 9.725420248320586778e-04 0.000000000000000000e+00
9.013734716796319990e-01 9.765398629553606602e-02 1.754223183229260433e-31 1.100448820401495912e-27 9.725420248320586778e-04 0.000000000000000000e+00
9.013734716796319990e-01 9.765398629553606602e-02 1.754223183229260433e-31 1.100448820401495912e-27 9.725420248320586778e-04 0.000000000000000000e+00
9.013734716796319990e-01 9.765398629553606602e-02 1.754223183229260433e-31 1.100448820401495912e-27 9.725420248320586778e-04 0.000000000000000000e+00
9.013734716796319990e-01 9.765398629553606602e-02 1.754223183229260433e-31 1.100448820401495912e-27 9.725420248320586778e-04 0.000000000000000000e+00
9.013734716796319990e-01 9.765398629553606602e-02 1.754223183229260433e-31 1.100448820401495912e-27 9.725420248320586778e-04 0.000000000000000000e+00
9.013734716796319990e-01 9.765398629553606602e-02 1.754223183229260433e-31 1.100448820401495912e-27 9.725420248320586778e-04 0.000000000000000000e+00
9.013734716796319990e-01 9.765398629553606602e-02 1.754223183229260433e-31 1.100448820401495912e-27 9.725420248320586778e-04 0.000000000000000000e+00
9.013734716796319990e-01 9.765398629553606602e-02 1.754223183229260433e-31 1.100448820401495912e-27 9.725420248320586778e-04 0.000000000000000000e+00
9.013734716796319990e-01 9.765398629553606602e-02 1.754223183229260433e-31 1.100448820401495912e-27 9.725420248320586778e-04 0.000000000000000000e+00
9.013734716796319990e-01 9.765398629553606602e-02 1.754223183229260433e-31 1.100448820401495912e-27 9.725420248320586778e-04 0.000000000000000000e+00
9.013734716796319990e-01 9.765398629553606602e-02 1.754223183229260433e-31 1.100448820401495912e-27 9.725420248320586778e-04 0.000000000000000000e+00
9.013734716796319990e-01 9.765398629553606602e-02 1.754223183229260433e-31 1.100448820401495912e-27 9.725420248320586778e-04 0.000000000000000000e+00
9.013734716796319990e-01 9.765398629553606602e-02 1.754223183229260433e-31 1.100448820401495912e-27 9.725420248320586778e-04 0.000000000000000000e+00
9.013734716796319990e-01 9.765398629553606602e-02 1.754223183229260433e-31 1.100448820401495912e-27 9.725420248320586778e-04 0.000000000000000000e+00
9.013734716796319990e-01 9.765398629553606602e-02 1.754223183229260433e-31 1.100448820401495912e-27 9.725420248320586778e-04 0.000000000000000000e+00
9.013734716796319990e-01 9.765398629553606602e-02 1.754223183229260433e-31 1.100448820401495912e-27 9.725420248320586778e-04 0.000000000000000000e+00
9.013734716796319990e-01 9.765398629553606602e-02 1.754223183229260433e-31 1.100448820401495912e-27 9.725420248320586778e-04 0.000000000000000000e+00
9.013734716796319990e-01 9.765398629553606602e-02 1.754223183229260433e-31 1.100448820401495912e-27 9.725420248320586778e-04 0.000000000000000000e+00
9.013734716796319990e-01 9.765398629553606602e-02 1.754223183229260433e-31 1.100448820401495912e-27 9.725420248320586778e-04 0.000000000000000000e+00
9.013734716796319990e-01 9.765398629553606602e-02 1.754223183229260433e-31 1.100448820401495912e-27 9.725420248320586778e-04 0.000000000000000000e+00
9.013734716796319990e-01 9.765398629553606602e-02 1.754223183229260433e-31 1.100448820401495912e-27 9.725420248320586778e-04 0.000000000000000000e+00
9.013734716796319990e-01 9.765398629553606602e-02 1.754223183229260433e-31 1.100448820401495912e-27 9.725420248320586778e-04 0.000000000000000000e+00
9.013734716796319990e-01 9.765398629553606602e-02 1.754223183229260433e-31 1.100448820401495912e-27 9.725420248320586778e-04 0.000000000000000000e+00
9.013734716796319990e-01 9.765398629553606602e-02 1.754223183229260433e-31 1.100448820401495912e-27 9.725420248320586778e-04 0.000000000000000000e+00
9.013734716796319990e-01 9.765398629553606602e-02 1.754223183229260433e-31 1.100448820401495912e-27 9.725420248320586778e-04 0.000000000000000000e+00
9.013734716796319990e-01 9.765398629553606602e-02 1.754223183229260433e-31 1.100448820401495912e-27 9.725420248320586778e-04 0.000000000000000000e+00
9.013734716796319990e-01 9.765398629553606602e-02 1.754223183229260433e-31 1.100448820401495912e-27 9.725420248320586778e-04 0.000000000000000000e+00
9.013734716796319990e-01 9.765398629553606602e-02 1.754223183229260433e-31 1.100448820401495912e-27 9.725420248320586778e-04 0.000000000000000000e+00
9.013734716796319990e-01 9.765398629553606602e-02 1.754223183229260433e-31 1.100448820401495912e-27 9.725420248320586778e-04 0.000000000000000000e+00
9.013734716796319990e-01 9.765398629553606602e-02 1.754223183229260433e-31 1.100448820401495912e-27 9.725420248320586778e-04 0.000000000000000000e+00
9.013734716796319990e-01 9.765398629553606602e-02 1.754223183229260433e-31 1.100448820401495912e-27 9.725420248320586778e-04 0.000000000000000000e+00
9.013734716796319990e-01 9.765398629553606602e-02 1.754223183229260433e-31 1.100448820401495912e-27 9.725420248320586778e-04 0.000000000000000000e+00
9.013734716796319990e-01 9.765398629553606602e-02 1.754223183229260433e-31 1.100448820401495912e-27 9.725420248320586778e-04 0.000000000000000000e+00
9.013734716796319990e-01 9.765398629553606602e-02 1.754223183229260433e-31 1.100448820401495912e-27 9.725420248320586778e-04 0.000000000000000000e+00
9.013734716796319990e-01 9.765398629553606602e-02 1.754223183229260433e-31 1.100448820401495912e-27 9.725420248320586778e-04 0.000000000000000000e+00
9.013734716796319990e-01 9.765398629553606602e-02 1.754223183229260433e-31 1.100448820401495912e-27 9.725420248320586778e-04 0.000000000000000000e+00
9.013734716796319990e-01 9.765398629553606602e-02 1.754223183229260433e-31 1.100448820401495912e-27 9.725420248320586778e-04 0.000000000000000000e+00
9.013734716796319990e-01 9.765398629553606602e-02 1.754223183229260433e-31 1.100448820401495912e-27 9.725420248320586778e-04 0.000000000000000000e+00
9.013734716796319990e-01 9.765398629553606602e-02 1.754223183229260433e-31 1.100448820401495912e-27 9.725420248320586778e-04 0.000000000000000000e+00
9.013734716796319990e-01 9.765398629553606602e-02 1.754223183229260433e-31 1.100448820401495912e-27 9.725420248320586778e-04 0.000000000000000000e+00
9.013734716796319990e-01 9.765398629553606602e-02 1.754223183229260433e-31 1.100448820401495912e-27 9.725420248320586778e-04 0.000000000000000000e+00
9.013734716796319990e-01 9.765398629553606602e-02 1.754223183229260433e-31 1.100448820401495912e-27 9.725420248320586778e-04 0.000000000000000000e+00
9.013734716796319990e-01 9.765398629553606602e-02 1.754223183229260433e-31 1.100448820401495912e-27 9.725420248320586778e-04 0.000000000000000000e+00
9.013734716796319990e-01 9.765398629553606602e-02 1.754223183229260433e-31 1.100448820401495912e-27 9.725420248320586778e-04 0.000000000000000000e+00
9.013734716796319990e-01 9.765398629553606602e-02 1.754223183229260433e-31 1.100448820401495912e-27 9.725420248320586778e-04 0.000000000000000000e+00
9.013734716796319990e-01 9.765398629553606602e-02 1.754223183229260433e-31 1.100448820401495912e-27 9.725420248320586778e-04 0.000000000000000000e+00
9.013734716796319990e-01 9.765398629553606602e-02 1.754223183229260433e-31 1.100448820401495912e-27 9.725420248320586778e-04 0.000000000000000000e+00
9.013734716796319990e-01 9.765398629553606602e-02 1.754223183229260433e-31 1.100448820401495912e-27 9.725420248320586778e-04 0.000000000000000000e+00
9.013734716796319990e-01 9.765398629553606602e-02 1.754223183229260433e-31 1.100448820401495912e-27 9.725420248320586778e-04 0.000000000000000000e+00
9.013734716796319990e-01 9.765398629553606602e-02 1.754223183229260433e-31 1.100448820401495912e-27 9.725420248320586778e-04 0.000000000000000000e+00
9.013734716796319990e-01 9.765398629553606602e-02 1.754223183229260433e-31 1.100448820401495912e-27 9.725420248320586778e-04 0.000000000000000000e+00
9.013734716796319990e-01 9.765398629553606602e-02 1.754223183229260433e-31 1.100448820401495912e-27 9.725420248320586778e-04 0.000000000000000000e+00
9.013734716796319990e-01 9.765398629553606602e-02 1.754223183229260433e-31 1.100448820401495912e-27 9.725420248320586778e-04 0.000000000000000000e+00
9.013734716796319990e-01 9.765398629553606602e-02 1.754223183229260433e-31 1.100448820401495912e-27 9.725420248320586778e-04 0.000000000000000000e+00
9.013734716796319990e-01 9.765398629553606602e-02 1.754223183229260433e-31 1.100448820401495912e-27 9.725420248320586778e-04 0.000000000000000000e+00
9.013734716796319990e-01 9.765398629553606602e-02 1.754223183229260433e-31 1.100448820401495912e-27 9.725420248320586778e-04 0.000000000000000000e+00
9.013734716796319990e-01 9.765398629553606602e-02 1.754223183229260433e-31 1.100448820401495912e-27 9.725420248320586778e-04 0.000000000000000000e+00
9.013734716796319990e-01 9.765398629553606602e-02 1.754223183229260433e-31 1.100448820401495912e-27 9.725420248320586778e-04 0.000000000000000000e+00
9.013734716796319990e-01 9.765398629553606602e-02 1.754223183229260433e-31 1.100448820401495912e-27 9.725420248320586778e-04 0.000000000000000000e+00
9.013734716796319990e-01 9.765398629553606602e-02 1.754223183229260433e-31 1.100448820401495912e-27 9.725420248320586778e-04 0.000000000000000000e+00
9.013734716796319990e-01 9.765398629553606602e-02 1.754223183229260433e-31 1.100448820401495912e-27 9.725420248320586778e-04 0.000000000000000000e+00
9.013734716796319990e-01 9.765398629553606602e-02 1.754223183229260433e-31 1.100448820401495912e-27 9.725420248320586778e-04 0.000000000000000000e+00
9.013734716796319990e-01 9.765398629553606602e-02 1.754223183229260433e-31 1.100448820401495912e-27 9.725420248320586778e-04 0.000000000000000000e+00
9.013734716796319990e-01 9.765398629553606602e-02 1.754223183229260433e-31 1.100448820401495912e-27 9.725420248320586778e-04 0.000000000000000000e+00
9.013734716796319990e-01 9.765398629553606602e-02 1.754223183229260433e-31 1.100448820401495912e-27 9.725420248320586778e-04 0.000000000000000000e+00
9.013734716796319990e-01 9.765398629553606602e-02 1.754223183229260433e-31 1.100448820401495912e-27 9.725420248320586778e-04 0.000000000000000000e+00
9.013734716796319990e-01 9.765398629553606602e-02 1.754223183229260433e-31 1.100448820401495912e-27 9.725420248320586778e-04 0.000000000000000000e+00
9.013734716796319990e-01 9.765398629553606602e-02 1.754223183229260433e-31 1.100448820401495912e-27 9.725420248320586778e-04 0.000000000000000000e+00
9.013734716796319990e-01 9.765398629553606602e-02 1.754223183229260433e-31 1.100448820401495912e-27 9.725420248320586778e-04 0.000000000000000000e+00
9.013734716796319990e-01 9.765398629553606602e-02 1.754223183229260433e-31 1.100448820401495912e-27 9.725420248320586778e-04 0.000000000000000000e+00
9.013734716796319990e-01 9.765398629553606602e-02 1.754223183229260433e-31 1.100448820401495912e-27 9.725420248320586778e-04 0.000000000000000000e+00
9.013734716796319990e-01 9.765398629553606602e-02 1.754223183229260433e-31 1.100448820401495912e-27 9.725420248320586778e-04 0.000000000000000000e+00
9.013734716796319990e-01 9.765398629553606602e-02 1.754223183229260433e-31 1.100448820401495912e-27 9.725420248320586778e-04 0.000000000000000000e+00
9.013734716796319990e-01 9.765398629553606602e-02 1.754223183229260433e-31 1.100448820401495912e-27 9.725420248320586778e-04 0.000000000000000000e+00
9.013734716796319990e-01 9.765398629553606602e-02 1.754223183229260433e-31 1.100448820401495912e-27 9.725420248320586778e-04 0.000000000000000000e+00
9.013734716796319990e-01 9.765398629553606602e-02 1.754223183229260433e-31 1.100448820401495912e-27 9.725420248320586778e-04 0.000000000000000000e+00
9.013734716796319990e-01 9.765398629553606602e-02 1.754223183229260433e-31 1.100448820401495912e-27 9.725420248320586778e-04 0.000000000000000000e+00
9.013734716796319990e-01 9.765398629553606602e-02 1.754223183229260433e-31 1.100448820401495912e-27 9.725420248320586778e-04 0.000000000000000000e+00
9.013734716796319990e-01 9.765398629553606602e-02 1.754223183229260433e-31 1.100448820401495912e-27 9.725420248320586778e-04 0.000000000000000000e+00
9.013734716796319990e-01 9.765398629553606602e-02 1.754223183229260433e-31 1.100448820401495912e-27 9.725420248320586778e-04 0.000000000000000000e+00
9.013734716796319990e-01 9.765398629553606602e-02 1.754223183229260433e-31 1.100448820401495912e-27 9.725420248320586778e-04 0.000000000000000000e+00
9.013734716796319990e-01 9.765398629553606602e-02 1.754223183229260433e-31 1.100448820401495912e-27 9.725420248320586778e-04 0.000000000000000000e+00
9.013734716796319990e-01 9.765398629553606602e-02 1.754223183229260433e-31 1.100448820401495912e-27 9.725420248320586778e-04 0.000000000000000000e+00
9.013734716796319990e-01 9.765398629553606602e-02 1.754223183229260433e-31 1.100448820401495912e-27 9.725420248320586778e-04 0.000000000000000000e+00
9.013734716796319990e-01 9.765398629553606602e-02 1.754223183229260433e-31 1.100448820401495912e-27 9.725420248320586778e-04 0.000000000000000000e+00
9.013734716796319990e-01 9.765398629553606602e-02 1.754223183229260433e-31 1.100448820401495912e-27 9.725420248320586778e-04 0.000000000000000000e+00
9.013734716796319990e-01 9.765398629553606602e-02 1.754223183229260433e-31 1.100448820401495912e-27 9.725420248320586778e-04 0.000000000000000000e+00
9.013734716796319990e-01 9.765398629553606602e-02 1.754223183229260433e-31 1.100448820401495912e-27 9.725420248320586778e-04 0.000000000000000000e+00
9.013734716796319990e-01 9.765398629553606602e-02 1.754223183229260433e-31 1.100448820401495912e-27 9.725420248320586778e-04 0.000000000000000000e+00
9.013734716796319990e-01 9.765398629553606602e-02 1.754223183229260433e-31 1.100448820401495912e-27 9.725420248320586778e-04 0.000000000000000000e+00
9.013734716796319990e-01 9.765398629553606602e-02 1.754223183229260433e-31 1.100448820401495912e-27 9.725420248320586778e-04 0.000000000000000000e+00
9.013734716796319990e-01 9.765398629553606602e-02 1.754223183229260433e-31 1.100448820401495912e-27 9.725420248320586778e-04 0.000000000000000000e+00
9.013734716796319990e-01 9.765398629553606602e-02 1.754223183229260433e-31 1.100448820401495912e-27 9.725420248320586778e-04 0.000000000000000000e+00
9.013734716796319990e-01 9.765398629553606602e-02 1.754223183229260433e-31 1.100448820401495912e-27 9.725420248320586778e-04 0.000000000000000000e+00
9.013734716796319990e-01 9.765398629553606602e-02 1.754223183229260433e-31 1.100448820401495912e-27 9.725420248320586778e-04 0.000000000000000000e+00
9.013734716796319990e-01 9.765398629553606602e-02 1.754223183229260433e-31 1.100448820401495912e-27 9.725420248320586778e-04 0.000000000000000000e+00
9.013734716796319990e-01 9.765398629553606602e-02 1.754223183229260433e-31 1.100448820401495912e-27 9.725420248320586778e-04 0.000000000000000000e+00
9.013734716796319990e-01 9.765398629553606602e-02 1.754223183229260433e-31 1.100448820401495912e-27 9.725420248320586778e-04 0.000000000000000000e+00
9.013734716796319990e-01 9.765398629553606602e-02 1.754223183229260433e-31 1.100448820401495912e-27 9.725420248320586778e-04 0.000000000000000000e+00
9.013734716796319990e-01 9.765398629553606602e-02 1.754223183229260433e-31 1.100448820401495912e-27 9.725420248320586778e-04 0.000000000000000000e+00
9.013734716796319990e-01 9.765398629553606602e-02 1.754223183229260433e-31 1.100448820401495912e-27 9.725420248320586778e-04 0.000000000000000000e+00
9.013734716796319990e-01 9.765398629553606602e-02 1.754223183229260433e-31 1.100448820401495912e-27 9.725420248320586778e-04 0.000000000000000000e+00
9.013734716796319990e-01 9.765398629553606602e-02 1.754223183229260433e-31 1.100448820401495912e-27 9.725420248320586778e-04 0.000000000000000000e+00
9.013734716796319990e-01 9.765398629553606602e-02 1.754223183229260433e-31 1.100448820401495912e-27 9.725420248320586778e-04 0.000000000000000000e+00
9.013734716796319990e-01 9.765398629553606602e-02 1.754223183229260433e-31 1.100448820401495912e-27 9.725420248320586778e-04 0.000000000000000000e+00
9.013734716796319990e-01 9.765398629553606602e-02 1.754223183229260433e-31 1.100448820401495912e-27 9.725420248320586778e-04 0.000000000000000000e+00
9.013734716796319990e-01 9.765398629553606602e-02 1.754223183229260433e-31 1.100448820401495912e-27 9.725420248320586778e-04 0.000000000000000000e+00
9.013734716796319990e-01 9.765398629553606602e-02 1.754223183229260433e-31 1.100448820401495912e-27 9.725420248320586778e-04 0.000000000000000000e+00
9.013734716796319990e-01 9.765398629553606602e-02 1.754223183229260433e-31 1.100448820401495912e-27 9.725420248320586778e-04 0.000000000000000000e+00
9.013734716796319990e-01 9.765398629553606602e-02 1.754223183229260433e-31 1.100448820401495912e-27 9.725420248320586778e-04 0.000000000000000000e+00
9.013734716796319990e-01 9.765398629553606602e-02 1.754223183229260433e-31 1.100448820401495912e-27 9.725420248320586778e-04 0.000000000000000000e+00
9.013734716796319990e-01 9.765398629553606602e-02 1.754223183229260433e-31 1.100448820401495912e-27 9.725420248320586778e-04 0.000000000000000000e+00
9.013734716796319990e-01 9.765398629553606602e-02 1.754223183229260433e-31 1.100448820401495912e-27 9.725420248320586778e-04 0.000000000000000000e+00
9.013734716796319990e-01 9.765398629553606602e-02 1.754223183229260433e-31 1.100448820401495912e-27 9.725420248320586778e-04 0.000000000000000000e+00
9.013734716796319990e-01 9.765398629553606602e-02 1.754223183229260433e-31 1.100448820401495912e-27 9.725420248320586778e-04 0.000000000000000000e+00
9.013734716796319990e-01 9.765398629553606602e-02 1.754223183229260433e-31 1.100448820401495912e-27 9.725420248320586778e-04 0.000000000000000000e+00
9.013734716796319990e-01 9.765398629553606602e-02 1.754223183229260433e-31 1.100448820401495912e-27 9.725420248320586778e-04 0.000000000000000000e+00
9.013734716796319990e-01 9.765398629553606602e-02 1.754223183229260433e-31 1.100448820401495912e-27 9.725420248320586778e-04 0.000000000000000000e+00
9.013734716796319990e-01 9.765398629553606602e-02 1.754223183229260433e-31 1.100448820401495912e-27 9.725420248320586778e-04 0.000000000000000000e+00
9.013734716796319990e-01 9.765398629553606602e-02 1.754223183229260433e-31 1.100448820401495912e-27 9.725420248320586778e-04 0.000000000000000000e+00
9.013734716796319990e-01 9.765398629553606602e-02 1.754223183229260433e-31 1.100448820401495912e-27 9.725420248320586778e-04 0.000000000000000000e+00
9.013734716796319990e-01 9.765398629553606602e-02 1.754223183229260433e-31 1.100448820401495912e-27 9.725420248320586778e-04 0.000000000000000000e+00
9.013734716796319990e-01 9.765398629553606602e-02 1.754223183229260433e-31 1.100448820401495912e-27 9.725420248320586778e-04 0.000000000000000000e+00
9.013734716796319990e-01 9.765398629553606602e-02 1.754223183229260433e-31 1.100448820401495912e-27 9.725420248320586778e-04 0.000000000000000000e+00
9.013734716796319990e-01 9.765398629553606602e-02 1.754223183229260433e-31 1.100448820401495912e-27 9.725420248320586778e-04 0.000000000000000000e+00
9.013734716796319990e-01 9.765398629553606602e-02 1.754223183229260433e-31 1.100448820401495912e-27 9.725420248320586778e-04 0.000000000000000000e+00
9.013734716796319990e-01 9.765398629553606602e-02 1.754223183229260433e-31 1.100448820401495912e-27 9.725420248320586778e-04 0.000000000000000000e+00
9.013734716796319990e-01 9.765398629553606602e-02 1.754223183229260433e-31 1.100448820401495912e-27 9.725420248320586778e-04 0.000000000000000000e+00
9.013734716796319990e-01 9.765398629553606602e-02 1.754223183229260433e-31 1.100448820401495912e-27 9.725420248320586778e-04 0.000000000000000000e+00
9.013734716796319990e-01 9.765398629553606602e-02 1.754223183229260433e-31 1.100448820401495912e-27 9.725420248320586778e-04 0.000000000000000000e+00
9.013734716796319990e-01 9.765398629553606602e-02 1.754223183229260433e-31 1.100448820401495912e-27 9.725420248320586778e-04 0.000000000000000000e+00
9.013734716796319990e-01 9.765398629553606602e-02 1.754223183229260433e-31 1.100448820401495912e-27 9.725420248320586778e-04 0.000000000000000000e+00
9.013734716796319990e-01 9.765398629553606602e-02 1.754223183229260433e-31 1.100448820401495912e-27 9.725420248320586778e-04 0.000000000000000000e+00
9.013734716796319990e-01 9.765398629553606602e-02 1.754223183229260433e-31 1.100448820401495912e-27 9.725420248320586778e-04 0.000000000000000000e+00
9.013734716796319990e-01 9.765398629553606602e-02 1.754223183229260433e-31 1.100448820401495912e-27 9.725420248320586778e-04 0.000000000000000000e+00
9.013734716796319990e-01 9.765398629553606602e-02 1.754223183229260433e-31 1.100448820401495912e-27 9.725420248320586778e-04 0.000000000000000000e+00
9.013734716796319990e-01 9.765398629553606602e-02 1.754223183229260433e-31 1.100448820401495912e-27 9.725420248320586778e-04 0.000000000000000000e+00
9.013734716796319990e-01 9.765398629553606602e-02 1.754223183229260433e-31 1.100448820401495912e-27 9.725420248320586778e-04 0.000000000000000000e+00
9.013734716796319990e-01 9.765398629553606602e-02 1.754223183229260433e-31 1.100448820401495912e-27 9.725420248320586778e-04 0.000000000000000000e+00
9.013734716796319990e-01 9.765398629553606602e-02 1.754223183229260433e-31 1.100448820401495912e-27 9.725420248320586778e-04 0.000000000000000000e+00
9.013734716796319990e-01 9.765398629553606602e-02 1.754223183229260433e-31 1.100448820401495912e-27 9.725420248320586778e-04 0.000000000000000000e+00
9.013734716796319990e-01 9.765398629553606602e-02 1.754223183229260433e-31 1.100448820401495912e-27 9.725420248320586778e-04 0.000000000000000000e+00
9.013734716796319990e-01 9.765398629553606602e-02 1.754223183229260433e-31 1.100448820401495912e-27 9.725420248320586778e-04 0.000000000000000000e+00
9.013734716796319990e-01 9.765398629553606602e-02 1.754223183229260433e-31 1.100448820401495912e-27 9.725420248320586778e-04 0.000000000000000000e+00
9.013734716796319990e-01 9.765398629553606602e-02 1.754223183229260433e-31 1.100448820401495912e-27 9.725420248320586778e-04 0.000000000000000000e+00
9.013734716796319990e-01 9.765398629553606602e-02 1.754223183229260433e-31 1.100448820401495912e-27 9.725420248320586778e-04 0.000000000000000000e+00
9.013734716796319990e-01 9.765398629553606602e-02 1.754223183229260433e-31 1.100448820401495912e-27 9.725420248320586778e-04 0.000000000000000000e+00
9.013734716796319990e-01 9.765398629553606602e-02 1.754223183229260433e-31 1.100448820401495912e-27 9.725420248320586778e-04 0.000000000000000000e+00
9.013734716796319990e-01 9.765398629553606602e-02 1.754223183229260433e-31 1.100448820401495912e-27 9.725420248320586778e-04 0.000000000000000000e+00
9.013734716796319990e-01 9.765398629553606602e-02 1.754223183229260433e-31 1.100448820401495912e-27 9.725420248320586778e-04 0.000000000000000000e+00
9.013734716796319990e-01 9.765398629553606602e-02 1.754223183229260433e-31 1.100448820401495912e-27 9.725420248320586778e-04 0.000000000000000000e+00
9.013734716796319990e-01 9.765398629553606602e-02 1.754223183229260433e-31 1.100448820401495912e-27 9.725420248320586778e-04 0.000000000000000000e+00
9.013734716796319990e-01 9.765398629553606602e-02 1.754223183229260433e-31 1.100448820401495912e-27 9.725420248320586778e-04 0.000000000000000000e+00
9.013734716796319990e-01 9.765398629553606602e-02 1.754223183229260433e-31 1.100448820401495912e-27 9.725420248320586778e-04 0.000000000000000000e+00
9.013734716796319990e-01 9.765398629553606602e-02 1.754223183229260433e-31 1.100448820401495912e-27 9.725420248320586778e-04 0.000000000000000000e+00
9.013734716796319990e-01 9.765398629553606602e-02 1.754223183229260433e-31 1.100448820401495912e-27 9.725420248320586778e-04 0.000000000000000000e+00
9.013734716796319990e-01 9.765398629553606602e-02 1.754223183229260433e-31 1.100448820401495912e-27 9.725420248320586778e-04 0.000000000000000000e+00
9.013734716796319990e-01 9.765398629553606602e-02 1.754223183229260433e-31 1.100448820401495912e-27 9.725420248320586778e-04 0.000000000000000000e+00
9.013734716796319990e-01 9.765398629553606602e-02 1.754223183229260433e-31 1.100448820401495912e-27 9.725420248320586778e-04 0.000000000000000000e+00
9.013734716796319990e-01 9.765398629553606602e-02 1.754223183229260433e-31 1.100448820401495912e-27 9.725420248320586778e-04 0.000000000000000000e+00
9.013734716796319990e-01 9.765398629553606602e-02 1.754223183229260433e-31 1.100448820401495912e-27 9.725420248320586778e-04 0.000000000000000000e+00
9.013734716796319990e-01 9.765398629553606602e-02 1.754223183229260433e-31 1.100448820401495912e-27 9.725420248320586778e-04 0.000000000000000000e+00
9.013734716796319990e-01 9.765398629553606602e-02 1.754223183229260433e-31 1.100448820401495912e-27 9.725420248320586778e-04 0.000000000000000000e+00
9.013734716796319990e-01 9.765398629553606602e-02 1.754223183229260433e-31 1.100448820401495912e-27 9.725420248320586778e-04 0.000000000000000000e+00
9.013734716796319990e-01 9.765398629553606602e-02 1.754223183229260433e-31 1.100448820401495912e-27 9.725420248320586778e-04 0.000000000000000000e+00
9.013734716796319990e-01 9.765398629553606602e-02 1.754223183229260433e-31 1.100448820401495912e-27 9.725420248320586778e-04 0.000000000000000000e+00
9.013734716796319990e-01 9.765398629553606602e-02 1.754223183229260433e-31 1.100448820401495912e-27 9.725420248320586778e-04 0.000000000000000000e+00
9.013734716796319990e-01 9.765398629553606602e-02 1.754223183229260433e-31 1.100448820401495912e-27 9.725420248320586778e-04 0.000000000000000000e+00
9.013734716796319990e-01 9.765398629553606602e-02 1.754223183229260433e-31 1.100448820401495912e-27 9.725420248320586778e-04 0.000000000000000000e+00
9.013734716796319990e-01 9.765398629553606602e-02 1.754223183229260433e-31 1.100448820401495912e-27 9.725420248320586778e-04 0.000000000000000000e+00
9.013734716796319990e-01 9.765398629553606602e-02 1.754223183229260433e-31 1.100448820401495912e-27 9.725420248320586778e-04 0.000000000000000000e+00
9.013734716796319990e-01 9.765398629553606602e-02 1.754223183229260433e-31 1.100448820401495912e-27 9.725420248320586778e-04 0.000000000000000000e+00
9.013734716796319990e-01 9.765398629553606602e-02 1.754223183229260433e-31 1.100448820401495912e-27 9.725420248320586778e-04 0.000000000000000000e+00
9.013734716796319990e-01 9.765398629553606602e-02 1.754223183229260433e-31 1.100448820401495912e-27 9.725420248320586778e-04 0.000000000000000000e+00
9.013734716796319990e-01 9.765398629553606602e-02 1.754223183229260433e-31 1.100448820401495912e-27 9.725420248320586778e-04 0.000000000000000000e+00
9.013734716796319990e-01 9.765398629553606602e-02 1.754223183229260433e-31 1.100448820401495912e-27 9.725420248320586778e-04 0.000000000000000000e+00
9.013734716796319990e-01 9.765398629553606602e-02 1.754223183229260433e-31 1.100448820401495912e-27 9.725420248320586778e-04 0.000000000000000000e+00
9.013734716796319990e-01 9.765398629553606602e-02 1.754223183229260433e-31 1.100448820401495912e-27 9.725420248320586778e-04 0.000000000000000000e+00
9.013734716796319990e-01 9.765398629553606602e-02 1.754223183229260433e-31 1.100448820401495912e-27 9.725420248320586778e-04 0.000000000000000000e+00
9.013734716796319990e-01 9.765398629553606602e-02 1.754223183229260433e-31 1.100448820401495912e-27 9.725420248320586778e-04 0.000000000000000000e+00
9.013734716796319990e-01 9.765398629553606602e-02 1.754223183229260433e-31 1.100448820401495912e-27 9.725420248320586778e-04 0.000000000000000000e+00
9.013734716796319990e-01 9.765398629553606602e-02 1.754223183229260433e-31 1.100448820401495912e-27 9.725420248320586778e-04 0.000000000000000000e+00
9.013734716796319990e-01 9.765398629553606602e-02 1.754223183229260433e-31 1.100448820401495912e-27 9.725420248320586778e-04 0.000000000000000000e+00
9.013734716796319990e-01 9.765398629553606602e-02 1.754223183229260433e-31 1.100448820401495912e-27 9.725420248320586778e-04 0.000000000000000000e+00
9.013734716796319990e-01 9.765398629553606602e-02 1.754223183229260433e-31 1.100448820401495912e-27 9.725420248320586778e-04 0.000000000000000000e+00
9.013734716796319990e-01 9.765398629553606602e-02 1.754223183229260433e-31 1.100448820401495912e-27 9.725420248320586778e-04 0.000000000000000000e+00
9.013734716796319990e-01 9.765398629553606602e-02 1.754223183229260433e-31 1.100448820401495912e-27 9.725420248320586778e-04 0.000000000000000000e+00
9.013734716796319990e-01 9.765398629553606602e-02 1.754223183229260433e-31 1.100448820401495912e-27 9.725420248320586778e-04 0.000000000000000000e+00
9.013734716796319990e-01 9.765398629553606602e-02 1.754223183229260433e-31 1.100448820401495912e-27 9.725420248320586778e-04 0.000000000000000000e+00
9.013734716796319990e-01 9.765398629553606602e-02 1.754223183229260433e-31 1.100448820401495912e-27 9.725420248320586778e-04 0.000000000000000000e+00
9.013734716796319990e-01 9.765398629553606602e-02 1.754223183229260433e-31 1.100448820401495912e-27 9.725420248320586778e-04 0.000000000000000000e+00
9.013734716796319990e-01 9.765398629553606602e-02 1.754223183229260433e-31 1.100448820401495912e-27 9.725420248320586778e-04 0.000000000000000000e+00
9.013734716796319990e-01 9.765398629553606602e-02 1.754223183229260433e-31 1.100448820401495912e-27 9.725420248320586778e-04 0.000000000000000000e+00
9.013734716796319990e-01 9.765398629553606602e-02 1.754223183229260433e-31 1.100448820401495912e-27 9.725420248320586778e-04 0.000000000000000000e+00
9.013734716796319990e-01 9.765398629553606602e-02 1.754223183229260433e-31 1.100448820401495912e-27 9.725420248320586778e-04 0.000000000000000000e+00
9.013734716796319990e-01 9.765398629553606602e-02 1.754223183229260433e-31 1.100448820401495912e-27 9.725420248320586778e-04 0.000000000000000000e+00
9.013734716796319990e-01 9.765398629553606602e-02 1.754223183229260433e-31 1.100448820401495912e-27 9.725420248320586778e-04 0.000000000000000000e+00
9.013734716796319990e-01 9.765398629553606602e-02 1.754223183229260433e-31 1.100448820401495912e-27 9.725420248320586778e-04 0.000000000000000000e+00
9.013734716796319990e-01 9.765398629553606602e-02 1.754223183229260433e-31 1.100448820401495912e-27 9.725420248320586778e-04 0.000000000000000000e+00
9.013734716796319990e-01 9.765398629553606602e-02 1.754223183229260433e-31 1.100448820401495912e-27 9.725420248320586778e-04 0.000000000000000000e+00
9.013734716796319990e-01 9.765398629553606602e-02 1.754223183229260433e-31 1.100448820401495912e-27 9.725420248320586778e-04 0.000000000000000000e+00
9.013734716796319990e-01 9.765398629553606602e-02 1.754223183229260433e-31 1.100448820401495912e-27 9.725420248320586778e-04 0.000000000000000000e+00
9.013734716796319990e-01 9.765398629553606602e-02 1.754223183229260433e-31 1.100448820401495912e-27 9.725420248320586778e-04 0.000000000000000000e+00
9.013734716796319990e-01 9.765398629553606602e-02 1.754223183229260433e-31 1.100448820401495912e-27 9.725420248320586778e-04 0.000000000000000000e+00
9.013734716796319990e-01 9.765398629553606602e-02 1.754223183229260433e-31 1.100448820401495912e-27 9.725420248320586778e-04 0.000000000000000000e+00
9.013734716796319990e-01 9.765398629553606602e-02 1.754223183229260433e-31 1.100448820401495912e-27 9.725420248320586778e-04 0.000000000000000000e+00
9.013734716796319990e-01 9.765398629553606602e-02 1.754223183229260433e-31 1.100448820401495912e-27 9.725420248320586778e-04 0.000000000000000000e+00
9.013734716796319990e-01 9.765398629553606602e-02 1.754223183229260433e-31 1.100448820401495912e-27 9.725420248320586778e-04 0.000000000000000000e+00
9.013734716796319990e-01 9.765398629553606602e-02 1.754223183229260433e-31 1.100448820401495912e-27 9.725420248320586778e-04 0.000000000000000000e+00
9.013734716796319990e-01 9.765398629553606602e-02 1.754223183229260433e-31 1.100448820401495912e-27 9.725420248320586778e-04 0.000000000000000000e+00
9.013734716796319990e-01 9.765398629553606602e-02 1.754223183229260433e-31 1.100448820401495912e-27 9.725420248320586778e-04 0.000000000000000000e+00
9.013734716796319990e-01 9.765398629553606602e-02 1.754223183229260433e-31 1.100448820401495912e-27 9.725420248320586778e-04 0.000000000000000000e+00
9.013734716796319990e-01 9.765398629553606602e-02 1.754223183229260433e-31 1.100448820401495912e-27 9.725420248320586778e-04 0.000000000000000000e+00
9.013734716796319990e-01 9.765398629553606602e-02 1.754223183229260433e-31 1.100448820401495912e-27 9.725420248320586778e-04 0.000000000000000000e+00
9.013734716796319990e-01 9.765398629553606602e-02 1.754223183229260433e-31 1.100448820401495912e-27 9.725420248320586778e-04 0.000000000000000000e+00
9.013734716796319990e-01 9.765398629553606602e-02 1.754223183229260433e-31 1.100448820401495912e-27 9.725420248320586778e-04 0.000000000000000000e+00
