6.664099855478828882e-01 3.326438415866141973e-01 2.999042821970298008e-14 4.726156284359244495e-13 9.461728650002214141e-04 0.000000000000000000e+00
6.664099997347708859e-01 3.326438275841151482e-01 1.992452525513678416e-14 3.418290178573526742e-13 9.461726807510382293e-04 0.000000000000000000e+00
6.664099806764283151e-01 3.326438465961435442e-01 1.249480071212783957e-14 2.361584445469822454e-13 9.461727271773850458e-04 0.000000000000000000e+00
6.664099806764283151e-01 3.326438465961434887e-01 7.779513887618869270e-15 1.622096945156019257e-13 9.461727272561318422e-04 0.000000000000000000e+00
6.664099806764282041e-01 3.326438465961434887e-01 4.808456385305435013e-15 1.107610471246453688e-13 9.461727273111339605e-04 0.000000000000000000e+00
6.664099806764282041e-01 3.326438465961434332e-01 2.950098963179005460e-15 7.517816417759758453e-14 9.461727273492277291e-04 0.000000000000000000e+00
6.664099806764282041e-01 3.326438465961434887e-01 1.796354927610677177e-15 5.071632709257165580e-14 9.461727273753824802e-04 0.000000000000000000e+00
6.664099806764283151e-01 3.326438465961435442e-01 1.085472395730836269e-15 3.400257589578921231e-14 9.461727273931828030e-04 0.000000000000000000e+00
6.664099806764283151e-01 3.326438465961434887e-01 6.504965268223542370e-16 2.264456990212955476e-14 9.461727274049419514e-04 0.000000000000000000e+00
6.664099806764283151e-01 3.326438465961434887e-01 3.866984003837518343e-16 1.498258011558418282e-14 9.461727274128251854e-04 0.000000000000000000e+00
6.664099806764283151e-01 3.326438465961435442e-01 2.280483675466159366e-16 9.849185228163547866e-15 9.461727274181261750e-04 0.000000000000000000e+00
6.664099806764282041e-01 3.326438465961434887e-01 1.334000142795079000e-16 6.432240184173966133e-15 9.461727274216653362e-04 0.000000000000000000e+00
6.664099806764282041e-01 3.326438465961434887e-01 7.739380630810128578e-17 4.172818791096471744e-15 9.461727274240097066e-04 0.000000000000000000e+00
6.664099806764282041e-01 3.326438465961434332e-01 4.452717811577791012e-17 2.688804830535493915e-15 9.461727274255499242e-04 0.000000000000000000e+00
6.664099806764282041e-01 3.326438465961434332e-01 2.540182314496957199e-17 1.720729879357223788e-15 9.461727274265551964e-04 0.000000000000000000e+00
6.664099806764283151e-01 3.326438465961434887e-01 1.436769509221941942e-17 1.093600999680868568e-15 9.461727274272072356e-04 0.000000000000000000e+00
6.664099806764283151e-01 3.326438465961434887e-01 8.056565168602420913e-18 6.901825327329074775e-16 9.461727274276261713e-04 0.000000000000000000e+00
6.664099806764282041e-01 3.326438465961434332e-01 4.478198991228272999e-18 4.325011987510667946e-16 9.461727274278941861e-04 0.000000000000000000e+00
6.664099806764282041e-01 3.326438465961434887e-01 2.467166901191311850e-18 2.690848086295710625e-16 9.461727274280635385e-04 0.000000000000000000e+00
6.664099806764282041e-01 3.326438465961434332e-01 1.347062168180602692e-18 1.661999135178147024e-16 9.461727274281709829e-04 0.000000000000000000e+00
6.664099806764282041e-01 3.326438465961434332e-01 7.288271394361574288e-19 1.019001044508625421e-16 9.461727274282376613e-04 0.000000000000000000e+00
6.664099806764283151e-01 3.326438465961434887e-01 3.907193240080276166e-19 6.201327322598808547e-17 9.461727274282792947e-04 0.000000000000000000e+00
6.664099806764282041e-01 3.326438465961434887e-01 2.075229802751331782e-19 3.745642353945193898e-17 9.461727274283044482e-04 0.000000000000000000e+00
6.664099806764283151e-01 3.326438465961434887e-01 1.091906906466925666e-19 2.245250049083685700e-17 9.461727274283199523e-04 0.000000000000000000e+00
6.664099806764282041e-01 3.326438465961434887e-01 5.690852254209664111e-20 1.335557240316020600e-17 9.461727274283296017e-04 0.000000000000000000e+00
6.664099806764283151e-01 3.326438465961434887e-01 2.937123253855961510e-20 7.881758354588137046e-18 9.461727274283354564e-04 0.000000000000000000e+00
6.664099806764282041e-01 3.326438465961434332e-01 1.499537350451428110e-20 4.610751180613712684e-18 9.461727274283392511e-04 0.000000000000000000e+00
6.664099806764282041e-01 3.326438465961434887e-01 7.579933126742966449e-21 2.675579147160554808e-18 9.461727274283412027e-04 0.000000000000000000e+00
6.664099806764282041e-01 3.326438465961434332e-01 3.793292098055786751e-21 1.540057381667722389e-18 9.461727274283421784e-04 0.000000000000000000e+00
6.664099806764282041e-01 3.326438465961434332e-01 1.879252278776012431e-21 8.792424363016077100e-19 9.461727274283421784e-04 0.000000000000000000e+00
6.664099806764282041e-01 3.326438465961434887e-01 9.216220243718960300e-22 4.978718152543765628e-19 9.461727274283431542e-04 0.000000000000000000e+00
6.664099806764283151e-01 3.326438465961434887e-01 4.474119286827987139e-22 2.796106674307611862e-19 9.461727274283431542e-04 0.000000000000000000e+00
6.664099806764282041e-01 3.326438465961434887e-01 2.150034029296883649e-22 1.557449349280346570e-19 9.461727274283431542e-04 0.000000000000000000e+00
6.664099806764283151e-01 3.326438465961434887e-01 1.019851752940297393e-22 8.584262050566597387e-20 9.461727274283431542e-04 0.000000000000000000e+00
6.664099806764283151e-01 3.326438465961434887e-01 4.786344797213571087e-23 4.690806510945888040e-20 9.461727274283431542e-04 0.000000000000000000e+00
6.664099806764283151e-01 3.326438465961434887e-01 2.222822784662134388e-23 2.541528415081476828e-20 9.461727274283431542e-04 0.000000000000000000e+00
6.664099806764282041e-01 3.326438465961434887e-01 1.021546506787526509e-23 1.365400873118470230e-20 9.461727274283431542e-04 0.000000000000000000e+00
6.664099806764283151e-01 3.326438465961435442e-01 4.646172882168650006e-24 7.273919656067024833e-21 9.461727274283431542e-04 0.000000000000000000e+00
6.664099806764283151e-01 3.326438465961434887e-01 2.082325352875561554e-24 3.829191755301017875e-21 9.461727274283431542e-04 0.000000000000000000e+00
6.664099806764282041e-01 3.326438465961434332e-01 9.230904536616422726e-25 1.997988098321415453e-21 9.461727274283431542e-04 0.000000000000000000e+00
6.664099806764282041e-01 3.326438465961434332e-01 4.048626829890225316e-25 1.033539902118729545e-21 9.461727274283431542e-04 0.000000000000000000e+00
6.664099806764283151e-01 3.326438465961434887e-01 1.757154638745821217e-25 5.301118476557914892e-22 9.461727274283431542e-04 0.000000000000000000e+00
6.664099806764282041e-01 3.326438465961434887e-01 7.508608592713593791e-26 2.684964503213164904e-22 9.461727274283431542e-04 0.000000000000000000e+00
6.664099806764282041e-01 3.326438465961434887e-01 3.170675869541855316e-26 1.346889469059811116e-22 9.461727274283431542e-04 0.000000000000000000e+00
6.664099806764283151e-01 3.326438465961434887e-01 1.324515127442895203e-26 6.697736013206937933e-23 9.461727274283431542e-04 0.000000000000000000e+00
6.664099806764283151e-01 3.326438465961435442e-01 5.464375958346621510e-27 3.297096861753571098e-23 9.461727274283431542e-04 0.000000000000000000e+00
6.664099806764282041e-01 3.326438465961434887e-01 2.217099287446399521e-27 1.601290323220015316e-23 9.461727274283431542e-04 0.000000000000000000e+00
6.664099806764282041e-01 3.326438465961434332e-01 8.898501204033241532e-28 7.708854037654665912e-24 9.461727274283431542e-04 0.000000000000000000e+00
6.664099806764283151e-01 3.326438465961434887e-01 3.534426625697494839e-28 3.679928438078730352e-24 9.461727274283431542e-04 0.000000000000000000e+00
6.664099806764282041e-01 3.326438465961434332e-01 1.376005340835543711e-28 1.728377112244979036e-24 9.461727274283431542e-04 0.000000000000000000e+00
6.664099806764282041e-01 3.326438465961434332e-01 8.700884681182497148e-29 1.197232491086322151e-24 9.461727274283431542e-04 0.000000000000000000e+00
6.664099806764282041e-01 3.326438465961434332e-01 8.700884681182497148e-29 1.197232491086322151e-24 9.461727274283431542e-04 0.000000000000000000e+00
6.664099806764282041e-01 3.326438465961434332e-01 8.700884681182497148e-29 1.197232491086322151e-24 9.461727274283431542e-04 0.000000000000000000e+00
6.664099806764282041e-01 3.326438465961434332e-01 8.700884681182497148e-29 1.197232491086322151e-24 9.461727274283431542e-04 0.000000000000000000e+00
6.664099806764282041e-01 3.326438465961434332e-01 8.700884681182497148e-29 1.197232491086322151e-24 9.461727274283431542e-04 0.000000000000000000e+00
6.664099806764282041e-01 3.326438465961434332e-01 8.700884681182497148e-29 1.197232491086322151e-24 9.461727274283431542e-04 0.000000000000000000e+00
6.664099806764282041e-01 3.326438465961434332e-01 8.700884681182497148e-29 1.197232491086322151e-24 9.461727274283431542e-04 0.000000000000000000e+00
6.664099806764282041e-01 3.326438465961434332e-01 8.700884681182497148e-29 1.197232491086322151e-24 9.461727274283431542e-04 0.000000000000000000e+00
6.664099806764282041e-01 3.326438465961434332e-01 8.700884681182497148e-29 1.197232491086322151e-24 9.461727274283431542e-04 0.000000000000000000e+00
6.664099806764282041e-01 3.326438465961434332e-01 8.700884681182497148e-29 1.197232491086322151e-24 9.461727274283431542e-04 0.000000000000000000e+00
6.664099806764282041e-01 3.326438465961434332e-01 8.700884681182497148e-29 1.197232491086322151e-24 9.461727274283431542e-04 0.000000000000000000e+00
6.664099806764282041e-01 3.326438465961434332e-01 8.700884681182497148e-29 1.197232491086322151e-24 9.461727274283431542e-04 0.000000000000000000e+00
6.664099806764282041e-01 3.326438465961434332e-01 8.700884681182497148e-29 1.197232491086322151e-24 9.461727274283431542e-04 0.000000000000000000e+00
6.664099806764282041e-01 3.326438465961434332e-01 8.700884681182497148e-29 1.197232491086322151e-24 9.461727274283431542e-04 0.000000000000000000e+00
6.664099806764282041e-01 3.326438465961434332e-01 8.700884681182497148e-29 1.197232491086322151e-24 9.461727274283431542e-04 0.000000000000000000e+00
6.664099806764282041e-01 3.326438465961434332e-01 8.700884681182497148e-29 1.197232491086322151e-24 9.461727274283431542e-04 0.000000000000000000e+00
6.664099806764282041e-01 3.326438465961434332e-01 8.700884681182497148e-29 1.197232491086322151e-24 9.461727274283431542e-04 0.000000000000000000e+00
6.664099806764282041e-01 3.326438465961434332e-01 8.700884681182497148e-29 1.197232491086322151e-24 9.461727274283431542e-04 0.000000000000000000e+00
6.664099806764282041e-01 3.326438465961434332e-01 8.700884681182497148e-29 1.197232491086322151e-24 9.461727274283431542e-04 0.000000000000000000e+00
6.664099806764282041e-01 3.326438465961434332e-01 8.700884681182497148e-29 1.197232491086322151e-24 9.461727274283431542e-04 0.000000000000000000e+00
6.664099806764282041e-01 3.326438465961434332e-01 8.700884681182497148e-29 1.197232491086322151e-24 9.461727274283431542e-04 0.000000000000000000e+00
6.664099806764282041e-01 3.326438465961434332e-01 8.700884681182497148e-29 1.197232491086322151e-24 9.461727274283431542e-04 0.000000000000000000e+00
6.664099806764282041e-01 3.326438465961434332e-01 8.700884681182497148e-29 1.197232491086322151e-24 9.461727274283431542e-04 0.000000000000000000e+00
6.664099806764282041e-01 3.326438465961434332e-01 8.700884681182497148e-29 1.197232491086322151e-24 9.461727274283431542e-04 0.000000000000000000e+00
6.664099806764282041e-01 3.326438465961434332e-01 8.700884681182497148e-29 1.197232491086322151e-24 9.461727274283431542e-04 0.000000000000000000e+00
6.664099806764282041e-01 3.326438465961434332e-01 8.700884681182497148e-29 1.197232491086322151e-24 9.461727274283431542e-04 0.000000000000000000e+00
6.664099806764282041e-01 3.326438465961434332e-01 8.700884681182497148e-29 1.197232491086322151e-24 9.461727274283431542e-04 0.000000000000000000e+00
6.664099806764282041e-01 3.326438465961434332e-01 8.700884681182497148e-29 1.197232491086322151e-24 9.461727274283431542e-04 0.000000000000000000e+00
6.664099806764282041e-01 3.326438465961434332e-01 8.700884681182497148e-29 1.197232491086322151e-24 9.461727274283431542e-04 0.000000000000000000e+00
6.664099806764282041e-01 3.326438465961434332e-01 8.700884681182497148e-29 1.197232491086322151e-24 9.461727274283431542e-04 0.000000000000000000e+00
6.664099806764282041e-01 3.326438465961434332e-01 8.700884681182497148e-29 1.197232491086322151e-24 9.461727274283431542e-04 0.000000000000000000e+00
6.664099806764282041e-01 3.326438465961434332e-01 8.700884681182497148e-29 1.197232491086322151e-24 9.461727274283431542e-04 0.000000000000000000e+00
6.664099806764282041e-01 3.326438465961434332e-01 8.700884681182497148e-29 1.197232491086322151e-24 9.461727274283431542e-04 0.000000000000000000e+00
6.664099806764282041e-01 3.326438465961434332e-01 8.700884681182497148e-29 1.197232491086322151e-24 9.461727274283431542e-04 0.000000000000000000e+00
6.664099806764282041e-01 3.326438465961434332e-01 8.700884681182497148e-29 1.197232491086322151e-24 9.461727274283431542e-04 0.000000000000000000e+00
6.664099806764282041e-01 3.326438465961434332e-01 8.700884681182497148e-29 1.197232491086322151e-24 9.461727274283431542e-04 0.000000000000000000e+00
6.664099806764282041e-01 3.326438465961434332e-01 8.700884681182497148e-29 1.197232491086322151e-24 9.461727274283431542e-04 0.000000000000000000e+00
6.664099806764282041e-01 3.326438465961434332e-01 8.700884681182497148e-29 1.197232491086322151e-24 9.461727274283431542e-04 0.000000000000000000e+00
6.664099806764282041e-01 3.326438465961434332e-01 8.700884681182497148e-29 1.197232491086322151e-24 9.461727274283431542e-04 0.000000000000000000e+00
6.664099806764282041e-01 3.326438465961434332e-01 8.700884681182497148e-29 1.197232491086322151e-24 9.461727274283431542e-04 0.000000000000000000e+00
6.664099806764282041e-01 3.326438465961434332e-01 8.700884681182497148e-29 1.197232491086322151e-24 9.461727274283431542e-04 0.000000000000000000e+00
6.664099806764282041e-01 3.326438465961434332e-01 8.700884681182497148e-29 1.197232491086322151e-24 9.461727274283431542e-04 0.000000000000000000e+00
6.664099806764282041e-01 3.326438465961434332e-01 8.700884681182497148e-29 1.197232491086322151e-24 9.461727274283431542e-04 0.000000000000000000e+00
6.664099806764282041e-01 3.326438465961434332e-01 8.700884681182497148e-29 1.197232491086322151e-24 9.461727274283431542e-04 0.000000000000000000e+00
6.664099806764282041e-01 3.326438465961434332e-01 8.700884681182497148e-29 1.197232491086322151e-24 9.461727274283431542e-04 0.000000000000000000e+00
6.664099806764282041e-01 3.326438465961434332e-01 8.700884681182497148e-29 1.197232491086322151e-24 9.461727274283431542e-04 0.000000000000000000e+00
6.664099806764282041e-01 3.326438465961434332e-01 8.700884681182497148e-29 1.197232491086322151e-24 9.461727274283431542e-04 0.000000000000000000e+00
6.664099806764282041e-01 3.326438465961434332e-01 8.700884681182497148e-29 1.197232491086322151e-24 9.461727274283431542e-04 0.000000000000000000e+00
6.664099806764282041e-01 3.326438465961434332e-01 8.700884681182497148e-29 1.197232491086322151e-24 9.461727274283431542e-04 0.000000000000000000e+00
6.664099806764282041e-01 3.326438465961434332e-01 8.700884681182497148e-29 1.197232491086322151e-24 9.461727274283431542e-04 0.000000000000000000e+00
6.664099806764282041e-01 3.326438465961434332e-01 8.700884681182497148e-29 1.197232491086322151e-24 9.461727274283431542e-04 0.000000000000000000e+00
6.664099806764282041e-01 3.326438465961434332e-01 8.700884681182497148e-29 1.197232491086322151e-24 9.461727274283431542e-04 0.000000000000000000e+00
6.664099806764282041e-01 3.326438465961434332e-01 8.700884681182497148e-29 1.197232491086322151e-24 9.461727274283431542e-04 0.000000000000000000e+00
6.664099806764282041e-01 3.326438465961434332e-01 8.700884681182497148e-29 1.197232491086322151e-24 9.461727274283431542e-04 0.000000000000000000e+00
6.664099806764282041e-01 3.326438465961434332e-01 8.700884681182497148e-29 1.197232491086322151e-24 9.461727274283431542e-04 0.000000000000000000e+00
6.664099806764282041e-01 3.326438465961434332e-01 8.700884681182497148e-29 1.197232491086322151e-24 9.461727274283431542e-04 0.000000000000000000e+00
6.664099806764282041e-01 3.326438465961434332e-01 8.700884681182497148e-29 1.197232491086322151e-24 9.461727274283431542e-04 0.000000000000000000e+00
6.664099806764282041e-01 3.326438465961434332e-01 8.700884681182497148e-29 1.197232491086322151e-24 9.461727274283431542e-04 0.000000000000000000e+00
6.664099806764282041e-01 3.326438465961434332e-01 8.700884681182497148e-29 1.197232491086322151e-24 9.461727274283431542e-04 0.000000000000000000e+00
6.664099806764282041e-01 3.326438465961434332e-01 8.700884681182497148e-29 1.197232491086322151e-24 9.461727274283431542e-04 0.000000000000000000e+00
6.664099806764282041e-01 3.326438465961434332e-01 8.700884681182497148e-29 1.197232491086322151e-24 9.461727274283431542e-04 0.000000000000000000e+00
6.664099806764282041e-01 3.326438465961434332e-01 8.700884681182497148e-29 1.197232491086322151e-24 9.461727274283431542e-04 0.000000000000000000e+00
6.664099806764282041e-01 3.326438465961434332e-01 8.700884681182497148e-29 1.197232491086322151e-24 9.461727274283431542e-04 0.000000000000000000e+00
6.664099806764282041e-01 3.326438465961434332e-01 8.700884681182497148e-29 1.197232491086322151e-24 9.461727274283431542e-04 0.000000000000000000e+00
6.664099806764282041e-01 3.326438465961434332e-01 8.700884681182497148e-29 1.197232491086322151e-24 9.461727274283431542e-04 0.000000000000000000e+00
6.664099806764282041e-01 3.326438465961434332e-01 8.700884681182497148e-29 1.197232491086322151e-24 9.461727274283431542e-04 0.000000000000000000e+00
6.664099806764282041e-01 3.326438465961434332e-01 8.700884681182497148e-29 1.197232491086322151e-24 9.461727274283431542e-04 0.000000000000000000e+00
6.664099806764282041e-01 3.326438465961434332e-01 8.700884681182497148e-29 1.197232491086322151e-24 9.461727274283431542e-04 0.000000000000000000e+00
6.664099806764282041e-01 3.326438465961434332e-01 8.700884681182497148e-29 1.197232491086322151e-24 9.461727274283431542e-04 0.000000000000000000e+00
6.664099806764282041e-01 3.326438465961434332e-01 8.700884681182497148e-29 1.197232491086322151e-24 9.461727274283431542e-04 0.000000000000000000e+00
6.664099806764282041e-01 3.326438465961434332e-01 8.700884681182497148e-29 1.197232491086322151e-24 9.461727274283431542e-04 0.000000000000000000e+00
6.664099806764282041e-01 3.326438465961434332e-01 8.700884681182497148e-29 1.197232491086322151e-24 9.461727274283431542e-04 0.000000000000000000e+00
6.664099806764282041e-01 3.326438465961434332e-01 8.700884681182497148e-29 1.197232491086322151e-24 9.461727274283431542e-04 0.000000000000000000e+00
6.664099806764282041e-01 3.326438465961434332e-01 8.700884681182497148e-29 1.197232491086322151e-24 9.461727274283431542e-04 0.000000000000000000e+00
6.664099806764282041e-01 3.326438465961434332e-01 8.700884681182497148e-29 1.197232491086322151e-24 9.461727274283431542e-04 0.000000000000000000e+00
6.664099806764282041e-01 3.326438465961434332e-01 8.700884681182497148e-29 1.197232491086322151e-24 9.461727274283431542e-04 0.000000000000000000e+00
6.664099806764282041e-01 3.326438465961434332e-01 8.700884681182497148e-29 1.197232491086322151e-24 9.461727274283431542e-04 0.000000000000000000e+00
6.664099806764282041e-01 3.326438465961434332e-01 8.700884681182497148e-29 1.197232491086322151e-24 9.461727274283431542e-04 0.000000000000000000e+00
6.664099806764282041e-01 3.326438465961434332e-01 8.700884681182497148e-29 1.197232491086322151e-24 9.461727274283431542e-04 0.000000000000000000e+00
6.664099806764282041e-01 3.326438465961434332e-01 8.700884681182497148e-29 1.197232491086322151e-24 9.461727274283431542e-04 0.000000000000000000e+00
6.664099806764282041e-01 3.326438465961434332e-01 8.700884681182497148e-29 1.197232491086322151e-24 9.461727274283431542e-04 0.000000000000000000e+00
6.664099806764282041e-01 3.326438465961434332e-01 8.700884681182497148e-29 1.197232491086322151e-24 9.461727274283431542e-04 0.000000000000000000e+00
6.664099806764282041e-01 3.326438465961434332e-01 8.700884681182497148e-29 1.197232491086322151e-24 9.461727274283431542e-04 0.000000000000000000e+00
6.664099806764282041e-01 3.326438465961434332e-01 8.700884681182497148e-29 1.197232491086322151e-24 9.461727274283431542e-04 0.000000000000000000e+00
6.664099806764282041e-01 3.326438465961434332e-01 8.700884681182497148e-29 1.197232491086322151e-24 9.461727274283431542e-04 0.000000000000000000e+00
6.664099806764282041e-01 3.326438465961434332e-01 8.700884681182497148e-29 1.197232491086322151e-24 9.461727274283431542e-04 0.000000000000000000e+00
6.664099806764282041e-01 3.326438465961434332e-01 8.700884681182497148e-29 1.197232491086322151e-24 9.461727274283431542e-04 0.000000000000000000e+00
6.664099806764282041e-01 3.326438465961434332e-01 8.700884681182497148e-29 1.197232491086322151e-24 9.461727274283431542e-04 0.000000000000000000e+00
6.664099806764282041e-01 3.326438465961434332e-01 8.700884681182497148e-29 1.197232491086322151e-24 9.461727274283431542e-04 0.000000000000000000e+00
6.664099806764282041e-01 3.326438465961434332e-01 8.700884681182497148e-29 1.197232491086322151e-24 9.461727274283431542e-04 0.000000000000000000e+00
6.664099806764282041e-01 3.326438465961434332e-01 8.700884681182497148e-29 1.197232491086322151e-24 9.461727274283431542e-04 0.000000000000000000e+00
6.664099806764282041e-01 3.326438465961434332e-01 8.700884681182497148e-29 1.197232491086322151e-24 9.461727274283431542e-04 0.000000000000000000e+00
6.664099806764282041e-01 3.326438465961434332e-01 8.700884681182497148e-29 1.197232491086322151e-24 9.461727274283431542e-04 0.000000000000000000e+00
6.664099806764282041e-01 3.326438465961434332e-01 8.700884681182497148e-29 1.197232491086322151e-24 9.461727274283431542e-04 0.000000000000000000e+00
6.664099806764282041e-01 3.326438465961434332e-01 8.700884681182497148e-29 1.197232491086322151e-24 9.461727274283431542e-04 0.000000000000000000e+00
6.664099806764282041e-01 3.326438465961434332e-01 8.700884681182497148e-29 1.197232491086322151e-24 9.461727274283431542e-04 0.000000000000000000e+00
6.664099806764282041e-01 3.326438465961434332e-01 8.700884681182497148e-29 1.197232491086322151e-24 9.461727274283431542e-04 0.000000000000000000e+00
6.664099806764282041e-01 3.326438465961434332e-01 8.700884681182497148e-29 1.197232491086322151e-24 9.461727274283431542e-04 0.000000000000000000e+00
6.664099806764282041e-01 3.326438465961434332e-01 8.700884681182497148e-29 1.197232491086322151e-24 9.461727274283431542e-04 0.000000000000000000e+00
6.664099806764282041e-01 3.326438465961434332e-01 8.700884681182497148e-29 1.197232491086322151e-24 9.461727274283431542e-04 0.000000000000000000e+00
6.664099806764282041e-01 3.326438465961434332e-01 8.700884681182497148e-29 1.197232491086322151e-24 9.461727274283431542e-04 0.000000000000000000e+00
6.664099806764282041e-01 3.326438465961434332e-01 8.700884681182497148e-29 1.197232491086322151e-24 9.461727274283431542e-04 0.000000000000000000e+00
6.664099806764282041e-01 3.326438465961434332e-01 8.700884681182497148e-29 1.197232491086322151e-24 9.461727274283431542e-04 0.000000000000000000e+00
6.664099806764282041e-01 3.326438465961434332e-01 8.700884681182497148e-29 1.197232491086322151e-24 9.461727274283431542e-04 0.000000000000000000e+00
6.664099806764282041e-01 3.326438465961434332e-01 8.700884681182497148e-29 1.197232491086322151e-24 9.461727274283431542e-04 0.000000000000000000e+00
6.664099806764282041e-01 3.326438465961434332e-01 8.700884681182497148e-29 1.197232491086322151e-24 9.461727274283431542e-04 0.000000000000000000e+00
6.664099806764282041e-01 3.326438465961434332e-01 8.700884681182497148e-29 1.197232491086322151e-24 9.461727274283431542e-04 0.000000000000000000e+00
6.664099806764282041e-01 3.326438465961434332e-01 8.700884681182497148e-29 1.197232491086322151e-24 9.461727274283431542e-04 0.000000000000000000e+00
6.664099806764282041e-01 3.326438465961434332e-01 8.700884681182497148e-29 1.197232491086322151e-24 9.461727274283431542e-04 0.000000000000000000e+00
6.664099806764282041e-01 3.326438465961434332e-01 8.700884681182497148e-29 1.197232491086322151e-24 9.461727274283431542e-04 0.000000000000000000e+00
6.664099806764282041e-01 3.326438465961434332e-01 8.700884681182497148e-29 1.197232491086322151e-24 9.461727274283431542e-04 0.000000000000000000e+00
6.664099806764282041e-01 3.326438465961434332e-01 8.700884681182497148e-29 1.197232491086322151e-24 9.461727274283431542e-04 0.000000000000000000e+00
6.664099806764282041e-01 3.326438465961434332e-01 8.700884681182497148e-29 1.197232491086322151e-24 9.461727274283431542e-04 0.000000000000000000e+00
6.664099806764282041e-01 3.326438465961434332e-01 8.700884681182497148e-29 1.197232491086322151e-24 9.461727274283431542e-04 0.000000000000000000e+00
6.664099806764282041e-01 3.326438465961434332e-01 8.700884681182497148e-29 1.197232491086322151e-24 9.461727274283431542e-04 0.000000000000000000e+00
6.664099806764282041e-01 3.326438465961434332e-01 8.700884681182497148e-29 1.197232491086322151e-24 9.461727274283431542e-04 0.000000000000000000e+00
6.664099806764282041e-01 3.326438465961434332e-01 8.700884681182497148e-29 1.197232491086322151e-24 9.461727274283431542e-04 0.000000000000000000e+00
6.664099806764282041e-01 3.326438465961434332e-01 8.700884681182497148e-29 1.197232491086322151e-24 9.461727274283431542e-04 0.000000000000000000e+00
6.664099806764282041e-01 3.326438465961434332e-01 8.700884681182497148e-29 1.197232491086322151e-24 9.461727274283431542e-04 0.000000000000000000e+00
6.664099806764282041e-01 3.326438465961434332e-01 8.700884681182497148e-29 1.197232491086322151e-24 9.461727274283431542e-04 0.000000000000000000e+00
6.664099806764282041e-01 3.326438465961434332e-01 8.700884681182497148e-29 1.197232491086322151e-24 9.461727274283431542e-04 0.000000000000000000e+00
6.664099806764282041e-01 3.326438465961434332e-01 8.700884681182497148e-29 1.197232491086322151e-24 9.461727274283431542e-04 0.000000000000000000e+00
6.664099806764282041e-01 3.326438465961434332e-01 8.700884681182497148e-29 1.197232491086322151e-24 9.461727274283431542e-04 0.000000000000000000e+00
6.664099806764282041e-01 3.326438465961434332e-01 8.700884681182497148e-29 1.197232491086322151e-24 9.461727274283431542e-04 0.000000000000000000e+00
6.664099806764282041e-01 3.326438465961434332e-01 8.700884681182497148e-29 1.197232491086322151e-24 9.461727274283431542e-04 0.000000000000000000e+00
6.664099806764282041e-01 3.326438465961434332e-01 8.700884681182497148e-29 1.197232491086322151e-24 9.461727274283431542e-04 0.000000000000000000e+00
6.664099806764282041e-01 3.326438465961434332e-01 8.700884681182497148e-29 1.197232491086322151e-24 9.461727274283431542e-04 0.000000000000000000e+00
6.664099806764282041e-01 3.326438465961434332e-01 8.700884681182497148e-29 1.197232491086322151e-24 9.461727274283431542e-04 0.000000000000000000e+00
6.664099806764282041e-01 3.326438465961434332e-01 8.700884681182497148e-29 1.197232491086322151e-24 9.461727274283431542e-04 0.000000000000000000e+00
6.664099806764282041e-01 3.326438465961434332e-01 8.700884681182497148e-29 1.197232491086322151e-24 9.461727274283431542e-04 0.000000000000000000e+00
6.664099806764282041e-01 3.326438465961434332e-01 8.700884681182497148e-29 1.197232491086322151e-24 9.461727274283431542e-04 0.000000000000000000e+00
6.664099806764282041e-01 3.326438465961434332e-01 8.700884681182497148e-29 1.197232491086322151e-24 9.461727274283431542e-04 0.000000000000000000e+00
6.664099806764282041e-01 3.326438465961434332e-01 8.700884681182497148e-29 1.197232491086322151e-24 9.461727274283431542e-04 0.000000000000000000e+00
6.664099806764282041e-01 3.326438465961434332e-01 8.700884681182497148e-29 1.197232491086322151e-24 9.461727274283431542e-04 0.000000000000000000e+00
6.664099806764282041e-01 3.326438465961434332e-01 8.700884681182497148e-29 1.197232491086322151e-24 9.461727274283431542e-04 0.000000000000000000e+00
6.664099806764282041e-01 3.326438465961434332e-01 8.700884681182497148e-29 1.197232491086322151e-24 9.461727274283431542e-04 0.000000000000000000e+00
6.664099806764282041e-01 3.326438465961434332e-01 8.700884681182497148e-29 1.197232491086322151e-24 9.461727274283431542e-04 0.000000000000000000e+00
6.664099806764282041e-01 3.326438465961434332e-01 8.700884681182497148e-29 1.197232491086322151e-24 9.461727274283431542e-04 0.000000000000000000e+00
6.664099806764282041e-01 3.326438465961434332e-01 8.700884681182497148e-29 1.197232491086322151e-24 9.461727274283431542e-04 0.000000000000000000e+00
6.664099806764282041e-01 3.326438465961434332e-01 8.700884681182497148e-29 1.197232491086322151e-24 9.461727274283431542e-04 0.000000000000000000e+00
6.664099806764282041e-01 3.326438465961434332e-01 8.700884681182497148e-29 1.197232491086322151e-24 9.461727274283431542e-04 0.000000000000000000e+00
6.664099806764282041e-01 3.326438465961434332e-01 8.700884681182497148e-29 1.197232491086322151e-24 9.461727274283431542e-04 0.000000000000000000e+00
6.664099806764282041e-01 3.326438465961434332e-01 8.700884681182497148e-29 1.197232491086322151e-24 9.461727274283431542e-04 0.000000000000000000e+00
6.664099806764282041e-01 3.326438465961434332e-01 8.700884681182497148e-29 1.197232491086322151e-24 9.461727274283431542e-04 0.000000000000000000e+00
6.664099806764282041e-01 3.326438465961434332e-01 8.700884681182497148e-29 1.197232491086322151e-24 9.461727274283431542e-04 0.000000000000000000e+00
6.664099806764282041e-01 3.326438465961434332e-01 8.700884681182497148e-29 1.197232491086322151e-24 9.461727274283431542e-04 0.000000000000000000e+00
6.664099806764282041e-01 3.326438465961434332e-01 8.700884681182497148e-29 1.197232491086322151e-24 9.461727274283431542e-04 0.000000000000000000e+00
6.664099806764282041e-01 3.326438465961434332e-01 8.700884681182497148e-29 1.197232491086322151e-24 9.461727274283431542e-04 0.000000000000000000e+00
6.664099806764282041e-01 3.326438465961434332e-01 8.700884681182497148e-29 1.197232491086322151e-24 9.461727274283431542e-04 0.000000000000000000e+00
6.664099806764282041e-01 3.326438465961434332e-01 8.700884681182497148e-29 1.197232491086322151e-24 9.461727274283431542e-04 0.000000000000000000e+00
6.664099806764282041e-01 3.326438465961434332e-01 8.700884681182497148e-29 1.197232491086322151e-24 9.461727274283431542e-04 0.000000000000000000e+00
6.664099806764282041e-01 3.326438465961434332e-01 8.700884681182497148e-29 1.197232491086322151e-24 9.461727274283431542e-04 0.000000000000000000e+00
6.664099806764282041e-01 3.326438465961434332e-01 8.700884681182497148e-29 1.197232491086322151e-24 9.461727274283431542e-04 0.000000000000000000e+00
6.664099806764282041e-01 3.326438465961434332e-01 8.700884681182497148e-29 1.197232491086322151e-24 9.461727274283431542e-04 0.000000000000000000e+00
6.664099806764282041e-01 3.326438465961434332e-01 8.700884681182497148e-29 1.197232491086322151e-24 9.461727274283431542e-04 0.000000000000000000e+00
6.664099806764282041e-01 3.326438465961434332e-01 8.700884681182497148e-29 1.197232491086322151e-24 9.461727274283431542e-04 0.000000000000000000e+00
6.664099806764282041e-01 3.326438465961434332e-01 8.700884681182497148e-29 1.197232491086322151e-24 9.461727274283431542e-04 0.000000000000000000e+00
6.664099806764282041e-01 3.326438465961434332e-01 8.700884681182497148e-29 1.197232491086322151e-24 9.461727274283431542e-04 0.000000000000000000e+00
6.664099806764282041e-01 3.326438465961434332e-01 8.700884681182497148e-29 1.197232491086322151e-24 9.461727274283431542e-04 0.000000000000000000e+00
6.664099806764282041e-01 3.326438465961434332e-01 8.700884681182497148e-29 1.197232491086322151e-24 9.461727274283431542e-04 0.000000000000000000e+00
6.664099806764282041e-01 3.326438465961434332e-01 8.700884681182497148e-29 1.197232491086322151e-24 9.461727274283431542e-04 0.000000000000000000e+00
6.664099806764282041e-01 3.326438465961434332e-01 8.700884681182497148e-29 1.197232491086322151e-24 9.461727274283431542e-04 0.000000000000000000e+00
6.664099806764282041e-01 3.326438465961434332e-01 8.700884681182497148e-29 1.197232491086322151e-24 9.461727274283431542e-04 0.000000000000000000e+00
6.664099806764282041e-01 3.326438465961434332e-01 8.700884681182497148e-29 1.197232491086322151e-24 9.461727274283431542e-04 0.000000000000000000e+00
6.664099806764282041e-01 3.326438465961434332e-01 8.700884681182497148e-29 1.197232491086322151e-24 9.461727274283431542e-04 0.000000000000000000e+00
6.664099806764282041e-01 3.326438465961434332e-01 8.700884681182497148e-29 1.197232491086322151e-24 9.461727274283431542e-04 0.000000000000000000e+00
6.664099806764282041e-01 3.326438465961434332e-01 8.700884681182497148e-29 1.197232491086322151e-24 9.461727274283431542e-04 0.000000000000000000e+00
6.664099806764282041e-01 3.326438465961434332e-01 8.700884681182497148e-29 1.197232491086322151e-24 9.461727274283431542e-04 0.000000000000000000e+00
6.664099806764282041e-01 3.326438465961434332e-01 8.700884681182497148e-29 1.197232491086322151e-24 9.461727274283431542e-04 0.000000000000000000e+00
6.664099806764282041e-01 3.326438465961434332e-01 8.700884681182497148e-29 1.197232491086322151e-24 9.461727274283431542e-04 0.000000000000000000e+00
6.664099806764282041e-01 3.326438465961434332e-01 8.700884681182497148e-29 1.197232491086322151e-24 9.461727274283431542e-04 0.000000000000000000e+00
6.664099806764282041e-01 3.326438465961434332e-01 8.700884681182497148e-29 1.197232491086322151e-24 9.461727274283431542e-04 0.000000000000000000e+00
6.664099806764282041e-01 3.326438465961434332e-01 8.700884681182497148e-29 1.197232491086322151e-24 9.461727274283431542e-04 0.000000000000000000e+00
6.664099806764282041e-01 3.326438465961434332e-01 8.700884681182497148e-29 1.197232491086322151e-24 9.461727274283431542e-04 0.000000000000000000e+00
6.664099806764282041e-01 3.326438465961434332e-01 8.700884681182497148e-29 1.197232491086322151e-24 9.461727274283431542e-04 0.000000000000000000e+00
6.664099806764282041e-01 3.326438465961434332e-01 8.700884681182497148e-29 1.197232491086322151e-24 9.461727274283431542e-04 0.000000000000000000e+00
6.664099806764282041e-01 3.326438465961434332e-01 8.700884681182497148e-29 1.197232491086322151e-24 9.461727274283431542e-04 0.000000000000000000e+00
6.664099806764282041e-01 3.326438465961434332e-01 8.700884681182497148e-29 1.197232491086322151e-24 9.461727274283431542e-04 0.000000000000000000e+00
6.664099806764282041e-01 3.326438465961434332e-01 8.700884681182497148e-29 1.197232491086322151e-24 9.461727274283431542e-04 0.000000000000000000e+00
6.664099806764282041e-01 3.326438465961434332e-01 8.700884681182497148e-29 1.197232491086322151e-24 9.461727274283431542e-04 0.000000000000000000e+00
6.664099806764282041e-01 3.326438465961434332e-01 8.700884681182497148e-29 1.197232491086322151e-24 9.461727274283431542e-04 0.000000000000000000e+00
6.664099806764282041e-01 3.326438465961434332e-01 8.700884681182497148e-29 1.197232491086322151e-24 9.461727274283431542e-04 0.000000000000000000e+00
6.664099806764282041e-01 3.326438465961434332e-01 8.700884681182497148e-29 1.197232491086322151e-24 9.461727274283431542e-04 0.000000000000000000e+00
6.664099806764282041e-01 3.326438465961434332e-01 8.700884681182497148e-29 1.197232491086322151e-24 9.461727274283431542e-04 0.000000000000000000e+00
6.664099806764282041e-01 3.326438465961434332e-01 8.700884681182497148e-29 1.197232491086322151e-24 9.461727274283431542e-04 0.000000000000000000e+00
6.664099806764282041e-01 3.326438465961434332e-01 8.700884681182497148e-29 1.197232491086322151e-24 9.461727274283431542e-04 0.000000000000000000e+00
6.664099806764282041e-01 3.326438465961434332e-01 8.700884681182497148e-29 1.197232491086322151e-24 9.461727274283431542e-04 0.000000000000000000e+00
6.664099806764282041e-01 3.326438465961434332e-01 8.700884681182497148e-29 1.197232491086322151e-24 9.461727274283431542e-04 0.000000000000000000e+00
6.664099806764282041e-01 3.326438465961434332e-01 8.700884681182497148e-29 1.197232491086322151e-24 9.461727274283431542e-04 0.000000000000000000e+00
6.664099806764282041e-01 3.326438465961434332e-01 8.700884681182497148e-29 1.197232491086322151e-24 9.461727274283431542e-04 0.000000000000000000e+00
6.664099806764282041e-01 3.326438465961434332e-01 8.700884681182497148e-29 1.197232491086322151e-24 9.461727274283431542e-04 0.000000000000000000e+00
6.664099806764282041e-01 3.326438465961434332e-01 8.700884681182497148e-29 1.197232491086322151e-24 9.461727274283431542e-04 0.000000000000000000e+00
6.664099806764282041e-01 3.326438465961434332e-01 8.700884681182497148e-29 1.197232491086322151e-24 9.461727274283431542e-04 0.000000000000000000e+00
6.664099806764282041e-01 3.326438465961434332e-01 8.700884681182497148e-29 1.197232491086322151e-24 9.461727274283431542e-04 0.000000000000000000e+00
6.664099806764282041e-01 3.326438465961434332e-01 8.700884681182497148e-29 1.197232491086322151e-24 9.461727274283431542e-04 0.000000000000000000e+00
6.664099806764282041e-01 3.326438465961434332e-01 8.700884681182497148e-29 1.197232491086322151e-24 9.461727274283431542e-04 0.000000000000000000e+00
6.664099806764282041e-01 3.326438465961434332e-01 8.700884681182497148e-29 1.197232491086322151e-24 9.461727274283431542e-04 0.000000000000000000e+00
6.664099806764282041e-01 3.326438465961434332e-01 8.700884681182497148e-29 1.197232491086322151e-24 9.461727274283431542e-04 0.000000000000000000e+00
6.664099806764282041e-01 3.326438465961434332e-01 8.700884681182497148e-29 1.197232491086322151e-24 9.461727274283431542e-04 0.000000000000000000e+00
6.664099806764282041e-01 3.326438465961434332e-01 8.700884681182497148e-29 1.197232491086322151e-24 9.461727274283431542e-04 0.000000000000000000e+00
6.664099806764282041e-01 3.326438465961434332e-01 8.700884681182497148e-29 1.197232491086322151e-24 9.461727274283431542e-04 0.000000000000000000e+00
6.664099806764282041e-01 3.326438465961434332e-01 8.700884681182497148e-29 1.197232491086322151e-24 9.461727274283431542e-04 0.000000000000000000e+00
6.664099806764282041e-01 3.326438465961434332e-01 8.700884681182497148e-29 1.197232491086322151e-24 9.461727274283431542e-04 0.000000000000000000e+00
6.664099806764282041e-01 3.326438465961434332e-01 8.700884681182497148e-29 1.197232491086322151e-24 9.461727274283431542e-04 0.000000000000000000e+00
6.664099806764282041e-01 3.326438465961434332e-01 8.700884681182497148e-29 1.197232491086322151e-24 9.461727274283431542e-04 0.000000000000000000e+00
6.664099806764282041e-01 3.326438465961434332e-01 8.700884681182497148e-29 1.197232491086322151e-24 9.461727274283431542e-04 0.000000000000000000e+00
6.664099806764282041e-01 3.326438465961434332e-01 8.700884681182497148e-29 1.197232491086322151e-24 9.461727274283431542e-04 0.000000000000000000e+00
6.664099806764282041e-01 3.326438465961434332e-01 8.700884681182497148e-29 1.197232491086322151e-24 9.461727274283431542e-04 0.000000000000000000e+00
6.664099806764282041e-01 3.326438465961434332e-01 8.700884681182497148e-29 1.197232491086322151e-24 9.461727274283431542e-04 0.000000000000000000e+00
6.664099806764282041e-01 3.326438465961434332e-01 8.700884681182497148e-29 1.197232491086322151e-24 9.461727274283431542e-04 0.000000000000000000e+00
6.664099806764282041e-01 3.326438465961434332e-01 8.700884681182497148e-29 1.197232491086322151e-24 9.461727274283431542e-04 0.000000000000000000e+00
6.664099806764282041e-01 3.326438465961434332e-01 8.700884681182497148e-29 1.197232491086322151e-24 9.461727274283431542e-04 0.000000000000000000e+00
6.664099806764282041e-01 3.326438465961434332e-01 8.700884681182497148e-29 1.197232491086322151e-24 9.461727274283431542e-04 0.000000000000000000e+00
6.664099806764282041e-01 3.326438465961434332e-01 8.700884681182497148e-29 1.197232491086322151e-24 9.461727274283431542e-04 0.000000000000000000e+00
6.664099806764282041e-01 3.326438465961434332e-01 8.700884681182497148e-29 1.197232491086322151e-24 9.461727274283431542e-04 0.000000000000000000e+00
6.664099806764282041e-01 3.326438465961434332e-01 8.700884681182497148e-29 1.197232491086322151e-24 9.461727274283431542e-04 0.000000000000000000e+00
6.664099806764282041e-01 3.326438465961434332e-01 8.700884681182497148e-29 1.197232491086322151e-24 9.461727274283431542e-04 0.000000000000000000e+00
6.664099806764282041e-01 3.326438465961434332e-01 8.700884681182497148e-29 1.197232491086322151e-24 9.461727274283431542e-04 0.000000000000000000e+00
6.664099806764282041e-01 3.326438465961434332e-01 8.700884681182497148e-29 1.197232491086322151e-24 9.461727274283431542e-04 0.000000000000000000e+00
6.664099806764282041e-01 3.326438465961434332e-01 8.700884681182497148e-29 1.197232491086322151e-24 9.461727274283431542e-04 0.000000000000000000e+00
6.664099806764282041e-01 3.326438465961434332e-01 8.700884681182497148e-29 1.197232491086322151e-24 9.461727274283431542e-04 0.000000000000000000e+00
6.664099806764282041e-01 3.326438465961434332e-01 8.700884681182497148e-29 1.197232491086322151e-24 9.461727274283431542e-04 0.000000000000000000e+00
6.664099806764282041e-01 3.326438465961434332e-01 8.700884681182497148e-29 1.197232491086322151e-24 9.461727274283431542e-04 0.000000000000000000e+00
6.664099806764282041e-01 3.326438465961434332e-01 8.700884681182497148e-29 1.197232491086322151e-24 9.461727274283431542e-04 0.000000000000000000e+00
6.664099806764282041e-01 3.326438465961434332e-01 8.700884681182497148e-29 1.197232491086322151e-24 9.461727274283431542e-04 0.000000000000000000e+00
6.664099806764282041e-01 3.326438465961434332e-01 8.700884681182497148e-29 1.197232491086322151e-24 9.461727274283431542e-04 0.000000000000000000e+00
6.664099806764282041e-01 3.326438465961434332e-01 8.700884681182497148e-29 1.197232491086322151e-24 9.461727274283431542e-04 0.000000000000000000e+00
6.664099806764282041e-01 3.326438465961434332e-01 8.700884681182497148e-29 1.197232491086322151e-24 9.461727274283431542e-04 0.000000000000000000e+00
6.664099806764282041e-01 3.326438465961434332e-01 8.700884681182497148e-29 1.197232491086322151e-24 9.461727274283431542e-04 0.000000000000000000e+00
6.664099806764282041e-01 3.326438465961434332e-01 8.700884681182497148e-29 1.197232491086322151e-24 9.461727274283431542e-04 0.000000000000000000e+00
6.664099806764282041e-01 3.326438465961434332e-01 8.700884681182497148e-29 1.197232491086322151e-24 9.461727274283431542e-04 0.000000000000000000e+00
6.664099806764282041e-01 3.326438465961434332e-01 8.700884681182497148e-29 1.197232491086322151e-24 9.461727274283431542e-04 0.000000000000000000e+00
6.664099806764282041e-01 3.326438465961434332e-01 8.700884681182497148e-29 1.197232491086322151e-24 9.461727274283431542e-04 0.000000000000000000e+00
6.664099806764282041e-01 3.326438465961434332e-01 8.700884681182497148e-29 1.197232491086322151e-24 9.461727274283431542e-04 0.000000000000000000e+00
6.664099806764282041e-01 3.326438465961434332e-01 8.700884681182497148e-29 1.197232491086322151e-24 9.461727274283431542e-04 0.000000000000000000e+00
6.664099806764282041e-01 3.326438465961434332e-01 8.700884681182497148e-29 1.197232491086322151e-24 9.461727274283431542e-04 0.000000000000000000e+00
6.664099806764282041e-01 3.326438465961434332e-01 8.700884681182497148e-29 1.197232491086322151e-24 9.461727274283431542e-04 0.000000000000000000e+00
6.664099806764282041e-01 3.326438465961434332e-01 8.700884681182497148e-29 1.197232491086322151e-24 9.461727274283431542e-04 0.000000000000000000e+00
6.664099806764282041e-01 3.326438465961434332e-01 8.700884681182497148e-29 1.197232491086322151e-24 9.461727274283431542e-04 0.000000000000000000e+00
6.664099806764282041e-01 3.326438465961434332e-01 8.700884681182497148e-29 1.197232491086322151e-24 9.461727274283431542e-04 0.000000000000000000e+00
6.664099806764282041e-01 3.326438465961434332e-01 8.700884681182497148e-29 1.197232491086322151e-24 9.461727274283431542e-04 0.000000000000000000e+00
6.664099806764282041e-01 3.326438465961434332e-01 8.700884681182497148e-29 1.197232491086322151e-24 9.461727274283431542e-04 0.000000000000000000e+00
6.664099806764282041e-01 3.326438465961434332e-01 8.700884681182497148e-29 1.197232491086322151e-24 9.461727274283431542e-04 0.000000000000000000e+00
6.664099806764282041e-01 3.326438465961434332e-01 8.700884681182497148e-29 1.197232491086322151e-24 9.461727274283431542e-04 0.000000000000000000e+00
6.664099806764282041e-01 3.326438465961434332e-01 8.700884681182497148e-29 1.197232491086322151e-24 9.461727274283431542e-04 0.000000000000000000e+00
6.664099806764282041e-01 3.326438465961434332e-01 8.700884681182497148e-29 1.197232491086322151e-24 9.461727274283431542e-04 0.000000000000000000e+00
6.664099806764282041e-01 3.326438465961434332e-01 8.700884681182497148e-29 1.197232491086322151e-24 9.461727274283431542e-04 0.000000000000000000e+00
6.664099806764282041e-01 3.326438465961434332e-01 8.700884681182497148e-29 1.197232491086322151e-24 9.461727274283431542e-04 0.000000000000000000e+00
6.664099806764282041e-01 3.326438465961434332e-01 8.700884681182497148e-29 1.197232491086322151e-24 9.461727274283431542e-04 0.000000000000000000e+00
6.664099806764282041e-01 3.326438465961434332e-01 8.700884681182497148e-29 1.197232491086322151e-24 9.461727274283431542e-04 0.000000000000000000e+00
6.664099806764282041e-01 3.326438465961434332e-01 8.700884681182497148e-29 1.197232491086322151e-24 9.461727274283431542e-04 0.000000000000000000e+00
6.664099806764282041e-01 3.326438465961434332e-01 8.700884681182497148e-29 1.197232491086322151e-24 9.461727274283431542e-04 0.000000000000000000e+00
6.664099806764282041e-01 3.326438465961434332e-01 8.700884681182497148e-29 1.197232491086322151e-24 9.461727274283431542e-04 0.000000000000000000e+00
6.664099806764282041e-01 3.326438465961434332e-01 8.700884681182497148e-29 1.197232491086322151e-24 9.461727274283431542e-04 0.000000000000000000e+00
6.664099806764282041e-01 3.326438465961434332e-01 8.700884681182497148e-29 1.197232491086322151e-24 9.461727274283431542e-04 0.000000000000000000e+00
6.664099806764282041e-01 3.326438465961434332e-01 8.700884681182497148e-29 1.197232491086322151e-24 9.461727274283431542e-04 0.000000000000000000e+00
6.664099806764282041e-01 3.326438465961434332e-01 8.700884681182497148e-29 1.197232491086322151e-24 9.461727274283431542e-04 0.000000000000000000e+00
6.664099806764282041e-01 3.326438465961434332e-01 8.700884681182497148e-29 1.197232491086322151e-24 9.461727274283431542e-04 0.000000000000000000e+00
6.664099806764282041e-01 3.326438465961434332e-01 8.700884681182497148e-29 1.197232491086322151e-24 9.461727274283431542e-04 0.000000000000000000e+00
6.664099806764282041e-01 3.326438465961434332e-01 8.700884681182497148e-29 1.197232491086322151e-24 9.461727274283431542e-04 0.000000000000000000e+00
6.664099806764282041e-01 3.326438465961434332e-01 8.700884681182497148e-29 1.197232491086322151e-24 9.461727274283431542e-04 0.000000000000000000e+00
6.664099806764282041e-01 3.326438465961434332e-01 8.700884681182497148e-29 1.197232491086322151e-24 9.461727274283431542e-04 0.000000000000000000e+00
6.664099806764282041e-01 3.326438465961434332e-01 8.700884681182497148e-29 1.197232491086322151e-24 9.461727274283431542e-04 0.000000000000000000e+00
6.664099806764282041e-01 3.326438465961434332e-01 8.700884681182497148e-29 1.197232491086322151e-24 9.461727274283431542e-04 0.000000000000000000e+00
6.664099806764282041e-01 3.326438465961434332e-01 8.700884681182497148e-29 1.197232491086322151e-24 9.461727274283431542e-04 0.000000000000000000e+00
6.664099806764282041e-01 3.326438465961434332e-01 8.700884681182497148e-29 1.197232491086322151e-24 9.461727274283431542e-04 0.000000000000000000e+00
6.664099806764282041e-01 3.326438465961434332e-01 8.700884681182497148e-29 1.197232491086322151e-24 9.461727274283431542e-04 0.000000000000000000e+00
6.664099806764282041e-01 3.326438465961434332e-01 8.700884681182497148e-29 1.197232491086322151e-24 9.461727274283431542e-04 0.000000000000000000e+00
6.664099806764282041e-01 3.326438465961434332e-01 8.700884681182497148e-29 1.197232491086322151e-24 9.461727274283431542e-04 0.000000000000000000e+00
6.664099806764282041e-01 3.326438465961434332e-01 8.700884681182497148e-29 1.197232491086322151e-24 9.461727274283431542e-04 0.000000000000000000e+00
6.664099806764282041e-01 3.326438465961434332e-01 8.700884681182497148e-29 1.197232491086322151e-24 9.461727274283431542e-04 0.000000000000000000e+00
6.664099806764282041e-01 3.326438465961434332e-01 8.700884681182497148e-29 1.197232491086322151e-24 9.461727274283431542e-04 0.000000000000000000e+00
6.664099806764282041e-01 3.326438465961434332e-01 8.700884681182497148e-29 1.197232491086322151e-24 9.461727274283431542e-04 0.000000000000000000e+00
6.664099806764282041e-01 3.326438465961434332e-01 8.700884681182497148e-29 1.197232491086322151e-24 9.461727274283431542e-04 0.000000000000000000e+00
6.664099806764282041e-01 3.326438465961434332e-01 8.700884681182497148e-29 1.197232491086322151e-24 9.461727274283431542e-04 0.000000000000000000e+00
6.664099806764282041e-01 3.326438465961434332e-01 8.700884681182497148e-29 1.197232491086322151e-24 9.461727274283431542e-04 0.000000000000000000e+00
6.664099806764282041e-01 3.326438465961434332e-01 8.700884681182497148e-29 1.197232491086322151e-24 9.461727274283431542e-04 0.000000000000000000e+00
6.664099806764282041e-01 3.326438465961434332e-01 8.700884681182497148e-29 1.197232491086322151e-24 9.461727274283431542e-04 0.000000000000000000e+00
6.664099806764282041e-01 3.326438465961434332e-01 8.700884681182497148e-29 1.197232491086322151e-24 9.461727274283431542e-04 0.000000000000000000e+00
6.664099806764282041e-01 3.326438465961434332e-01 8.700884681182497148e-29 1.197232491086322151e-24 9.461727274283431542e-04 0.000000000000000000e+00
6.664099806764282041e-01 3.326438465961434332e-01 8.700884681182497148e-29 1.197232491086322151e-24 9.461727274283431542e-04 0.000000000000000000e+00
6.664099806764282041e-01 3.326438465961434332e-01 8.700884681182497148e-29 1.197232491086322151e-24 9.461727274283431542e-04 0.000000000000000000e+00
6.664099806764282041e-01 3.326438465961434332e-01 8.700884681182497148e-29 1.197232491086322151e-24 9.461727274283431542e-04 0.000000000000000000e+00
6.664099806764282041e-01 3.326438465961434332e-01 8.700884681182497148e-29 1.197232491086322151e-24 9.461727274283431542e-04 0.000000000000000000e+00
6.664099806764282041e-01 3.326438465961434332e-01 8.700884681182497148e-29 1.197232491086322151e-24 9.461727274283431542e-04 0.000000000000000000e+00
6.664099806764282041e-01 3.326438465961434332e-01 8.700884681182497148e-29 1.197232491086322151e-24 9.461727274283431542e-04 0.000000000000000000e+00
6.664099806764282041e-01 3.326438465961434332e-01 8.700884681182497148e-29 1.197232491086322151e-24 9.461727274283431542e-04 0.000000000000000000e+00
6.664099806764282041e-01 3.326438465961434332e-01 8.700884681182497148e-29 1.197232491086322151e-24 9.461727274283431542e-04 0.000000000000000000e+00
6.664099806764282041e-01 3.326438465961434332e-01 8.700884681182497148e-29 1.197232491086322151e-24 9.461727274283431542e-04 0.000000000000000000e+00
6.664099806764282041e-01 3.326438465961434332e-01 8.700884681182497148e-29 1.197232491086322151e-24 9.461727274283431542e-04 0.000000000000000000e+00
6.664099806764282041e-01 3.326438465961434332e-01 8.700884681182497148e-29 1.197232491086322151e-24 9.461727274283431542e-04 0.000000000000000000e+00
6.664099806764282041e-01 3.326438465961434332e-01 8.700884681182497148e-29 1.197232491086322151e-24 9.461727274283431542e-04 0.000000000000000000e+00
6.664099806764282041e-01 3.326438465961434332e-01 8.700884681182497148e-29 1.197232491086322151e-24 9.461727274283431542e-04 0.000000000000000000e+00
6.664099806764282041e-01 3.326438465961434332e-01 8.700884681182497148e-29 1.197232491086322151e-24 9.461727274283431542e-04 0.000000000000000000e+00
6.664099806764282041e-01 3.326438465961434332e-01 8.700884681182497148e-29 1.197232491086322151e-24 9.461727274283431542e-04 0.000000000000000000e+00
6.664099806764282041e-01 3.326438465961434332e-01 8.700884681182497148e-29 1.197232491086322151e-24 9.461727274283431542e-04 0.000000000000000000e+00
6.664099806764282041e-01 3.326438465961434332e-01 8.700884681182497148e-29 1.197232491086322151e-24 9.461727274283431542e-04 0.000000000000000000e+00
6.664099806764282041e-01 3.326438465961434332e-01 8.700884681182497148e-29 1.197232491086322151e-24 9.461727274283431542e-04 0.000000000000000000e+00
6.664099806764282041e-01 3.326438465961434332e-01 8.700884681182497148e-29 1.197232491086322151e-24 9.461727274283431542e-04 0.000000000000000000e+00
6.664099806764282041e-01 3.326438465961434332e-01 8.700884681182497148e-29 1.197232491086322151e-24 9.461727274283431542e-04 0.000000000000000000e+00
6.664099806764282041e-01 3.326438465961434332e-01 8.700884681182497148e-29 1.197232491086322151e-24 9.461727274283431542e-04 0.000000000000000000e+00
6.664099806764282041e-01 3.326438465961434332e-01 8.700884681182497148e-29 1.197232491086322151e-24 9.461727274283431542e-04 0.000000000000000000e+00
6.664099806764282041e-01 3.326438465961434332e-01 8.700884681182497148e-29 1.197232491086322151e-24 9.461727274283431542e-04 0.000000000000000000e+00
6.664099806764282041e-01 3.326438465961434332e-01 8.700884681182497148e-29 1.197232491086322151e-24 9.461727274283431542e-04 0.000000000000000000e+00
6.664099806764282041e-01 3.326438465961434332e-01 8.700884681182497148e-29 1.197232491086322151e-24 9.461727274283431542e-04 0.000000000000000000e+00
6.664099806764282041e-01 3.326438465961434332e-01 8.700884681182497148e-29 1.197232491086322151e-24 9.461727274283431542e-04 0.000000000000000000e+00
6.664099806764282041e-01 3.326438465961434332e-01 8.700884681182497148e-29 1.197232491086322151e-24 9.461727274283431542e-04 0.000000000000000000e+00
6.664099806764282041e-01 3.326438465961434332e-01 8.700884681182497148e-29 1.197232491086322151e-24 9.461727274283431542e-04 0.000000000000000000e+00
6.664099806764282041e-01 3.326438465961434332e-01 8.700884681182497148e-29 1.197232491086322151e-24 9.461727274283431542e-04 0.000000000000000000e+00
6.664099806764282041e-01 3.326438465961434332e-01 8.700884681182497148e-29 1.197232491086322151e-24 9.461727274283431542e-04 0.000000000000000000e+00
6.664099806764282041e-01 3.326438465961434332e-01 8.700884681182497148e-29 1.197232491086322151e-24 9.461727274283431542e-04 0.000000000000000000e+00
6.664099806764282041e-01 3.326438465961434332e-01 8.700884681182497148e-29 1.197232491086322151e-24 9.461727274283431542e-04 0.000000000000000000e+00
6.664099806764282041e-01 3.326438465961434332e-01 8.700884681182497148e-29 1.197232491086322151e-24 9.461727274283431542e-04 0.000000000000000000e+00
6.664099806764282041e-01 3.326438465961434332e-01 8.700884681182497148e-29 1.197232491086322151e-24 9.461727274283431542e-04 0.000000000000000000e+00
6.664099806764282041e-01 3.326438465961434332e-01 8.700884681182497148e-29 1.197232491086322151e-24 9.461727274283431542e-04 0.000000000000000000e+00
6.664099806764282041e-01 3.326438465961434332e-01 8.700884681182497148e-29 1.197232491086322151e-24 9.461727274283431542e-04 0.000000000000000000e+00
6.664099806764282041e-01 3.326438465961434332e-01 8.700884681182497148e-29 1.197232491086322151e-24 9.461727274283431542e-04 0.000000000000000000e+00
6.664099806764282041e-01 3.326438465961434332e-01 8.700884681182497148e-29 1.197232491086322151e-24 9.461727274283431542e-04 0.000000000000000000e+00
6.664099806764282041e-01 3.326438465961434332e-01 8.700884681182497148e-29 1.197232491086322151e-24 9.461727274283431542e-04 0.000000000000000000e+00
6.664099806764282041e-01 3.326438465961434332e-01 8.700884681182497148e-29 1.197232491086322151e-24 9.461727274283431542e-04 0.000000000000000000e+00
6.664099806764282041e-01 3.326438465961434332e-01 8.700884681182497148e-29 1.197232491086322151e-24 9.461727274283431542e-04 0.000000000000000000e+00
6.664099806764282041e-01 3.326438465961434332e-01 8.700884681182497148e-29 1.197232491086322151e-24 9.461727274283431542e-04 0.000000000000000000e+00
6.664099806764282041e-01 3.326438465961434332e-01 8.700884681182497148e-29 1.197232491086322151e-24 9.461727274283431542e-04 0.000000000000000000e+00
6.664099806764282041e-01 3.326438465961434332e-01 8.700884681182497148e-29 1.197232491086322151e-24 9.461727274283431542e-04 0.000000000000000000e+00
6.664099806764282041e-01 3.326438465961434332e-01 8.700884681182497148e-29 1.197232491086322151e-24 9.461727274283431542e-04 0.000000000000000000e+00
6.664099806764282041e-01 3.326438465961434332e-01 8.700884681182497148e-29 1.197232491086322151e-24 9.461727274283431542e-04 0.000000000000000000e+00
6.664099806764282041e-01 3.326438465961434332e-01 8.700884681182497148e-29 1.197232491086322151e-24 9.461727274283431542e-04 0.000000000000000000e+00
6.664099806764282041e-01 3.326438465961434332e-01 8.700884681182497148e-29 1.197232491086322151e-24 9.461727274283431542e-04 0.000000000000000000e+00
6.664099806764282041e-01 3.326438465961434332e-01 8.700884681182497148e-29 1.197232491086322151e-24 9.461727274283431542e-04 0.000000000000000000e+00
6.664099806764282041e-01 3.326438465961434332e-01 8.700884681182497148e-29 1.197232491086322151e-24 9.461727274283431542e-04 0.000000000000000000e+00
6.664099806764282041e-01 3.326438465961434332e-01 8.700884681182497148e-29 1.197232491086322151e-24 9.461727274283431542e-04 0.000000000000000000e+00
6.664099806764282041e-01 3.326438465961434332e-01 8.700884681182497148e-29 1.197232491086322151e-24 9.461727274283431542e-04 0.000000000000000000e+00
6.664099806764282041e-01 3.326438465961434332e-01 8.700884681182497148e-29 1.197232491086322151e-24 9.461727274283431542e-04 0.000000000000000000e+00
6.664099806764282041e-01 3.326438465961434332e-01 8.700884681182497148e-29 1.197232491086322151e-24 9.461727274283431542e-04 0.000000000000000000e+00
6.664099806764282041e-01 3.326438465961434332e-01 8.700884681182497148e-29 1.197232491086322151e-24 9.461727274283431542e-04 0.000000000000000000e+00
6.664099806764282041e-01 3.326438465961434332e-01 8.700884681182497148e-29 1.197232491086322151e-24 9.461727274283431542e-04 0.000000000000000000e+00
6.664099806764282041e-01 3.326438465961434332e-01 8.700884681182497148e-29 1.197232491086322151e-24 9.461727274283431542e-04 0.000000000000000000e+00
6.664099806764282041e-01 3.326438465961434332e-01 8.700884681182497148e-29 1.197232491086322151e-24 9.461727274283431542e-04 0.000000000000000000e+00
6.664099806764282041e-01 3.326438465961434332e-01 8.700884681182497148e-29 1.197232491086322151e-24 9.461727274283431542e-04 0.000000000000000000e+00
6.664099806764282041e-01 3.326438465961434332e-01 8.700884681182497148e-29 1.197232491086322151e-24 9.461727274283431542e-04 0.000000000000000000e+00
6.664099806764282041e-01 3.326438465961434332e-01 8.700884681182497148e-29 1.197232491086322151e-24 9.461727274283431542e-04 0.000000000000000000e+00
6.664099806764282041e-01 3.326438465961434332e-01 8.700884681182497148e-29 1.197232491086322151e-24 9.461727274283431542e-04 0.000000000000000000e+00
6.664099806764282041e-01 3.326438465961434332e-01 8.700884681182497148e-29 1.197232491086322151e-24 9.461727274283431542e-04 0.000000000000000000e+00
6.664099806764282041e-01 3.326438465961434332e-01 8.700884681182497148e-29 1.197232491086322151e-24 9.461727274283431542e-04 0.000000000000000000e+00
6.664099806764282041e-01 3.326438465961434332e-01 8.700884681182497148e-29 1.197232491086322151e-24 9.461727274283431542e-04 0.000000000000000000e+00
6.664099806764282041e-01 3.326438465961434332e-01 8.700884681182497148e-29 1.197232491086322151e-24 9.461727274283431542e-04 0.000000000000000000e+00
6.664099806764282041e-01 3.326438465961434332e-01 8.700884681182497148e-29 1.197232491086322151e-24 9.461727274283431542e-04 0.000000000000000000e+00
6.664099806764282041e-01 3.326438465961434332e-01 8.700884681182497148e-29 1.197232491086322151e-24 9.461727274283431542e-04 0.000000000000000000e+00
6.664099806764282041e-01 3.326438465961434332e-01 8.700884681182497148e-29 1.197232491086322151e-24 9.461727274283431542e-04 0.000000000000000000e+00
6.664099806764282041e-01 3.326438465961434332e-01 8.700884681182497148e-29 1.197232491086322151e-24 9.461727274283431542e-04 0.000000000000000000e+00
6.664099806764282041e-01 3.326438465961434332e-01 8.700884681182497148e-29 1.197232491086322151e-24 9.461727274283431542e-04 0.000000000000000000e+00
6.664099806764282041e-01 3.326438465961434332e-01 8.700884681182497148e-29 1.197232491086322151e-24 9.461727274283431542e-04 0.000000000000000000e+00
6.664099806764282041e-01 3.326438465961434332e-01 8.700884681182497148e-29 1.197232491086322151e-24 9.461727274283431542e-04 0.000000000000000000e+00
6.664099806764282041e-01 3.326438465961434332e-01 8.700884681182497148e-29 1.197232491086322151e-24 9.461727274283431542e-04 0.000000000000000000e+00
6.664099806764282041e-01 3.326438465961434332e-01 8.700884681182497148e-29 1.197232491086322151e-24 9.461727274283431542e-04 0.000000000000000000e+00
6.664099806764282041e-01 3.326438465961434332e-01 8.700884681182497148e-29 1.197232491086322151e-24 9.461727274283431542e-04 0.000000000000000000e+00
6.664099806764282041e-01 3.326438465961434332e-01 8.700884681182497148e-29 1.197232491086322151e-24 9.461727274283431542e-04 0.000000000000000000e+00
6.664099806764282041e-01 3.326438465961434332e-01 8.700884681182497148e-29 1.197232491086322151e-24 9.461727274283431542e-04 0.000000000000000000e+00
6.664099806764282041e-01 3.326438465961434332e-01 8.700884681182497148e-29 1.197232491086322151e-24 9.461727274283431542e-04 0.000000000000000000e+00
6.664099806764282041e-01 3.326438465961434332e-01 8.700884681182497148e-29 1.197232491086322151e-24 9.461727274283431542e-04 0.000000000000000000e+00
6.664099806764282041e-01 3.326438465961434332e-01 8.700884681182497148e-29 1.197232491086322151e-24 9.461727274283431542e-04 0.000000000000000000e+00
6.664099806764282041e-01 3.326438465961434332e-01 8.700884681182497148e-29 1.197232491086322151e-24 9.461727274283431542e-04 0.000000000000000000e+00
6.664099806764282041e-01 3.326438465961434332e-01 8.700884681182497148e-29 1.197232491086322151e-24 9.461727274283431542e-04 0.000000000000000000e+00
6.664099806764282041e-01 3.326438465961434332e-01 8.700884681182497148e-29 1.197232491086322151e-24 9.461727274283431542e-04 0.000000000000000000e+00
6.664099806764282041e-01 3.326438465961434332e-01 8.700884681182497148e-29 1.197232491086322151e-24 9.461727274283431542e-04 0.000000000000000000e+00
6.664099806764282041e-01 3.326438465961434332e-01 8.700884681182497148e-29 1.197232491086322151e-24 9.461727274283431542e-04 0.000000000000000000e+00
6.664099806764282041e-01 3.326438465961434332e-01 8.700884681182497148e-29 1.197232491086322151e-24 9.461727274283431542e-04 0.000000000000000000e+00
6.664099806764282041e-01 3.326438465961434332e-01 8.700884681182497148e-29 1.197232491086322151e-24 9.461727274283431542e-04 0.000000000000000000e+00
6.664099806764282041e-01 3.326438465961434332e-01 8.700884681182497148e-29 1.197232491086322151e-24 9.461727274283431542e-04 0.000000000000000000e+00
6.664099806764282041e-01 3.326438465961434332e-01 8.700884681182497148e-29 1.197232491086322151e-24 9.461727274283431542e-04 0.000000000000000000e+00
6.664099806764282041e-01 3.326438465961434332e-01 8.700884681182497148e-29 1.197232491086322151e-24 9.461727274283431542e-04 0.000000000000000000e+00
6.664099806764282041e-01 3.326438465961434332e-01 8.700884681182497148e-29 1.197232491086322151e-24 9.461727274283431542e-04 0.000000000000000000e+00
6.664099806764282041e-01 3.326438465961434332e-01 8.700884681182497148e-29 1.197232491086322151e-24 9.461727274283431542e-04 0.000000000000000000e+00
6.664099806764282041e-01 3.326438465961434332e-01 8.700884681182497148e-29 1.197232491086322151e-24 9.461727274283431542e-04 0.000000000000000000e+00
6.664099806764282041e-01 3.326438465961434332e-01 8.700884681182497148e-29 1.197232491086322151e-24 9.461727274283431542e-04 0.000000000000000000e+00
6.664099806764282041e-01 3.326438465961434332e-01 8.700884681182497148e-29 1.197232491086322151e-24 9.461727274283431542e-04 0.000000000000000000e+00
6.664099806764282041e-01 3.326438465961434332e-01 8.700884681182497148e-29 1.197232491086322151e-24 9.461727274283431542e-04 0.000000000000000000e+00
6.664099806764282041e-01 3.326438465961434332e-01 8.700884681182497148e-29 1.197232491086322151e-24 9.461727274283431542e-04 0.000000000000000000e+00
6.664099806764282041e-01 3.326438465961434332e-01 8.700884681182497148e-29 1.197232491086322151e-24 9.461727274283431542e-04 0.000000000000000000e+00
6.664099806764282041e-01 3.326438465961434332e-01 8.700884681182497148e-29 1.197232491086322151e-24 9.461727274283431542e-04 0.000000000000000000e+00
6.664099806764282041e-01 3.326438465961434332e-01 8.700884681182497148e-29 1.197232491086322151e-24 9.461727274283431542e-04 0.000000000000000000e+00
6.664099806764282041e-01 3.326438465961434332e-01 8.700884681182497148e-29 1.197232491086322151e-24 9.461727274283431542e-04 0.000000000000000000e+00
6.664099806764282041e-01 3.326438465961434332e-01 8.700884681182497148e-29 1.197232491086322151e-24 9.461727274283431542e-04 0.000000000000000000e+00
6.664099806764282041e-01 3.326438465961434332e-01 8.700884681182497148e-29 1.197232491086322151e-24 9.461727274283431542e-04 0.000000000000000000e+00
6.664099806764282041e-01 3.326438465961434332e-01 8.700884681182497148e-29 1.197232491086322151e-24 9.461727274283431542e-04 0.000000000000000000e+00
6.664099806764282041e-01 3.326438465961434332e-01 8.700884681182497148e-29 1.197232491086322151e-24 9.461727274283431542e-04 0.000000000000000000e+00
6.664099806764282041e-01 3.326438465961434332e-01 8.700884681182497148e-29 1.197232491086322151e-24 9.461727274283431542e-04 0.000000000000000000e+00
6.664099806764282041e-01 3.326438465961434332e-01 8.700884681182497148e-29 1.197232491086322151e-24 9.461727274283431542e-04 0.000000000000000000e+00
6.664099806764282041e-01 3.326438465961434332e-01 8.700884681182497148e-29 1.197232491086322151e-24 9.461727274283431542e-04 0.000000000000000000e+00
6.664099806764282041e-01 3.326438465961434332e-01 8.700884681182497148e-29 1.197232491086322151e-24 9.461727274283431542e-04 0.000000000000000000e+00
6.664099806764282041e-01 3.326438465961434332e-01 8.700884681182497148e-29 1.197232491086322151e-24 9.461727274283431542e-04 0.000000000000000000e+00
6.664099806764282041e-01 3.326438465961434332e-01 8.700884681182497148e-29 1.197232491086322151e-24 9.461727274283431542e-04 0.000000000000000000e+00
6.664099806764282041e-01 3.326438465961434332e-01 8.700884681182497148e-29 1.197232491086322151e-24 9.461727274283431542e-04 0.000000000000000000e+00
6.664099806764282041e-01 3.326438465961434332e-01 8.700884681182497148e-29 1.197232491086322151e-24 9.461727274283431542e-04 0.000000000000000000e+00
6.664099806764282041e-01 3.326438465961434332e-01 8.700884681182497148e-29 1.197232491086322151e-24 9.461727274283431542e-04 0.000000000000000000e+00
6.664099806764282041e-01 3.326438465961434332e-01 8.700884681182497148e-29 1.197232491086322151e-24 9.461727274283431542e-04 0.000000000000000000e+00
6.664099806764282041e-01 3.326438465961434332e-01 8.700884681182497148e-29 1.197232491086322151e-24 9.461727274283431542e-04 0.000000000000000000e+00
6.664099806764282041e-01 3.326438465961434332e-01 8.700884681182497148e-29 1.197232491086322151e-24 9.461727274283431542e-04 0.000000000000000000e+00
6.664099806764282041e-01 3.326438465961434332e-01 8.700884681182497148e-29 1.197232491086322151e-24 9.461727274283431542e-04 0.000000000000000000e+00
6.664099806764282041e-01 3.326438465961434332e-01 8.700884681182497148e-29 1.197232491086322151e-24 9.461727274283431542e-04 0.000000000000000000e+00
6.664099806764282041e-01 3.326438465961434332e-01 8.700884681182497148e-29 1.197232491086322151e-24 9.461727274283431542e-04 0.000000000000000000e+00
6.664099806764282041e-01 3.326438465961434332e-01 8.700884681182497148e-29 1.197232491086322151e-24 9.461727274283431542e-04 0.000000000000000000e+00
6.664099806764282041e-01 3.326438465961434332e-01 8.700884681182497148e-29 1.197232491086322151e-24 9.461727274283431542e-04 0.000000000000000000e+00
6.664099806764282041e-01 3.326438465961434332e-01 8.700884681182497148e-29 1.197232491086322151e-24 9.461727274283431542e-04 0.000000000000000000e+00
6.664099806764282041e-01 3.326438465961434332e-01 8.700884681182497148e-29 1.197232491086322151e-24 9.461727274283431542e-04 0.000000000000000000e+00
6.664099806764282041e-01 3.326438465961434332e-01 8.700884681182497148e-29 1.197232491086322151e-24 9.461727274283431542e-04 0.000000000000000000e+00
6.664099806764282041e-01 3.326438465961434332e-01 8.700884681182497148e-29 1.197232491086322151e-24 9.461727274283431542e-04 0.000000000000000000e+00
6.664099806764282041e-01 3.326438465961434332e-01 8.700884681182497148e-29 1.197232491086322151e-24 9.461727274283431542e-04 0.000000000000000000e+00
6.664099806764282041e-01 3.326438465961434332e-01 8.700884681182497148e-29 1.197232491086322151e-24 9.461727274283431542e-04 0.000000000000000000e+00
6.664099806764282041e-01 3.326438465961434332e-01 8.700884681182497148e-29 1.197232491086322151e-24 9.461727274283431542e-04 0.000000000000000000e+00
6.664099806764282041e-01 3.326438465961434332e-01 8.700884681182497148e-29 1.197232491086322151e-24 9.461727274283431542e-04 0.000000000000000000e+00
6.664099806764282041e-01 3.326438465961434332e-01 8.700884681182497148e-29 1.197232491086322151e-24 9.461727274283431542e-04 0.000000000000000000e+00
6.664099806764282041e-01 3.326438465961434332e-01 8.700884681182497148e-29 1.197232491086322151e-24 9.461727274283431542e-04 0.000000000000000000e+00
6.664099806764282041e-01 3.326438465961434332e-01 8.700884681182497148e-29 1.197232491086322151e-24 9.461727274283431542e-04 0.000000000000000000e+00
6.664099806764282041e-01 3.326438465961434332e-01 8.700884681182497148e-29 1.197232491086322151e-24 9.461727274283431542e-04 0.000000000000000000e+00
6.664099806764282041e-01 3.326438465961434332e-01 8.700884681182497148e-29 1.197232491086322151e-24 9.461727274283431542e-04 0.000000000000000000e+00
6.664099806764282041e-01 3.326438465961434332e-01 8.700884681182497148e-29 1.197232491086322151e-24 9.461727274283431542e-04 0.000000000000000000e+00
6.664099806764282041e-01 3.326438465961434332e-01 8.700884681182497148e-29 1.197232491086322151e-24 9.461727274283431542e-04 0.000000000000000000e+00
6.664099806764282041e-01 3.326438465961434332e-01 8.700884681182497148e-29 1.197232491086322151e-24 9.461727274283431542e-04 0.000000000000000000e+00
6.664099806764282041e-01 3.326438465961434332e-01 8.700884681182497148e-29 1.197232491086322151e-24 9.461727274283431542e-04 0.000000000000000000e+00
6.664099806764282041e-01 3.326438465961434332e-01 8.700884681182497148e-29 1.197232491086322151e-24 9.461727274283431542e-04 0.000000000000000000e+00
6.664099806764282041e-01 3.326438465961434332e-01 8.700884681182497148e-29 1.197232491086322151e-24 9.461727274283431542e-04 0.000000000000000000e+00
6.664099806764282041e-01 3.326438465961434332e-01 8.700884681182497148e-29 1.197232491086322151e-24 9.461727274283431542e-04 0.000000000000000000e+00
6.664099806764282041e-01 3.326438465961434332e-01 8.700884681182497148e-29 1.197232491086322151e-24 9.461727274283431542e-04 0.000000000000000000e+00
6.664099806764282041e-01 3.326438465961434332e-01 8.700884681182497148e-29 1.197232491086322151e-24 9.461727274283431542e-04 0.000000000000000000e+00
6.664099806764282041e-01 3.326438465961434332e-01 8.700884681182497148e-29 1.197232491086322151e-24 9.461727274283431542e-04 0.000000000000000000e+00
6.664099806764282041e-01 3.326438465961434332e-01 8.700884681182497148e-29 1.197232491086322151e-24 9.461727274283431542e-04 0.000000000000000000e+00
6.664099806764282041e-01 3.326438465961434332e-01 8.700884681182497148e-29 1.197232491086322151e-24 9.461727274283431542e-04 0.000000000000000000e+00
6.664099806764282041e-01 3.326438465961434332e-01 8.700884681182497148e-29 1.197232491086322151e-24 9.461727274283431542e-04 0.000000000000000000e+00
6.664099806764282041e-01 3.326438465961434332e-01 8.700884681182497148e-29 1.197232491086322151e-24 9.461727274283431542e-04 0.000000000000000000e+00
6.664099806764282041e-01 3.326438465961434332e-01 8.700884681182497148e-29 1.197232491086322151e-24 9.461727274283431542e-04 0.000000000000000000e+00
6.664099806764282041e-01 3.326438465961434332e-01 8.700884681182497148e-29 1.197232491086322151e-24 9.461727274283431542e-04 0.000000000000000000e+00
6.664099806764282041e-01 3.326438465961434332e-01 8.700884681182497148e-29 1.197232491086322151e-24 9.461727274283431542e-04 0.000000000000000000e+00
6.664099806764282041e-01 3.326438465961434332e-01 8.700884681182497148e-29 1.197232491086322151e-24 9.461727274283431542e-04 0.000000000000000000e+00
6.664099806764282041e-01 3.326438465961434332e-01 8.700884681182497148e-29 1.197232491086322151e-24 9.461727274283431542e-04 0.000000000000000000e+00
6.664099806764282041e-01 3.326438465961434332e-01 8.700884681182497148e-29 1.197232491086322151e-24 9.461727274283431542e-04 0.000000000000000000e+00
6.664099806764282041e-01 3.326438465961434332e-01 8.700884681182497148e-29 1.197232491086322151e-24 9.461727274283431542e-04 0.000000000000000000e+00
6.664099806764282041e-01 3.326438465961434332e-01 8.700884681182497148e-29 1.197232491086322151e-24 9.461727274283431542e-04 0.000000000000000000e+00
6.664099806764282041e-01 3.326438465961434332e-01 8.700884681182497148e-29 1.197232491086322151e-24 9.461727274283431542e-04 0.000000000000000000e+00
6.664099806764282041e-01 3.326438465961434332e-01 8.700884681182497148e-29 1.197232491086322151e-24 9.461727274283431542e-04 0.000000000000000000e+00
6.664099806764282041e-01 3.326438465961434332e-01 8.700884681182497148e-29 1.197232491086322151e-24 9.461727274283431542e-04 0.000000000000000000e+00
6.664099806764282041e-01 3.326438465961434332e-01 8.700884681182497148e-29 1.197232491086322151e-24 9.461727274283431542e-04 0.000000000000000000e+00
6.664099806764282041e-01 3.326438465961434332e-01 8.700884681182497148e-29 1.197232491086322151e-24 9.461727274283431542e-04 0.000000000000000000e+00
6.664099806764282041e-01 3.326438465961434332e-01 8.700884681182497148e-29 1.197232491086322151e-24 9.461727274283431542e-04 0.000000000000000000e+00
6.664099806764282041e-01 3.326438465961434332e-01 8.700884681182497148e-29 1.197232491086322151e-24 9.461727274283431542e-04 0.000000000000000000e+00
6.664099806764282041e-01 3.326438465961434332e-01 8.700884681182497148e-29 1.197232491086322151e-24 9.461727274283431542e-04 0.000000000000000000e+00
6.664099806764282041e-01 3.326438465961434332e-01 8.700884681182497148e-29 1.197232491086322151e-24 9.461727274283431542e-04 0.000000000000000000e+00
6.664099806764282041e-01 3.326438465961434332e-01 8.700884681182497148e-29 1.197232491086322151e-24 9.461727274283431542e-04 0.000000000000000000e+00
6.664099806764282041e-01 3.326438465961434332e-01 8.700884681182497148e-29 1.197232491086322151e-24 9.461727274283431542e-04 0.000000000000000000e+00
6.664099806764282041e-01 3.326438465961434332e-01 8.700884681182497148e-29 1.197232491086322151e-24 9.461727274283431542e-04 0.000000000000000000e+00
