4.026611724778524359e-01 5.967925679945987882e-01 6.472453352686295613e-14 3.476825864752661885e-12 5.462595240072684599e-04 0.000000000000000000e+00
4.026611724778523804e-01 5.967925679945986772e-01 4.813393415633739850e-14 2.751260102766864006e-12 5.462595246771923202e-04 0.000000000000000000e+00
4.026611724778524359e-01 5.967925679945986772e-01 3.085801293423926607e-14 1.935987014057445793e-12 5.462595255401193461e-04 0.000000000000000000e+00
4.026611724778524914e-01 5.967925679945987882e-01 1.965961014182184503e-14 1.355440444127584707e-12 5.462595261666035621e-04 0.000000000000000000e+00
4.026611724778524914e-01 5.967925679945987882e-01 1.241735305994074625e-14 9.423698234730252478e-13 5.462595265745062234e-04 0.000000000000000000e+00
4.026611724778524359e-01 5.967925679945987882e-01 7.787331999802630061e-15 6.514152538090851836e-13 5.462595268685356727e-04 0.000000000000000000e+00
4.026611724778524359e-01 5.967925679945987882e-01 4.852651125214310898e-15 4.479744253063606462e-13 5.462595270842484285e-04 0.000000000000000000e+00
4.026611724778524914e-01 5.967925679945988993e-01 3.005043658209615240e-15 3.065125017422666365e-13 5.462595272387069057e-04 0.000000000000000000e+00
4.026611724778524359e-01 5.967925679945987882e-01 1.842302740726428361e-15 2.080238267863358299e-13 5.462595273323890208e-04 0.000000000000000000e+00
4.026611724778523804e-01 5.967925679945987882e-01 1.121926087393981812e-15 1.404187339845041563e-13 5.462595274018394341e-04 0.000000000000000000e+00
4.026611724778524359e-01 5.967925679945986772e-01 6.789370193710955214e-16 9.430198361439645492e-14 5.462595274520221653e-04 0.000000000000000000e+00
4.026611724778524359e-01 5.967925679945986772e-01 4.073327243079166066e-16 6.289047776329442190e-14 5.462595274839013955e-04 0.000000000000000000e+00
4.026611724778524914e-01 5.967925679945987882e-01 2.422236901774086011e-16 4.164189131541469240e-14 5.462595275049766594e-04 0.000000000000000000e+00
4.026611724778524914e-01 5.967925679945987882e-01 1.431422331744444576e-16 2.743325784160724728e-14 5.462595275204179751e-04 0.000000000000000000e+00
4.026611724778524359e-01 5.967925679945987882e-01 8.391389254743877278e-17 1.795574020837597376e-14 5.462595275303501344e-04 0.000000000000000000e+00
4.026611724778524914e-01 5.967925679945987882e-01 4.870000658670396595e-17 1.165712528115769540e-14 5.462595275364693715e-04 0.000000000000000000e+00
4.026611724778524914e-01 5.967925679945987882e-01 2.809271745445493836e-17 7.530962827574714090e-15 5.462595275410022039e-04 0.000000000000000000e+00
4.026611724778524914e-01 5.967925679945988993e-01 1.606750608280052192e-17 4.831773181359957782e-15 5.462595275438062760e-04 0.000000000000000000e+00
4.026611724778524914e-01 5.967925679945988993e-01 9.096560097677228056e-18 3.074537673639446948e-15 5.462595275455373132e-04 0.000000000000000000e+00
4.026611724778524359e-01 5.967925679945987882e-01 5.120355494375664685e-18 1.947263164996070521e-15 5.462595275468130939e-04 0.000000000000000000e+00
4.026611724778524914e-01 5.967925679945987882e-01 2.851723136362671673e-18 1.222736767982245675e-15 5.462595275475224874e-04 0.000000000000000000e+00
4.026611724778524914e-01 5.967925679945987882e-01 1.574402128990967304e-18 7.623699696047510119e-16 5.462595275480028973e-04 0.000000000000000000e+00
4.026611724778524359e-01 5.967925679945987882e-01 8.645787808078361572e-19 4.732829541463752233e-16 5.462595275483442042e-04 0.000000000000000000e+00
4.026611724778524359e-01 5.967925679945987882e-01 4.678885472809209473e-19 2.903580698360555752e-16 5.462595275485033651e-04 0.000000000000000000e+00
4.026611724778524359e-01 5.967925679945987882e-01 2.518799936462998396e-19 1.773762683096755095e-16 5.462595275486318430e-04 0.000000000000000000e+00
4.026611724778524914e-01 5.967925679945988993e-01 1.342350505025577904e-19 1.074759986363806386e-16 5.462595275487034004e-04 0.000000000000000000e+00
4.026611724778524914e-01 5.967925679945987882e-01 7.079760116388790253e-20 6.457549310437744200e-17 5.462595275487480695e-04 0.000000000000000000e+00
4.026611724778524359e-01 5.967925679945986772e-01 3.713361032777193640e-20 3.862579018364550455e-17 5.462595275487787524e-04 0.000000000000000000e+00
4.026611724778524359e-01 5.967925679945987882e-01 1.917743211947494465e-20 2.281607370681248314e-17 5.462595275487932807e-04 0.000000000000000000e+00
4.026611724778524359e-01 5.967925679945987882e-01 9.862836249635456463e-21 1.343188971117635553e-17 5.462595275488049901e-04 0.000000000000000000e+00
4.026611724778524914e-01 5.967925679945987882e-01 5.000176729504794938e-21 7.816094245873417442e-18 5.462595275488095438e-04 0.000000000000000000e+00
4.026611724778524914e-01 5.967925679945987882e-01 2.517490758190291534e-21 4.522847911520911730e-18 5.462595275488134469e-04 0.000000000000000000e+00
4.026611724778524359e-01 5.967925679945987882e-01 1.253339212470766280e-21 2.593465540753757684e-18 5.462595275488156153e-04 0.000000000000000000e+00
4.026611724778524359e-01 5.967925679945987882e-01 6.176106824486367157e-22 1.474829513756279424e-18 5.462595275488173500e-04 0.000000000000000000e+00
4.026611724778524359e-01 5.967925679945987882e-01 3.017855451509152953e-22 8.329853444264676755e-19 5.462595275488178921e-04 0.000000000000000000e+00
4.026611724778524359e-01 5.967925679945987882e-01 1.455237189034841315e-22 4.654551289678271583e-19 5.462595275488178921e-04 0.000000000000000000e+00
4.026611724778524359e-01 5.967925679945987882e-01 6.973062522953591179e-23 2.587586373032807982e-19 5.462595275488184342e-04 0.000000000000000000e+00
4.026611724778524359e-01 5.967925679945987882e-01 3.289458825990649316e-23 1.420409976046513874e-19 5.462595275488184342e-04 0.000000000000000000e+00
4.026611724778524914e-01 5.967925679945987882e-01 1.544235708657660324e-23 7.766445533828366310e-20 5.462595275488184342e-04 0.000000000000000000e+00
4.026611724778524914e-01 5.967925679945987882e-01 7.125062991888966812e-24 4.187405228549868429e-20 5.462595275488184342e-04 0.000000000000000000e+00
4.026611724778524359e-01 5.967925679945987882e-01 3.273712617516530763e-24 2.250043636670650948e-20 5.462595275488184342e-04 0.000000000000000000e+00
4.026611724778524359e-01 5.967925679945987882e-01 1.477206661699306597e-24 1.191454555221118863e-20 5.462595275488184342e-04 0.000000000000000000e+00
4.026611724778524359e-01 5.967925679945987882e-01 6.635692940940716096e-25 6.286080304069161432e-21 5.462595275488184342e-04 0.000000000000000000e+00
4.026611724778524359e-01 5.967925679945987882e-01 2.928116274083923505e-25 3.268961665778928769e-21 5.462595275488184342e-04 0.000000000000000000e+00
4.026611724778524359e-01 5.967925679945987882e-01 1.284343873064469794e-25 1.691710979290699825e-21 5.462595275488184342e-04 0.000000000000000000e+00
4.026611724778524359e-01 5.967925679945987882e-01 5.542381411337850100e-26 8.639882971170904143e-22 5.462595275488184342e-04 0.000000000000000000e+00
4.026611724778524359e-01 5.967925679945987882e-01 2.370313260564690809e-26 4.380513669635483820e-22 5.462595275488184342e-04 0.000000000000000000e+00
4.026611724778524359e-01 5.967925679945987882e-01 1.000624134281790276e-26 2.197702786990381547e-22 5.462595275488184342e-04 0.000000000000000000e+00
4.026611724778524359e-01 5.967925679945987882e-01 4.166727486592373646e-27 1.090432962431333110e-22 5.462595275488184342e-04 0.000000000000000000e+00
4.026611724778524359e-01 5.967925679945987882e-01 2.204613052793711279e-27 6.552945817703725933e-23 5.462595275488184342e-04 0.000000000000000000e+00
4.026611724778524359e-01 5.967925679945987882e-01 2.204613052793711279e-27 6.552945817703725933e-23 5.462595275488184342e-04 0.000000000000000000e+00
4.026611724778524359e-01 5.967925679945987882e-01 2.204613052793711279e-27 6.552945817703725933e-23 5.462595275488184342e-04 0.000000000000000000e+00
4.026611724778524359e-01 5.967925679945987882e-01 2.204613052793711279e-27 6.552945817703725933e-23 5.462595275488184342e-04 0.000000000000000000e+00
4.026611724778524359e-01 5.967925679945987882e-01 2.204613052793711279e-27 6.552945817703725933e-23 5.462595275488184342e-04 0.000000000000000000e+00
4.026611724778524359e-01 5.967925679945987882e-01 2.204613052793711279e-27 6.552945817703725933e-23 5.462595275488184342e-04 0.000000000000000000e+00
4.026611724778524359e-01 5.967925679945987882e-01 2.204613052793711279e-27 6.552945817703725933e-23 5.462595275488184342e-04 0.000000000000000000e+00
4.026611724778524359e-01 5.967925679945987882e-01 2.204613052793711279e-27 6.552945817703725933e-23 5.462595275488184342e-04 0.000000000000000000e+00
4.026611724778524359e-01 5.967925679945987882e-01 2.204613052793711279e-27 6.552945817703725933e-23 5.462595275488184342e-04 0.000000000000000000e+00
4.026611724778524359e-01 5.967925679945987882e-01 2.204613052793711279e-27 6.552945817703725933e-23 5.462595275488184342e-04 0.000000000000000000e+00
4.026611724778524359e-01 5.967925679945987882e-01 2.204613052793711279e-27 6.552945817703725933e-23 5.462595275488184342e-04 0.000000000000000000e+00
4.026611724778524359e-01 5.967925679945987882e-01 2.204613052793711279e-27 6.552945817703725933e-23 5.462595275488184342e-04 0.000000000000000000e+00
4.026611724778524359e-01 5.967925679945987882e-01 2.204613052793711279e-27 6.552945817703725933e-23 5.462595275488184342e-04 0.000000000000000000e+00
4.026611724778524359e-01 5.967925679945987882e-01 2.204613052793711279e-27 6.552945817703725933e-23 5.462595275488184342e-04 0.000000000000000000e+00
4.026611724778524359e-01 5.967925679945987882e-01 2.204613052793711279e-27 6.552945817703725933e-23 5.462595275488184342e-04 0.000000000000000000e+00
4.026611724778524359e-01 5.967925679945987882e-01 2.204613052793711279e-27 6.552945817703725933e-23 5.462595275488184342e-04 0.000000000000000000e+00
4.026611724778524359e-01 5.967925679945987882e-01 2.204613052793711279e-27 6.552945817703725933e-23 5.462595275488184342e-04 0.000000000000000000e+00
4.026611724778524359e-01 5.967925679945987882e-01 2.204613052793711279e-27 6.552945817703725933e-23 5.462595275488184342e-04 0.000000000000000000e+00
4.026611724778524359e-01 5.967925679945987882e-01 2.204613052793711279e-27 6.552945817703725933e-23 5.462595275488184342e-04 0.000000000000000000e+00
4.026611724778524359e-01 5.967925679945987882e-01 2.204613052793711279e-27 6.552945817703725933e-23 5.462595275488184342e-04 0.000000000000000000e+00
4.026611724778524359e-01 5.967925679945987882e-01 2.204613052793711279e-27 6.552945817703725933e-23 5.462595275488184342e-04 0.000000000000000000e+00
4.026611724778524359e-01 5.967925679945987882e-01 2.204613052793711279e-27 6.552945817703725933e-23 5.462595275488184342e-04 0.000000000000000000e+00
4.026611724778524359e-01 5.967925679945987882e-01 2.204613052793711279e-27 6.552945817703725933e-23 5.462595275488184342e-04 0.000000000000000000e+00
4.026611724778524359e-01 5.967925679945987882e-01 2.204613052793711279e-27 6.552945817703725933e-23 5.462595275488184342e-04 0.000000000000000000e+00
4.026611724778524359e-01 5.967925679945987882e-01 2.204613052793711279e-27 6.552945817703725933e-23 5.462595275488184342e-04 0.000000000000000000e+00
4.026611724778524359e-01 5.967925679945987882e-01 2.204613052793711279e-27 6.552945817703725933e-23 5.462595275488184342e-04 0.000000000000000000e+00
4.026611724778524359e-01 5.967925679945987882e-01 2.204613052793711279e-27 6.552945817703725933e-23 5.462595275488184342e-04 0.000000000000000000e+00
4.026611724778524359e-01 5.967925679945987882e-01 2.204613052793711279e-27 6.552945817703725933e-23 5.462595275488184342e-04 0.000000000000000000e+00
4.026611724778524359e-01 5.967925679945987882e-01 2.204613052793711279e-27 6.552945817703725933e-23 5.462595275488184342e-04 0.000000000000000000e+00
4.026611724778524359e-01 5.967925679945987882e-01 2.204613052793711279e-27 6.552945817703725933e-23 5.462595275488184342e-04 0.000000000000000000e+00
4.026611724778524359e-01 5.967925679945987882e-01 2.204613052793711279e-27 6.552945817703725933e-23 5.462595275488184342e-04 0.000000000000000000e+00
4.026611724778524359e-01 5.967925679945987882e-01 2.204613052793711279e-27 6.552945817703725933e-23 5.462595275488184342e-04 0.000000000000000000e+00
4.026611724778524359e-01 5.967925679945987882e-01 2.204613052793711279e-27 6.552945817703725933e-23 5.462595275488184342e-04 0.000000000000000000e+00
4.026611724778524359e-01 5.967925679945987882e-01 2.204613052793711279e-27 6.552945817703725933e-23 5.462595275488184342e-04 0.000000000000000000e+00
4.026611724778524359e-01 5.967925679945987882e-01 2.204613052793711279e-27 6.552945817703725933e-23 5.462595275488184342e-04 0.000000000000000000e+00
4.026611724778524359e-01 5.967925679945987882e-01 2.204613052793711279e-27 6.552945817703725933e-23 5.462595275488184342e-04 0.000000000000000000e+00
4.026611724778524359e-01 5.967925679945987882e-01 2.204613052793711279e-27 6.552945817703725933e-23 5.462595275488184342e-04 0.000000000000000000e+00
4.026611724778524359e-01 5.967925679945987882e-01 2.204613052793711279e-27 6.552945817703725933e-23 5.462595275488184342e-04 0.000000000000000000e+00
4.026611724778524359e-01 5.967925679945987882e-01 2.204613052793711279e-27 6.552945817703725933e-23 5.462595275488184342e-04 0.000000000000000000e+00
4.026611724778524359e-01 5.967925679945987882e-01 2.204613052793711279e-27 6.552945817703725933e-23 5.462595275488184342e-04 0.000000000000000000e+00
4.026611724778524359e-01 5.967925679945987882e-01 2.204613052793711279e-27 6.552945817703725933e-23 5.462595275488184342e-04 0.000000000000000000e+00
4.026611724778524359e-01 5.967925679945987882e-01 2.204613052793711279e-27 6.552945817703725933e-23 5.462595275488184342e-04 0.000000000000000000e+00
4.026611724778524359e-01 5.967925679945987882e-01 2.204613052793711279e-27 6.552945817703725933e-23 5.462595275488184342e-04 0.000000000000000000e+00
4.026611724778524359e-01 5.967925679945987882e-01 2.204613052793711279e-27 6.552945817703725933e-23 5.462595275488184342e-04 0.000000000000000000e+00
4.026611724778524359e-01 5.967925679945987882e-01 2.204613052793711279e-27 6.552945817703725933e-23 5.462595275488184342e-04 0.000000000000000000e+00
4.026611724778524359e-01 5.967925679945987882e-01 2.204613052793711279e-27 6.552945817703725933e-23 5.462595275488184342e-04 0.000000000000000000e+00
4.026611724778524359e-01 5.967925679945987882e-01 2.204613052793711279e-27 6.552945817703725933e-23 5.462595275488184342e-04 0.000000000000000000e+00
4.026611724778524359e-01 5.967925679945987882e-01 2.204613052793711279e-27 6.552945817703725933e-23 5.462595275488184342e-04 0.000000000000000000e+00
4.026611724778524359e-01 5.967925679945987882e-01 2.204613052793711279e-27 6.552945817703725933e-23 5.462595275488184342e-04 0.000000000000000000e+00
4.026611724778524359e-01 5.967925679945987882e-01 2.204613052793711279e-27 6.552945817703725933e-23 5.462595275488184342e-04 0.000000000000000000e+00
4.026611724778524359e-01 5.967925679945987882e-01 2.204613052793711279e-27 6.552945817703725933e-23 5.462595275488184342e-04 0.000000000000000000e+00
4.026611724778524359e-01 5.967925679945987882e-01 2.204613052793711279e-27 6.552945817703725933e-23 5.462595275488184342e-04 0.000000000000000000e+00
4.026611724778524359e-01 5.967925679945987882e-01 2.204613052793711279e-27 6.552945817703725933e-23 5.462595275488184342e-04 0.000000000000000000e+00
4.026611724778524359e-01 5.967925679945987882e-01 2.204613052793711279e-27 6.552945817703725933e-23 5.462595275488184342e-04 0.000000000000000000e+00
4.026611724778524359e-01 5.967925679945987882e-01 2.204613052793711279e-27 6.552945817703725933e-23 5.462595275488184342e-04 0.000000000000000000e+00
4.026611724778524359e-01 5.967925679945987882e-01 2.204613052793711279e-27 6.552945817703725933e-23 5.462595275488184342e-04 0.000000000000000000e+00
4.026611724778524359e-01 5.967925679945987882e-01 2.204613052793711279e-27 6.552945817703725933e-23 5.462595275488184342e-04 0.000000000000000000e+00
4.026611724778524359e-01 5.967925679945987882e-01 2.204613052793711279e-27 6.552945817703725933e-23 5.462595275488184342e-04 0.000000000000000000e+00
4.026611724778524359e-01 5.967925679945987882e-01 2.204613052793711279e-27 6.552945817703725933e-23 5.462595275488184342e-04 0.000000000000000000e+00
4.026611724778524359e-01 5.967925679945987882e-01 2.204613052793711279e-27 6.552945817703725933e-23 5.462595275488184342e-04 0.000000000000000000e+00
4.026611724778524359e-01 5.967925679945987882e-01 2.204613052793711279e-27 6.552945817703725933e-23 5.462595275488184342e-04 0.000000000000000000e+00
4.026611724778524359e-01 5.967925679945987882e-01 2.204613052793711279e-27 6.552945817703725933e-23 5.462595275488184342e-04 0.000000000000000000e+00
4.026611724778524359e-01 5.967925679945987882e-01 2.204613052793711279e-27 6.552945817703725933e-23 5.462595275488184342e-04 0.000000000000000000e+00
4.026611724778524359e-01 5.967925679945987882e-01 2.204613052793711279e-27 6.552945817703725933e-23 5.462595275488184342e-04 0.000000000000000000e+00
4.026611724778524359e-01 5.967925679945987882e-01 2.204613052793711279e-27 6.552945817703725933e-23 5.462595275488184342e-04 0.000000000000000000e+00
4.026611724778524359e-01 5.967925679945987882e-01 2.204613052793711279e-27 6.552945817703725933e-23 5.462595275488184342e-04 0.000000000000000000e+00
4.026611724778524359e-01 5.967925679945987882e-01 2.204613052793711279e-27 6.552945817703725933e-23 5.462595275488184342e-04 0.000000000000000000e+00
4.026611724778524359e-01 5.967925679945987882e-01 2.204613052793711279e-27 6.552945817703725933e-23 5.462595275488184342e-04 0.000000000000000000e+00
4.026611724778524359e-01 5.967925679945987882e-01 2.204613052793711279e-27 6.552945817703725933e-23 5.462595275488184342e-04 0.000000000000000000e+00
4.026611724778524359e-01 5.967925679945987882e-01 2.204613052793711279e-27 6.552945817703725933e-23 5.462595275488184342e-04 0.000000000000000000e+00
4.026611724778524359e-01 5.967925679945987882e-01 2.204613052793711279e-27 6.552945817703725933e-23 5.462595275488184342e-04 0.000000000000000000e+00
4.026611724778524359e-01 5.967925679945987882e-01 2.204613052793711279e-27 6.552945817703725933e-23 5.462595275488184342e-04 0.000000000000000000e+00
4.026611724778524359e-01 5.967925679945987882e-01 2.204613052793711279e-27 6.552945817703725933e-23 5.462595275488184342e-04 0.000000000000000000e+00
4.026611724778524359e-01 5.967925679945987882e-01 2.204613052793711279e-27 6.552945817703725933e-23 5.462595275488184342e-04 0.000000000000000000e+00
4.026611724778524359e-01 5.967925679945987882e-01 2.204613052793711279e-27 6.552945817703725933e-23 5.462595275488184342e-04 0.000000000000000000e+00
4.026611724778524359e-01 5.967925679945987882e-01 2.204613052793711279e-27 6.552945817703725933e-23 5.462595275488184342e-04 0.000000000000000000e+00
4.026611724778524359e-01 5.967925679945987882e-01 2.204613052793711279e-27 6.552945817703725933e-23 5.462595275488184342e-04 0.000000000000000000e+00
4.026611724778524359e-01 5.967925679945987882e-01 2.204613052793711279e-27 6.552945817703725933e-23 5.462595275488184342e-04 0.000000000000000000e+00
4.026611724778524359e-01 5.967925679945987882e-01 2.204613052793711279e-27 6.552945817703725933e-23 5.462595275488184342e-04 0.000000000000000000e+00
4.026611724778524359e-01 5.967925679945987882e-01 2.204613052793711279e-27 6.552945817703725933e-23 5.462595275488184342e-04 0.000000000000000000e+00
4.026611724778524359e-01 5.967925679945987882e-01 2.204613052793711279e-27 6.552945817703725933e-23 5.462595275488184342e-04 0.000000000000000000e+00
4.026611724778524359e-01 5.967925679945987882e-01 2.204613052793711279e-27 6.552945817703725933e-23 5.462595275488184342e-04 0.000000000000000000e+00
4.026611724778524359e-01 5.967925679945987882e-01 2.204613052793711279e-27 6.552945817703725933e-23 5.462595275488184342e-04 0.000000000000000000e+00
4.026611724778524359e-01 5.967925679945987882e-01 2.204613052793711279e-27 6.552945817703725933e-23 5.462595275488184342e-04 0.000000000000000000e+00
4.026611724778524359e-01 5.967925679945987882e-01 2.204613052793711279e-27 6.552945817703725933e-23 5.462595275488184342e-04 0.000000000000000000e+00
4.026611724778524359e-01 5.967925679945987882e-01 2.204613052793711279e-27 6.552945817703725933e-23 5.462595275488184342e-04 0.000000000000000000e+00
4.026611724778524359e-01 5.967925679945987882e-01 2.204613052793711279e-27 6.552945817703725933e-23 5.462595275488184342e-04 0.000000000000000000e+00
4.026611724778524359e-01 5.967925679945987882e-01 2.204613052793711279e-27 6.552945817703725933e-23 5.462595275488184342e-04 0.000000000000000000e+00
4.026611724778524359e-01 5.967925679945987882e-01 2.204613052793711279e-27 6.552945817703725933e-23 5.462595275488184342e-04 0.000000000000000000e+00
4.026611724778524359e-01 5.967925679945987882e-01 2.204613052793711279e-27 6.552945817703725933e-23 5.462595275488184342e-04 0.000000000000000000e+00
4.026611724778524359e-01 5.967925679945987882e-01 2.204613052793711279e-27 6.552945817703725933e-23 5.462595275488184342e-04 0.000000000000000000e+00
4.026611724778524359e-01 5.967925679945987882e-01 2.204613052793711279e-27 6.552945817703725933e-23 5.462595275488184342e-04 0.000000000000000000e+00
4.026611724778524359e-01 5.967925679945987882e-01 2.204613052793711279e-27 6.552945817703725933e-23 5.462595275488184342e-04 0.000000000000000000e+00
4.026611724778524359e-01 5.967925679945987882e-01 2.204613052793711279e-27 6.552945817703725933e-23 5.462595275488184342e-04 0.000000000000000000e+00
4.026611724778524359e-01 5.967925679945987882e-01 2.204613052793711279e-27 6.552945817703725933e-23 5.462595275488184342e-04 0.000000000000000000e+00
4.026611724778524359e-01 5.967925679945987882e-01 2.204613052793711279e-27 6.552945817703725933e-23 5.462595275488184342e-04 0.000000000000000000e+00
4.026611724778524359e-01 5.967925679945987882e-01 2.204613052793711279e-27 6.552945817703725933e-23 5.462595275488184342e-04 0.000000000000000000e+00
4.026611724778524359e-01 5.967925679945987882e-01 2.204613052793711279e-27 6.552945817703725933e-23 5.462595275488184342e-04 0.000000000000000000e+00
4.026611724778524359e-01 5.967925679945987882e-01 2.204613052793711279e-27 6.552945817703725933e-23 5.462595275488184342e-04 0.000000000000000000e+00
4.026611724778524359e-01 5.967925679945987882e-01 2.204613052793711279e-27 6.552945817703725933e-23 5.462595275488184342e-04 0.000000000000000000e+00
4.026611724778524359e-01 5.967925679945987882e-01 2.204613052793711279e-27 6.552945817703725933e-23 5.462595275488184342e-04 0.000000000000000000e+00
4.026611724778524359e-01 5.967925679945987882e-01 2.204613052793711279e-27 6.552945817703725933e-23 5.462595275488184342e-04 0.000000000000000000e+00
4.026611724778524359e-01 5.967925679945987882e-01 2.204613052793711279e-27 6.552945817703725933e-23 5.462595275488184342e-04 0.000000000000000000e+00
4.026611724778524359e-01 5.967925679945987882e-01 2.204613052793711279e-27 6.552945817703725933e-23 5.462595275488184342e-04 0.000000000000000000e+00
4.026611724778524359e-01 5.967925679945987882e-01 2.204613052793711279e-27 6.552945817703725933e-23 5.462595275488184342e-04 0.000000000000000000e+00
4.026611724778524359e-01 5.967925679945987882e-01 2.204613052793711279e-27 6.552945817703725933e-23 5.462595275488184342e-04 0.000000000000000000e+00
4.026611724778524359e-01 5.967925679945987882e-01 2.204613052793711279e-27 6.552945817703725933e-23 5.462595275488184342e-04 0.000000000000000000e+00
4.026611724778524359e-01 5.967925679945987882e-01 2.204613052793711279e-27 6.552945817703725933e-23 5.462595275488184342e-04 0.000000000000000000e+00
4.026611724778524359e-01 5.967925679945987882e-01 2.204613052793711279e-27 6.552945817703725933e-23 5.462595275488184342e-04 0.000000000000000000e+00
4.026611724778524359e-01 5.967925679945987882e-01 2.204613052793711279e-27 6.552945817703725933e-23 5.462595275488184342e-04 0.000000000000000000e+00
4.026611724778524359e-01 5.967925679945987882e-01 2.204613052793711279e-27 6.552945817703725933e-23 5.462595275488184342e-04 0.000000000000000000e+00
4.026611724778524359e-01 5.967925679945987882e-01 2.204613052793711279e-27 6.552945817703725933e-23 5.462595275488184342e-04 0.000000000000000000e+00
4.026611724778524359e-01 5.967925679945987882e-01 2.204613052793711279e-27 6.552945817703725933e-23 5.462595275488184342e-04 0.000000000000000000e+00
4.026611724778524359e-01 5.967925679945987882e-01 2.204613052793711279e-27 6.552945817703725933e-23 5.462595275488184342e-04 0.000000000000000000e+00
4.026611724778524359e-01 5.967925679945987882e-01 2.204613052793711279e-27 6.552945817703725933e-23 5.462595275488184342e-04 0.000000000000000000e+00
4.026611724778524359e-01 5.967925679945987882e-01 2.204613052793711279e-27 6.552945817703725933e-23 5.462595275488184342e-04 0.000000000000000000e+00
4.026611724778524359e-01 5.967925679945987882e-01 2.204613052793711279e-27 6.552945817703725933e-23 5.462595275488184342e-04 0.000000000000000000e+00
4.026611724778524359e-01 5.967925679945987882e-01 2.204613052793711279e-27 6.552945817703725933e-23 5.462595275488184342e-04 0.000000000000000000e+00
4.026611724778524359e-01 5.967925679945987882e-01 2.204613052793711279e-27 6.552945817703725933e-23 5.462595275488184342e-04 0.000000000000000000e+00
4.026611724778524359e-01 5.967925679945987882e-01 2.204613052793711279e-27 6.552945817703725933e-23 5.462595275488184342e-04 0.000000000000000000e+00
4.026611724778524359e-01 5.967925679945987882e-01 2.204613052793711279e-27 6.552945817703725933e-23 5.462595275488184342e-04 0.000000000000000000e+00
4.026611724778524359e-01 5.967925679945987882e-01 2.204613052793711279e-27 6.552945817703725933e-23 5.462595275488184342e-04 0.000000000000000000e+00
4.026611724778524359e-01 5.967925679945987882e-01 2.204613052793711279e-27 6.552945817703725933e-23 5.462595275488184342e-04 0.000000000000000000e+00
4.026611724778524359e-01 5.967925679945987882e-01 2.204613052793711279e-27 6.552945817703725933e-23 5.462595275488184342e-04 0.000000000000000000e+00
4.026611724778524359e-01 5.967925679945987882e-01 2.204613052793711279e-27 6.552945817703725933e-23 5.462595275488184342e-04 0.000000000000000000e+00
4.026611724778524359e-01 5.967925679945987882e-01 2.204613052793711279e-27 6.552945817703725933e-23 5.462595275488184342e-04 0.000000000000000000e+00
4.026611724778524359e-01 5.967925679945987882e-01 2.204613052793711279e-27 6.552945817703725933e-23 5.462595275488184342e-04 0.000000000000000000e+00
4.026611724778524359e-01 5.967925679945987882e-01 2.204613052793711279e-27 6.552945817703725933e-23 5.462595275488184342e-04 0.000000000000000000e+00
4.026611724778524359e-01 5.967925679945987882e-01 2.204613052793711279e-27 6.552945817703725933e-23 5.462595275488184342e-04 0.000000000000000000e+00
4.026611724778524359e-01 5.967925679945987882e-01 2.204613052793711279e-27 6.552945817703725933e-23 5.462595275488184342e-04 0.000000000000000000e+00
4.026611724778524359e-01 5.967925679945987882e-01 2.204613052793711279e-27 6.552945817703725933e-23 5.462595275488184342e-04 0.000000000000000000e+00
4.026611724778524359e-01 5.967925679945987882e-01 2.204613052793711279e-27 6.552945817703725933e-23 5.462595275488184342e-04 0.000000000000000000e+00
4.026611724778524359e-01 5.967925679945987882e-01 2.204613052793711279e-27 6.552945817703725933e-23 5.462595275488184342e-04 0.000000000000000000e+00
4.026611724778524359e-01 5.967925679945987882e-01 2.204613052793711279e-27 6.552945817703725933e-23 5.462595275488184342e-04 0.000000000000000000e+00
4.026611724778524359e-01 5.967925679945987882e-01 2.204613052793711279e-27 6.552945817703725933e-23 5.462595275488184342e-04 0.000000000000000000e+00
4.026611724778524359e-01 5.967925679945987882e-01 2.204613052793711279e-27 6.552945817703725933e-23 5.462595275488184342e-04 0.000000000000000000e+00
4.026611724778524359e-01 5.967925679945987882e-01 2.204613052793711279e-27 6.552945817703725933e-23 5.462595275488184342e-04 0.000000000000000000e+00
4.026611724778524359e-01 5.967925679945987882e-01 2.204613052793711279e-27 6.552945817703725933e-23 5.462595275488184342e-04 0.000000000000000000e+00
4.026611724778524359e-01 5.967925679945987882e-01 2.204613052793711279e-27 6.552945817703725933e-23 5.462595275488184342e-04 0.000000000000000000e+00
4.026611724778524359e-01 5.967925679945987882e-01 2.204613052793711279e-27 6.552945817703725933e-23 5.462595275488184342e-04 0.000000000000000000e+00
4.026611724778524359e-01 5.967925679945987882e-01 2.204613052793711279e-27 6.552945817703725933e-23 5.462595275488184342e-04 0.000000000000000000e+00
4.026611724778524359e-01 5.967925679945987882e-01 2.204613052793711279e-27 6.552945817703725933e-23 5.462595275488184342e-04 0.000000000000000000e+00
4.026611724778524359e-01 5.967925679945987882e-01 2.204613052793711279e-27 6.552945817703725933e-23 5.462595275488184342e-04 0.000000000000000000e+00
4.026611724778524359e-01 5.967925679945987882e-01 2.204613052793711279e-27 6.552945817703725933e-23 5.462595275488184342e-04 0.000000000000000000e+00
4.026611724778524359e-01 5.967925679945987882e-01 2.204613052793711279e-27 6.552945817703725933e-23 5.462595275488184342e-04 0.000000000000000000e+00
4.026611724778524359e-01 5.967925679945987882e-01 2.204613052793711279e-27 6.552945817703725933e-23 5.462595275488184342e-04 0.000000000000000000e+00
4.026611724778524359e-01 5.967925679945987882e-01 2.204613052793711279e-27 6.552945817703725933e-23 5.462595275488184342e-04 0.000000000000000000e+00
4.026611724778524359e-01 5.967925679945987882e-01 2.204613052793711279e-27 6.552945817703725933e-23 5.462595275488184342e-04 0.000000000000000000e+00
4.026611724778524359e-01 5.967925679945987882e-01 2.204613052793711279e-27 6.552945817703725933e-23 5.462595275488184342e-04 0.000000000000000000e+00
4.026611724778524359e-01 5.967925679945987882e-01 2.204613052793711279e-27 6.552945817703725933e-23 5.462595275488184342e-04 0.000000000000000000e+00
4.026611724778524359e-01 5.967925679945987882e-01 2.204613052793711279e-27 6.552945817703725933e-23 5.462595275488184342e-04 0.000000000000000000e+00
4.026611724778524359e-01 5.967925679945987882e-01 2.204613052793711279e-27 6.552945817703725933e-23 5.462595275488184342e-04 0.000000000000000000e+00
4.026611724778524359e-01 5.967925679945987882e-01 2.204613052793711279e-27 6.552945817703725933e-23 5.462595275488184342e-04 0.000000000000000000e+00
4.026611724778524359e-01 5.967925679945987882e-01 2.204613052793711279e-27 6.552945817703725933e-23 5.462595275488184342e-04 0.000000000000000000e+00
4.026611724778524359e-01 5.967925679945987882e-01 2.204613052793711279e-27 6.552945817703725933e-23 5.462595275488184342e-04 0.000000000000000000e+00
4.026611724778524359e-01 5.967925679945987882e-01 2.204613052793711279e-27 6.552945817703725933e-23 5.462595275488184342e-04 0.000000000000000000e+00
4.026611724778524359e-01 5.967925679945987882e-01 2.204613052793711279e-27 6.552945817703725933e-23 5.462595275488184342e-04 0.000000000000000000e+00
4.026611724778524359e-01 5.967925679945987882e-01 2.204613052793711279e-27 6.552945817703725933e-23 5.462595275488184342e-04 0.000000000000000000e+00
4.026611724778524359e-01 5.967925679945987882e-01 2.204613052793711279e-27 6.552945817703725933e-23 5.462595275488184342e-04 0.000000000000000000e+00
4.026611724778524359e-01 5.967925679945987882e-01 2.204613052793711279e-27 6.552945817703725933e-23 5.462595275488184342e-04 0.000000000000000000e+00
4.026611724778524359e-01 5.967925679945987882e-01 2.204613052793711279e-27 6.552945817703725933e-23 5.462595275488184342e-04 0.000000000000000000e+00
4.026611724778524359e-01 5.967925679945987882e-01 2.204613052793711279e-27 6.552945817703725933e-23 5.462595275488184342e-04 0.000000000000000000e+00
4.026611724778524359e-01 5.967925679945987882e-01 2.204613052793711279e-27 6.552945817703725933e-23 5.462595275488184342e-04 0.000000000000000000e+00
4.026611724778524359e-01 5.967925679945987882e-01 2.204613052793711279e-27 6.552945817703725933e-23 5.462595275488184342e-04 0.000000000000000000e+00
4.026611724778524359e-01 5.967925679945987882e-01 2.204613052793711279e-27 6.552945817703725933e-23 5.462595275488184342e-04 0.000000000000000000e+00
4.026611724778524359e-01 5.967925679945987882e-01 2.204613052793711279e-27 6.552945817703725933e-23 5.462595275488184342e-04 0.000000000000000000e+00
4.026611724778524359e-01 5.967925679945987882e-01 2.204613052793711279e-27 6.552945817703725933e-23 5.462595275488184342e-04 0.000000000000000000e+00
4.026611724778524359e-01 5.967925679945987882e-01 2.204613052793711279e-27 6.552945817703725933e-23 5.462595275488184342e-04 0.000000000000000000e+00
4.026611724778524359e-01 5.967925679945987882e-01 2.204613052793711279e-27 6.552945817703725933e-23 5.462595275488184342e-04 0.000000000000000000e+00
4.026611724778524359e-01 5.967925679945987882e-01 2.204613052793711279e-27 6.552945817703725933e-23 5.462595275488184342e-04 0.000000000000000000e+00
4.026611724778524359e-01 5.967925679945987882e-01 2.204613052793711279e-27 6.552945817703725933e-23 5.462595275488184342e-04 0.000000000000000000e+00
4.026611724778524359e-01 5.967925679945987882e-01 2.204613052793711279e-27 6.552945817703725933e-23 5.462595275488184342e-04 0.000000000000000000e+00
4.026611724778524359e-01 5.967925679945987882e-01 2.204613052793711279e-27 6.552945817703725933e-23 5.462595275488184342e-04 0.000000000000000000e+00
4.026611724778524359e-01 5.967925679945987882e-01 2.204613052793711279e-27 6.552945817703725933e-23 5.462595275488184342e-04 0.000000000000000000e+00
4.026611724778524359e-01 5.967925679945987882e-01 2.204613052793711279e-27 6.552945817703725933e-23 5.462595275488184342e-04 0.000000000000000000e+00
4.026611724778524359e-01 5.967925679945987882e-01 2.204613052793711279e-27 6.552945817703725933e-23 5.462595275488184342e-04 0.000000000000000000e+00
4.026611724778524359e-01 5.967925679945987882e-01 2.204613052793711279e-27 6.552945817703725933e-23 5.462595275488184342e-04 0.000000000000000000e+00
4.026611724778524359e-01 5.967925679945987882e-01 2.204613052793711279e-27 6.552945817703725933e-23 5.462595275488184342e-04 0.000000000000000000e+00
4.026611724778524359e-01 5.967925679945987882e-01 2.204613052793711279e-27 6.552945817703725933e-23 5.462595275488184342e-04 0.000000000000000000e+00
4.026611724778524359e-01 5.967925679945987882e-01 2.204613052793711279e-27 6.552945817703725933e-23 5.462595275488184342e-04 0.000000000000000000e+00
4.026611724778524359e-01 5.967925679945987882e-01 2.204613052793711279e-27 6.552945817703725933e-23 5.462595275488184342e-04 0.000000000000000000e+00
4.026611724778524359e-01 5.967925679945987882e-01 2.204613052793711279e-27 6.552945817703725933e-23 5.462595275488184342e-04 0.000000000000000000e+00
4.026611724778524359e-01 5.967925679945987882e-01 2.204613052793711279e-27 6.552945817703725933e-23 5.462595275488184342e-04 0.000000000000000000e+00
4.026611724778524359e-01 5.967925679945987882e-01 2.204613052793711279e-27 6.552945817703725933e-23 5.462595275488184342e-04 0.000000000000000000e+00
4.026611724778524359e-01 5.967925679945987882e-01 2.204613052793711279e-27 6.552945817703725933e-23 5.462595275488184342e-04 0.000000000000000000e+00
4.026611724778524359e-01 5.967925679945987882e-01 2.204613052793711279e-27 6.552945817703725933e-23 5.462595275488184342e-04 0.000000000000000000e+00
4.026611724778524359e-01 5.967925679945987882e-01 2.204613052793711279e-27 6.552945817703725933e-23 5.462595275488184342e-04 0.000000000000000000e+00
4.026611724778524359e-01 5.967925679945987882e-01 2.204613052793711279e-27 6.552945817703725933e-23 5.462595275488184342e-04 0.000000000000000000e+00
4.026611724778524359e-01 5.967925679945987882e-01 2.204613052793711279e-27 6.552945817703725933e-23 5.462595275488184342e-04 0.000000000000000000e+00
4.026611724778524359e-01 5.967925679945987882e-01 2.204613052793711279e-27 6.552945817703725933e-23 5.462595275488184342e-04 0.000000000000000000e+00
4.026611724778524359e-01 5.967925679945987882e-01 2.204613052793711279e-27 6.552945817703725933e-23 5.462595275488184342e-04 0.000000000000000000e+00
4.026611724778524359e-01 5.967925679945987882e-01 2.204613052793711279e-27 6.552945817703725933e-23 5.462595275488184342e-04 0.000000000000000000e+00
4.026611724778524359e-01 5.967925679945987882e-01 2.204613052793711279e-27 6.552945817703725933e-23 5.462595275488184342e-04 0.000000000000000000e+00
4.026611724778524359e-01 5.967925679945987882e-01 2.204613052793711279e-27 6.552945817703725933e-23 5.462595275488184342e-04 0.000000000000000000e+00
4.026611724778524359e-01 5.967925679945987882e-01 2.204613052793711279e-27 6.552945817703725933e-23 5.462595275488184342e-04 0.000000000000000000e+00
4.026611724778524359e-01 5.967925679945987882e-01 2.204613052793711279e-27 6.552945817703725933e-23 5.462595275488184342e-04 0.000000000000000000e+00
4.026611724778524359e-01 5.967925679945987882e-01 2.204613052793711279e-27 6.552945817703725933e-23 5.462595275488184342e-04 0.000000000000000000e+00
4.026611724778524359e-01 5.967925679945987882e-01 2.204613052793711279e-27 6.552945817703725933e-23 5.462595275488184342e-04 0.000000000000000000e+00
4.026611724778524359e-01 5.967925679945987882e-01 2.204613052793711279e-27 6.552945817703725933e-23 5.462595275488184342e-04 0.000000000000000000e+00
4.026611724778524359e-01 5.967925679945987882e-01 2.204613052793711279e-27 6.552945817703725933e-23 5.462595275488184342e-04 0.000000000000000000e+00
4.026611724778524359e-01 5.967925679945987882e-01 2.204613052793711279e-27 6.552945817703725933e-23 5.462595275488184342e-04 0.000000000000000000e+00
4.026611724778524359e-01 5.967925679945987882e-01 2.204613052793711279e-27 6.552945817703725933e-23 5.462595275488184342e-04 0.000000000000000000e+00
4.026611724778524359e-01 5.967925679945987882e-01 2.204613052793711279e-27 6.552945817703725933e-23 5.462595275488184342e-04 0.000000000000000000e+00
4.026611724778524359e-01 5.967925679945987882e-01 2.204613052793711279e-27 6.552945817703725933e-23 5.462595275488184342e-04 0.000000000000000000e+00
4.026611724778524359e-01 5.967925679945987882e-01 2.204613052793711279e-27 6.552945817703725933e-23 5.462595275488184342e-04 0.000000000000000000e+00
4.026611724778524359e-01 5.967925679945987882e-01 2.204613052793711279e-27 6.552945817703725933e-23 5.462595275488184342e-04 0.000000000000000000e+00
4.026611724778524359e-01 5.967925679945987882e-01 2.204613052793711279e-27 6.552945817703725933e-23 5.462595275488184342e-04 0.000000000000000000e+00
4.026611724778524359e-01 5.967925679945987882e-01 2.204613052793711279e-27 6.552945817703725933e-23 5.462595275488184342e-04 0.000000000000000000e+00
4.026611724778524359e-01 5.967925679945987882e-01 2.204613052793711279e-27 6.552945817703725933e-23 5.462595275488184342e-04 0.000000000000000000e+00
4.026611724778524359e-01 5.967925679945987882e-01 2.204613052793711279e-27 6.552945817703725933e-23 5.462595275488184342e-04 0.000000000000000000e+00
4.026611724778524359e-01 5.967925679945987882e-01 2.204613052793711279e-27 6.552945817703725933e-23 5.462595275488184342e-04 0.000000000000000000e+00
4.026611724778524359e-01 5.967925679945987882e-01 2.204613052793711279e-27 6.552945817703725933e-23 5.462595275488184342e-04 0.000000000000000000e+00
4.026611724778524359e-01 5.967925679945987882e-01 2.204613052793711279e-27 6.552945817703725933e-23 5.462595275488184342e-04 0.000000000000000000e+00
4.026611724778524359e-01 5.967925679945987882e-01 2.204613052793711279e-27 6.552945817703725933e-23 5.462595275488184342e-04 0.000000000000000000e+00
4.026611724778524359e-01 5.967925679945987882e-01 2.204613052793711279e-27 6.552945817703725933e-23 5.462595275488184342e-04 0.000000000000000000e+00
4.026611724778524359e-01 5.967925679945987882e-01 2.204613052793711279e-27 6.552945817703725933e-23 5.462595275488184342e-04 0.000000000000000000e+00
4.026611724778524359e-01 5.967925679945987882e-01 2.204613052793711279e-27 6.552945817703725933e-23 5.462595275488184342e-04 0.000000000000000000e+00
4.026611724778524359e-01 5.967925679945987882e-01 2.204613052793711279e-27 6.552945817703725933e-23 5.462595275488184342e-04 0.000000000000000000e+00
4.026611724778524359e-01 5.967925679945987882e-01 2.204613052793711279e-27 6.552945817703725933e-23 5.462595275488184342e-04 0.000000000000000000e+00
4.026611724778524359e-01 5.967925679945987882e-01 2.204613052793711279e-27 6.552945817703725933e-23 5.462595275488184342e-04 0.000000000000000000e+00
4.026611724778524359e-01 5.967925679945987882e-01 2.204613052793711279e-27 6.552945817703725933e-23 5.462595275488184342e-04 0.000000000000000000e+00
4.026611724778524359e-01 5.967925679945987882e-01 2.204613052793711279e-27 6.552945817703725933e-23 5.462595275488184342e-04 0.000000000000000000e+00
4.026611724778524359e-01 5.967925679945987882e-01 2.204613052793711279e-27 6.552945817703725933e-23 5.462595275488184342e-04 0.000000000000000000e+00
4.026611724778524359e-01 5.967925679945987882e-01 2.204613052793711279e-27 6.552945817703725933e-23 5.462595275488184342e-04 0.000000000000000000e+00
4.026611724778524359e-01 5.967925679945987882e-01 2.204613052793711279e-27 6.552945817703725933e-23 5.462595275488184342e-04 0.000000000000000000e+00
4.026611724778524359e-01 5.967925679945987882e-01 2.204613052793711279e-27 6.552945817703725933e-23 5.462595275488184342e-04 0.000000000000000000e+00
4.026611724778524359e-01 5.967925679945987882e-01 2.204613052793711279e-27 6.552945817703725933e-23 5.462595275488184342e-04 0.000000000000000000e+00
4.026611724778524359e-01 5.967925679945987882e-01 2.204613052793711279e-27 6.552945817703725933e-23 5.462595275488184342e-04 0.000000000000000000e+00
4.026611724778524359e-01 5.967925679945987882e-01 2.204613052793711279e-27 6.552945817703725933e-23 5.462595275488184342e-04 0.000000000000000000e+00
4.026611724778524359e-01 5.967925679945987882e-01 2.204613052793711279e-27 6.552945817703725933e-23 5.462595275488184342e-04 0.000000000000000000e+00
4.026611724778524359e-01 5.967925679945987882e-01 2.204613052793711279e-27 6.552945817703725933e-23 5.462595275488184342e-04 0.000000000000000000e+00
4.026611724778524359e-01 5.967925679945987882e-01 2.204613052793711279e-27 6.552945817703725933e-23 5.462595275488184342e-04 0.000000000000000000e+00
4.026611724778524359e-01 5.967925679945987882e-01 2.204613052793711279e-27 6.552945817703725933e-23 5.462595275488184342e-04 0.000000000000000000e+00
4.026611724778524359e-01 5.967925679945987882e-01 2.204613052793711279e-27 6.552945817703725933e-23 5.462595275488184342e-04 0.000000000000000000e+00
4.026611724778524359e-01 5.967925679945987882e-01 2.204613052793711279e-27 6.552945817703725933e-23 5.462595275488184342e-04 0.000000000000000000e+00
4.026611724778524359e-01 5.967925679945987882e-01 2.204613052793711279e-27 6.552945817703725933e-23 5.462595275488184342e-04 0.000000000000000000e+00
4.026611724778524359e-01 5.967925679945987882e-01 2.204613052793711279e-27 6.552945817703725933e-23 5.462595275488184342e-04 0.000000000000000000e+00
4.026611724778524359e-01 5.967925679945987882e-01 2.204613052793711279e-27 6.552945817703725933e-23 5.462595275488184342e-04 0.000000000000000000e+00
4.026611724778524359e-01 5.967925679945987882e-01 2.204613052793711279e-27 6.552945817703725933e-23 5.462595275488184342e-04 0.000000000000000000e+00
4.026611724778524359e-01 5.967925679945987882e-01 2.204613052793711279e-27 6.552945817703725933e-23 5.462595275488184342e-04 0.000000000000000000e+00
4.026611724778524359e-01 5.967925679945987882e-01 2.204613052793711279e-27 6.552945817703725933e-23 5.462595275488184342e-04 0.000000000000000000e+00
4.026611724778524359e-01 5.967925679945987882e-01 2.204613052793711279e-27 6.552945817703725933e-23 5.462595275488184342e-04 0.000000000000000000e+00
4.026611724778524359e-01 5.967925679945987882e-01 2.204613052793711279e-27 6.552945817703725933e-23 5.462595275488184342e-04 0.000000000000000000e+00
4.026611724778524359e-01 5.967925679945987882e-01 2.204613052793711279e-27 6.552945817703725933e-23 5.462595275488184342e-04 0.000000000000000000e+00
4.026611724778524359e-01 5.967925679945987882e-01 2.204613052793711279e-27 6.552945817703725933e-23 5.462595275488184342e-04 0.000000000000000000e+00
4.026611724778524359e-01 5.967925679945987882e-01 2.204613052793711279e-27 6.552945817703725933e-23 5.462595275488184342e-04 0.000000000000000000e+00
4.026611724778524359e-01 5.967925679945987882e-01 2.204613052793711279e-27 6.552945817703725933e-23 5.462595275488184342e-04 0.000000000000000000e+00
4.026611724778524359e-01 5.967925679945987882e-01 2.204613052793711279e-27 6.552945817703725933e-23 5.462595275488184342e-04 0.000000000000000000e+00
4.026611724778524359e-01 5.967925679945987882e-01 2.204613052793711279e-27 6.552945817703725933e-23 5.462595275488184342e-04 0.000000000000000000e+00
4.026611724778524359e-01 5.967925679945987882e-01 2.204613052793711279e-27 6.552945817703725933e-23 5.462595275488184342e-04 0.000000000000000000e+00
4.026611724778524359e-01 5.967925679945987882e-01 2.204613052793711279e-27 6.552945817703725933e-23 5.462595275488184342e-04 0.000000000000000000e+00
4.026611724778524359e-01 5.967925679945987882e-01 2.204613052793711279e-27 6.552945817703725933e-23 5.462595275488184342e-04 0.000000000000000000e+00
4.026611724778524359e-01 5.967925679945987882e-01 2.204613052793711279e-27 6.552945817703725933e-23 5.462595275488184342e-04 0.000000000000000000e+00
4.026611724778524359e-01 5.967925679945987882e-01 2.204613052793711279e-27 6.552945817703725933e-23 5.462595275488184342e-04 0.000000000000000000e+00
4.026611724778524359e-01 5.967925679945987882e-01 2.204613052793711279e-27 6.552945817703725933e-23 5.462595275488184342e-04 0.000000000000000000e+00
4.026611724778524359e-01 5.967925679945987882e-01 2.204613052793711279e-27 6.552945817703725933e-23 5.462595275488184342e-04 0.000000000000000000e+00
4.026611724778524359e-01 5.967925679945987882e-01 2.204613052793711279e-27 6.552945817703725933e-23 5.462595275488184342e-04 0.000000000000000000e+00
4.026611724778524359e-01 5.967925679945987882e-01 2.204613052793711279e-27 6.552945817703725933e-23 5.462595275488184342e-04 0.000000000000000000e+00
4.026611724778524359e-01 5.967925679945987882e-01 2.204613052793711279e-27 6.552945817703725933e-23 5.462595275488184342e-04 0.000000000000000000e+00
4.026611724778524359e-01 5.967925679945987882e-01 2.204613052793711279e-27 6.552945817703725933e-23 5.462595275488184342e-04 0.000000000000000000e+00
4.026611724778524359e-01 5.967925679945987882e-01 2.204613052793711279e-27 6.552945817703725933e-23 5.462595275488184342e-04 0.000000000000000000e+00
4.026611724778524359e-01 5.967925679945987882e-01 2.204613052793711279e-27 6.552945817703725933e-23 5.462595275488184342e-04 0.000000000000000000e+00
4.026611724778524359e-01 5.967925679945987882e-01 2.204613052793711279e-27 6.552945817703725933e-23 5.462595275488184342e-04 0.000000000000000000e+00
4.026611724778524359e-01 5.967925679945987882e-01 2.204613052793711279e-27 6.552945817703725933e-23 5.462595275488184342e-04 0.000000000000000000e+00
4.026611724778524359e-01 5.967925679945987882e-01 2.204613052793711279e-27 6.552945817703725933e-23 5.462595275488184342e-04 0.000000000000000000e+00
4.026611724778524359e-01 5.967925679945987882e-01 2.204613052793711279e-27 6.552945817703725933e-23 5.462595275488184342e-04 0.000000000000000000e+00
4.026611724778524359e-01 5.967925679945987882e-01 2.204613052793711279e-27 6.552945817703725933e-23 5.462595275488184342e-04 0.000000000000000000e+00
4.026611724778524359e-01 5.967925679945987882e-01 2.204613052793711279e-27 6.552945817703725933e-23 5.462595275488184342e-04 0.000000000000000000e+00
4.026611724778524359e-01 5.967925679945987882e-01 2.204613052793711279e-27 6.552945817703725933e-23 5.462595275488184342e-04 0.000000000000000000e+00
4.026611724778524359e-01 5.967925679945987882e-01 2.204613052793711279e-27 6.552945817703725933e-23 5.462595275488184342e-04 0.000000000000000000e+00
4.026611724778524359e-01 5.967925679945987882e-01 2.204613052793711279e-27 6.552945817703725933e-23 5.462595275488184342e-04 0.000000000000000000e+00
4.026611724778524359e-01 5.967925679945987882e-01 2.204613052793711279e-27 6.552945817703725933e-23 5.462595275488184342e-04 0.000000000000000000e+00
4.026611724778524359e-01 5.967925679945987882e-01 2.204613052793711279e-27 6.552945817703725933e-23 5.462595275488184342e-04 0.000000000000000000e+00
4.026611724778524359e-01 5.967925679945987882e-01 2.204613052793711279e-27 6.552945817703725933e-23 5.462595275488184342e-04 0.000000000000000000e+00
4.026611724778524359e-01 5.967925679945987882e-01 2.204613052793711279e-27 6.552945817703725933e-23 5.462595275488184342e-04 0.000000000000000000e+00
4.026611724778524359e-01 5.967925679945987882e-01 2.204613052793711279e-27 6.552945817703725933e-23 5.462595275488184342e-04 0.000000000000000000e+00
4.026611724778524359e-01 5.967925679945987882e-01 2.204613052793711279e-27 6.552945817703725933e-23 5.462595275488184342e-04 0.000000000000000000e+00
4.026611724778524359e-01 5.967925679945987882e-01 2.204613052793711279e-27 6.552945817703725933e-23 5.462595275488184342e-04 0.000000000000000000e+00
4.026611724778524359e-01 5.967925679945987882e-01 2.204613052793711279e-27 6.552945817703725933e-23 5.462595275488184342e-04 0.000000000000000000e+00
4.026611724778524359e-01 5.967925679945987882e-01 2.204613052793711279e-27 6.552945817703725933e-23 5.462595275488184342e-04 0.000000000000000000e+00
4.026611724778524359e-01 5.967925679945987882e-01 2.204613052793711279e-27 6.552945817703725933e-23 5.462595275488184342e-04 0.000000000000000000e+00
4.026611724778524359e-01 5.967925679945987882e-01 2.204613052793711279e-27 6.552945817703725933e-23 5.462595275488184342e-04 0.000000000000000000e+00
4.026611724778524359e-01 5.967925679945987882e-01 2.204613052793711279e-27 6.552945817703725933e-23 5.462595275488184342e-04 0.000000000000000000e+00
4.026611724778524359e-01 5.967925679945987882e-01 2.204613052793711279e-27 6.552945817703725933e-23 5.462595275488184342e-04 0.000000000000000000e+00
4.026611724778524359e-01 5.967925679945987882e-01 2.204613052793711279e-27 6.552945817703725933e-23 5.462595275488184342e-04 0.000000000000000000e+00
4.026611724778524359e-01 5.967925679945987882e-01 2.204613052793711279e-27 6.552945817703725933e-23 5.462595275488184342e-04 0.000000000000000000e+00
4.026611724778524359e-01 5.967925679945987882e-01 2.204613052793711279e-27 6.552945817703725933e-23 5.462595275488184342e-04 0.000000000000000000e+00
4.026611724778524359e-01 5.967925679945987882e-01 2.204613052793711279e-27 6.552945817703725933e-23 5.462595275488184342e-04 0.000000000000000000e+00
4.026611724778524359e-01 5.967925679945987882e-01 2.204613052793711279e-27 6.552945817703725933e-23 5.462595275488184342e-04 0.000000000000000000e+00
4.026611724778524359e-01 5.967925679945987882e-01 2.204613052793711279e-27 6.552945817703725933e-23 5.462595275488184342e-04 0.000000000000000000e+00
4.026611724778524359e-01 5.967925679945987882e-01 2.204613052793711279e-27 6.552945817703725933e-23 5.462595275488184342e-04 0.000000000000000000e+00
4.026611724778524359e-01 5.967925679945987882e-01 2.204613052793711279e-27 6.552945817703725933e-23 5.462595275488184342e-04 0.000000000000000000e+00
4.026611724778524359e-01 5.967925679945987882e-01 2.204613052793711279e-27 6.552945817703725933e-23 5.462595275488184342e-04 0.000000000000000000e+00
4.026611724778524359e-01 5.967925679945987882e-01 2.204613052793711279e-27 6.552945817703725933e-23 5.462595275488184342e-04 0.000000000000000000e+00
4.026611724778524359e-01 5.967925679945987882e-01 2.204613052793711279e-27 6.552945817703725933e-23 5.462595275488184342e-04 0.000000000000000000e+00
4.026611724778524359e-01 5.967925679945987882e-01 2.204613052793711279e-27 6.552945817703725933e-23 5.462595275488184342e-04 0.000000000000000000e+00
4.026611724778524359e-01 5.967925679945987882e-01 2.204613052793711279e-27 6.552945817703725933e-23 5.462595275488184342e-04 0.000000000000000000e+00
4.026611724778524359e-01 5.967925679945987882e-01 2.204613052793711279e-27 6.552945817703725933e-23 5.462595275488184342e-04 0.000000000000000000e+00
4.026611724778524359e-01 5.967925679945987882e-01 2.204613052793711279e-27 6.552945817703725933e-23 5.462595275488184342e-04 0.000000000000000000e+00
4.026611724778524359e-01 5.967925679945987882e-01 2.204613052793711279e-27 6.552945817703725933e-23 5.462595275488184342e-04 0.000000000000000000e+00
4.026611724778524359e-01 5.967925679945987882e-01 2.204613052793711279e-27 6.552945817703725933e-23 5.462595275488184342e-04 0.000000000000000000e+00
4.026611724778524359e-01 5.967925679945987882e-01 2.204613052793711279e-27 6.552945817703725933e-23 5.462595275488184342e-04 0.000000000000000000e+00
4.026611724778524359e-01 5.967925679945987882e-01 2.204613052793711279e-27 6.552945817703725933e-23 5.462595275488184342e-04 0.000000000000000000e+00
4.026611724778524359e-01 5.967925679945987882e-01 2.204613052793711279e-27 6.552945817703725933e-23 5.462595275488184342e-04 0.000000000000000000e+00
4.026611724778524359e-01 5.967925679945987882e-01 2.204613052793711279e-27 6.552945817703725933e-23 5.462595275488184342e-04 0.000000000000000000e+00
4.026611724778524359e-01 5.967925679945987882e-01 2.204613052793711279e-27 6.552945817703725933e-23 5.462595275488184342e-04 0.000000000000000000e+00
4.026611724778524359e-01 5.967925679945987882e-01 2.204613052793711279e-27 6.552945817703725933e-23 5.462595275488184342e-04 0.000000000000000000e+00
4.026611724778524359e-01 5.967925679945987882e-01 2.204613052793711279e-27 6.552945817703725933e-23 5.462595275488184342e-04 0.000000000000000000e+00
4.026611724778524359e-01 5.967925679945987882e-01 2.204613052793711279e-27 6.552945817703725933e-23 5.462595275488184342e-04 0.000000000000000000e+00
4.026611724778524359e-01 5.967925679945987882e-01 2.204613052793711279e-27 6.552945817703725933e-23 5.462595275488184342e-04 0.000000000000000000e+00
4.026611724778524359e-01 5.967925679945987882e-01 2.204613052793711279e-27 6.552945817703725933e-23 5.462595275488184342e-04 0.000000000000000000e+00
4.026611724778524359e-01 5.967925679945987882e-01 2.204613052793711279e-27 6.552945817703725933e-23 5.462595275488184342e-04 0.000000000000000000e+00
4.026611724778524359e-01 5.967925679945987882e-01 2.204613052793711279e-27 6.552945817703725933e-23 5.462595275488184342e-04 0.000000000000000000e+00
4.026611724778524359e-01 5.967925679945987882e-01 2.204613052793711279e-27 6.552945817703725933e-23 5.462595275488184342e-04 0.000000000000000000e+00
4.026611724778524359e-01 5.967925679945987882e-01 2.204613052793711279e-27 6.552945817703725933e-23 5.462595275488184342e-04 0.000000000000000000e+00
4.026611724778524359e-01 5.967925679945987882e-01 2.204613052793711279e-27 6.552945817703725933e-23 5.462595275488184342e-04 0.000000000000000000e+00
4.026611724778524359e-01 5.967925679945987882e-01 2.204613052793711279e-27 6.552945817703725933e-23 5.462595275488184342e-04 0.000000000000000000e+00
4.026611724778524359e-01 5.967925679945987882e-01 2.204613052793711279e-27 6.552945817703725933e-23 5.462595275488184342e-04 0.000000000000000000e+00
4.026611724778524359e-01 5.967925679945987882e-01 2.204613052793711279e-27 6.552945817703725933e-23 5.462595275488184342e-04 0.000000000000000000e+00
4.026611724778524359e-01 5.967925679945987882e-01 2.204613052793711279e-27 6.552945817703725933e-23 5.462595275488184342e-04 0.000000000000000000e+00
4.026611724778524359e-01 5.967925679945987882e-01 2.204613052793711279e-27 6.552945817703725933e-23 5.462595275488184342e-04 0.000000000000000000e+00
4.026611724778524359e-01 5.967925679945987882e-01 2.204613052793711279e-27 6.552945817703725933e-23 5.462595275488184342e-04 0.000000000000000000e+00
4.026611724778524359e-01 5.967925679945987882e-01 2.204613052793711279e-27 6.552945817703725933e-23 5.462595275488184342e-04 0.000000000000000000e+00
4.026611724778524359e-01 5.967925679945987882e-01 2.204613052793711279e-27 6.552945817703725933e-23 5.462595275488184342e-04 0.000000000000000000e+00
4.026611724778524359e-01 5.967925679945987882e-01 2.204613052793711279e-27 6.552945817703725933e-23 5.462595275488184342e-04 0.000000000000000000e+00
4.026611724778524359e-01 5.967925679945987882e-01 2.204613052793711279e-27 6.552945817703725933e-23 5.462595275488184342e-04 0.000000000000000000e+00
4.026611724778524359e-01 5.967925679945987882e-01 2.204613052793711279e-27 6.552945817703725933e-23 5.462595275488184342e-04 0.000000000000000000e+00
4.026611724778524359e-01 5.967925679945987882e-01 2.204613052793711279e-27 6.552945817703725933e-23 5.462595275488184342e-04 0.000000000000000000e+00
4.026611724778524359e-01 5.967925679945987882e-01 2.204613052793711279e-27 6.552945817703725933e-23 5.462595275488184342e-04 0.000000000000000000e+00
4.026611724778524359e-01 5.967925679945987882e-01 2.204613052793711279e-27 6.552945817703725933e-23 5.462595275488184342e-04 0.000000000000000000e+00
4.026611724778524359e-01 5.967925679945987882e-01 2.204613052793711279e-27 6.552945817703725933e-23 5.462595275488184342e-04 0.000000000000000000e+00
4.026611724778524359e-01 5.967925679945987882e-01 2.204613052793711279e-27 6.552945817703725933e-23 5.462595275488184342e-04 0.000000000000000000e+00
4.026611724778524359e-01 5.967925679945987882e-01 2.204613052793711279e-27 6.552945817703725933e-23 5.462595275488184342e-04 0.000000000000000000e+00
4.026611724778524359e-01 5.967925679945987882e-01 2.204613052793711279e-27 6.552945817703725933e-23 5.462595275488184342e-04 0.000000000000000000e+00
4.026611724778524359e-01 5.967925679945987882e-01 2.204613052793711279e-27 6.552945817703725933e-23 5.462595275488184342e-04 0.000000000000000000e+00
4.026611724778524359e-01 5.967925679945987882e-01 2.204613052793711279e-27 6.552945817703725933e-23 5.462595275488184342e-04 0.000000000000000000e+00
4.026611724778524359e-01 5.967925679945987882e-01 2.204613052793711279e-27 6.552945817703725933e-23 5.462595275488184342e-04 0.000000000000000000e+00
4.026611724778524359e-01 5.967925679945987882e-01 2.204613052793711279e-27 6.552945817703725933e-23 5.462595275488184342e-04 0.000000000000000000e+00
4.026611724778524359e-01 5.967925679945987882e-01 2.204613052793711279e-27 6.552945817703725933e-23 5.462595275488184342e-04 0.000000000000000000e+00
4.026611724778524359e-01 5.967925679945987882e-01 2.204613052793711279e-27 6.552945817703725933e-23 5.462595275488184342e-04 0.000000000000000000e+00
4.026611724778524359e-01 5.967925679945987882e-01 2.204613052793711279e-27 6.552945817703725933e-23 5.462595275488184342e-04 0.000000000000000000e+00
4.026611724778524359e-01 5.967925679945987882e-01 2.204613052793711279e-27 6.552945817703725933e-23 5.462595275488184342e-04 0.000000000000000000e+00
4.026611724778524359e-01 5.967925679945987882e-01 2.204613052793711279e-27 6.552945817703725933e-23 5.462595275488184342e-04 0.000000000000000000e+00
4.026611724778524359e-01 5.967925679945987882e-01 2.204613052793711279e-27 6.552945817703725933e-23 5.462595275488184342e-04 0.000000000000000000e+00
4.026611724778524359e-01 5.967925679945987882e-01 2.204613052793711279e-27 6.552945817703725933e-23 5.462595275488184342e-04 0.000000000000000000e+00
4.026611724778524359e-01 5.967925679945987882e-01 2.204613052793711279e-27 6.552945817703725933e-23 5.462595275488184342e-04 0.000000000000000000e+00
4.026611724778524359e-01 5.967925679945987882e-01 2.204613052793711279e-27 6.552945817703725933e-23 5.462595275488184342e-04 0.000000000000000000e+00
4.026611724778524359e-01 5.967925679945987882e-01 2.204613052793711279e-27 6.552945817703725933e-23 5.462595275488184342e-04 0.000000000000000000e+00
4.026611724778524359e-01 5.967925679945987882e-01 2.204613052793711279e-27 6.552945817703725933e-23 5.462595275488184342e-04 0.000000000000000000e+00
4.026611724778524359e-01 5.967925679945987882e-01 2.204613052793711279e-27 6.552945817703725933e-23 5.462595275488184342e-04 0.000000000000000000e+00
4.026611724778524359e-01 5.967925679945987882e-01 2.204613052793711279e-27 6.552945817703725933e-23 5.462595275488184342e-04 0.000000000000000000e+00
4.026611724778524359e-01 5.967925679945987882e-01 2.204613052793711279e-27 6.552945817703725933e-23 5.462595275488184342e-04 0.000000000000000000e+00
4.026611724778524359e-01 5.967925679945987882e-01 2.204613052793711279e-27 6.552945817703725933e-23 5.462595275488184342e-04 0.000000000000000000e+00
4.026611724778524359e-01 5.967925679945987882e-01 2.204613052793711279e-27 6.552945817703725933e-23 5.462595275488184342e-04 0.000000000000000000e+00
4.026611724778524359e-01 5.967925679945987882e-01 2.204613052793711279e-27 6.552945817703725933e-23 5.462595275488184342e-04 0.000000000000000000e+00
4.026611724778524359e-01 5.967925679945987882e-01 2.204613052793711279e-27 6.552945817703725933e-23 5.462595275488184342e-04 0.000000000000000000e+00
4.026611724778524359e-01 5.967925679945987882e-01 2.204613052793711279e-27 6.552945817703725933e-23 5.462595275488184342e-04 0.000000000000000000e+00
4.026611724778524359e-01 5.967925679945987882e-01 2.204613052793711279e-27 6.552945817703725933e-23 5.462595275488184342e-04 0.000000000000000000e+00
4.026611724778524359e-01 5.967925679945987882e-01 2.204613052793711279e-27 6.552945817703725933e-23 5.462595275488184342e-04 0.000000000000000000e+00
4.026611724778524359e-01 5.967925679945987882e-01 2.204613052793711279e-27 6.552945817703725933e-23 5.462595275488184342e-04 0.000000000000000000e+00
4.026611724778524359e-01 5.967925679945987882e-01 2.204613052793711279e-27 6.552945817703725933e-23 5.462595275488184342e-04 0.000000000000000000e+00
4.026611724778524359e-01 5.967925679945987882e-01 2.204613052793711279e-27 6.552945817703725933e-23 5.462595275488184342e-04 0.000000000000000000e+00
4.026611724778524359e-01 5.967925679945987882e-01 2.204613052793711279e-27 6.552945817703725933e-23 5.462595275488184342e-04 0.000000000000000000e+00
4.026611724778524359e-01 5.967925679945987882e-01 2.204613052793711279e-27 6.552945817703725933e-23 5.462595275488184342e-04 0.000000000000000000e+00
4.026611724778524359e-01 5.967925679945987882e-01 2.204613052793711279e-27 6.552945817703725933e-23 5.462595275488184342e-04 0.000000000000000000e+00
4.026611724778524359e-01 5.967925679945987882e-01 2.204613052793711279e-27 6.552945817703725933e-23 5.462595275488184342e-04 0.000000000000000000e+00
4.026611724778524359e-01 5.967925679945987882e-01 2.204613052793711279e-27 6.552945817703725933e-23 5.462595275488184342e-04 0.000000000000000000e+00
4.026611724778524359e-01 5.967925679945987882e-01 2.204613052793711279e-27 6.552945817703725933e-23 5.462595275488184342e-04 0.000000000000000000e+00
4.026611724778524359e-01 5.967925679945987882e-01 2.204613052793711279e-27 6.552945817703725933e-23 5.462595275488184342e-04 0.000000000000000000e+00
4.026611724778524359e-01 5.967925679945987882e-01 2.204613052793711279e-27 6.552945817703725933e-23 5.462595275488184342e-04 0.000000000000000000e+00
4.026611724778524359e-01 5.967925679945987882e-01 2.204613052793711279e-27 6.552945817703725933e-23 5.462595275488184342e-04 0.000000000000000000e+00
4.026611724778524359e-01 5.967925679945987882e-01 2.204613052793711279e-27 6.552945817703725933e-23 5.462595275488184342e-04 0.000000000000000000e+00
4.026611724778524359e-01 5.967925679945987882e-01 2.204613052793711279e-27 6.552945817703725933e-23 5.462595275488184342e-04 0.000000000000000000e+00
4.026611724778524359e-01 5.967925679945987882e-01 2.204613052793711279e-27 6.552945817703725933e-23 5.462595275488184342e-04 0.000000000000000000e+00
4.026611724778524359e-01 5.967925679945987882e-01 2.204613052793711279e-27 6.552945817703725933e-23 5.462595275488184342e-04 0.000000000000000000e+00
4.026611724778524359e-01 5.967925679945987882e-01 2.204613052793711279e-27 6.552945817703725933e-23 5.462595275488184342e-04 0.000000000000000000e+00
4.026611724778524359e-01 5.967925679945987882e-01 2.204613052793711279e-27 6.552945817703725933e-23 5.462595275488184342e-04 0.000000000000000000e+00
4.026611724778524359e-01 5.967925679945987882e-01 2.204613052793711279e-27 6.552945817703725933e-23 5.462595275488184342e-04 0.000000000000000000e+00
4.026611724778524359e-01 5.967925679945987882e-01 2.204613052793711279e-27 6.552945817703725933e-23 5.462595275488184342e-04 0.000000000000000000e+00
4.026611724778524359e-01 5.967925679945987882e-01 2.204613052793711279e-27 6.552945817703725933e-23 5.462595275488184342e-04 0.000000000000000000e+00
4.026611724778524359e-01 5.967925679945987882e-01 2.204613052793711279e-27 6.552945817703725933e-23 5.462595275488184342e-04 0.000000000000000000e+00
4.026611724778524359e-01 5.967925679945987882e-01 2.204613052793711279e-27 6.552945817703725933e-23 5.462595275488184342e-04 0.000000000000000000e+00
4.026611724778524359e-01 5.967925679945987882e-01 2.204613052793711279e-27 6.552945817703725933e-23 5.462595275488184342e-04 0.000000000000000000e+00
4.026611724778524359e-01 5.967925679945987882e-01 2.204613052793711279e-27 6.552945817703725933e-23 5.462595275488184342e-04 0.000000000000000000e+00
4.026611724778524359e-01 5.967925679945987882e-01 2.204613052793711279e-27 6.552945817703725933e-23 5.462595275488184342e-04 0.000000000000000000e+00
4.026611724778524359e-01 5.967925679945987882e-01 2.204613052793711279e-27 6.552945817703725933e-23 5.462595275488184342e-04 0.000000000000000000e+00
4.026611724778524359e-01 5.967925679945987882e-01 2.204613052793711279e-27 6.552945817703725933e-23 5.462595275488184342e-04 0.000000000000000000e+00
4.026611724778524359e-01 5.967925679945987882e-01 2.204613052793711279e-27 6.552945817703725933e-23 5.462595275488184342e-04 0.000000000000000000e+00
4.026611724778524359e-01 5.967925679945987882e-01 2.204613052793711279e-27 6.552945817703725933e-23 5.462595275488184342e-04 0.000000000000000000e+00
4.026611724778524359e-01 5.967925679945987882e-01 2.204613052793711279e-27 6.552945817703725933e-23 5.462595275488184342e-04 0.000000000000000000e+00
4.026611724778524359e-01 5.967925679945987882e-01 2.204613052793711279e-27 6.552945817703725933e-23 5.462595275488184342e-04 0.000000000000000000e+00
4.026611724778524359e-01 5.967925679945987882e-01 2.204613052793711279e-27 6.552945817703725933e-23 5.462595275488184342e-04 0.000000000000000000e+00
4.026611724778524359e-01 5.967925679945987882e-01 2.204613052793711279e-27 6.552945817703725933e-23 5.462595275488184342e-04 0.000000000000000000e+00
4.026611724778524359e-01 5.967925679945987882e-01 2.204613052793711279e-27 6.552945817703725933e-23 5.462595275488184342e-04 0.000000000000000000e+00
4.026611724778524359e-01 5.967925679945987882e-01 2.204613052793711279e-27 6.552945817703725933e-23 5.462595275488184342e-04 0.000000000000000000e+00
4.026611724778524359e-01 5.967925679945987882e-01 2.204613052793711279e-27 6.552945817703725933e-23 5.462595275488184342e-04 0.000000000000000000e+00
4.026611724778524359e-01 5.967925679945987882e-01 2.204613052793711279e-27 6.552945817703725933e-23 5.462595275488184342e-04 0.000000000000000000e+00
4.026611724778524359e-01 5.967925679945987882e-01 2.204613052793711279e-27 6.552945817703725933e-23 5.462595275488184342e-04 0.000000000000000000e+00
4.026611724778524359e-01 5.967925679945987882e-01 2.204613052793711279e-27 6.552945817703725933e-23 5.462595275488184342e-04 0.000000000000000000e+00
4.026611724778524359e-01 5.967925679945987882e-01 2.204613052793711279e-27 6.552945817703725933e-23 5.462595275488184342e-04 0.000000000000000000e+00
4.026611724778524359e-01 5.967925679945987882e-01 2.204613052793711279e-27 6.552945817703725933e-23 5.462595275488184342e-04 0.000000000000000000e+00
4.026611724778524359e-01 5.967925679945987882e-01 2.204613052793711279e-27 6.552945817703725933e-23 5.462595275488184342e-04 0.000000000000000000e+00
4.026611724778524359e-01 5.967925679945987882e-01 2.204613052793711279e-27 6.552945817703725933e-23 5.462595275488184342e-04 0.000000000000000000e+00
4.026611724778524359e-01 5.967925679945987882e-01 2.204613052793711279e-27 6.552945817703725933e-23 5.462595275488184342e-04 0.000000000000000000e+00
4.026611724778524359e-01 5.967925679945987882e-01 2.204613052793711279e-27 6.552945817703725933e-23 5.462595275488184342e-04 0.000000000000000000e+00
4.026611724778524359e-01 5.967925679945987882e-01 2.204613052793711279e-27 6.552945817703725933e-23 5.462595275488184342e-04 0.000000000000000000e+00
4.026611724778524359e-01 5.967925679945987882e-01 2.204613052793711279e-27 6.552945817703725933e-23 5.462595275488184342e-04 0.000000000000000000e+00
4.026611724778524359e-01 5.967925679945987882e-01 2.204613052793711279e-27 6.552945817703725933e-23 5.462595275488184342e-04 0.000000000000000000e+00
4.026611724778524359e-01 5.967925679945987882e-01 2.204613052793711279e-27 6.552945817703725933e-23 5.462595275488184342e-04 0.000000000000000000e+00
4.026611724778524359e-01 5.967925679945987882e-01 2.204613052793711279e-27 6.552945817703725933e-23 5.462595275488184342e-04 0.000000000000000000e+00
4.026611724778524359e-01 5.967925679945987882e-01 2.204613052793711279e-27 6.552945817703725933e-23 5.462595275488184342e-04 0.000000000000000000e+00
4.026611724778524359e-01 5.967925679945987882e-01 2.204613052793711279e-27 6.552945817703725933e-23 5.462595275488184342e-04 0.000000000000000000e+00
4.026611724778524359e-01 5.967925679945987882e-01 2.204613052793711279e-27 6.552945817703725933e-23 5.462595275488184342e-04 0.000000000000000000e+00
4.026611724778524359e-01 5.967925679945987882e-01 2.204613052793711279e-27 6.552945817703725933e-23 5.462595275488184342e-04 0.000000000000000000e+00
4.026611724778524359e-01 5.967925679945987882e-01 2.204613052793711279e-27 6.552945817703725933e-23 5.462595275488184342e-04 0.000000000000000000e+00
4.026611724778524359e-01 5.967925679945987882e-01 2.204613052793711279e-27 6.552945817703725933e-23 5.462595275488184342e-04 0.000000000000000000e+00
4.026611724778524359e-01 5.967925679945987882e-01 2.204613052793711279e-27 6.552945817703725933e-23 5.462595275488184342e-04 0.000000000000000000e+00
4.026611724778524359e-01 5.967925679945987882e-01 2.204613052793711279e-27 6.552945817703725933e-23 5.462595275488184342e-04 0.000000000000000000e+00
4.026611724778524359e-01 5.967925679945987882e-01 2.204613052793711279e-27 6.552945817703725933e-23 5.462595275488184342e-04 0.000000000000000000e+00
4.026611724778524359e-01 5.967925679945987882e-01 2.204613052793711279e-27 6.552945817703725933e-23 5.462595275488184342e-04 0.000000000000000000e+00
4.026611724778524359e-01 5.967925679945987882e-01 2.204613052793711279e-27 6.552945817703725933e-23 5.462595275488184342e-04 0.000000000000000000e+00
4.026611724778524359e-01 5.967925679945987882e-01 2.204613052793711279e-27 6.552945817703725933e-23 5.462595275488184342e-04 0.000000000000000000e+00
4.026611724778524359e-01 5.967925679945987882e-01 2.204613052793711279e-27 6.552945817703725933e-23 5.462595275488184342e-04 0.000000000000000000e+00
4.026611724778524359e-01 5.967925679945987882e-01 2.204613052793711279e-27 6.552945817703725933e-23 5.462595275488184342e-04 0.000000000000000000e+00
4.026611724778524359e-01 5.967925679945987882e-01 2.204613052793711279e-27 6.552945817703725933e-23 5.462595275488184342e-04 0.000000000000000000e+00
4.026611724778524359e-01 5.967925679945987882e-01 2.204613052793711279e-27 6.552945817703725933e-23 5.462595275488184342e-04 0.000000000000000000e+00
4.026611724778524359e-01 5.967925679945987882e-01 2.204613052793711279e-27 6.552945817703725933e-23 5.462595275488184342e-04 0.000000000000000000e+00
4.026611724778524359e-01 5.967925679945987882e-01 2.204613052793711279e-27 6.552945817703725933e-23 5.462595275488184342e-04 0.000000000000000000e+00
4.026611724778524359e-01 5.967925679945987882e-01 2.204613052793711279e-27 6.552945817703725933e-23 5.462595275488184342e-04 0.000000000000000000e+00
4.026611724778524359e-01 5.967925679945987882e-01 2.204613052793711279e-27 6.552945817703725933e-23 5.462595275488184342e-04 0.000000000000000000e+00
4.026611724778524359e-01 5.967925679945987882e-01 2.204613052793711279e-27 6.552945817703725933e-23 5.462595275488184342e-04 0.000000000000000000e+00
4.026611724778524359e-01 5.967925679945987882e-01 2.204613052793711279e-27 6.552945817703725933e-23 5.462595275488184342e-04 0.000000000000000000e+00
4.026611724778524359e-01 5.967925679945987882e-01 2.204613052793711279e-27 6.552945817703725933e-23 5.462595275488184342e-04 0.000000000000000000e+00
4.026611724778524359e-01 5.967925679945987882e-01 2.204613052793711279e-27 6.552945817703725933e-23 5.462595275488184342e-04 0.000000000000000000e+00
4.026611724778524359e-01 5.967925679945987882e-01 2.204613052793711279e-27 6.552945817703725933e-23 5.462595275488184342e-04 0.000000000000000000e+00
4.026611724778524359e-01 5.967925679945987882e-01 2.204613052793711279e-27 6.552945817703725933e-23 5.462595275488184342e-04 0.000000000000000000e+00
4.026611724778524359e-01 5.967925679945987882e-01 2.204613052793711279e-27 6.552945817703725933e-23 5.462595275488184342e-04 0.000000000000000000e+00
4.026611724778524359e-01 5.967925679945987882e-01 2.204613052793711279e-27 6.552945817703725933e-23 5.462595275488184342e-04 0.000000000000000000e+00
4.026611724778524359e-01 5.967925679945987882e-01 2.204613052793711279e-27 6.552945817703725933e-23 5.462595275488184342e-04 0.000000000000000000e+00
4.026611724778524359e-01 5.967925679945987882e-01 2.204613052793711279e-27 6.552945817703725933e-23 5.462595275488184342e-04 0.000000000000000000e+00
4.026611724778524359e-01 5.967925679945987882e-01 2.204613052793711279e-27 6.552945817703725933e-23 5.462595275488184342e-04 0.000000000000000000e+00
4.026611724778524359e-01 5.967925679945987882e-01 2.204613052793711279e-27 6.552945817703725933e-23 5.462595275488184342e-04 0.000000000000000000e+00
4.026611724778524359e-01 5.967925679945987882e-01 2.204613052793711279e-27 6.552945817703725933e-23 5.462595275488184342e-04 0.000000000000000000e+00
4.026611724778524359e-01 5.967925679945987882e-01 2.204613052793711279e-27 6.552945817703725933e-23 5.462595275488184342e-04 0.000000000000000000e+00
4.026611724778524359e-01 5.967925679945987882e-01 2.204613052793711279e-27 6.552945817703725933e-23 5.462595275488184342e-04 0.000000000000000000e+00
4.026611724778524359e-01 5.967925679945987882e-01 2.204613052793711279e-27 6.552945817703725933e-23 5.462595275488184342e-04 0.000000000000000000e+00
4.026611724778524359e-01 5.967925679945987882e-01 2.204613052793711279e-27 6.552945817703725933e-23 5.462595275488184342e-04 0.000000000000000000e+00
4.026611724778524359e-01 5.967925679945987882e-01 2.204613052793711279e-27 6.552945817703725933e-23 5.462595275488184342e-04 0.000000000000000000e+00
4.026611724778524359e-01 5.967925679945987882e-01 2.204613052793711279e-27 6.552945817703725933e-23 5.462595275488184342e-04 0.000000000000000000e+00
4.026611724778524359e-01 5.967925679945987882e-01 2.204613052793711279e-27 6.552945817703725933e-23 5.462595275488184342e-04 0.000000000000000000e+00
4.026611724778524359e-01 5.967925679945987882e-01 2.204613052793711279e-27 6.552945817703725933e-23 5.462595275488184342e-04 0.000000000000000000e+00
