3.362554311934883300e-01 6.634535078006391640e-01 3.440426862253225168e-14 2.750628052883413936e-12 2.910610030873850675e-04 0.000000000000000000e+00
3.362553650927405657e-01 6.634535738888140965e-01 2.490268363782858101e-14 2.130738070890711681e-12 2.910610162386493248e-04 0.000000000000000000e+00
3.362552963656555427e-01 6.634536425845135588e-01 1.593568043168198965e-14 1.497314576029358644e-12 2.910610482817028110e-04 0.000000000000000000e+00
3.362552736491158933e-01 6.634536652829891024e-01 1.012958852162999653e-14 1.046516071649039260e-12 2.910610668177716497e-04 0.000000000000000000e+00
3.362552980263665559e-01 6.634536409285985981e-01 6.395954905453963450e-15 7.274866797503150525e-13 2.910610442939114313e-04 0.000000000000000000e+00
3.362552980263665003e-01 6.634536409285983760e-01 4.008631876422218667e-15 5.026845030259399812e-13 2.910610445244928273e-04 0.000000000000000000e+00
3.362552980263665559e-01 6.634536409285985981e-01 2.491820900370000777e-15 3.450451595762160376e-13 2.910610446793437858e-04 0.000000000000000000e+00
3.362552980263665559e-01 6.634536409285984870e-01 1.538223778152332636e-15 2.355121362867498458e-13 2.910610447907865960e-04 0.000000000000000000e+00
3.362552980263665559e-01 6.634536409285984870e-01 9.430024034530211841e-16 1.598506511401331610e-13 2.910610448699130258e-04 0.000000000000000000e+00
3.362552980263665559e-01 6.634536409285984870e-01 5.741332598772849236e-16 1.078927421185730706e-13 2.910610449252561799e-04 0.000000000000000000e+00
3.362552980263665559e-01 6.634536409285983760e-01 3.465942463318091181e-16 7.232387568543227064e-14 2.910610449609947361e-04 0.000000000000000000e+00
3.362552980263665559e-01 6.634536409285983760e-01 2.074704535732072624e-16 4.815006484189928954e-14 2.910610449848372093e-04 0.000000000000000000e+00
3.362552980263665559e-01 6.634536409285984870e-01 1.233164941003769496e-16 3.187326944149364091e-14 2.910610450017729893e-04 0.000000000000000000e+00
3.362552980263665559e-01 6.634536409285984870e-01 7.278882621474179755e-17 2.098023614361909604e-14 2.910610450134987984e-04 0.000000000000000000e+00
3.362552980263665559e-01 6.634536409285984870e-01 4.259146216666941374e-17 1.371291067160398978e-14 2.910610450208549476e-04 0.000000000000000000e+00
3.362552980263665559e-01 6.634536409285984870e-01 2.469627503069422804e-17 8.897175812149080267e-15 2.910610450255851048e-04 0.000000000000000000e+00
3.362552980263665559e-01 6.634536409285984870e-01 1.421972586609486836e-17 5.739925734110236042e-15 2.910610450289294890e-04 0.000000000000000000e+00
3.362552980263665559e-01 6.634536409285985981e-01 8.131534104988815895e-18 3.682553665296831778e-15 2.910610450311980194e-04 0.000000000000000000e+00
3.362552980263665559e-01 6.634536409285984870e-01 4.598178662911782809e-18 2.341266472176871256e-15 2.910610450324584587e-04 0.000000000000000000e+00
3.362552980263665559e-01 6.634536409285984870e-01 2.580368123066992376e-18 1.479335284753294357e-15 2.910610450333480466e-04 0.000000000000000000e+00
3.362552980263665559e-01 6.634536409285984870e-01 1.438151352639898680e-18 9.295556154714657400e-16 2.910610450339578561e-04 0.000000000000000000e+00
3.362552980263665003e-01 6.634536409285984870e-01 7.933060434709316865e-19 5.792303690163879539e-16 2.910610450343037166e-04 0.000000000000000000e+00
3.362552980263665003e-01 6.634536409285984870e-01 4.335335406118666366e-19 3.582155517785358631e-16 2.910610450345275501e-04 0.000000000000000000e+00
3.362552980263665559e-01 6.634536409285984870e-01 2.353308354049018565e-19 2.203273343232487125e-16 2.910610450346825910e-04 0.000000000000000000e+00
3.362552980263665559e-01 6.634536409285984870e-01 1.263941328476882515e-19 1.343571685069315877e-16 2.910610450347680261e-04 0.000000000000000000e+00
3.362552980263665559e-01 6.634536409285984870e-01 6.721921923768189659e-20 8.128044361583832022e-17 2.910610450348219110e-04 0.000000000000000000e+00
3.362552980263665559e-01 6.634536409285984870e-01 3.551783756832876328e-20 4.891396189567556766e-17 2.910610450348593702e-04 0.000000000000000000e+00
3.362552980263665559e-01 6.634536409285984870e-01 1.853602494423712149e-20 2.914205676648145584e-17 2.910610450348781269e-04 0.000000000000000000e+00
3.362552980263665559e-01 6.634536409285984870e-01 9.588748695066022100e-21 1.723891409597117616e-17 2.910610450348909205e-04 0.000000000000000000e+00
3.362552980263666114e-01 6.634536409285985981e-01 4.928644292826025578e-21 1.014491166855872495e-17 2.910610450348992688e-04 0.000000000000000000e+00
3.362552980263665559e-01 6.634536409285984870e-01 2.494528065492024809e-21 5.895984240959333210e-18 2.910610450349031177e-04 0.000000000000000000e+00
3.362552980263665559e-01 6.634536409285984870e-01 1.255024110649464921e-21 3.410050986223641398e-18 2.910610450349060993e-04 0.000000000000000000e+00
3.362552980263665559e-01 6.634536409285984870e-01 6.246873526592636813e-22 1.955226143827961201e-18 2.910610450349072919e-04 0.000000000000000000e+00
3.362552980263665559e-01 6.634536409285984870e-01 3.074062461812652260e-22 1.110748856078363080e-18 2.910610450349082135e-04 0.000000000000000000e+00
3.362552980263665003e-01 6.634536409285984870e-01 1.504606268438116523e-22 6.282607714985081428e-19 2.910610450349088098e-04 0.000000000000000000e+00
3.362552980263665559e-01 6.634536409285985981e-01 7.238627089672405447e-23 3.504360222029286915e-19 2.910610450349090808e-04 0.000000000000000000e+00
3.362552980263666114e-01 6.634536409285985981e-01 3.465417856325803859e-23 1.946925040054329786e-19 2.910610450349094061e-04 0.000000000000000000e+00
3.362552980263665559e-01 6.634536409285983760e-01 1.636553959156690804e-23 1.069771914515012486e-19 2.910610450349094061e-04 0.000000000000000000e+00
3.362552980263665003e-01 6.634536409285983760e-01 7.657222308319288438e-24 5.833992834575603429e-20 2.910610450349094061e-04 0.000000000000000000e+00
3.362552980263665559e-01 6.634536409285984870e-01 3.547891556606524099e-24 3.156492868871869528e-20 2.910610450349096772e-04 0.000000000000000000e+00
3.362552980263665559e-01 6.634536409285984870e-01 1.621608975226220243e-24 1.689062565640852292e-20 2.910610450349096772e-04 0.000000000000000000e+00
3.362552980263665003e-01 6.634536409285984870e-01 7.365476804241058723e-25 8.992543036019863720e-21 2.910610450349096772e-04 0.000000000000000000e+00
3.362552980263665003e-01 6.634536409285984870e-01 3.287119909541420275e-25 4.719872225242480973e-21 2.910610450349096772e-04 0.000000000000000000e+00
3.362552980263665559e-01 6.634536409285984870e-01 1.462260068649042070e-25 2.470809714469226354e-21 2.910610450349096772e-04 0.000000000000000000e+00
3.362552980263665559e-01 6.634536409285984870e-01 6.368401442623246550e-26 1.271428004577736852e-21 2.910610450349096772e-04 0.000000000000000000e+00
3.362552980263665559e-01 6.634536409285984870e-01 2.768726091512765324e-26 6.533283498657141268e-22 2.910610450349096772e-04 0.000000000000000000e+00
3.362552980263665559e-01 6.634536409285984870e-01 1.177426562839506769e-26 3.297586652977823055e-22 2.910610450349096772e-04 0.000000000000000000e+00
3.362552980263665559e-01 6.634536409285984870e-01 4.998132041951008326e-27 1.661992039683476765e-22 2.910610450349096772e-04 0.000000000000000000e+00
3.362552980263665003e-01 6.634536409285983760e-01 2.074734322514592499e-27 8.225952437514188442e-23 2.910610450349096772e-04 0.000000000000000000e+00
3.362552980263665003e-01 6.634536409285983760e-01 9.089192749020633153e-28 4.250772312416346835e-23 2.910610450349096772e-04 0.000000000000000000e+00
3.362552980263665003e-01 6.634536409285983760e-01 9.089192749020633153e-28 4.250772312416346835e-23 2.910610450349096772e-04 0.000000000000000000e+00
3.362552980263665003e-01 6.634536409285983760e-01 9.089192749020633153e-28 4.250772312416346835e-23 2.910610450349096772e-04 0.000000000000000000e+00
3.362552980263665003e-01 6.634536409285983760e-01 9.089192749020633153e-28 4.250772312416346835e-23 2.910610450349096772e-04 0.000000000000000000e+00
3.362552980263665003e-01 6.634536409285983760e-01 9.089192749020633153e-28 4.250772312416346835e-23 2.910610450349096772e-04 0.000000000000000000e+00
3.362552980263665003e-01 6.634536409285983760e-01 9.089192749020633153e-28 4.250772312416346835e-23 2.910610450349096772e-04 0.000000000000000000e+00
3.362552980263665003e-01 6.634536409285983760e-01 9.089192749020633153e-28 4.250772312416346835e-23 2.910610450349096772e-04 0.000000000000000000e+00
3.362552980263665003e-01 6.634536409285983760e-01 9.089192749020633153e-28 4.250772312416346835e-23 2.910610450349096772e-04 0.000000000000000000e+00
3.362552980263665003e-01 6.634536409285983760e-01 9.089192749020633153e-28 4.250772312416346835e-23 2.910610450349096772e-04 0.000000000000000000e+00
3.362552980263665003e-01 6.634536409285983760e-01 9.089192749020633153e-28 4.250772312416346835e-23 2.910610450349096772e-04 0.000000000000000000e+00
3.362552980263665003e-01 6.634536409285983760e-01 9.089192749020633153e-28 4.250772312416346835e-23 2.910610450349096772e-04 0.000000000000000000e+00
3.362552980263665003e-01 6.634536409285983760e-01 9.089192749020633153e-28 4.250772312416346835e-23 2.910610450349096772e-04 0.000000000000000000e+00
3.362552980263665003e-01 6.634536409285983760e-01 9.089192749020633153e-28 4.250772312416346835e-23 2.910610450349096772e-04 0.000000000000000000e+00
3.362552980263665003e-01 6.634536409285983760e-01 9.089192749020633153e-28 4.250772312416346835e-23 2.910610450349096772e-04 0.000000000000000000e+00
3.362552980263665003e-01 6.634536409285983760e-01 9.089192749020633153e-28 4.250772312416346835e-23 2.910610450349096772e-04 0.000000000000000000e+00
3.362552980263665003e-01 6.634536409285983760e-01 9.089192749020633153e-28 4.250772312416346835e-23 2.910610450349096772e-04 0.000000000000000000e+00
3.362552980263665003e-01 6.634536409285983760e-01 9.089192749020633153e-28 4.250772312416346835e-23 2.910610450349096772e-04 0.000000000000000000e+00
3.362552980263665003e-01 6.634536409285983760e-01 9.089192749020633153e-28 4.250772312416346835e-23 2.910610450349096772e-04 0.000000000000000000e+00
3.362552980263665003e-01 6.634536409285983760e-01 9.089192749020633153e-28 4.250772312416346835e-23 2.910610450349096772e-04 0.000000000000000000e+00
3.362552980263665003e-01 6.634536409285983760e-01 9.089192749020633153e-28 4.250772312416346835e-23 2.910610450349096772e-04 0.000000000000000000e+00
3.362552980263665003e-01 6.634536409285983760e-01 9.089192749020633153e-28 4.250772312416346835e-23 2.910610450349096772e-04 0.000000000000000000e+00
3.362552980263665003e-01 6.634536409285983760e-01 9.089192749020633153e-28 4.250772312416346835e-23 2.910610450349096772e-04 0.000000000000000000e+00
3.362552980263665003e-01 6.634536409285983760e-01 9.089192749020633153e-28 4.250772312416346835e-23 2.910610450349096772e-04 0.000000000000000000e+00
3.362552980263665003e-01 6.634536409285983760e-01 9.089192749020633153e-28 4.250772312416346835e-23 2.910610450349096772e-04 0.000000000000000000e+00
3.362552980263665003e-01 6.634536409285983760e-01 9.089192749020633153e-28 4.250772312416346835e-23 2.910610450349096772e-04 0.000000000000000000e+00
3.362552980263665003e-01 6.634536409285983760e-01 9.089192749020633153e-28 4.250772312416346835e-23 2.910610450349096772e-04 0.000000000000000000e+00
3.362552980263665003e-01 6.634536409285983760e-01 9.089192749020633153e-28 4.250772312416346835e-23 2.910610450349096772e-04 0.000000000000000000e+00
3.362552980263665003e-01 6.634536409285983760e-01 9.089192749020633153e-28 4.250772312416346835e-23 2.910610450349096772e-04 0.000000000000000000e+00
3.362552980263665003e-01 6.634536409285983760e-01 9.089192749020633153e-28 4.250772312416346835e-23 2.910610450349096772e-04 0.000000000000000000e+00
3.362552980263665003e-01 6.634536409285983760e-01 9.089192749020633153e-28 4.250772312416346835e-23 2.910610450349096772e-04 0.000000000000000000e+00
3.362552980263665003e-01 6.634536409285983760e-01 9.089192749020633153e-28 4.250772312416346835e-23 2.910610450349096772e-04 0.000000000000000000e+00
3.362552980263665003e-01 6.634536409285983760e-01 9.089192749020633153e-28 4.250772312416346835e-23 2.910610450349096772e-04 0.000000000000000000e+00
3.362552980263665003e-01 6.634536409285983760e-01 9.089192749020633153e-28 4.250772312416346835e-23 2.910610450349096772e-04 0.000000000000000000e+00
3.362552980263665003e-01 6.634536409285983760e-01 9.089192749020633153e-28 4.250772312416346835e-23 2.910610450349096772e-04 0.000000000000000000e+00
3.362552980263665003e-01 6.634536409285983760e-01 9.089192749020633153e-28 4.250772312416346835e-23 2.910610450349096772e-04 0.000000000000000000e+00
3.362552980263665003e-01 6.634536409285983760e-01 9.089192749020633153e-28 4.250772312416346835e-23 2.910610450349096772e-04 0.000000000000000000e+00
3.362552980263665003e-01 6.634536409285983760e-01 9.089192749020633153e-28 4.250772312416346835e-23 2.910610450349096772e-04 0.000000000000000000e+00
3.362552980263665003e-01 6.634536409285983760e-01 9.089192749020633153e-28 4.250772312416346835e-23 2.910610450349096772e-04 0.000000000000000000e+00
3.362552980263665003e-01 6.634536409285983760e-01 9.089192749020633153e-28 4.250772312416346835e-23 2.910610450349096772e-04 0.000000000000000000e+00
3.362552980263665003e-01 6.634536409285983760e-01 9.089192749020633153e-28 4.250772312416346835e-23 2.910610450349096772e-04 0.000000000000000000e+00
3.362552980263665003e-01 6.634536409285983760e-01 9.089192749020633153e-28 4.250772312416346835e-23 2.910610450349096772e-04 0.000000000000000000e+00
3.362552980263665003e-01 6.634536409285983760e-01 9.089192749020633153e-28 4.250772312416346835e-23 2.910610450349096772e-04 0.000000000000000000e+00
3.362552980263665003e-01 6.634536409285983760e-01 9.089192749020633153e-28 4.250772312416346835e-23 2.910610450349096772e-04 0.000000000000000000e+00
3.362552980263665003e-01 6.634536409285983760e-01 9.089192749020633153e-28 4.250772312416346835e-23 2.910610450349096772e-04 0.000000000000000000e+00
3.362552980263665003e-01 6.634536409285983760e-01 9.089192749020633153e-28 4.250772312416346835e-23 2.910610450349096772e-04 0.000000000000000000e+00
3.362552980263665003e-01 6.634536409285983760e-01 9.089192749020633153e-28 4.250772312416346835e-23 2.910610450349096772e-04 0.000000000000000000e+00
3.362552980263665003e-01 6.634536409285983760e-01 9.089192749020633153e-28 4.250772312416346835e-23 2.910610450349096772e-04 0.000000000000000000e+00
3.362552980263665003e-01 6.634536409285983760e-01 9.089192749020633153e-28 4.250772312416346835e-23 2.910610450349096772e-04 0.000000000000000000e+00
3.362552980263665003e-01 6.634536409285983760e-01 9.089192749020633153e-28 4.250772312416346835e-23 2.910610450349096772e-04 0.000000000000000000e+00
3.362552980263665003e-01 6.634536409285983760e-01 9.089192749020633153e-28 4.250772312416346835e-23 2.910610450349096772e-04 0.000000000000000000e+00
3.362552980263665003e-01 6.634536409285983760e-01 9.089192749020633153e-28 4.250772312416346835e-23 2.910610450349096772e-04 0.000000000000000000e+00
3.362552980263665003e-01 6.634536409285983760e-01 9.089192749020633153e-28 4.250772312416346835e-23 2.910610450349096772e-04 0.000000000000000000e+00
3.362552980263665003e-01 6.634536409285983760e-01 9.089192749020633153e-28 4.250772312416346835e-23 2.910610450349096772e-04 0.000000000000000000e+00
3.362552980263665003e-01 6.634536409285983760e-01 9.089192749020633153e-28 4.250772312416346835e-23 2.910610450349096772e-04 0.000000000000000000e+00
3.362552980263665003e-01 6.634536409285983760e-01 9.089192749020633153e-28 4.250772312416346835e-23 2.910610450349096772e-04 0.000000000000000000e+00
3.362552980263665003e-01 6.634536409285983760e-01 9.089192749020633153e-28 4.250772312416346835e-23 2.910610450349096772e-04 0.000000000000000000e+00
3.362552980263665003e-01 6.634536409285983760e-01 9.089192749020633153e-28 4.250772312416346835e-23 2.910610450349096772e-04 0.000000000000000000e+00
3.362552980263665003e-01 6.634536409285983760e-01 9.089192749020633153e-28 4.250772312416346835e-23 2.910610450349096772e-04 0.000000000000000000e+00
3.362552980263665003e-01 6.634536409285983760e-01 9.089192749020633153e-28 4.250772312416346835e-23 2.910610450349096772e-04 0.000000000000000000e+00
3.362552980263665003e-01 6.634536409285983760e-01 9.089192749020633153e-28 4.250772312416346835e-23 2.910610450349096772e-04 0.000000000000000000e+00
3.362552980263665003e-01 6.634536409285983760e-01 9.089192749020633153e-28 4.250772312416346835e-23 2.910610450349096772e-04 0.000000000000000000e+00
3.362552980263665003e-01 6.634536409285983760e-01 9.089192749020633153e-28 4.250772312416346835e-23 2.910610450349096772e-04 0.000000000000000000e+00
3.362552980263665003e-01 6.634536409285983760e-01 9.089192749020633153e-28 4.250772312416346835e-23 2.910610450349096772e-04 0.000000000000000000e+00
3.362552980263665003e-01 6.634536409285983760e-01 9.089192749020633153e-28 4.250772312416346835e-23 2.910610450349096772e-04 0.000000000000000000e+00
3.362552980263665003e-01 6.634536409285983760e-01 9.089192749020633153e-28 4.250772312416346835e-23 2.910610450349096772e-04 0.000000000000000000e+00
3.362552980263665003e-01 6.634536409285983760e-01 9.089192749020633153e-28 4.250772312416346835e-23 2.910610450349096772e-04 0.000000000000000000e+00
3.362552980263665003e-01 6.634536409285983760e-01 9.089192749020633153e-28 4.250772312416346835e-23 2.910610450349096772e-04 0.000000000000000000e+00
3.362552980263665003e-01 6.634536409285983760e-01 9.089192749020633153e-28 4.250772312416346835e-23 2.910610450349096772e-04 0.000000000000000000e+00
3.362552980263665003e-01 6.634536409285983760e-01 9.089192749020633153e-28 4.250772312416346835e-23 2.910610450349096772e-04 0.000000000000000000e+00
3.362552980263665003e-01 6.634536409285983760e-01 9.089192749020633153e-28 4.250772312416346835e-23 2.910610450349096772e-04 0.000000000000000000e+00
3.362552980263665003e-01 6.634536409285983760e-01 9.089192749020633153e-28 4.250772312416346835e-23 2.910610450349096772e-04 0.000000000000000000e+00
3.362552980263665003e-01 6.634536409285983760e-01 9.089192749020633153e-28 4.250772312416346835e-23 2.910610450349096772e-04 0.000000000000000000e+00
3.362552980263665003e-01 6.634536409285983760e-01 9.089192749020633153e-28 4.250772312416346835e-23 2.910610450349096772e-04 0.000000000000000000e+00
3.362552980263665003e-01 6.634536409285983760e-01 9.089192749020633153e-28 4.250772312416346835e-23 2.910610450349096772e-04 0.000000000000000000e+00
3.362552980263665003e-01 6.634536409285983760e-01 9.089192749020633153e-28 4.250772312416346835e-23 2.910610450349096772e-04 0.000000000000000000e+00
3.362552980263665003e-01 6.634536409285983760e-01 9.089192749020633153e-28 4.250772312416346835e-23 2.910610450349096772e-04 0.000000000000000000e+00
3.362552980263665003e-01 6.634536409285983760e-01 9.089192749020633153e-28 4.250772312416346835e-23 2.910610450349096772e-04 0.000000000000000000e+00
3.362552980263665003e-01 6.634536409285983760e-01 9.089192749020633153e-28 4.250772312416346835e-23 2.910610450349096772e-04 0.000000000000000000e+00
3.362552980263665003e-01 6.634536409285983760e-01 9.089192749020633153e-28 4.250772312416346835e-23 2.910610450349096772e-04 0.000000000000000000e+00
3.362552980263665003e-01 6.634536409285983760e-01 9.089192749020633153e-28 4.250772312416346835e-23 2.910610450349096772e-04 0.000000000000000000e+00
3.362552980263665003e-01 6.634536409285983760e-01 9.089192749020633153e-28 4.250772312416346835e-23 2.910610450349096772e-04 0.000000000000000000e+00
3.362552980263665003e-01 6.634536409285983760e-01 9.089192749020633153e-28 4.250772312416346835e-23 2.910610450349096772e-04 0.000000000000000000e+00
3.362552980263665003e-01 6.634536409285983760e-01 9.089192749020633153e-28 4.250772312416346835e-23 2.910610450349096772e-04 0.000000000000000000e+00
3.362552980263665003e-01 6.634536409285983760e-01 9.089192749020633153e-28 4.250772312416346835e-23 2.910610450349096772e-04 0.000000000000000000e+00
3.362552980263665003e-01 6.634536409285983760e-01 9.089192749020633153e-28 4.250772312416346835e-23 2.910610450349096772e-04 0.000000000000000000e+00
3.362552980263665003e-01 6.634536409285983760e-01 9.089192749020633153e-28 4.250772312416346835e-23 2.910610450349096772e-04 0.000000000000000000e+00
3.362552980263665003e-01 6.634536409285983760e-01 9.089192749020633153e-28 4.250772312416346835e-23 2.910610450349096772e-04 0.000000000000000000e+00
3.362552980263665003e-01 6.634536409285983760e-01 9.089192749020633153e-28 4.250772312416346835e-23 2.910610450349096772e-04 0.000000000000000000e+00
3.362552980263665003e-01 6.634536409285983760e-01 9.089192749020633153e-28 4.250772312416346835e-23 2.910610450349096772e-04 0.000000000000000000e+00
3.362552980263665003e-01 6.634536409285983760e-01 9.089192749020633153e-28 4.250772312416346835e-23 2.910610450349096772e-04 0.000000000000000000e+00
3.362552980263665003e-01 6.634536409285983760e-01 9.089192749020633153e-28 4.250772312416346835e-23 2.910610450349096772e-04 0.000000000000000000e+00
3.362552980263665003e-01 6.634536409285983760e-01 9.089192749020633153e-28 4.250772312416346835e-23 2.910610450349096772e-04 0.000000000000000000e+00
3.362552980263665003e-01 6.634536409285983760e-01 9.089192749020633153e-28 4.250772312416346835e-23 2.910610450349096772e-04 0.000000000000000000e+00
3.362552980263665003e-01 6.634536409285983760e-01 9.089192749020633153e-28 4.250772312416346835e-23 2.910610450349096772e-04 0.000000000000000000e+00
3.362552980263665003e-01 6.634536409285983760e-01 9.089192749020633153e-28 4.250772312416346835e-23 2.910610450349096772e-04 0.000000000000000000e+00
3.362552980263665003e-01 6.634536409285983760e-01 9.089192749020633153e-28 4.250772312416346835e-23 2.910610450349096772e-04 0.000000000000000000e+00
3.362552980263665003e-01 6.634536409285983760e-01 9.089192749020633153e-28 4.250772312416346835e-23 2.910610450349096772e-04 0.000000000000000000e+00
3.362552980263665003e-01 6.634536409285983760e-01 9.089192749020633153e-28 4.250772312416346835e-23 2.910610450349096772e-04 0.000000000000000000e+00
3.362552980263665003e-01 6.634536409285983760e-01 9.089192749020633153e-28 4.250772312416346835e-23 2.910610450349096772e-04 0.000000000000000000e+00
3.362552980263665003e-01 6.634536409285983760e-01 9.089192749020633153e-28 4.250772312416346835e-23 2.910610450349096772e-04 0.000000000000000000e+00
3.362552980263665003e-01 6.634536409285983760e-01 9.089192749020633153e-28 4.250772312416346835e-23 2.910610450349096772e-04 0.000000000000000000e+00
3.362552980263665003e-01 6.634536409285983760e-01 9.089192749020633153e-28 4.250772312416346835e-23 2.910610450349096772e-04 0.000000000000000000e+00
3.362552980263665003e-01 6.634536409285983760e-01 9.089192749020633153e-28 4.250772312416346835e-23 2.910610450349096772e-04 0.000000000000000000e+00
3.362552980263665003e-01 6.634536409285983760e-01 9.089192749020633153e-28 4.250772312416346835e-23 2.910610450349096772e-04 0.000000000000000000e+00
3.362552980263665003e-01 6.634536409285983760e-01 9.089192749020633153e-28 4.250772312416346835e-23 2.910610450349096772e-04 0.000000000000000000e+00
3.362552980263665003e-01 6.634536409285983760e-01 9.089192749020633153e-28 4.250772312416346835e-23 2.910610450349096772e-04 0.000000000000000000e+00
3.362552980263665003e-01 6.634536409285983760e-01 9.089192749020633153e-28 4.250772312416346835e-23 2.910610450349096772e-04 0.000000000000000000e+00
3.362552980263665003e-01 6.634536409285983760e-01 9.089192749020633153e-28 4.250772312416346835e-23 2.910610450349096772e-04 0.000000000000000000e+00
3.362552980263665003e-01 6.634536409285983760e-01 9.089192749020633153e-28 4.250772312416346835e-23 2.910610450349096772e-04 0.000000000000000000e+00
3.362552980263665003e-01 6.634536409285983760e-01 9.089192749020633153e-28 4.250772312416346835e-23 2.910610450349096772e-04 0.000000000000000000e+00
3.362552980263665003e-01 6.634536409285983760e-01 9.089192749020633153e-28 4.250772312416346835e-23 2.910610450349096772e-04 0.000000000000000000e+00
3.362552980263665003e-01 6.634536409285983760e-01 9.089192749020633153e-28 4.250772312416346835e-23 2.910610450349096772e-04 0.000000000000000000e+00
3.362552980263665003e-01 6.634536409285983760e-01 9.089192749020633153e-28 4.250772312416346835e-23 2.910610450349096772e-04 0.000000000000000000e+00
3.362552980263665003e-01 6.634536409285983760e-01 9.089192749020633153e-28 4.250772312416346835e-23 2.910610450349096772e-04 0.000000000000000000e+00
3.362552980263665003e-01 6.634536409285983760e-01 9.089192749020633153e-28 4.250772312416346835e-23 2.910610450349096772e-04 0.000000000000000000e+00
3.362552980263665003e-01 6.634536409285983760e-01 9.089192749020633153e-28 4.250772312416346835e-23 2.910610450349096772e-04 0.000000000000000000e+00
3.362552980263665003e-01 6.634536409285983760e-01 9.089192749020633153e-28 4.250772312416346835e-23 2.910610450349096772e-04 0.000000000000000000e+00
3.362552980263665003e-01 6.634536409285983760e-01 9.089192749020633153e-28 4.250772312416346835e-23 2.910610450349096772e-04 0.000000000000000000e+00
3.362552980263665003e-01 6.634536409285983760e-01 9.089192749020633153e-28 4.250772312416346835e-23 2.910610450349096772e-04 0.000000000000000000e+00
3.362552980263665003e-01 6.634536409285983760e-01 9.089192749020633153e-28 4.250772312416346835e-23 2.910610450349096772e-04 0.000000000000000000e+00
3.362552980263665003e-01 6.634536409285983760e-01 9.089192749020633153e-28 4.250772312416346835e-23 2.910610450349096772e-04 0.000000000000000000e+00
3.362552980263665003e-01 6.634536409285983760e-01 9.089192749020633153e-28 4.250772312416346835e-23 2.910610450349096772e-04 0.000000000000000000e+00
3.362552980263665003e-01 6.634536409285983760e-01 9.089192749020633153e-28 4.250772312416346835e-23 2.910610450349096772e-04 0.000000000000000000e+00
3.362552980263665003e-01 6.634536409285983760e-01 9.089192749020633153e-28 4.250772312416346835e-23 2.910610450349096772e-04 0.000000000000000000e+00
3.362552980263665003e-01 6.634536409285983760e-01 9.089192749020633153e-28 4.250772312416346835e-23 2.910610450349096772e-04 0.000000000000000000e+00
3.362552980263665003e-01 6.634536409285983760e-01 9.089192749020633153e-28 4.250772312416346835e-23 2.910610450349096772e-04 0.000000000000000000e+00
3.362552980263665003e-01 6.634536409285983760e-01 9.089192749020633153e-28 4.250772312416346835e-23 2.910610450349096772e-04 0.000000000000000000e+00
3.362552980263665003e-01 6.634536409285983760e-01 9.089192749020633153e-28 4.250772312416346835e-23 2.910610450349096772e-04 0.000000000000000000e+00
3.362552980263665003e-01 6.634536409285983760e-01 9.089192749020633153e-28 4.250772312416346835e-23 2.910610450349096772e-04 0.000000000000000000e+00
3.362552980263665003e-01 6.634536409285983760e-01 9.089192749020633153e-28 4.250772312416346835e-23 2.910610450349096772e-04 0.000000000000000000e+00
3.362552980263665003e-01 6.634536409285983760e-01 9.089192749020633153e-28 4.250772312416346835e-23 2.910610450349096772e-04 0.000000000000000000e+00
3.362552980263665003e-01 6.634536409285983760e-01 9.089192749020633153e-28 4.250772312416346835e-23 2.910610450349096772e-04 0.000000000000000000e+00
3.362552980263665003e-01 6.634536409285983760e-01 9.089192749020633153e-28 4.250772312416346835e-23 2.910610450349096772e-04 0.000000000000000000e+00
3.362552980263665003e-01 6.634536409285983760e-01 9.089192749020633153e-28 4.250772312416346835e-23 2.910610450349096772e-04 0.000000000000000000e+00
3.362552980263665003e-01 6.634536409285983760e-01 9.089192749020633153e-28 4.250772312416346835e-23 2.910610450349096772e-04 0.000000000000000000e+00
3.362552980263665003e-01 6.634536409285983760e-01 9.089192749020633153e-28 4.250772312416346835e-23 2.910610450349096772e-04 0.000000000000000000e+00
3.362552980263665003e-01 6.634536409285983760e-01 9.089192749020633153e-28 4.250772312416346835e-23 2.910610450349096772e-04 0.000000000000000000e+00
3.362552980263665003e-01 6.634536409285983760e-01 9.089192749020633153e-28 4.250772312416346835e-23 2.910610450349096772e-04 0.000000000000000000e+00
3.362552980263665003e-01 6.634536409285983760e-01 9.089192749020633153e-28 4.250772312416346835e-23 2.910610450349096772e-04 0.000000000000000000e+00
3.362552980263665003e-01 6.634536409285983760e-01 9.089192749020633153e-28 4.250772312416346835e-23 2.910610450349096772e-04 0.000000000000000000e+00
3.362552980263665003e-01 6.634536409285983760e-01 9.089192749020633153e-28 4.250772312416346835e-23 2.910610450349096772e-04 0.000000000000000000e+00
3.362552980263665003e-01 6.634536409285983760e-01 9.089192749020633153e-28 4.250772312416346835e-23 2.910610450349096772e-04 0.000000000000000000e+00
3.362552980263665003e-01 6.634536409285983760e-01 9.089192749020633153e-28 4.250772312416346835e-23 2.910610450349096772e-04 0.000000000000000000e+00
3.362552980263665003e-01 6.634536409285983760e-01 9.089192749020633153e-28 4.250772312416346835e-23 2.910610450349096772e-04 0.000000000000000000e+00
3.362552980263665003e-01 6.634536409285983760e-01 9.089192749020633153e-28 4.250772312416346835e-23 2.910610450349096772e-04 0.000000000000000000e+00
3.362552980263665003e-01 6.634536409285983760e-01 9.089192749020633153e-28 4.250772312416346835e-23 2.910610450349096772e-04 0.000000000000000000e+00
3.362552980263665003e-01 6.634536409285983760e-01 9.089192749020633153e-28 4.250772312416346835e-23 2.910610450349096772e-04 0.000000000000000000e+00
3.362552980263665003e-01 6.634536409285983760e-01 9.089192749020633153e-28 4.250772312416346835e-23 2.910610450349096772e-04 0.000000000000000000e+00
3.362552980263665003e-01 6.634536409285983760e-01 9.089192749020633153e-28 4.250772312416346835e-23 2.910610450349096772e-04 0.000000000000000000e+00
3.362552980263665003e-01 6.634536409285983760e-01 9.089192749020633153e-28 4.250772312416346835e-23 2.910610450349096772e-04 0.000000000000000000e+00
3.362552980263665003e-01 6.634536409285983760e-01 9.089192749020633153e-28 4.250772312416346835e-23 2.910610450349096772e-04 0.000000000000000000e+00
3.362552980263665003e-01 6.634536409285983760e-01 9.089192749020633153e-28 4.250772312416346835e-23 2.910610450349096772e-04 0.000000000000000000e+00
3.362552980263665003e-01 6.634536409285983760e-01 9.089192749020633153e-28 4.250772312416346835e-23 2.910610450349096772e-04 0.000000000000000000e+00
3.362552980263665003e-01 6.634536409285983760e-01 9.089192749020633153e-28 4.250772312416346835e-23 2.910610450349096772e-04 0.000000000000000000e+00
3.362552980263665003e-01 6.634536409285983760e-01 9.089192749020633153e-28 4.250772312416346835e-23 2.910610450349096772e-04 0.000000000000000000e+00
3.362552980263665003e-01 6.634536409285983760e-01 9.089192749020633153e-28 4.250772312416346835e-23 2.910610450349096772e-04 0.000000000000000000e+00
3.362552980263665003e-01 6.634536409285983760e-01 9.089192749020633153e-28 4.250772312416346835e-23 2.910610450349096772e-04 0.000000000000000000e+00
3.362552980263665003e-01 6.634536409285983760e-01 9.089192749020633153e-28 4.250772312416346835e-23 2.910610450349096772e-04 0.000000000000000000e+00
3.362552980263665003e-01 6.634536409285983760e-01 9.089192749020633153e-28 4.250772312416346835e-23 2.910610450349096772e-04 0.000000000000000000e+00
3.362552980263665003e-01 6.634536409285983760e-01 9.089192749020633153e-28 4.250772312416346835e-23 2.910610450349096772e-04 0.000000000000000000e+00
3.362552980263665003e-01 6.634536409285983760e-01 9.089192749020633153e-28 4.250772312416346835e-23 2.910610450349096772e-04 0.000000000000000000e+00
3.362552980263665003e-01 6.634536409285983760e-01 9.089192749020633153e-28 4.250772312416346835e-23 2.910610450349096772e-04 0.000000000000000000e+00
3.362552980263665003e-01 6.634536409285983760e-01 9.089192749020633153e-28 4.250772312416346835e-23 2.910610450349096772e-04 0.000000000000000000e+00
3.362552980263665003e-01 6.634536409285983760e-01 9.089192749020633153e-28 4.250772312416346835e-23 2.910610450349096772e-04 0.000000000000000000e+00
3.362552980263665003e-01 6.634536409285983760e-01 9.089192749020633153e-28 4.250772312416346835e-23 2.910610450349096772e-04 0.000000000000000000e+00
3.362552980263665003e-01 6.634536409285983760e-01 9.089192749020633153e-28 4.250772312416346835e-23 2.910610450349096772e-04 0.000000000000000000e+00
3.362552980263665003e-01 6.634536409285983760e-01 9.089192749020633153e-28 4.250772312416346835e-23 2.910610450349096772e-04 0.000000000000000000e+00
3.362552980263665003e-01 6.634536409285983760e-01 9.089192749020633153e-28 4.250772312416346835e-23 2.910610450349096772e-04 0.000000000000000000e+00
3.362552980263665003e-01 6.634536409285983760e-01 9.089192749020633153e-28 4.250772312416346835e-23 2.910610450349096772e-04 0.000000000000000000e+00
3.362552980263665003e-01 6.634536409285983760e-01 9.089192749020633153e-28 4.250772312416346835e-23 2.910610450349096772e-04 0.000000000000000000e+00
3.362552980263665003e-01 6.634536409285983760e-01 9.089192749020633153e-28 4.250772312416346835e-23 2.910610450349096772e-04 0.000000000000000000e+00
3.362552980263665003e-01 6.634536409285983760e-01 9.089192749020633153e-28 4.250772312416346835e-23 2.910610450349096772e-04 0.000000000000000000e+00
3.362552980263665003e-01 6.634536409285983760e-01 9.089192749020633153e-28 4.250772312416346835e-23 2.910610450349096772e-04 0.000000000000000000e+00
3.362552980263665003e-01 6.634536409285983760e-01 9.089192749020633153e-28 4.250772312416346835e-23 2.910610450349096772e-04 0.000000000000000000e+00
3.362552980263665003e-01 6.634536409285983760e-01 9.089192749020633153e-28 4.250772312416346835e-23 2.910610450349096772e-04 0.000000000000000000e+00
3.362552980263665003e-01 6.634536409285983760e-01 9.089192749020633153e-28 4.250772312416346835e-23 2.910610450349096772e-04 0.000000000000000000e+00
3.362552980263665003e-01 6.634536409285983760e-01 9.089192749020633153e-28 4.250772312416346835e-23 2.910610450349096772e-04 0.000000000000000000e+00
3.362552980263665003e-01 6.634536409285983760e-01 9.089192749020633153e-28 4.250772312416346835e-23 2.910610450349096772e-04 0.000000000000000000e+00
3.362552980263665003e-01 6.634536409285983760e-01 9.089192749020633153e-28 4.250772312416346835e-23 2.910610450349096772e-04 0.000000000000000000e+00
3.362552980263665003e-01 6.634536409285983760e-01 9.089192749020633153e-28 4.250772312416346835e-23 2.910610450349096772e-04 0.000000000000000000e+00
3.362552980263665003e-01 6.634536409285983760e-01 9.089192749020633153e-28 4.250772312416346835e-23 2.910610450349096772e-04 0.000000000000000000e+00
3.362552980263665003e-01 6.634536409285983760e-01 9.089192749020633153e-28 4.250772312416346835e-23 2.910610450349096772e-04 0.000000000000000000e+00
3.362552980263665003e-01 6.634536409285983760e-01 9.089192749020633153e-28 4.250772312416346835e-23 2.910610450349096772e-04 0.000000000000000000e+00
3.362552980263665003e-01 6.634536409285983760e-01 9.089192749020633153e-28 4.250772312416346835e-23 2.910610450349096772e-04 0.000000000000000000e+00
3.362552980263665003e-01 6.634536409285983760e-01 9.089192749020633153e-28 4.250772312416346835e-23 2.910610450349096772e-04 0.000000000000000000e+00
3.362552980263665003e-01 6.634536409285983760e-01 9.089192749020633153e-28 4.250772312416346835e-23 2.910610450349096772e-04 0.000000000000000000e+00
3.362552980263665003e-01 6.634536409285983760e-01 9.089192749020633153e-28 4.250772312416346835e-23 2.910610450349096772e-04 0.000000000000000000e+00
3.362552980263665003e-01 6.634536409285983760e-01 9.089192749020633153e-28 4.250772312416346835e-23 2.910610450349096772e-04 0.000000000000000000e+00
3.362552980263665003e-01 6.634536409285983760e-01 9.089192749020633153e-28 4.250772312416346835e-23 2.910610450349096772e-04 0.000000000000000000e+00
3.362552980263665003e-01 6.634536409285983760e-01 9.089192749020633153e-28 4.250772312416346835e-23 2.910610450349096772e-04 0.000000000000000000e+00
3.362552980263665003e-01 6.634536409285983760e-01 9.089192749020633153e-28 4.250772312416346835e-23 2.910610450349096772e-04 0.000000000000000000e+00
3.362552980263665003e-01 6.634536409285983760e-01 9.089192749020633153e-28 4.250772312416346835e-23 2.910610450349096772e-04 0.000000000000000000e+00
3.362552980263665003e-01 6.634536409285983760e-01 9.089192749020633153e-28 4.250772312416346835e-23 2.910610450349096772e-04 0.000000000000000000e+00
3.362552980263665003e-01 6.634536409285983760e-01 9.089192749020633153e-28 4.250772312416346835e-23 2.910610450349096772e-04 0.000000000000000000e+00
3.362552980263665003e-01 6.634536409285983760e-01 9.089192749020633153e-28 4.250772312416346835e-23 2.910610450349096772e-04 0.000000000000000000e+00
3.362552980263665003e-01 6.634536409285983760e-01 9.089192749020633153e-28 4.250772312416346835e-23 2.910610450349096772e-04 0.000000000000000000e+00
3.362552980263665003e-01 6.634536409285983760e-01 9.089192749020633153e-28 4.250772312416346835e-23 2.910610450349096772e-04 0.000000000000000000e+00
3.362552980263665003e-01 6.634536409285983760e-01 9.089192749020633153e-28 4.250772312416346835e-23 2.910610450349096772e-04 0.000000000000000000e+00
3.362552980263665003e-01 6.634536409285983760e-01 9.089192749020633153e-28 4.250772312416346835e-23 2.910610450349096772e-04 0.000000000000000000e+00
3.362552980263665003e-01 6.634536409285983760e-01 9.089192749020633153e-28 4.250772312416346835e-23 2.910610450349096772e-04 0.000000000000000000e+00
3.362552980263665003e-01 6.634536409285983760e-01 9.089192749020633153e-28 4.250772312416346835e-23 2.910610450349096772e-04 0.000000000000000000e+00
3.362552980263665003e-01 6.634536409285983760e-01 9.089192749020633153e-28 4.250772312416346835e-23 2.910610450349096772e-04 0.000000000000000000e+00
3.362552980263665003e-01 6.634536409285983760e-01 9.089192749020633153e-28 4.250772312416346835e-23 2.910610450349096772e-04 0.000000000000000000e+00
3.362552980263665003e-01 6.634536409285983760e-01 9.089192749020633153e-28 4.250772312416346835e-23 2.910610450349096772e-04 0.000000000000000000e+00
3.362552980263665003e-01 6.634536409285983760e-01 9.089192749020633153e-28 4.250772312416346835e-23 2.910610450349096772e-04 0.000000000000000000e+00
3.362552980263665003e-01 6.634536409285983760e-01 9.089192749020633153e-28 4.250772312416346835e-23 2.910610450349096772e-04 0.000000000000000000e+00
3.362552980263665003e-01 6.634536409285983760e-01 9.089192749020633153e-28 4.250772312416346835e-23 2.910610450349096772e-04 0.000000000000000000e+00
3.362552980263665003e-01 6.634536409285983760e-01 9.089192749020633153e-28 4.250772312416346835e-23 2.910610450349096772e-04 0.000000000000000000e+00
3.362552980263665003e-01 6.634536409285983760e-01 9.089192749020633153e-28 4.250772312416346835e-23 2.910610450349096772e-04 0.000000000000000000e+00
3.362552980263665003e-01 6.634536409285983760e-01 9.089192749020633153e-28 4.250772312416346835e-23 2.910610450349096772e-04 0.000000000000000000e+00
3.362552980263665003e-01 6.634536409285983760e-01 9.089192749020633153e-28 4.250772312416346835e-23 2.910610450349096772e-04 0.000000000000000000e+00
3.362552980263665003e-01 6.634536409285983760e-01 9.089192749020633153e-28 4.250772312416346835e-23 2.910610450349096772e-04 0.000000000000000000e+00
3.362552980263665003e-01 6.634536409285983760e-01 9.089192749020633153e-28 4.250772312416346835e-23 2.910610450349096772e-04 0.000000000000000000e+00
3.362552980263665003e-01 6.634536409285983760e-01 9.089192749020633153e-28 4.250772312416346835e-23 2.910610450349096772e-04 0.000000000000000000e+00
3.362552980263665003e-01 6.634536409285983760e-01 9.089192749020633153e-28 4.250772312416346835e-23 2.910610450349096772e-04 0.000000000000000000e+00
3.362552980263665003e-01 6.634536409285983760e-01 9.089192749020633153e-28 4.250772312416346835e-23 2.910610450349096772e-04 0.000000000000000000e+00
3.362552980263665003e-01 6.634536409285983760e-01 9.089192749020633153e-28 4.250772312416346835e-23 2.910610450349096772e-04 0.000000000000000000e+00
3.362552980263665003e-01 6.634536409285983760e-01 9.089192749020633153e-28 4.250772312416346835e-23 2.910610450349096772e-04 0.000000000000000000e+00
3.362552980263665003e-01 6.634536409285983760e-01 9.089192749020633153e-28 4.250772312416346835e-23 2.910610450349096772e-04 0.000000000000000000e+00
3.362552980263665003e-01 6.634536409285983760e-01 9.089192749020633153e-28 4.250772312416346835e-23 2.910610450349096772e-04 0.000000000000000000e+00
3.362552980263665003e-01 6.634536409285983760e-01 9.089192749020633153e-28 4.250772312416346835e-23 2.910610450349096772e-04 0.000000000000000000e+00
3.362552980263665003e-01 6.634536409285983760e-01 9.089192749020633153e-28 4.250772312416346835e-23 2.910610450349096772e-04 0.000000000000000000e+00
3.362552980263665003e-01 6.634536409285983760e-01 9.089192749020633153e-28 4.250772312416346835e-23 2.910610450349096772e-04 0.000000000000000000e+00
3.362552980263665003e-01 6.634536409285983760e-01 9.089192749020633153e-28 4.250772312416346835e-23 2.910610450349096772e-04 0.000000000000000000e+00
3.362552980263665003e-01 6.634536409285983760e-01 9.089192749020633153e-28 4.250772312416346835e-23 2.910610450349096772e-04 0.000000000000000000e+00
3.362552980263665003e-01 6.634536409285983760e-01 9.089192749020633153e-28 4.250772312416346835e-23 2.910610450349096772e-04 0.000000000000000000e+00
3.362552980263665003e-01 6.634536409285983760e-01 9.089192749020633153e-28 4.250772312416346835e-23 2.910610450349096772e-04 0.000000000000000000e+00
3.362552980263665003e-01 6.634536409285983760e-01 9.089192749020633153e-28 4.250772312416346835e-23 2.910610450349096772e-04 0.000000000000000000e+00
3.362552980263665003e-01 6.634536409285983760e-01 9.089192749020633153e-28 4.250772312416346835e-23 2.910610450349096772e-04 0.000000000000000000e+00
3.362552980263665003e-01 6.634536409285983760e-01 9.089192749020633153e-28 4.250772312416346835e-23 2.910610450349096772e-04 0.000000000000000000e+00
3.362552980263665003e-01 6.634536409285983760e-01 9.089192749020633153e-28 4.250772312416346835e-23 2.910610450349096772e-04 0.000000000000000000e+00
3.362552980263665003e-01 6.634536409285983760e-01 9.089192749020633153e-28 4.250772312416346835e-23 2.910610450349096772e-04 0.000000000000000000e+00
3.362552980263665003e-01 6.634536409285983760e-01 9.089192749020633153e-28 4.250772312416346835e-23 2.910610450349096772e-04 0.000000000000000000e+00
3.362552980263665003e-01 6.634536409285983760e-01 9.089192749020633153e-28 4.250772312416346835e-23 2.910610450349096772e-04 0.000000000000000000e+00
3.362552980263665003e-01 6.634536409285983760e-01 9.089192749020633153e-28 4.250772312416346835e-23 2.910610450349096772e-04 0.000000000000000000e+00
3.362552980263665003e-01 6.634536409285983760e-01 9.089192749020633153e-28 4.250772312416346835e-23 2.910610450349096772e-04 0.000000000000000000e+00
3.362552980263665003e-01 6.634536409285983760e-01 9.089192749020633153e-28 4.250772312416346835e-23 2.910610450349096772e-04 0.000000000000000000e+00
3.362552980263665003e-01 6.634536409285983760e-01 9.089192749020633153e-28 4.250772312416346835e-23 2.910610450349096772e-04 0.000000000000000000e+00
3.362552980263665003e-01 6.634536409285983760e-01 9.089192749020633153e-28 4.250772312416346835e-23 2.910610450349096772e-04 0.000000000000000000e+00
3.362552980263665003e-01 6.634536409285983760e-01 9.089192749020633153e-28 4.250772312416346835e-23 2.910610450349096772e-04 0.000000000000000000e+00
3.362552980263665003e-01 6.634536409285983760e-01 9.089192749020633153e-28 4.250772312416346835e-23 2.910610450349096772e-04 0.000000000000000000e+00
3.362552980263665003e-01 6.634536409285983760e-01 9.089192749020633153e-28 4.250772312416346835e-23 2.910610450349096772e-04 0.000000000000000000e+00
3.362552980263665003e-01 6.634536409285983760e-01 9.089192749020633153e-28 4.250772312416346835e-23 2.910610450349096772e-04 0.000000000000000000e+00
3.362552980263665003e-01 6.634536409285983760e-01 9.089192749020633153e-28 4.250772312416346835e-23 2.910610450349096772e-04 0.000000000000000000e+00
3.362552980263665003e-01 6.634536409285983760e-01 9.089192749020633153e-28 4.250772312416346835e-23 2.910610450349096772e-04 0.000000000000000000e+00
3.362552980263665003e-01 6.634536409285983760e-01 9.089192749020633153e-28 4.250772312416346835e-23 2.910610450349096772e-04 0.000000000000000000e+00
3.362552980263665003e-01 6.634536409285983760e-01 9.089192749020633153e-28 4.250772312416346835e-23 2.910610450349096772e-04 0.000000000000000000e+00
3.362552980263665003e-01 6.634536409285983760e-01 9.089192749020633153e-28 4.250772312416346835e-23 2.910610450349096772e-04 0.000000000000000000e+00
3.362552980263665003e-01 6.634536409285983760e-01 9.089192749020633153e-28 4.250772312416346835e-23 2.910610450349096772e-04 0.000000000000000000e+00
3.362552980263665003e-01 6.634536409285983760e-01 9.089192749020633153e-28 4.250772312416346835e-23 2.910610450349096772e-04 0.000000000000000000e+00
3.362552980263665003e-01 6.634536409285983760e-01 9.089192749020633153e-28 4.250772312416346835e-23 2.910610450349096772e-04 0.000000000000000000e+00
3.362552980263665003e-01 6.634536409285983760e-01 9.089192749020633153e-28 4.250772312416346835e-23 2.910610450349096772e-04 0.000000000000000000e+00
3.362552980263665003e-01 6.634536409285983760e-01 9.089192749020633153e-28 4.250772312416346835e-23 2.910610450349096772e-04 0.000000000000000000e+00
3.362552980263665003e-01 6.634536409285983760e-01 9.089192749020633153e-28 4.250772312416346835e-23 2.910610450349096772e-04 0.000000000000000000e+00
3.362552980263665003e-01 6.634536409285983760e-01 9.089192749020633153e-28 4.250772312416346835e-23 2.910610450349096772e-04 0.000000000000000000e+00
3.362552980263665003e-01 6.634536409285983760e-01 9.089192749020633153e-28 4.250772312416346835e-23 2.910610450349096772e-04 0.000000000000000000e+00
3.362552980263665003e-01 6.634536409285983760e-01 9.089192749020633153e-28 4.250772312416346835e-23 2.910610450349096772e-04 0.000000000000000000e+00
3.362552980263665003e-01 6.634536409285983760e-01 9.089192749020633153e-28 4.250772312416346835e-23 2.910610450349096772e-04 0.000000000000000000e+00
3.362552980263665003e-01 6.634536409285983760e-01 9.089192749020633153e-28 4.250772312416346835e-23 2.910610450349096772e-04 0.000000000000000000e+00
3.362552980263665003e-01 6.634536409285983760e-01 9.089192749020633153e-28 4.250772312416346835e-23 2.910610450349096772e-04 0.000000000000000000e+00
3.362552980263665003e-01 6.634536409285983760e-01 9.089192749020633153e-28 4.250772312416346835e-23 2.910610450349096772e-04 0.000000000000000000e+00
3.362552980263665003e-01 6.634536409285983760e-01 9.089192749020633153e-28 4.250772312416346835e-23 2.910610450349096772e-04 0.000000000000000000e+00
3.362552980263665003e-01 6.634536409285983760e-01 9.089192749020633153e-28 4.250772312416346835e-23 2.910610450349096772e-04 0.000000000000000000e+00
3.362552980263665003e-01 6.634536409285983760e-01 9.089192749020633153e-28 4.250772312416346835e-23 2.910610450349096772e-04 0.000000000000000000e+00
3.362552980263665003e-01 6.634536409285983760e-01 9.089192749020633153e-28 4.250772312416346835e-23 2.910610450349096772e-04 0.000000000000000000e+00
3.362552980263665003e-01 6.634536409285983760e-01 9.089192749020633153e-28 4.250772312416346835e-23 2.910610450349096772e-04 0.000000000000000000e+00
3.362552980263665003e-01 6.634536409285983760e-01 9.089192749020633153e-28 4.250772312416346835e-23 2.910610450349096772e-04 0.000000000000000000e+00
3.362552980263665003e-01 6.634536409285983760e-01 9.089192749020633153e-28 4.250772312416346835e-23 2.910610450349096772e-04 0.000000000000000000e+00
3.362552980263665003e-01 6.634536409285983760e-01 9.089192749020633153e-28 4.250772312416346835e-23 2.910610450349096772e-04 0.000000000000000000e+00
3.362552980263665003e-01 6.634536409285983760e-01 9.089192749020633153e-28 4.250772312416346835e-23 2.910610450349096772e-04 0.000000000000000000e+00
3.362552980263665003e-01 6.634536409285983760e-01 9.089192749020633153e-28 4.250772312416346835e-23 2.910610450349096772e-04 0.000000000000000000e+00
3.362552980263665003e-01 6.634536409285983760e-01 9.089192749020633153e-28 4.250772312416346835e-23 2.910610450349096772e-04 0.000000000000000000e+00
3.362552980263665003e-01 6.634536409285983760e-01 9.089192749020633153e-28 4.250772312416346835e-23 2.910610450349096772e-04 0.000000000000000000e+00
3.362552980263665003e-01 6.634536409285983760e-01 9.089192749020633153e-28 4.250772312416346835e-23 2.910610450349096772e-04 0.000000000000000000e+00
3.362552980263665003e-01 6.634536409285983760e-01 9.089192749020633153e-28 4.250772312416346835e-23 2.910610450349096772e-04 0.000000000000000000e+00
3.362552980263665003e-01 6.634536409285983760e-01 9.089192749020633153e-28 4.250772312416346835e-23 2.910610450349096772e-04 0.000000000000000000e+00
3.362552980263665003e-01 6.634536409285983760e-01 9.089192749020633153e-28 4.250772312416346835e-23 2.910610450349096772e-04 0.000000000000000000e+00
3.362552980263665003e-01 6.634536409285983760e-01 9.089192749020633153e-28 4.250772312416346835e-23 2.910610450349096772e-04 0.000000000000000000e+00
3.362552980263665003e-01 6.634536409285983760e-01 9.089192749020633153e-28 4.250772312416346835e-23 2.910610450349096772e-04 0.000000000000000000e+00
3.362552980263665003e-01 6.634536409285983760e-01 9.089192749020633153e-28 4.250772312416346835e-23 2.910610450349096772e-04 0.000000000000000000e+00
3.362552980263665003e-01 6.634536409285983760e-01 9.089192749020633153e-28 4.250772312416346835e-23 2.910610450349096772e-04 0.000000000000000000e+00
3.362552980263665003e-01 6.634536409285983760e-01 9.089192749020633153e-28 4.250772312416346835e-23 2.910610450349096772e-04 0.000000000000000000e+00
3.362552980263665003e-01 6.634536409285983760e-01 9.089192749020633153e-28 4.250772312416346835e-23 2.910610450349096772e-04 0.000000000000000000e+00
3.362552980263665003e-01 6.634536409285983760e-01 9.089192749020633153e-28 4.250772312416346835e-23 2.910610450349096772e-04 0.000000000000000000e+00
3.362552980263665003e-01 6.634536409285983760e-01 9.089192749020633153e-28 4.250772312416346835e-23 2.910610450349096772e-04 0.000000000000000000e+00
3.362552980263665003e-01 6.634536409285983760e-01 9.089192749020633153e-28 4.250772312416346835e-23 2.910610450349096772e-04 0.000000000000000000e+00
3.362552980263665003e-01 6.634536409285983760e-01 9.089192749020633153e-28 4.250772312416346835e-23 2.910610450349096772e-04 0.000000000000000000e+00
3.362552980263665003e-01 6.634536409285983760e-01 9.089192749020633153e-28 4.250772312416346835e-23 2.910610450349096772e-04 0.000000000000000000e+00
3.362552980263665003e-01 6.634536409285983760e-01 9.089192749020633153e-28 4.250772312416346835e-23 2.910610450349096772e-04 0.000000000000000000e+00
3.362552980263665003e-01 6.634536409285983760e-01 9.089192749020633153e-28 4.250772312416346835e-23 2.910610450349096772e-04 0.000000000000000000e+00
3.362552980263665003e-01 6.634536409285983760e-01 9.089192749020633153e-28 4.250772312416346835e-23 2.910610450349096772e-04 0.000000000000000000e+00
3.362552980263665003e-01 6.634536409285983760e-01 9.089192749020633153e-28 4.250772312416346835e-23 2.910610450349096772e-04 0.000000000000000000e+00
3.362552980263665003e-01 6.634536409285983760e-01 9.089192749020633153e-28 4.250772312416346835e-23 2.910610450349096772e-04 0.000000000000000000e+00
3.362552980263665003e-01 6.634536409285983760e-01 9.089192749020633153e-28 4.250772312416346835e-23 2.910610450349096772e-04 0.000000000000000000e+00
3.362552980263665003e-01 6.634536409285983760e-01 9.089192749020633153e-28 4.250772312416346835e-23 2.910610450349096772e-04 0.000000000000000000e+00
3.362552980263665003e-01 6.634536409285983760e-01 9.089192749020633153e-28 4.250772312416346835e-23 2.910610450349096772e-04 0.000000000000000000e+00
3.362552980263665003e-01 6.634536409285983760e-01 9.089192749020633153e-28 4.250772312416346835e-23 2.910610450349096772e-04 0.000000000000000000e+00
3.362552980263665003e-01 6.634536409285983760e-01 9.089192749020633153e-28 4.250772312416346835e-23 2.910610450349096772e-04 0.000000000000000000e+00
3.362552980263665003e-01 6.634536409285983760e-01 9.089192749020633153e-28 4.250772312416346835e-23 2.910610450349096772e-04 0.000000000000000000e+00
3.362552980263665003e-01 6.634536409285983760e-01 9.089192749020633153e-28 4.250772312416346835e-23 2.910610450349096772e-04 0.000000000000000000e+00
3.362552980263665003e-01 6.634536409285983760e-01 9.089192749020633153e-28 4.250772312416346835e-23 2.910610450349096772e-04 0.000000000000000000e+00
3.362552980263665003e-01 6.634536409285983760e-01 9.089192749020633153e-28 4.250772312416346835e-23 2.910610450349096772e-04 0.000000000000000000e+00
3.362552980263665003e-01 6.634536409285983760e-01 9.089192749020633153e-28 4.250772312416346835e-23 2.910610450349096772e-04 0.000000000000000000e+00
3.362552980263665003e-01 6.634536409285983760e-01 9.089192749020633153e-28 4.250772312416346835e-23 2.910610450349096772e-04 0.000000000000000000e+00
3.362552980263665003e-01 6.634536409285983760e-01 9.089192749020633153e-28 4.250772312416346835e-23 2.910610450349096772e-04 0.000000000000000000e+00
3.362552980263665003e-01 6.634536409285983760e-01 9.089192749020633153e-28 4.250772312416346835e-23 2.910610450349096772e-04 0.000000000000000000e+00
3.362552980263665003e-01 6.634536409285983760e-01 9.089192749020633153e-28 4.250772312416346835e-23 2.910610450349096772e-04 0.000000000000000000e+00
3.362552980263665003e-01 6.634536409285983760e-01 9.089192749020633153e-28 4.250772312416346835e-23 2.910610450349096772e-04 0.000000000000000000e+00
3.362552980263665003e-01 6.634536409285983760e-01 9.089192749020633153e-28 4.250772312416346835e-23 2.910610450349096772e-04 0.000000000000000000e+00
3.362552980263665003e-01 6.634536409285983760e-01 9.089192749020633153e-28 4.250772312416346835e-23 2.910610450349096772e-04 0.000000000000000000e+00
3.362552980263665003e-01 6.634536409285983760e-01 9.089192749020633153e-28 4.250772312416346835e-23 2.910610450349096772e-04 0.000000000000000000e+00
3.362552980263665003e-01 6.634536409285983760e-01 9.089192749020633153e-28 4.250772312416346835e-23 2.910610450349096772e-04 0.000000000000000000e+00
3.362552980263665003e-01 6.634536409285983760e-01 9.089192749020633153e-28 4.250772312416346835e-23 2.910610450349096772e-04 0.000000000000000000e+00
3.362552980263665003e-01 6.634536409285983760e-01 9.089192749020633153e-28 4.250772312416346835e-23 2.910610450349096772e-04 0.000000000000000000e+00
3.362552980263665003e-01 6.634536409285983760e-01 9.089192749020633153e-28 4.250772312416346835e-23 2.910610450349096772e-04 0.000000000000000000e+00
3.362552980263665003e-01 6.634536409285983760e-01 9.089192749020633153e-28 4.250772312416346835e-23 2.910610450349096772e-04 0.000000000000000000e+00
3.362552980263665003e-01 6.634536409285983760e-01 9.089192749020633153e-28 4.250772312416346835e-23 2.910610450349096772e-04 0.000000000000000000e+00
3.362552980263665003e-01 6.634536409285983760e-01 9.089192749020633153e-28 4.250772312416346835e-23 2.910610450349096772e-04 0.000000000000000000e+00
3.362552980263665003e-01 6.634536409285983760e-01 9.089192749020633153e-28 4.250772312416346835e-23 2.910610450349096772e-04 0.000000000000000000e+00
3.362552980263665003e-01 6.634536409285983760e-01 9.089192749020633153e-28 4.250772312416346835e-23 2.910610450349096772e-04 0.000000000000000000e+00
3.362552980263665003e-01 6.634536409285983760e-01 9.089192749020633153e-28 4.250772312416346835e-23 2.910610450349096772e-04 0.000000000000000000e+00
3.362552980263665003e-01 6.634536409285983760e-01 9.089192749020633153e-28 4.250772312416346835e-23 2.910610450349096772e-04 0.000000000000000000e+00
3.362552980263665003e-01 6.634536409285983760e-01 9.089192749020633153e-28 4.250772312416346835e-23 2.910610450349096772e-04 0.000000000000000000e+00
3.362552980263665003e-01 6.634536409285983760e-01 9.089192749020633153e-28 4.250772312416346835e-23 2.910610450349096772e-04 0.000000000000000000e+00
3.362552980263665003e-01 6.634536409285983760e-01 9.089192749020633153e-28 4.250772312416346835e-23 2.910610450349096772e-04 0.000000000000000000e+00
3.362552980263665003e-01 6.634536409285983760e-01 9.089192749020633153e-28 4.250772312416346835e-23 2.910610450349096772e-04 0.000000000000000000e+00
3.362552980263665003e-01 6.634536409285983760e-01 9.089192749020633153e-28 4.250772312416346835e-23 2.910610450349096772e-04 0.000000000000000000e+00
3.362552980263665003e-01 6.634536409285983760e-01 9.089192749020633153e-28 4.250772312416346835e-23 2.910610450349096772e-04 0.000000000000000000e+00
3.362552980263665003e-01 6.634536409285983760e-01 9.089192749020633153e-28 4.250772312416346835e-23 2.910610450349096772e-04 0.000000000000000000e+00
3.362552980263665003e-01 6.634536409285983760e-01 9.089192749020633153e-28 4.250772312416346835e-23 2.910610450349096772e-04 0.000000000000000000e+00
3.362552980263665003e-01 6.634536409285983760e-01 9.089192749020633153e-28 4.250772312416346835e-23 2.910610450349096772e-04 0.000000000000000000e+00
3.362552980263665003e-01 6.634536409285983760e-01 9.089192749020633153e-28 4.250772312416346835e-23 2.910610450349096772e-04 0.000000000000000000e+00
3.362552980263665003e-01 6.634536409285983760e-01 9.089192749020633153e-28 4.250772312416346835e-23 2.910610450349096772e-04 0.000000000000000000e+00
3.362552980263665003e-01 6.634536409285983760e-01 9.089192749020633153e-28 4.250772312416346835e-23 2.910610450349096772e-04 0.000000000000000000e+00
3.362552980263665003e-01 6.634536409285983760e-01 9.089192749020633153e-28 4.250772312416346835e-23 2.910610450349096772e-04 0.000000000000000000e+00
3.362552980263665003e-01 6.634536409285983760e-01 9.089192749020633153e-28 4.250772312416346835e-23 2.910610450349096772e-04 0.000000000000000000e+00
3.362552980263665003e-01 6.634536409285983760e-01 9.089192749020633153e-28 4.250772312416346835e-23 2.910610450349096772e-04 0.000000000000000000e+00
3.362552980263665003e-01 6.634536409285983760e-01 9.089192749020633153e-28 4.250772312416346835e-23 2.910610450349096772e-04 0.000000000000000000e+00
3.362552980263665003e-01 6.634536409285983760e-01 9.089192749020633153e-28 4.250772312416346835e-23 2.910610450349096772e-04 0.000000000000000000e+00
3.362552980263665003e-01 6.634536409285983760e-01 9.089192749020633153e-28 4.250772312416346835e-23 2.910610450349096772e-04 0.000000000000000000e+00
3.362552980263665003e-01 6.634536409285983760e-01 9.089192749020633153e-28 4.250772312416346835e-23 2.910610450349096772e-04 0.000000000000000000e+00
3.362552980263665003e-01 6.634536409285983760e-01 9.089192749020633153e-28 4.250772312416346835e-23 2.910610450349096772e-04 0.000000000000000000e+00
3.362552980263665003e-01 6.634536409285983760e-01 9.089192749020633153e-28 4.250772312416346835e-23 2.910610450349096772e-04 0.000000000000000000e+00
3.362552980263665003e-01 6.634536409285983760e-01 9.089192749020633153e-28 4.250772312416346835e-23 2.910610450349096772e-04 0.000000000000000000e+00
3.362552980263665003e-01 6.634536409285983760e-01 9.089192749020633153e-28 4.250772312416346835e-23 2.910610450349096772e-04 0.000000000000000000e+00
3.362552980263665003e-01 6.634536409285983760e-01 9.089192749020633153e-28 4.250772312416346835e-23 2.910610450349096772e-04 0.000000000000000000e+00
3.362552980263665003e-01 6.634536409285983760e-01 9.089192749020633153e-28 4.250772312416346835e-23 2.910610450349096772e-04 0.000000000000000000e+00
3.362552980263665003e-01 6.634536409285983760e-01 9.089192749020633153e-28 4.250772312416346835e-23 2.910610450349096772e-04 0.000000000000000000e+00
3.362552980263665003e-01 6.634536409285983760e-01 9.089192749020633153e-28 4.250772312416346835e-23 2.910610450349096772e-04 0.000000000000000000e+00
3.362552980263665003e-01 6.634536409285983760e-01 9.089192749020633153e-28 4.250772312416346835e-23 2.910610450349096772e-04 0.000000000000000000e+00
3.362552980263665003e-01 6.634536409285983760e-01 9.089192749020633153e-28 4.250772312416346835e-23 2.910610450349096772e-04 0.000000000000000000e+00
3.362552980263665003e-01 6.634536409285983760e-01 9.089192749020633153e-28 4.250772312416346835e-23 2.910610450349096772e-04 0.000000000000000000e+00
3.362552980263665003e-01 6.634536409285983760e-01 9.089192749020633153e-28 4.250772312416346835e-23 2.910610450349096772e-04 0.000000000000000000e+00
3.362552980263665003e-01 6.634536409285983760e-01 9.089192749020633153e-28 4.250772312416346835e-23 2.910610450349096772e-04 0.000000000000000000e+00
3.362552980263665003e-01 6.634536409285983760e-01 9.089192749020633153e-28 4.250772312416346835e-23 2.910610450349096772e-04 0.000000000000000000e+00
3.362552980263665003e-01 6.634536409285983760e-01 9.089192749020633153e-28 4.250772312416346835e-23 2.910610450349096772e-04 0.000000000000000000e+00
3.362552980263665003e-01 6.634536409285983760e-01 9.089192749020633153e-28 4.250772312416346835e-23 2.910610450349096772e-04 0.000000000000000000e+00
3.362552980263665003e-01 6.634536409285983760e-01 9.089192749020633153e-28 4.250772312416346835e-23 2.910610450349096772e-04 0.000000000000000000e+00
3.362552980263665003e-01 6.634536409285983760e-01 9.089192749020633153e-28 4.250772312416346835e-23 2.910610450349096772e-04 0.000000000000000000e+00
3.362552980263665003e-01 6.634536409285983760e-01 9.089192749020633153e-28 4.250772312416346835e-23 2.910610450349096772e-04 0.000000000000000000e+00
3.362552980263665003e-01 6.634536409285983760e-01 9.089192749020633153e-28 4.250772312416346835e-23 2.910610450349096772e-04 0.000000000000000000e+00
3.362552980263665003e-01 6.634536409285983760e-01 9.089192749020633153e-28 4.250772312416346835e-23 2.910610450349096772e-04 0.000000000000000000e+00
3.362552980263665003e-01 6.634536409285983760e-01 9.089192749020633153e-28 4.250772312416346835e-23 2.910610450349096772e-04 0.000000000000000000e+00
3.362552980263665003e-01 6.634536409285983760e-01 9.089192749020633153e-28 4.250772312416346835e-23 2.910610450349096772e-04 0.000000000000000000e+00
3.362552980263665003e-01 6.634536409285983760e-01 9.089192749020633153e-28 4.250772312416346835e-23 2.910610450349096772e-04 0.000000000000000000e+00
3.362552980263665003e-01 6.634536409285983760e-01 9.089192749020633153e-28 4.250772312416346835e-23 2.910610450349096772e-04 0.000000000000000000e+00
3.362552980263665003e-01 6.634536409285983760e-01 9.089192749020633153e-28 4.250772312416346835e-23 2.910610450349096772e-04 0.000000000000000000e+00
3.362552980263665003e-01 6.634536409285983760e-01 9.089192749020633153e-28 4.250772312416346835e-23 2.910610450349096772e-04 0.000000000000000000e+00
3.362552980263665003e-01 6.634536409285983760e-01 9.089192749020633153e-28 4.250772312416346835e-23 2.910610450349096772e-04 0.000000000000000000e+00
3.362552980263665003e-01 6.634536409285983760e-01 9.089192749020633153e-28 4.250772312416346835e-23 2.910610450349096772e-04 0.000000000000000000e+00
3.362552980263665003e-01 6.634536409285983760e-01 9.089192749020633153e-28 4.250772312416346835e-23 2.910610450349096772e-04 0.000000000000000000e+00
3.362552980263665003e-01 6.634536409285983760e-01 9.089192749020633153e-28 4.250772312416346835e-23 2.910610450349096772e-04 0.000000000000000000e+00
3.362552980263665003e-01 6.634536409285983760e-01 9.089192749020633153e-28 4.250772312416346835e-23 2.910610450349096772e-04 0.000000000000000000e+00
3.362552980263665003e-01 6.634536409285983760e-01 9.089192749020633153e-28 4.250772312416346835e-23 2.910610450349096772e-04 0.000000000000000000e+00
3.362552980263665003e-01 6.634536409285983760e-01 9.089192749020633153e-28 4.250772312416346835e-23 2.910610450349096772e-04 0.000000000000000000e+00
3.362552980263665003e-01 6.634536409285983760e-01 9.089192749020633153e-28 4.250772312416346835e-23 2.910610450349096772e-04 0.000000000000000000e+00
3.362552980263665003e-01 6.634536409285983760e-01 9.089192749020633153e-28 4.250772312416346835e-23 2.910610450349096772e-04 0.000000000000000000e+00
3.362552980263665003e-01 6.634536409285983760e-01 9.089192749020633153e-28 4.250772312416346835e-23 2.910610450349096772e-04 0.000000000000000000e+00
3.362552980263665003e-01 6.634536409285983760e-01 9.089192749020633153e-28 4.250772312416346835e-23 2.910610450349096772e-04 0.000000000000000000e+00
3.362552980263665003e-01 6.634536409285983760e-01 9.089192749020633153e-28 4.250772312416346835e-23 2.910610450349096772e-04 0.000000000000000000e+00
3.362552980263665003e-01 6.634536409285983760e-01 9.089192749020633153e-28 4.250772312416346835e-23 2.910610450349096772e-04 0.000000000000000000e+00
3.362552980263665003e-01 6.634536409285983760e-01 9.089192749020633153e-28 4.250772312416346835e-23 2.910610450349096772e-04 0.000000000000000000e+00
3.362552980263665003e-01 6.634536409285983760e-01 9.089192749020633153e-28 4.250772312416346835e-23 2.910610450349096772e-04 0.000000000000000000e+00
3.362552980263665003e-01 6.634536409285983760e-01 9.089192749020633153e-28 4.250772312416346835e-23 2.910610450349096772e-04 0.000000000000000000e+00
3.362552980263665003e-01 6.634536409285983760e-01 9.089192749020633153e-28 4.250772312416346835e-23 2.910610450349096772e-04 0.000000000000000000e+00
3.362552980263665003e-01 6.634536409285983760e-01 9.089192749020633153e-28 4.250772312416346835e-23 2.910610450349096772e-04 0.000000000000000000e+00
3.362552980263665003e-01 6.634536409285983760e-01 9.089192749020633153e-28 4.250772312416346835e-23 2.910610450349096772e-04 0.000000000000000000e+00
3.362552980263665003e-01 6.634536409285983760e-01 9.089192749020633153e-28 4.250772312416346835e-23 2.910610450349096772e-04 0.000000000000000000e+00
3.362552980263665003e-01 6.634536409285983760e-01 9.089192749020633153e-28 4.250772312416346835e-23 2.910610450349096772e-04 0.000000000000000000e+00
3.362552980263665003e-01 6.634536409285983760e-01 9.089192749020633153e-28 4.250772312416346835e-23 2.910610450349096772e-04 0.000000000000000000e+00
3.362552980263665003e-01 6.634536409285983760e-01 9.089192749020633153e-28 4.250772312416346835e-23 2.910610450349096772e-04 0.000000000000000000e+00
3.362552980263665003e-01 6.634536409285983760e-01 9.089192749020633153e-28 4.250772312416346835e-23 2.910610450349096772e-04 0.000000000000000000e+00
3.362552980263665003e-01 6.634536409285983760e-01 9.089192749020633153e-28 4.250772312416346835e-23 2.910610450349096772e-04 0.000000000000000000e+00
3.362552980263665003e-01 6.634536409285983760e-01 9.089192749020633153e-28 4.250772312416346835e-23 2.910610450349096772e-04 0.000000000000000000e+00
3.362552980263665003e-01 6.634536409285983760e-01 9.089192749020633153e-28 4.250772312416346835e-23 2.910610450349096772e-04 0.000000000000000000e+00
3.362552980263665003e-01 6.634536409285983760e-01 9.089192749020633153e-28 4.250772312416346835e-23 2.910610450349096772e-04 0.000000000000000000e+00
3.362552980263665003e-01 6.634536409285983760e-01 9.089192749020633153e-28 4.250772312416346835e-23 2.910610450349096772e-04 0.000000000000000000e+00
3.362552980263665003e-01 6.634536409285983760e-01 9.089192749020633153e-28 4.250772312416346835e-23 2.910610450349096772e-04 0.000000000000000000e+00
3.362552980263665003e-01 6.634536409285983760e-01 9.089192749020633153e-28 4.250772312416346835e-23 2.910610450349096772e-04 0.000000000000000000e+00
3.362552980263665003e-01 6.634536409285983760e-01 9.089192749020633153e-28 4.250772312416346835e-23 2.910610450349096772e-04 0.000000000000000000e+00
3.362552980263665003e-01 6.634536409285983760e-01 9.089192749020633153e-28 4.250772312416346835e-23 2.910610450349096772e-04 0.000000000000000000e+00
3.362552980263665003e-01 6.634536409285983760e-01 9.089192749020633153e-28 4.250772312416346835e-23 2.910610450349096772e-04 0.000000000000000000e+00
3.362552980263665003e-01 6.634536409285983760e-01 9.089192749020633153e-28 4.250772312416346835e-23 2.910610450349096772e-04 0.000000000000000000e+00
3.362552980263665003e-01 6.634536409285983760e-01 9.089192749020633153e-28 4.250772312416346835e-23 2.910610450349096772e-04 0.000000000000000000e+00
3.362552980263665003e-01 6.634536409285983760e-01 9.089192749020633153e-28 4.250772312416346835e-23 2.910610450349096772e-04 0.000000000000000000e+00
3.362552980263665003e-01 6.634536409285983760e-01 9.089192749020633153e-28 4.250772312416346835e-23 2.910610450349096772e-04 0.000000000000000000e+00
3.362552980263665003e-01 6.634536409285983760e-01 9.089192749020633153e-28 4.250772312416346835e-23 2.910610450349096772e-04 0.000000000000000000e+00
3.362552980263665003e-01 6.634536409285983760e-01 9.089192749020633153e-28 4.250772312416346835e-23 2.910610450349096772e-04 0.000000000000000000e+00
3.362552980263665003e-01 6.634536409285983760e-01 9.089192749020633153e-28 4.250772312416346835e-23 2.910610450349096772e-04 0.000000000000000000e+00
3.362552980263665003e-01 6.634536409285983760e-01 9.089192749020633153e-28 4.250772312416346835e-23 2.910610450349096772e-04 0.000000000000000000e+00
3.362552980263665003e-01 6.634536409285983760e-01 9.089192749020633153e-28 4.250772312416346835e-23 2.910610450349096772e-04 0.000000000000000000e+00
3.362552980263665003e-01 6.634536409285983760e-01 9.089192749020633153e-28 4.250772312416346835e-23 2.910610450349096772e-04 0.000000000000000000e+00
3.362552980263665003e-01 6.634536409285983760e-01 9.089192749020633153e-28 4.250772312416346835e-23 2.910610450349096772e-04 0.000000000000000000e+00
3.362552980263665003e-01 6.634536409285983760e-01 9.089192749020633153e-28 4.250772312416346835e-23 2.910610450349096772e-04 0.000000000000000000e+00
3.362552980263665003e-01 6.634536409285983760e-01 9.089192749020633153e-28 4.250772312416346835e-23 2.910610450349096772e-04 0.000000000000000000e+00
3.362552980263665003e-01 6.634536409285983760e-01 9.089192749020633153e-28 4.250772312416346835e-23 2.910610450349096772e-04 0.000000000000000000e+00
3.362552980263665003e-01 6.634536409285983760e-01 9.089192749020633153e-28 4.250772312416346835e-23 2.910610450349096772e-04 0.000000000000000000e+00
3.362552980263665003e-01 6.634536409285983760e-01 9.089192749020633153e-28 4.250772312416346835e-23 2.910610450349096772e-04 0.000000000000000000e+00
3.362552980263665003e-01 6.634536409285983760e-01 9.089192749020633153e-28 4.250772312416346835e-23 2.910610450349096772e-04 0.000000000000000000e+00
3.362552980263665003e-01 6.634536409285983760e-01 9.089192749020633153e-28 4.250772312416346835e-23 2.910610450349096772e-04 0.000000000000000000e+00
3.362552980263665003e-01 6.634536409285983760e-01 9.089192749020633153e-28 4.250772312416346835e-23 2.910610450349096772e-04 0.000000000000000000e+00
3.362552980263665003e-01 6.634536409285983760e-01 9.089192749020633153e-28 4.250772312416346835e-23 2.910610450349096772e-04 0.000000000000000000e+00
3.362552980263665003e-01 6.634536409285983760e-01 9.089192749020633153e-28 4.250772312416346835e-23 2.910610450349096772e-04 0.000000000000000000e+00
3.362552980263665003e-01 6.634536409285983760e-01 9.089192749020633153e-28 4.250772312416346835e-23 2.910610450349096772e-04 0.000000000000000000e+00
3.362552980263665003e-01 6.634536409285983760e-01 9.089192749020633153e-28 4.250772312416346835e-23 2.910610450349096772e-04 0.000000000000000000e+00
3.362552980263665003e-01 6.634536409285983760e-01 9.089192749020633153e-28 4.250772312416346835e-23 2.910610450349096772e-04 0.000000000000000000e+00
3.362552980263665003e-01 6.634536409285983760e-01 9.089192749020633153e-28 4.250772312416346835e-23 2.910610450349096772e-04 0.000000000000000000e+00
3.362552980263665003e-01 6.634536409285983760e-01 9.089192749020633153e-28 4.250772312416346835e-23 2.910610450349096772e-04 0.000000000000000000e+00
3.362552980263665003e-01 6.634536409285983760e-01 9.089192749020633153e-28 4.250772312416346835e-23 2.910610450349096772e-04 0.000000000000000000e+00
3.362552980263665003e-01 6.634536409285983760e-01 9.089192749020633153e-28 4.250772312416346835e-23 2.910610450349096772e-04 0.000000000000000000e+00
3.362552980263665003e-01 6.634536409285983760e-01 9.089192749020633153e-28 4.250772312416346835e-23 2.910610450349096772e-04 0.000000000000000000e+00
3.362552980263665003e-01 6.634536409285983760e-01 9.089192749020633153e-28 4.250772312416346835e-23 2.910610450349096772e-04 0.000000000000000000e+00
3.362552980263665003e-01 6.634536409285983760e-01 9.089192749020633153e-28 4.250772312416346835e-23 2.910610450349096772e-04 0.000000000000000000e+00
3.362552980263665003e-01 6.634536409285983760e-01 9.089192749020633153e-28 4.250772312416346835e-23 2.910610450349096772e-04 0.000000000000000000e+00
3.362552980263665003e-01 6.634536409285983760e-01 9.089192749020633153e-28 4.250772312416346835e-23 2.910610450349096772e-04 0.000000000000000000e+00
3.362552980263665003e-01 6.634536409285983760e-01 9.089192749020633153e-28 4.250772312416346835e-23 2.910610450349096772e-04 0.000000000000000000e+00
3.362552980263665003e-01 6.634536409285983760e-01 9.089192749020633153e-28 4.250772312416346835e-23 2.910610450349096772e-04 0.000000000000000000e+00
3.362552980263665003e-01 6.634536409285983760e-01 9.089192749020633153e-28 4.250772312416346835e-23 2.910610450349096772e-04 0.000000000000000000e+00
3.362552980263665003e-01 6.634536409285983760e-01 9.089192749020633153e-28 4.250772312416346835e-23 2.910610450349096772e-04 0.000000000000000000e+00
3.362552980263665003e-01 6.634536409285983760e-01 9.089192749020633153e-28 4.250772312416346835e-23 2.910610450349096772e-04 0.000000000000000000e+00
3.362552980263665003e-01 6.634536409285983760e-01 9.089192749020633153e-28 4.250772312416346835e-23 2.910610450349096772e-04 0.000000000000000000e+00
3.362552980263665003e-01 6.634536409285983760e-01 9.089192749020633153e-28 4.250772312416346835e-23 2.910610450349096772e-04 0.000000000000000000e+00
3.362552980263665003e-01 6.634536409285983760e-01 9.089192749020633153e-28 4.250772312416346835e-23 2.910610450349096772e-04 0.000000000000000000e+00
3.362552980263665003e-01 6.634536409285983760e-01 9.089192749020633153e-28 4.250772312416346835e-23 2.910610450349096772e-04 0.000000000000000000e+00
3.362552980263665003e-01 6.634536409285983760e-01 9.089192749020633153e-28 4.250772312416346835e-23 2.910610450349096772e-04 0.000000000000000000e+00
3.362552980263665003e-01 6.634536409285983760e-01 9.089192749020633153e-28 4.250772312416346835e-23 2.910610450349096772e-04 0.000000000000000000e+00
3.362552980263665003e-01 6.634536409285983760e-01 9.089192749020633153e-28 4.250772312416346835e-23 2.910610450349096772e-04 0.000000000000000000e+00
3.362552980263665003e-01 6.634536409285983760e-01 9.089192749020633153e-28 4.250772312416346835e-23 2.910610450349096772e-04 0.000000000000000000e+00
3.362552980263665003e-01 6.634536409285983760e-01 9.089192749020633153e-28 4.250772312416346835e-23 2.910610450349096772e-04 0.000000000000000000e+00
3.362552980263665003e-01 6.634536409285983760e-01 9.089192749020633153e-28 4.250772312416346835e-23 2.910610450349096772e-04 0.000000000000000000e+00
3.362552980263665003e-01 6.634536409285983760e-01 9.089192749020633153e-28 4.250772312416346835e-23 2.910610450349096772e-04 0.000000000000000000e+00
