7.037890660725095726e-01 2.934871448108521408e-01 1.042391135074441882e-10 3.879911437768284387e-10 2.723788624408138032e-03 0.000000000000000000e+00
7.037890660725094616e-01 2.934871448108521408e-01 7.471603438835398195e-11 2.984027607778276716e-10 2.723788742377651964e-03 0.000000000000000000e+00
7.037890660725095726e-01 2.934871448108521408e-01 5.150139540745224545e-11 2.225100330670176842e-10 2.723788841622630953e-03 0.000000000000000000e+00
7.037890660725094616e-01 2.934871448108521408e-01 3.528334631175507276e-11 1.651016587536326670e-10 2.723788915576933270e-03 0.000000000000000000e+00
7.037890660725094616e-01 2.934871448108521408e-01 2.402385975439825345e-11 1.218959885292142048e-10 2.723788970462048386e-03 0.000000000000000000e+00
7.037890660725094616e-01 2.934871448108521408e-01 1.625289960945607564e-11 8.953169790042197952e-11 2.723789010691620230e-03 0.000000000000000000e+00
7.037890660725095726e-01 2.934871448108521408e-01 1.092333240570897666e-11 6.541086019231186910e-11 2.723789039992899948e-03 0.000000000000000000e+00
7.037890660725095726e-01 2.934871448108521408e-01 7.294712449014478444e-12 4.754262924669237182e-11 2.723789061557782640e-03 0.000000000000000000e+00
7.037890660725095726e-01 2.934871448108521408e-01 4.840319905339470303e-12 3.437667845715585749e-11 2.723789077348159459e-03 0.000000000000000000e+00
7.037890660725095726e-01 2.934871448108521408e-01 3.189639850761677483e-12 2.471845000895882158e-11 2.723789088637343890e-03 0.000000000000000000e+00
7.037890660725094616e-01 2.934871448108521408e-01 2.087585698110873300e-12 1.767592042307960036e-11 2.723789096767287657e-03 0.000000000000000000e+00
7.037890660725095726e-01 2.934871448108521408e-01 1.357326831547226049e-12 1.257271214017666970e-11 2.723789102670231155e-03 0.000000000000000000e+00
7.037890660725094616e-01 2.934871448108521408e-01 8.762172388597273034e-13 8.891185415962650726e-12 2.723789106829900292e-03 0.000000000000000000e+00
7.037890660725094616e-01 2.934871448108521408e-01 5.616382843641229961e-13 6.251705420208692021e-12 2.723789109783672502e-03 0.000000000000000000e+00
7.037890660725095726e-01 2.934871448108521408e-01 3.575899964374594649e-13 4.371996230887142761e-12 2.723789111907393840e-03 0.000000000000000000e+00
7.037890660725095726e-01 2.934871448108521408e-01 2.258984973864975800e-13 3.038170871893470974e-12 2.723789113351931038e-03 0.000000000000000000e+00
7.037890660725095726e-01 2.934871448108521408e-01 1.417397789690040576e-13 2.099715043676246054e-12 2.723789114388166371e-03 0.000000000000000000e+00
7.037890660725095726e-01 2.934871448108521408e-01 8.826004713181403004e-14 1.442234959418965114e-12 2.723789115097873838e-03 0.000000000000000000e+00
7.037890660725095726e-01 2.934871448108521408e-01 5.455688745860459832e-14 9.847709993826070371e-13 2.723789115592918815e-03 0.000000000000000000e+00
7.037890660725094616e-01 2.934871448108521408e-01 3.346923184175212416e-14 6.683057857841580089e-13 2.723789115932049882e-03 0.000000000000000000e+00
7.037890660725095726e-01 2.934871448108521408e-01 2.037511007122676298e-14 4.507266080526284514e-13 2.723789116164097336e-03 0.000000000000000000e+00
7.037890660725095726e-01 2.934871448108521408e-01 1.230818718791076011e-14 3.020886190714558343e-13 2.723789116321590278e-03 0.000000000000000000e+00
7.037890660725095726e-01 2.934871448108521408e-01 7.377224381158556226e-15 2.011917456265655665e-13 2.723789116428512128e-03 0.000000000000000000e+00
7.037890660725095726e-01 2.934871448108521408e-01 4.385864855947346760e-15 1.331147191269901117e-13 2.723789116499526937e-03 0.000000000000000000e+00
7.037890660725094616e-01 2.934871448108521408e-01 2.587579872923907971e-15 8.752944083068981319e-14 2.723789116547992509e-03 0.000000000000000000e+00
7.037890660725095726e-01 2.934871448108521408e-01 1.513183824488623649e-15 5.714473696749020502e-14 2.723789116579042324e-03 0.000000000000000000e+00
7.037890660725094616e-01 2.934871448108521408e-01 8.781890780831829230e-16 3.707900736046249364e-14 2.723789116600243247e-03 0.000000000000000000e+00
7.037890660725095726e-01 2.934871448108521408e-01 5.051152159888100132e-16 2.388528924227277669e-14 2.723789116613757177e-03 0.000000000000000000e+00
7.037890660725095726e-01 2.934871448108521408e-01 2.881139646133878371e-16 1.528262381620560422e-14 2.723789116622619879e-03 0.000000000000000000e+00
7.037890660725095726e-01 2.934871448108521408e-01 1.630263920049023586e-16 9.715166779177730284e-15 2.723789116628510566e-03 0.000000000000000000e+00
7.037890660725095726e-01 2.934871448108521408e-01 9.135395341471769558e-17 6.127535804922188473e-15 2.723789116632094939e-03 0.000000000000000000e+00
7.037890660725095726e-01 2.934871448108521408e-01 5.076738777576587136e-17 3.838837942887780997e-15 2.723789116634445923e-03 0.000000000000000000e+00
7.037890660725095726e-01 2.934871448108521408e-01 2.797624674313829887e-17 2.388684586499036837e-15 2.723789116635969444e-03 0.000000000000000000e+00
7.037890660725095726e-01 2.934871448108521408e-01 1.526561053901650739e-17 1.474536388139894339e-15 2.723789116636885811e-03 0.000000000000000000e+00
7.037890660725095726e-01 2.934871448108521408e-01 8.255209693487251259e-18 9.036250425341964871e-16 2.723789116637464775e-03 0.000000000000000000e+00
7.037890660725095726e-01 2.934871448108521408e-01 4.424791760450957466e-18 5.498025734226175081e-16 2.723789116637832537e-03 0.000000000000000000e+00
7.037890660725095726e-01 2.934871448108521408e-01 2.350271180423501517e-18 3.320761897087423577e-16 2.723789116638058051e-03 0.000000000000000000e+00
7.037890660725094616e-01 2.934871448108521408e-01 1.235221758280714480e-18 1.988602905503826951e-16 2.723789116638192058e-03 0.000000000000000000e+00
7.037890660725094616e-01 2.934871448108521408e-01 6.431514715213936683e-19 1.181881836740316202e-16 2.723789116638272723e-03 0.000000000000000000e+00
7.037890660725095726e-01 2.934871448108521408e-01 3.317033505497111224e-19 6.970377712931449617e-17 2.723789116638323030e-03 0.000000000000000000e+00
7.037890660725094616e-01 2.934871448108521408e-01 1.694278981609114555e-19 4.078854333222546115e-17 2.723789116638353387e-03 0.000000000000000000e+00
7.037890660725095726e-01 2.934871448108521408e-01 8.568589641446316651e-20 2.367724835861736652e-17 2.723789116638370301e-03 0.000000000000000000e+00
7.037890660725094616e-01 2.934871448108521408e-01 4.285413628624528948e-20 1.362090440021829969e-17 2.723789116638378541e-03 0.000000000000000000e+00
7.037890660725095726e-01 2.934871448108521408e-01 2.121636609775897286e-20 7.771680720053494759e-18 2.723789116638386781e-03 0.000000000000000000e+00
7.037890660725095726e-01 2.934871448108521408e-01 1.039614636847702090e-20 4.397441009475745782e-18 2.723789116638389816e-03 0.000000000000000000e+00
7.037890660725095726e-01 2.934871448108521408e-01 5.041090476956639834e-21 2.467188750728331583e-18 2.723789116638392419e-03 0.000000000000000000e+00
7.037890660725095726e-01 2.934871448108521408e-01 2.418545730827320987e-21 1.372343186296194421e-18 2.723789116638392419e-03 0.000000000000000000e+00
7.037890660725095726e-01 2.934871448108521408e-01 1.147867200002502253e-21 7.567007057677889526e-19 2.723789116638392419e-03 0.000000000000000000e+00
7.037890660725094616e-01 2.934871448108521408e-01 5.388486067058363644e-22 4.135518785110698652e-19 2.723789116638392419e-03 0.000000000000000000e+00
7.037890660725095726e-01 2.934871448108521408e-01 2.501534420634354042e-22 2.239860102622290386e-19 2.723789116638395454e-03 0.000000000000000000e+00
7.037890660725095726e-01 2.934871448108521408e-01 2.336128558384605786e-22 2.120699470892960995e-19 2.723789116638395454e-03 0.000000000000000000e+00
7.037890660725095726e-01 2.934871448108521408e-01 2.336128558384605786e-22 2.120699470892960995e-19 2.723789116638395454e-03 0.000000000000000000e+00
7.037890660725095726e-01 2.934871448108521408e-01 2.336128558384605786e-22 2.120699470892960995e-19 2.723789116638395454e-03 0.000000000000000000e+00
7.037890660725095726e-01 2.934871448108521408e-01 2.336128558384605786e-22 2.120699470892960995e-19 2.723789116638395454e-03 0.000000000000000000e+00
7.037890660725095726e-01 2.934871448108521408e-01 2.336128558384605786e-22 2.120699470892960995e-19 2.723789116638395454e-03 0.000000000000000000e+00
7.037890660725095726e-01 2.934871448108521408e-01 2.336128558384605786e-22 2.120699470892960995e-19 2.723789116638395454e-03 0.000000000000000000e+00
7.037890660725095726e-01 2.934871448108521408e-01 2.336128558384605786e-22 2.120699470892960995e-19 2.723789116638395454e-03 0.000000000000000000e+00
7.037890660725095726e-01 2.934871448108521408e-01 2.336128558384605786e-22 2.120699470892960995e-19 2.723789116638395454e-03 0.000000000000000000e+00
7.037890660725095726e-01 2.934871448108521408e-01 2.336128558384605786e-22 2.120699470892960995e-19 2.723789116638395454e-03 0.000000000000000000e+00
7.037890660725095726e-01 2.934871448108521408e-01 2.336128558384605786e-22 2.120699470892960995e-19 2.723789116638395454e-03 0.000000000000000000e+00
7.037890660725095726e-01 2.934871448108521408e-01 2.336128558384605786e-22 2.120699470892960995e-19 2.723789116638395454e-03 0.000000000000000000e+00
7.037890660725095726e-01 2.934871448108521408e-01 2.336128558384605786e-22 2.120699470892960995e-19 2.723789116638395454e-03 0.000000000000000000e+00
7.037890660725095726e-01 2.934871448108521408e-01 2.336128558384605786e-22 2.120699470892960995e-19 2.723789116638395454e-03 0.000000000000000000e+00
7.037890660725095726e-01 2.934871448108521408e-01 2.336128558384605786e-22 2.120699470892960995e-19 2.723789116638395454e-03 0.000000000000000000e+00
7.037890660725095726e-01 2.934871448108521408e-01 2.336128558384605786e-22 2.120699470892960995e-19 2.723789116638395454e-03 0.000000000000000000e+00
7.037890660725095726e-01 2.934871448108521408e-01 2.336128558384605786e-22 2.120699470892960995e-19 2.723789116638395454e-03 0.000000000000000000e+00
7.037890660725095726e-01 2.934871448108521408e-01 2.336128558384605786e-22 2.120699470892960995e-19 2.723789116638395454e-03 0.000000000000000000e+00
7.037890660725095726e-01 2.934871448108521408e-01 2.336128558384605786e-22 2.120699470892960995e-19 2.723789116638395454e-03 0.000000000000000000e+00
7.037890660725095726e-01 2.934871448108521408e-01 2.336128558384605786e-22 2.120699470892960995e-19 2.723789116638395454e-03 0.000000000000000000e+00
7.037890660725095726e-01 2.934871448108521408e-01 2.336128558384605786e-22 2.120699470892960995e-19 2.723789116638395454e-03 0.000000000000000000e+00
7.037890660725095726e-01 2.934871448108521408e-01 2.336128558384605786e-22 2.120699470892960995e-19 2.723789116638395454e-03 0.000000000000000000e+00
7.037890660725095726e-01 2.934871448108521408e-01 2.336128558384605786e-22 2.120699470892960995e-19 2.723789116638395454e-03 0.000000000000000000e+00
7.037890660725095726e-01 2.934871448108521408e-01 2.336128558384605786e-22 2.120699470892960995e-19 2.723789116638395454e-03 0.000000000000000000e+00
7.037890660725095726e-01 2.934871448108521408e-01 2.336128558384605786e-22 2.120699470892960995e-19 2.723789116638395454e-03 0.000000000000000000e+00
7.037890660725095726e-01 2.934871448108521408e-01 2.336128558384605786e-22 2.120699470892960995e-19 2.723789116638395454e-03 0.000000000000000000e+00
7.037890660725095726e-01 2.934871448108521408e-01 2.336128558384605786e-22 2.120699470892960995e-19 2.723789116638395454e-03 0.000000000000000000e+00
7.037890660725095726e-01 2.934871448108521408e-01 2.336128558384605786e-22 2.120699470892960995e-19 2.723789116638395454e-03 0.000000000000000000e+00
7.037890660725095726e-01 2.934871448108521408e-01 2.336128558384605786e-22 2.120699470892960995e-19 2.723789116638395454e-03 0.000000000000000000e+00
7.037890660725095726e-01 2.934871448108521408e-01 2.336128558384605786e-22 2.120699470892960995e-19 2.723789116638395454e-03 0.000000000000000000e+00
7.037890660725095726e-01 2.934871448108521408e-01 2.336128558384605786e-22 2.120699470892960995e-19 2.723789116638395454e-03 0.000000000000000000e+00
7.037890660725095726e-01 2.934871448108521408e-01 2.336128558384605786e-22 2.120699470892960995e-19 2.723789116638395454e-03 0.000000000000000000e+00
7.037890660725095726e-01 2.934871448108521408e-01 2.336128558384605786e-22 2.120699470892960995e-19 2.723789116638395454e-03 0.000000000000000000e+00
7.037890660725095726e-01 2.934871448108521408e-01 2.336128558384605786e-22 2.120699470892960995e-19 2.723789116638395454e-03 0.000000000000000000e+00
7.037890660725095726e-01 2.934871448108521408e-01 2.336128558384605786e-22 2.120699470892960995e-19 2.723789116638395454e-03 0.000000000000000000e+00
7.037890660725095726e-01 2.934871448108521408e-01 2.336128558384605786e-22 2.120699470892960995e-19 2.723789116638395454e-03 0.000000000000000000e+00
7.037890660725095726e-01 2.934871448108521408e-01 2.336128558384605786e-22 2.120699470892960995e-19 2.723789116638395454e-03 0.000000000000000000e+00
7.037890660725095726e-01 2.934871448108521408e-01 2.336128558384605786e-22 2.120699470892960995e-19 2.723789116638395454e-03 0.000000000000000000e+00
7.037890660725095726e-01 2.934871448108521408e-01 2.336128558384605786e-22 2.120699470892960995e-19 2.723789116638395454e-03 0.000000000000000000e+00
7.037890660725095726e-01 2.934871448108521408e-01 2.336128558384605786e-22 2.120699470892960995e-19 2.723789116638395454e-03 0.000000000000000000e+00
7.037890660725095726e-01 2.934871448108521408e-01 2.336128558384605786e-22 2.120699470892960995e-19 2.723789116638395454e-03 0.000000000000000000e+00
7.037890660725095726e-01 2.934871448108521408e-01 2.336128558384605786e-22 2.120699470892960995e-19 2.723789116638395454e-03 0.000000000000000000e+00
7.037890660725095726e-01 2.934871448108521408e-01 2.336128558384605786e-22 2.120699470892960995e-19 2.723789116638395454e-03 0.000000000000000000e+00
7.037890660725095726e-01 2.934871448108521408e-01 2.336128558384605786e-22 2.120699470892960995e-19 2.723789116638395454e-03 0.000000000000000000e+00
7.037890660725095726e-01 2.934871448108521408e-01 2.336128558384605786e-22 2.120699470892960995e-19 2.723789116638395454e-03 0.000000000000000000e+00
7.037890660725095726e-01 2.934871448108521408e-01 2.336128558384605786e-22 2.120699470892960995e-19 2.723789116638395454e-03 0.000000000000000000e+00
7.037890660725095726e-01 2.934871448108521408e-01 2.336128558384605786e-22 2.120699470892960995e-19 2.723789116638395454e-03 0.000000000000000000e+00
7.037890660725095726e-01 2.934871448108521408e-01 2.336128558384605786e-22 2.120699470892960995e-19 2.723789116638395454e-03 0.000000000000000000e+00
7.037890660725095726e-01 2.934871448108521408e-01 2.336128558384605786e-22 2.120699470892960995e-19 2.723789116638395454e-03 0.000000000000000000e+00
7.037890660725095726e-01 2.934871448108521408e-01 2.336128558384605786e-22 2.120699470892960995e-19 2.723789116638395454e-03 0.000000000000000000e+00
7.037890660725095726e-01 2.934871448108521408e-01 2.336128558384605786e-22 2.120699470892960995e-19 2.723789116638395454e-03 0.000000000000000000e+00
7.037890660725095726e-01 2.934871448108521408e-01 2.336128558384605786e-22 2.120699470892960995e-19 2.723789116638395454e-03 0.000000000000000000e+00
7.037890660725095726e-01 2.934871448108521408e-01 2.336128558384605786e-22 2.120699470892960995e-19 2.723789116638395454e-03 0.000000000000000000e+00
7.037890660725095726e-01 2.934871448108521408e-01 2.336128558384605786e-22 2.120699470892960995e-19 2.723789116638395454e-03 0.000000000000000000e+00
7.037890660725095726e-01 2.934871448108521408e-01 2.336128558384605786e-22 2.120699470892960995e-19 2.723789116638395454e-03 0.000000000000000000e+00
7.037890660725095726e-01 2.934871448108521408e-01 2.336128558384605786e-22 2.120699470892960995e-19 2.723789116638395454e-03 0.000000000000000000e+00
7.037890660725095726e-01 2.934871448108521408e-01 2.336128558384605786e-22 2.120699470892960995e-19 2.723789116638395454e-03 0.000000000000000000e+00
7.037890660725095726e-01 2.934871448108521408e-01 2.336128558384605786e-22 2.120699470892960995e-19 2.723789116638395454e-03 0.000000000000000000e+00
7.037890660725095726e-01 2.934871448108521408e-01 2.336128558384605786e-22 2.120699470892960995e-19 2.723789116638395454e-03 0.000000000000000000e+00
7.037890660725095726e-01 2.934871448108521408e-01 2.336128558384605786e-22 2.120699470892960995e-19 2.723789116638395454e-03 0.000000000000000000e+00
7.037890660725095726e-01 2.934871448108521408e-01 2.336128558384605786e-22 2.120699470892960995e-19 2.723789116638395454e-03 0.000000000000000000e+00
7.037890660725095726e-01 2.934871448108521408e-01 2.336128558384605786e-22 2.120699470892960995e-19 2.723789116638395454e-03 0.000000000000000000e+00
7.037890660725095726e-01 2.934871448108521408e-01 2.336128558384605786e-22 2.120699470892960995e-19 2.723789116638395454e-03 0.000000000000000000e+00
7.037890660725095726e-01 2.934871448108521408e-01 2.336128558384605786e-22 2.120699470892960995e-19 2.723789116638395454e-03 0.000000000000000000e+00
7.037890660725095726e-01 2.934871448108521408e-01 2.336128558384605786e-22 2.120699470892960995e-19 2.723789116638395454e-03 0.000000000000000000e+00
7.037890660725095726e-01 2.934871448108521408e-01 2.336128558384605786e-22 2.120699470892960995e-19 2.723789116638395454e-03 0.000000000000000000e+00
7.037890660725095726e-01 2.934871448108521408e-01 2.336128558384605786e-22 2.120699470892960995e-19 2.723789116638395454e-03 0.000000000000000000e+00
7.037890660725095726e-01 2.934871448108521408e-01 2.336128558384605786e-22 2.120699470892960995e-19 2.723789116638395454e-03 0.000000000000000000e+00
7.037890660725095726e-01 2.934871448108521408e-01 2.336128558384605786e-22 2.120699470892960995e-19 2.723789116638395454e-03 0.000000000000000000e+00
7.037890660725095726e-01 2.934871448108521408e-01 2.336128558384605786e-22 2.120699470892960995e-19 2.723789116638395454e-03 0.000000000000000000e+00
7.037890660725095726e-01 2.934871448108521408e-01 2.336128558384605786e-22 2.120699470892960995e-19 2.723789116638395454e-03 0.000000000000000000e+00
7.037890660725095726e-01 2.934871448108521408e-01 2.336128558384605786e-22 2.120699470892960995e-19 2.723789116638395454e-03 0.000000000000000000e+00
7.037890660725095726e-01 2.934871448108521408e-01 2.336128558384605786e-22 2.120699470892960995e-19 2.723789116638395454e-03 0.000000000000000000e+00
7.037890660725095726e-01 2.934871448108521408e-01 2.336128558384605786e-22 2.120699470892960995e-19 2.723789116638395454e-03 0.000000000000000000e+00
7.037890660725095726e-01 2.934871448108521408e-01 2.336128558384605786e-22 2.120699470892960995e-19 2.723789116638395454e-03 0.000000000000000000e+00
7.037890660725095726e-01 2.934871448108521408e-01 2.336128558384605786e-22 2.120699470892960995e-19 2.723789116638395454e-03 0.000000000000000000e+00
7.037890660725095726e-01 2.934871448108521408e-01 2.336128558384605786e-22 2.120699470892960995e-19 2.723789116638395454e-03 0.000000000000000000e+00
7.037890660725095726e-01 2.934871448108521408e-01 2.336128558384605786e-22 2.120699470892960995e-19 2.723789116638395454e-03 0.000000000000000000e+00
7.037890660725095726e-01 2.934871448108521408e-01 2.336128558384605786e-22 2.120699470892960995e-19 2.723789116638395454e-03 0.000000000000000000e+00
7.037890660725095726e-01 2.934871448108521408e-01 2.336128558384605786e-22 2.120699470892960995e-19 2.723789116638395454e-03 0.000000000000000000e+00
7.037890660725095726e-01 2.934871448108521408e-01 2.336128558384605786e-22 2.120699470892960995e-19 2.723789116638395454e-03 0.000000000000000000e+00
7.037890660725095726e-01 2.934871448108521408e-01 2.336128558384605786e-22 2.120699470892960995e-19 2.723789116638395454e-03 0.000000000000000000e+00
7.037890660725095726e-01 2.934871448108521408e-01 2.336128558384605786e-22 2.120699470892960995e-19 2.723789116638395454e-03 0.000000000000000000e+00
7.037890660725095726e-01 2.934871448108521408e-01 2.336128558384605786e-22 2.120699470892960995e-19 2.723789116638395454e-03 0.000000000000000000e+00
7.037890660725095726e-01 2.934871448108521408e-01 2.336128558384605786e-22 2.120699470892960995e-19 2.723789116638395454e-03 0.000000000000000000e+00
7.037890660725095726e-01 2.934871448108521408e-01 2.336128558384605786e-22 2.120699470892960995e-19 2.723789116638395454e-03 0.000000000000000000e+00
7.037890660725095726e-01 2.934871448108521408e-01 2.336128558384605786e-22 2.120699470892960995e-19 2.723789116638395454e-03 0.000000000000000000e+00
7.037890660725095726e-01 2.934871448108521408e-01 2.336128558384605786e-22 2.120699470892960995e-19 2.723789116638395454e-03 0.000000000000000000e+00
7.037890660725095726e-01 2.934871448108521408e-01 2.336128558384605786e-22 2.120699470892960995e-19 2.723789116638395454e-03 0.000000000000000000e+00
7.037890660725095726e-01 2.934871448108521408e-01 2.336128558384605786e-22 2.120699470892960995e-19 2.723789116638395454e-03 0.000000000000000000e+00
7.037890660725095726e-01 2.934871448108521408e-01 2.336128558384605786e-22 2.120699470892960995e-19 2.723789116638395454e-03 0.000000000000000000e+00
7.037890660725095726e-01 2.934871448108521408e-01 2.336128558384605786e-22 2.120699470892960995e-19 2.723789116638395454e-03 0.000000000000000000e+00
7.037890660725095726e-01 2.934871448108521408e-01 2.336128558384605786e-22 2.120699470892960995e-19 2.723789116638395454e-03 0.000000000000000000e+00
7.037890660725095726e-01 2.934871448108521408e-01 2.336128558384605786e-22 2.120699470892960995e-19 2.723789116638395454e-03 0.000000000000000000e+00
7.037890660725095726e-01 2.934871448108521408e-01 2.336128558384605786e-22 2.120699470892960995e-19 2.723789116638395454e-03 0.000000000000000000e+00
7.037890660725095726e-01 2.934871448108521408e-01 2.336128558384605786e-22 2.120699470892960995e-19 2.723789116638395454e-03 0.000000000000000000e+00
7.037890660725095726e-01 2.934871448108521408e-01 2.336128558384605786e-22 2.120699470892960995e-19 2.723789116638395454e-03 0.000000000000000000e+00
7.037890660725095726e-01 2.934871448108521408e-01 2.336128558384605786e-22 2.120699470892960995e-19 2.723789116638395454e-03 0.000000000000000000e+00
7.037890660725095726e-01 2.934871448108521408e-01 2.336128558384605786e-22 2.120699470892960995e-19 2.723789116638395454e-03 0.000000000000000000e+00
7.037890660725095726e-01 2.934871448108521408e-01 2.336128558384605786e-22 2.120699470892960995e-19 2.723789116638395454e-03 0.000000000000000000e+00
7.037890660725095726e-01 2.934871448108521408e-01 2.336128558384605786e-22 2.120699470892960995e-19 2.723789116638395454e-03 0.000000000000000000e+00
7.037890660725095726e-01 2.934871448108521408e-01 2.336128558384605786e-22 2.120699470892960995e-19 2.723789116638395454e-03 0.000000000000000000e+00
7.037890660725095726e-01 2.934871448108521408e-01 2.336128558384605786e-22 2.120699470892960995e-19 2.723789116638395454e-03 0.000000000000000000e+00
7.037890660725095726e-01 2.934871448108521408e-01 2.336128558384605786e-22 2.120699470892960995e-19 2.723789116638395454e-03 0.000000000000000000e+00
7.037890660725095726e-01 2.934871448108521408e-01 2.336128558384605786e-22 2.120699470892960995e-19 2.723789116638395454e-03 0.000000000000000000e+00
7.037890660725095726e-01 2.934871448108521408e-01 2.336128558384605786e-22 2.120699470892960995e-19 2.723789116638395454e-03 0.000000000000000000e+00
7.037890660725095726e-01 2.934871448108521408e-01 2.336128558384605786e-22 2.120699470892960995e-19 2.723789116638395454e-03 0.000000000000000000e+00
7.037890660725095726e-01 2.934871448108521408e-01 2.336128558384605786e-22 2.120699470892960995e-19 2.723789116638395454e-03 0.000000000000000000e+00
7.037890660725095726e-01 2.934871448108521408e-01 2.336128558384605786e-22 2.120699470892960995e-19 2.723789116638395454e-03 0.000000000000000000e+00
7.037890660725095726e-01 2.934871448108521408e-01 2.336128558384605786e-22 2.120699470892960995e-19 2.723789116638395454e-03 0.000000000000000000e+00
7.037890660725095726e-01 2.934871448108521408e-01 2.336128558384605786e-22 2.120699470892960995e-19 2.723789116638395454e-03 0.000000000000000000e+00
7.037890660725095726e-01 2.934871448108521408e-01 2.336128558384605786e-22 2.120699470892960995e-19 2.723789116638395454e-03 0.000000000000000000e+00
7.037890660725095726e-01 2.934871448108521408e-01 2.336128558384605786e-22 2.120699470892960995e-19 2.723789116638395454e-03 0.000000000000000000e+00
7.037890660725095726e-01 2.934871448108521408e-01 2.336128558384605786e-22 2.120699470892960995e-19 2.723789116638395454e-03 0.000000000000000000e+00
7.037890660725095726e-01 2.934871448108521408e-01 2.336128558384605786e-22 2.120699470892960995e-19 2.723789116638395454e-03 0.000000000000000000e+00
7.037890660725095726e-01 2.934871448108521408e-01 2.336128558384605786e-22 2.120699470892960995e-19 2.723789116638395454e-03 0.000000000000000000e+00
7.037890660725095726e-01 2.934871448108521408e-01 2.336128558384605786e-22 2.120699470892960995e-19 2.723789116638395454e-03 0.000000000000000000e+00
7.037890660725095726e-01 2.934871448108521408e-01 2.336128558384605786e-22 2.120699470892960995e-19 2.723789116638395454e-03 0.000000000000000000e+00
7.037890660725095726e-01 2.934871448108521408e-01 2.336128558384605786e-22 2.120699470892960995e-19 2.723789116638395454e-03 0.000000000000000000e+00
7.037890660725095726e-01 2.934871448108521408e-01 2.336128558384605786e-22 2.120699470892960995e-19 2.723789116638395454e-03 0.000000000000000000e+00
7.037890660725095726e-01 2.934871448108521408e-01 2.336128558384605786e-22 2.120699470892960995e-19 2.723789116638395454e-03 0.000000000000000000e+00
7.037890660725095726e-01 2.934871448108521408e-01 2.336128558384605786e-22 2.120699470892960995e-19 2.723789116638395454e-03 0.000000000000000000e+00
7.037890660725095726e-01 2.934871448108521408e-01 2.336128558384605786e-22 2.120699470892960995e-19 2.723789116638395454e-03 0.000000000000000000e+00
7.037890660725095726e-01 2.934871448108521408e-01 2.336128558384605786e-22 2.120699470892960995e-19 2.723789116638395454e-03 0.000000000000000000e+00
7.037890660725095726e-01 2.934871448108521408e-01 2.336128558384605786e-22 2.120699470892960995e-19 2.723789116638395454e-03 0.000000000000000000e+00
7.037890660725095726e-01 2.934871448108521408e-01 2.336128558384605786e-22 2.120699470892960995e-19 2.723789116638395454e-03 0.000000000000000000e+00
7.037890660725095726e-01 2.934871448108521408e-01 2.336128558384605786e-22 2.120699470892960995e-19 2.723789116638395454e-03 0.000000000000000000e+00
7.037890660725095726e-01 2.934871448108521408e-01 2.336128558384605786e-22 2.120699470892960995e-19 2.723789116638395454e-03 0.000000000000000000e+00
7.037890660725095726e-01 2.934871448108521408e-01 2.336128558384605786e-22 2.120699470892960995e-19 2.723789116638395454e-03 0.000000000000000000e+00
7.037890660725095726e-01 2.934871448108521408e-01 2.336128558384605786e-22 2.120699470892960995e-19 2.723789116638395454e-03 0.000000000000000000e+00
7.037890660725095726e-01 2.934871448108521408e-01 2.336128558384605786e-22 2.120699470892960995e-19 2.723789116638395454e-03 0.000000000000000000e+00
7.037890660725095726e-01 2.934871448108521408e-01 2.336128558384605786e-22 2.120699470892960995e-19 2.723789116638395454e-03 0.000000000000000000e+00
7.037890660725095726e-01 2.934871448108521408e-01 2.336128558384605786e-22 2.120699470892960995e-19 2.723789116638395454e-03 0.000000000000000000e+00
7.037890660725095726e-01 2.934871448108521408e-01 2.336128558384605786e-22 2.120699470892960995e-19 2.723789116638395454e-03 0.000000000000000000e+00
7.037890660725095726e-01 2.934871448108521408e-01 2.336128558384605786e-22 2.120699470892960995e-19 2.723789116638395454e-03 0.000000000000000000e+00
7.037890660725095726e-01 2.934871448108521408e-01 2.336128558384605786e-22 2.120699470892960995e-19 2.723789116638395454e-03 0.000000000000000000e+00
7.037890660725095726e-01 2.934871448108521408e-01 2.336128558384605786e-22 2.120699470892960995e-19 2.723789116638395454e-03 0.000000000000000000e+00
7.037890660725095726e-01 2.934871448108521408e-01 2.336128558384605786e-22 2.120699470892960995e-19 2.723789116638395454e-03 0.000000000000000000e+00
7.037890660725095726e-01 2.934871448108521408e-01 2.336128558384605786e-22 2.120699470892960995e-19 2.723789116638395454e-03 0.000000000000000000e+00
7.037890660725095726e-01 2.934871448108521408e-01 2.336128558384605786e-22 2.120699470892960995e-19 2.723789116638395454e-03 0.000000000000000000e+00
7.037890660725095726e-01 2.934871448108521408e-01 2.336128558384605786e-22 2.120699470892960995e-19 2.723789116638395454e-03 0.000000000000000000e+00
7.037890660725095726e-01 2.934871448108521408e-01 2.336128558384605786e-22 2.120699470892960995e-19 2.723789116638395454e-03 0.000000000000000000e+00
7.037890660725095726e-01 2.934871448108521408e-01 2.336128558384605786e-22 2.120699470892960995e-19 2.723789116638395454e-03 0.000000000000000000e+00
7.037890660725095726e-01 2.934871448108521408e-01 2.336128558384605786e-22 2.120699470892960995e-19 2.723789116638395454e-03 0.000000000000000000e+00
7.037890660725095726e-01 2.934871448108521408e-01 2.336128558384605786e-22 2.120699470892960995e-19 2.723789116638395454e-03 0.000000000000000000e+00
7.037890660725095726e-01 2.934871448108521408e-01 2.336128558384605786e-22 2.120699470892960995e-19 2.723789116638395454e-03 0.000000000000000000e+00
7.037890660725095726e-01 2.934871448108521408e-01 2.336128558384605786e-22 2.120699470892960995e-19 2.723789116638395454e-03 0.000000000000000000e+00
7.037890660725095726e-01 2.934871448108521408e-01 2.336128558384605786e-22 2.120699470892960995e-19 2.723789116638395454e-03 0.000000000000000000e+00
7.037890660725095726e-01 2.934871448108521408e-01 2.336128558384605786e-22 2.120699470892960995e-19 2.723789116638395454e-03 0.000000000000000000e+00
7.037890660725095726e-01 2.934871448108521408e-01 2.336128558384605786e-22 2.120699470892960995e-19 2.723789116638395454e-03 0.000000000000000000e+00
7.037890660725095726e-01 2.934871448108521408e-01 2.336128558384605786e-22 2.120699470892960995e-19 2.723789116638395454e-03 0.000000000000000000e+00
7.037890660725095726e-01 2.934871448108521408e-01 2.336128558384605786e-22 2.120699470892960995e-19 2.723789116638395454e-03 0.000000000000000000e+00
7.037890660725095726e-01 2.934871448108521408e-01 2.336128558384605786e-22 2.120699470892960995e-19 2.723789116638395454e-03 0.000000000000000000e+00
7.037890660725095726e-01 2.934871448108521408e-01 2.336128558384605786e-22 2.120699470892960995e-19 2.723789116638395454e-03 0.000000000000000000e+00
7.037890660725095726e-01 2.934871448108521408e-01 2.336128558384605786e-22 2.120699470892960995e-19 2.723789116638395454e-03 0.000000000000000000e+00
7.037890660725095726e-01 2.934871448108521408e-01 2.336128558384605786e-22 2.120699470892960995e-19 2.723789116638395454e-03 0.000000000000000000e+00
7.037890660725095726e-01 2.934871448108521408e-01 2.336128558384605786e-22 2.120699470892960995e-19 2.723789116638395454e-03 0.000000000000000000e+00
7.037890660725095726e-01 2.934871448108521408e-01 2.336128558384605786e-22 2.120699470892960995e-19 2.723789116638395454e-03 0.000000000000000000e+00
7.037890660725095726e-01 2.934871448108521408e-01 2.336128558384605786e-22 2.120699470892960995e-19 2.723789116638395454e-03 0.000000000000000000e+00
7.037890660725095726e-01 2.934871448108521408e-01 2.336128558384605786e-22 2.120699470892960995e-19 2.723789116638395454e-03 0.000000000000000000e+00
7.037890660725095726e-01 2.934871448108521408e-01 2.336128558384605786e-22 2.120699470892960995e-19 2.723789116638395454e-03 0.000000000000000000e+00
7.037890660725095726e-01 2.934871448108521408e-01 2.336128558384605786e-22 2.120699470892960995e-19 2.723789116638395454e-03 0.000000000000000000e+00
7.037890660725095726e-01 2.934871448108521408e-01 2.336128558384605786e-22 2.120699470892960995e-19 2.723789116638395454e-03 0.000000000000000000e+00
7.037890660725095726e-01 2.934871448108521408e-01 2.336128558384605786e-22 2.120699470892960995e-19 2.723789116638395454e-03 0.000000000000000000e+00
7.037890660725095726e-01 2.934871448108521408e-01 2.336128558384605786e-22 2.120699470892960995e-19 2.723789116638395454e-03 0.000000000000000000e+00
7.037890660725095726e-01 2.934871448108521408e-01 2.336128558384605786e-22 2.120699470892960995e-19 2.723789116638395454e-03 0.000000000000000000e+00
7.037890660725095726e-01 2.934871448108521408e-01 2.336128558384605786e-22 2.120699470892960995e-19 2.723789116638395454e-03 0.000000000000000000e+00
7.037890660725095726e-01 2.934871448108521408e-01 2.336128558384605786e-22 2.120699470892960995e-19 2.723789116638395454e-03 0.000000000000000000e+00
7.037890660725095726e-01 2.934871448108521408e-01 2.336128558384605786e-22 2.120699470892960995e-19 2.723789116638395454e-03 0.000000000000000000e+00
7.037890660725095726e-01 2.934871448108521408e-01 2.336128558384605786e-22 2.120699470892960995e-19 2.723789116638395454e-03 0.000000000000000000e+00
7.037890660725095726e-01 2.934871448108521408e-01 2.336128558384605786e-22 2.120699470892960995e-19 2.723789116638395454e-03 0.000000000000000000e+00
7.037890660725095726e-01 2.934871448108521408e-01 2.336128558384605786e-22 2.120699470892960995e-19 2.723789116638395454e-03 0.000000000000000000e+00
7.037890660725095726e-01 2.934871448108521408e-01 2.336128558384605786e-22 2.120699470892960995e-19 2.723789116638395454e-03 0.000000000000000000e+00
7.037890660725095726e-01 2.934871448108521408e-01 2.336128558384605786e-22 2.120699470892960995e-19 2.723789116638395454e-03 0.000000000000000000e+00
7.037890660725095726e-01 2.934871448108521408e-01 2.336128558384605786e-22 2.120699470892960995e-19 2.723789116638395454e-03 0.000000000000000000e+00
7.037890660725095726e-01 2.934871448108521408e-01 2.336128558384605786e-22 2.120699470892960995e-19 2.723789116638395454e-03 0.000000000000000000e+00
7.037890660725095726e-01 2.934871448108521408e-01 2.336128558384605786e-22 2.120699470892960995e-19 2.723789116638395454e-03 0.000000000000000000e+00
7.037890660725095726e-01 2.934871448108521408e-01 2.336128558384605786e-22 2.120699470892960995e-19 2.723789116638395454e-03 0.000000000000000000e+00
7.037890660725095726e-01 2.934871448108521408e-01 2.336128558384605786e-22 2.120699470892960995e-19 2.723789116638395454e-03 0.000000000000000000e+00
7.037890660725095726e-01 2.934871448108521408e-01 2.336128558384605786e-22 2.120699470892960995e-19 2.723789116638395454e-03 0.000000000000000000e+00
7.037890660725095726e-01 2.934871448108521408e-01 2.336128558384605786e-22 2.120699470892960995e-19 2.723789116638395454e-03 0.000000000000000000e+00
7.037890660725095726e-01 2.934871448108521408e-01 2.336128558384605786e-22 2.120699470892960995e-19 2.723789116638395454e-03 0.000000000000000000e+00
7.037890660725095726e-01 2.934871448108521408e-01 2.336128558384605786e-22 2.120699470892960995e-19 2.723789116638395454e-03 0.000000000000000000e+00
7.037890660725095726e-01 2.934871448108521408e-01 2.336128558384605786e-22 2.120699470892960995e-19 2.723789116638395454e-03 0.000000000000000000e+00
7.037890660725095726e-01 2.934871448108521408e-01 2.336128558384605786e-22 2.120699470892960995e-19 2.723789116638395454e-03 0.000000000000000000e+00
7.037890660725095726e-01 2.934871448108521408e-01 2.336128558384605786e-22 2.120699470892960995e-19 2.723789116638395454e-03 0.000000000000000000e+00
7.037890660725095726e-01 2.934871448108521408e-01 2.336128558384605786e-22 2.120699470892960995e-19 2.723789116638395454e-03 0.000000000000000000e+00
7.037890660725095726e-01 2.934871448108521408e-01 2.336128558384605786e-22 2.120699470892960995e-19 2.723789116638395454e-03 0.000000000000000000e+00
7.037890660725095726e-01 2.934871448108521408e-01 2.336128558384605786e-22 2.120699470892960995e-19 2.723789116638395454e-03 0.000000000000000000e+00
7.037890660725095726e-01 2.934871448108521408e-01 2.336128558384605786e-22 2.120699470892960995e-19 2.723789116638395454e-03 0.000000000000000000e+00
7.037890660725095726e-01 2.934871448108521408e-01 2.336128558384605786e-22 2.120699470892960995e-19 2.723789116638395454e-03 0.000000000000000000e+00
7.037890660725095726e-01 2.934871448108521408e-01 2.336128558384605786e-22 2.120699470892960995e-19 2.723789116638395454e-03 0.000000000000000000e+00
7.037890660725095726e-01 2.934871448108521408e-01 2.336128558384605786e-22 2.120699470892960995e-19 2.723789116638395454e-03 0.000000000000000000e+00
7.037890660725095726e-01 2.934871448108521408e-01 2.336128558384605786e-22 2.120699470892960995e-19 2.723789116638395454e-03 0.000000000000000000e+00
7.037890660725095726e-01 2.934871448108521408e-01 2.336128558384605786e-22 2.120699470892960995e-19 2.723789116638395454e-03 0.000000000000000000e+00
7.037890660725095726e-01 2.934871448108521408e-01 2.336128558384605786e-22 2.120699470892960995e-19 2.723789116638395454e-03 0.000000000000000000e+00
7.037890660725095726e-01 2.934871448108521408e-01 2.336128558384605786e-22 2.120699470892960995e-19 2.723789116638395454e-03 0.000000000000000000e+00
7.037890660725095726e-01 2.934871448108521408e-01 2.336128558384605786e-22 2.120699470892960995e-19 2.723789116638395454e-03 0.000000000000000000e+00
7.037890660725095726e-01 2.934871448108521408e-01 2.336128558384605786e-22 2.120699470892960995e-19 2.723789116638395454e-03 0.000000000000000000e+00
7.037890660725095726e-01 2.934871448108521408e-01 2.336128558384605786e-22 2.120699470892960995e-19 2.723789116638395454e-03 0.000000000000000000e+00
7.037890660725095726e-01 2.934871448108521408e-01 2.336128558384605786e-22 2.120699470892960995e-19 2.723789116638395454e-03 0.000000000000000000e+00
7.037890660725095726e-01 2.934871448108521408e-01 2.336128558384605786e-22 2.120699470892960995e-19 2.723789116638395454e-03 0.000000000000000000e+00
7.037890660725095726e-01 2.934871448108521408e-01 2.336128558384605786e-22 2.120699470892960995e-19 2.723789116638395454e-03 0.000000000000000000e+00
7.037890660725095726e-01 2.934871448108521408e-01 2.336128558384605786e-22 2.120699470892960995e-19 2.723789116638395454e-03 0.000000000000000000e+00
7.037890660725095726e-01 2.934871448108521408e-01 2.336128558384605786e-22 2.120699470892960995e-19 2.723789116638395454e-03 0.000000000000000000e+00
7.037890660725095726e-01 2.934871448108521408e-01 2.336128558384605786e-22 2.120699470892960995e-19 2.723789116638395454e-03 0.000000000000000000e+00
7.037890660725095726e-01 2.934871448108521408e-01 2.336128558384605786e-22 2.120699470892960995e-19 2.723789116638395454e-03 0.000000000000000000e+00
7.037890660725095726e-01 2.934871448108521408e-01 2.336128558384605786e-22 2.120699470892960995e-19 2.723789116638395454e-03 0.000000000000000000e+00
7.037890660725095726e-01 2.934871448108521408e-01 2.336128558384605786e-22 2.120699470892960995e-19 2.723789116638395454e-03 0.000000000000000000e+00
7.037890660725095726e-01 2.934871448108521408e-01 2.336128558384605786e-22 2.120699470892960995e-19 2.723789116638395454e-03 0.000000000000000000e+00
7.037890660725095726e-01 2.934871448108521408e-01 2.336128558384605786e-22 2.120699470892960995e-19 2.723789116638395454e-03 0.000000000000000000e+00
7.037890660725095726e-01 2.934871448108521408e-01 2.336128558384605786e-22 2.120699470892960995e-19 2.723789116638395454e-03 0.000000000000000000e+00
7.037890660725095726e-01 2.934871448108521408e-01 2.336128558384605786e-22 2.120699470892960995e-19 2.723789116638395454e-03 0.000000000000000000e+00
7.037890660725095726e-01 2.934871448108521408e-01 2.336128558384605786e-22 2.120699470892960995e-19 2.723789116638395454e-03 0.000000000000000000e+00
7.037890660725095726e-01 2.934871448108521408e-01 2.336128558384605786e-22 2.120699470892960995e-19 2.723789116638395454e-03 0.000000000000000000e+00
7.037890660725095726e-01 2.934871448108521408e-01 2.336128558384605786e-22 2.120699470892960995e-19 2.723789116638395454e-03 0.000000000000000000e+00
7.037890660725095726e-01 2.934871448108521408e-01 2.336128558384605786e-22 2.120699470892960995e-19 2.723789116638395454e-03 0.000000000000000000e+00
7.037890660725095726e-01 2.934871448108521408e-01 2.336128558384605786e-22 2.120699470892960995e-19 2.723789116638395454e-03 0.000000000000000000e+00
7.037890660725095726e-01 2.934871448108521408e-01 2.336128558384605786e-22 2.120699470892960995e-19 2.723789116638395454e-03 0.000000000000000000e+00
7.037890660725095726e-01 2.934871448108521408e-01 2.336128558384605786e-22 2.120699470892960995e-19 2.723789116638395454e-03 0.000000000000000000e+00
7.037890660725095726e-01 2.934871448108521408e-01 2.336128558384605786e-22 2.120699470892960995e-19 2.723789116638395454e-03 0.000000000000000000e+00
7.037890660725095726e-01 2.934871448108521408e-01 2.336128558384605786e-22 2.120699470892960995e-19 2.723789116638395454e-03 0.000000000000000000e+00
7.037890660725095726e-01 2.934871448108521408e-01 2.336128558384605786e-22 2.120699470892960995e-19 2.723789116638395454e-03 0.000000000000000000e+00
7.037890660725095726e-01 2.934871448108521408e-01 2.336128558384605786e-22 2.120699470892960995e-19 2.723789116638395454e-03 0.000000000000000000e+00
7.037890660725095726e-01 2.934871448108521408e-01 2.336128558384605786e-22 2.120699470892960995e-19 2.723789116638395454e-03 0.000000000000000000e+00
7.037890660725095726e-01 2.934871448108521408e-01 2.336128558384605786e-22 2.120699470892960995e-19 2.723789116638395454e-03 0.000000000000000000e+00
7.037890660725095726e-01 2.934871448108521408e-01 2.336128558384605786e-22 2.120699470892960995e-19 2.723789116638395454e-03 0.000000000000000000e+00
7.037890660725095726e-01 2.934871448108521408e-01 2.336128558384605786e-22 2.120699470892960995e-19 2.723789116638395454e-03 0.000000000000000000e+00
7.037890660725095726e-01 2.934871448108521408e-01 2.336128558384605786e-22 2.120699470892960995e-19 2.723789116638395454e-03 0.000000000000000000e+00
7.037890660725095726e-01 2.934871448108521408e-01 2.336128558384605786e-22 2.120699470892960995e-19 2.723789116638395454e-03 0.000000000000000000e+00
7.037890660725095726e-01 2.934871448108521408e-01 2.336128558384605786e-22 2.120699470892960995e-19 2.723789116638395454e-03 0.000000000000000000e+00
7.037890660725095726e-01 2.934871448108521408e-01 2.336128558384605786e-22 2.120699470892960995e-19 2.723789116638395454e-03 0.000000000000000000e+00
7.037890660725095726e-01 2.934871448108521408e-01 2.336128558384605786e-22 2.120699470892960995e-19 2.723789116638395454e-03 0.000000000000000000e+00
7.037890660725095726e-01 2.934871448108521408e-01 2.336128558384605786e-22 2.120699470892960995e-19 2.723789116638395454e-03 0.000000000000000000e+00
7.037890660725095726e-01 2.934871448108521408e-01 2.336128558384605786e-22 2.120699470892960995e-19 2.723789116638395454e-03 0.000000000000000000e+00
7.037890660725095726e-01 2.934871448108521408e-01 2.336128558384605786e-22 2.120699470892960995e-19 2.723789116638395454e-03 0.000000000000000000e+00
7.037890660725095726e-01 2.934871448108521408e-01 2.336128558384605786e-22 2.120699470892960995e-19 2.723789116638395454e-03 0.000000000000000000e+00
7.037890660725095726e-01 2.934871448108521408e-01 2.336128558384605786e-22 2.120699470892960995e-19 2.723789116638395454e-03 0.000000000000000000e+00
7.037890660725095726e-01 2.934871448108521408e-01 2.336128558384605786e-22 2.120699470892960995e-19 2.723789116638395454e-03 0.000000000000000000e+00
7.037890660725095726e-01 2.934871448108521408e-01 2.336128558384605786e-22 2.120699470892960995e-19 2.723789116638395454e-03 0.000000000000000000e+00
7.037890660725095726e-01 2.934871448108521408e-01 2.336128558384605786e-22 2.120699470892960995e-19 2.723789116638395454e-03 0.000000000000000000e+00
7.037890660725095726e-01 2.934871448108521408e-01 2.336128558384605786e-22 2.120699470892960995e-19 2.723789116638395454e-03 0.000000000000000000e+00
7.037890660725095726e-01 2.934871448108521408e-01 2.336128558384605786e-22 2.120699470892960995e-19 2.723789116638395454e-03 0.000000000000000000e+00
7.037890660725095726e-01 2.934871448108521408e-01 2.336128558384605786e-22 2.120699470892960995e-19 2.723789116638395454e-03 0.000000000000000000e+00
7.037890660725095726e-01 2.934871448108521408e-01 2.336128558384605786e-22 2.120699470892960995e-19 2.723789116638395454e-03 0.000000000000000000e+00
7.037890660725095726e-01 2.934871448108521408e-01 2.336128558384605786e-22 2.120699470892960995e-19 2.723789116638395454e-03 0.000000000000000000e+00
7.037890660725095726e-01 2.934871448108521408e-01 2.336128558384605786e-22 2.120699470892960995e-19 2.723789116638395454e-03 0.000000000000000000e+00
7.037890660725095726e-01 2.934871448108521408e-01 2.336128558384605786e-22 2.120699470892960995e-19 2.723789116638395454e-03 0.000000000000000000e+00
7.037890660725095726e-01 2.934871448108521408e-01 2.336128558384605786e-22 2.120699470892960995e-19 2.723789116638395454e-03 0.000000000000000000e+00
7.037890660725095726e-01 2.934871448108521408e-01 2.336128558384605786e-22 2.120699470892960995e-19 2.723789116638395454e-03 0.000000000000000000e+00
7.037890660725095726e-01 2.934871448108521408e-01 2.336128558384605786e-22 2.120699470892960995e-19 2.723789116638395454e-03 0.000000000000000000e+00
7.037890660725095726e-01 2.934871448108521408e-01 2.336128558384605786e-22 2.120699470892960995e-19 2.723789116638395454e-03 0.000000000000000000e+00
7.037890660725095726e-01 2.934871448108521408e-01 2.336128558384605786e-22 2.120699470892960995e-19 2.723789116638395454e-03 0.000000000000000000e+00
7.037890660725095726e-01 2.934871448108521408e-01 2.336128558384605786e-22 2.120699470892960995e-19 2.723789116638395454e-03 0.000000000000000000e+00
7.037890660725095726e-01 2.934871448108521408e-01 2.336128558384605786e-22 2.120699470892960995e-19 2.723789116638395454e-03 0.000000000000000000e+00
7.037890660725095726e-01 2.934871448108521408e-01 2.336128558384605786e-22 2.120699470892960995e-19 2.723789116638395454e-03 0.000000000000000000e+00
7.037890660725095726e-01 2.934871448108521408e-01 2.336128558384605786e-22 2.120699470892960995e-19 2.723789116638395454e-03 0.000000000000000000e+00
7.037890660725095726e-01 2.934871448108521408e-01 2.336128558384605786e-22 2.120699470892960995e-19 2.723789116638395454e-03 0.000000000000000000e+00
7.037890660725095726e-01 2.934871448108521408e-01 2.336128558384605786e-22 2.120699470892960995e-19 2.723789116638395454e-03 0.000000000000000000e+00
7.037890660725095726e-01 2.934871448108521408e-01 2.336128558384605786e-22 2.120699470892960995e-19 2.723789116638395454e-03 0.000000000000000000e+00
7.037890660725095726e-01 2.934871448108521408e-01 2.336128558384605786e-22 2.120699470892960995e-19 2.723789116638395454e-03 0.000000000000000000e+00
7.037890660725095726e-01 2.934871448108521408e-01 2.336128558384605786e-22 2.120699470892960995e-19 2.723789116638395454e-03 0.000000000000000000e+00
7.037890660725095726e-01 2.934871448108521408e-01 2.336128558384605786e-22 2.120699470892960995e-19 2.723789116638395454e-03 0.000000000000000000e+00
7.037890660725095726e-01 2.934871448108521408e-01 2.336128558384605786e-22 2.120699470892960995e-19 2.723789116638395454e-03 0.000000000000000000e+00
7.037890660725095726e-01 2.934871448108521408e-01 2.336128558384605786e-22 2.120699470892960995e-19 2.723789116638395454e-03 0.000000000000000000e+00
7.037890660725095726e-01 2.934871448108521408e-01 2.336128558384605786e-22 2.120699470892960995e-19 2.723789116638395454e-03 0.000000000000000000e+00
7.037890660725095726e-01 2.934871448108521408e-01 2.336128558384605786e-22 2.120699470892960995e-19 2.723789116638395454e-03 0.000000000000000000e+00
7.037890660725095726e-01 2.934871448108521408e-01 2.336128558384605786e-22 2.120699470892960995e-19 2.723789116638395454e-03 0.000000000000000000e+00
7.037890660725095726e-01 2.934871448108521408e-01 2.336128558384605786e-22 2.120699470892960995e-19 2.723789116638395454e-03 0.000000000000000000e+00
7.037890660725095726e-01 2.934871448108521408e-01 2.336128558384605786e-22 2.120699470892960995e-19 2.723789116638395454e-03 0.000000000000000000e+00
7.037890660725095726e-01 2.934871448108521408e-01 2.336128558384605786e-22 2.120699470892960995e-19 2.723789116638395454e-03 0.000000000000000000e+00
7.037890660725095726e-01 2.934871448108521408e-01 2.336128558384605786e-22 2.120699470892960995e-19 2.723789116638395454e-03 0.000000000000000000e+00
7.037890660725095726e-01 2.934871448108521408e-01 2.336128558384605786e-22 2.120699470892960995e-19 2.723789116638395454e-03 0.000000000000000000e+00
7.037890660725095726e-01 2.934871448108521408e-01 2.336128558384605786e-22 2.120699470892960995e-19 2.723789116638395454e-03 0.000000000000000000e+00
7.037890660725095726e-01 2.934871448108521408e-01 2.336128558384605786e-22 2.120699470892960995e-19 2.723789116638395454e-03 0.000000000000000000e+00
7.037890660725095726e-01 2.934871448108521408e-01 2.336128558384605786e-22 2.120699470892960995e-19 2.723789116638395454e-03 0.000000000000000000e+00
7.037890660725095726e-01 2.934871448108521408e-01 2.336128558384605786e-22 2.120699470892960995e-19 2.723789116638395454e-03 0.000000000000000000e+00
7.037890660725095726e-01 2.934871448108521408e-01 2.336128558384605786e-22 2.120699470892960995e-19 2.723789116638395454e-03 0.000000000000000000e+00
7.037890660725095726e-01 2.934871448108521408e-01 2.336128558384605786e-22 2.120699470892960995e-19 2.723789116638395454e-03 0.000000000000000000e+00
7.037890660725095726e-01 2.934871448108521408e-01 2.336128558384605786e-22 2.120699470892960995e-19 2.723789116638395454e-03 0.000000000000000000e+00
7.037890660725095726e-01 2.934871448108521408e-01 2.336128558384605786e-22 2.120699470892960995e-19 2.723789116638395454e-03 0.000000000000000000e+00
7.037890660725095726e-01 2.934871448108521408e-01 2.336128558384605786e-22 2.120699470892960995e-19 2.723789116638395454e-03 0.000000000000000000e+00
7.037890660725095726e-01 2.934871448108521408e-01 2.336128558384605786e-22 2.120699470892960995e-19 2.723789116638395454e-03 0.000000000000000000e+00
7.037890660725095726e-01 2.934871448108521408e-01 2.336128558384605786e-22 2.120699470892960995e-19 2.723789116638395454e-03 0.000000000000000000e+00
7.037890660725095726e-01 2.934871448108521408e-01 2.336128558384605786e-22 2.120699470892960995e-19 2.723789116638395454e-03 0.000000000000000000e+00
7.037890660725095726e-01 2.934871448108521408e-01 2.336128558384605786e-22 2.120699470892960995e-19 2.723789116638395454e-03 0.000000000000000000e+00
7.037890660725095726e-01 2.934871448108521408e-01 2.336128558384605786e-22 2.120699470892960995e-19 2.723789116638395454e-03 0.000000000000000000e+00
7.037890660725095726e-01 2.934871448108521408e-01 2.336128558384605786e-22 2.120699470892960995e-19 2.723789116638395454e-03 0.000000000000000000e+00
7.037890660725095726e-01 2.934871448108521408e-01 2.336128558384605786e-22 2.120699470892960995e-19 2.723789116638395454e-03 0.000000000000000000e+00
7.037890660725095726e-01 2.934871448108521408e-01 2.336128558384605786e-22 2.120699470892960995e-19 2.723789116638395454e-03 0.000000000000000000e+00
7.037890660725095726e-01 2.934871448108521408e-01 2.336128558384605786e-22 2.120699470892960995e-19 2.723789116638395454e-03 0.000000000000000000e+00
7.037890660725095726e-01 2.934871448108521408e-01 2.336128558384605786e-22 2.120699470892960995e-19 2.723789116638395454e-03 0.000000000000000000e+00
7.037890660725095726e-01 2.934871448108521408e-01 2.336128558384605786e-22 2.120699470892960995e-19 2.723789116638395454e-03 0.000000000000000000e+00
7.037890660725095726e-01 2.934871448108521408e-01 2.336128558384605786e-22 2.120699470892960995e-19 2.723789116638395454e-03 0.000000000000000000e+00
7.037890660725095726e-01 2.934871448108521408e-01 2.336128558384605786e-22 2.120699470892960995e-19 2.723789116638395454e-03 0.000000000000000000e+00
7.037890660725095726e-01 2.934871448108521408e-01 2.336128558384605786e-22 2.120699470892960995e-19 2.723789116638395454e-03 0.000000000000000000e+00
7.037890660725095726e-01 2.934871448108521408e-01 2.336128558384605786e-22 2.120699470892960995e-19 2.723789116638395454e-03 0.000000000000000000e+00
7.037890660725095726e-01 2.934871448108521408e-01 2.336128558384605786e-22 2.120699470892960995e-19 2.723789116638395454e-03 0.000000000000000000e+00
7.037890660725095726e-01 2.934871448108521408e-01 2.336128558384605786e-22 2.120699470892960995e-19 2.723789116638395454e-03 0.000000000000000000e+00
7.037890660725095726e-01 2.934871448108521408e-01 2.336128558384605786e-22 2.120699470892960995e-19 2.723789116638395454e-03 0.000000000000000000e+00
7.037890660725095726e-01 2.934871448108521408e-01 2.336128558384605786e-22 2.120699470892960995e-19 2.723789116638395454e-03 0.000000000000000000e+00
7.037890660725095726e-01 2.934871448108521408e-01 2.336128558384605786e-22 2.120699470892960995e-19 2.723789116638395454e-03 0.000000000000000000e+00
7.037890660725095726e-01 2.934871448108521408e-01 2.336128558384605786e-22 2.120699470892960995e-19 2.723789116638395454e-03 0.000000000000000000e+00
7.037890660725095726e-01 2.934871448108521408e-01 2.336128558384605786e-22 2.120699470892960995e-19 2.723789116638395454e-03 0.000000000000000000e+00
7.037890660725095726e-01 2.934871448108521408e-01 2.336128558384605786e-22 2.120699470892960995e-19 2.723789116638395454e-03 0.000000000000000000e+00
7.037890660725095726e-01 2.934871448108521408e-01 2.336128558384605786e-22 2.120699470892960995e-19 2.723789116638395454e-03 0.000000000000000000e+00
7.037890660725095726e-01 2.934871448108521408e-01 2.336128558384605786e-22 2.120699470892960995e-19 2.723789116638395454e-03 0.000000000000000000e+00
7.037890660725095726e-01 2.934871448108521408e-01 2.336128558384605786e-22 2.120699470892960995e-19 2.723789116638395454e-03 0.000000000000000000e+00
7.037890660725095726e-01 2.934871448108521408e-01 2.336128558384605786e-22 2.120699470892960995e-19 2.723789116638395454e-03 0.000000000000000000e+00
7.037890660725095726e-01 2.934871448108521408e-01 2.336128558384605786e-22 2.120699470892960995e-19 2.723789116638395454e-03 0.000000000000000000e+00
7.037890660725095726e-01 2.934871448108521408e-01 2.336128558384605786e-22 2.120699470892960995e-19 2.723789116638395454e-03 0.000000000000000000e+00
7.037890660725095726e-01 2.934871448108521408e-01 2.336128558384605786e-22 2.120699470892960995e-19 2.723789116638395454e-03 0.000000000000000000e+00
7.037890660725095726e-01 2.934871448108521408e-01 2.336128558384605786e-22 2.120699470892960995e-19 2.723789116638395454e-03 0.000000000000000000e+00
7.037890660725095726e-01 2.934871448108521408e-01 2.336128558384605786e-22 2.120699470892960995e-19 2.723789116638395454e-03 0.000000000000000000e+00
7.037890660725095726e-01 2.934871448108521408e-01 2.336128558384605786e-22 2.120699470892960995e-19 2.723789116638395454e-03 0.000000000000000000e+00
7.037890660725095726e-01 2.934871448108521408e-01 2.336128558384605786e-22 2.120699470892960995e-19 2.723789116638395454e-03 0.000000000000000000e+00
7.037890660725095726e-01 2.934871448108521408e-01 2.336128558384605786e-22 2.120699470892960995e-19 2.723789116638395454e-03 0.000000000000000000e+00
7.037890660725095726e-01 2.934871448108521408e-01 2.336128558384605786e-22 2.120699470892960995e-19 2.723789116638395454e-03 0.000000000000000000e+00
7.037890660725095726e-01 2.934871448108521408e-01 2.336128558384605786e-22 2.120699470892960995e-19 2.723789116638395454e-03 0.000000000000000000e+00
7.037890660725095726e-01 2.934871448108521408e-01 2.336128558384605786e-22 2.120699470892960995e-19 2.723789116638395454e-03 0.000000000000000000e+00
7.037890660725095726e-01 2.934871448108521408e-01 2.336128558384605786e-22 2.120699470892960995e-19 2.723789116638395454e-03 0.000000000000000000e+00
7.037890660725095726e-01 2.934871448108521408e-01 2.336128558384605786e-22 2.120699470892960995e-19 2.723789116638395454e-03 0.000000000000000000e+00
7.037890660725095726e-01 2.934871448108521408e-01 2.336128558384605786e-22 2.120699470892960995e-19 2.723789116638395454e-03 0.000000000000000000e+00
7.037890660725095726e-01 2.934871448108521408e-01 2.336128558384605786e-22 2.120699470892960995e-19 2.723789116638395454e-03 0.000000000000000000e+00
7.037890660725095726e-01 2.934871448108521408e-01 2.336128558384605786e-22 2.120699470892960995e-19 2.723789116638395454e-03 0.000000000000000000e+00
7.037890660725095726e-01 2.934871448108521408e-01 2.336128558384605786e-22 2.120699470892960995e-19 2.723789116638395454e-03 0.000000000000000000e+00
7.037890660725095726e-01 2.934871448108521408e-01 2.336128558384605786e-22 2.120699470892960995e-19 2.723789116638395454e-03 0.000000000000000000e+00
7.037890660725095726e-01 2.934871448108521408e-01 2.336128558384605786e-22 2.120699470892960995e-19 2.723789116638395454e-03 0.000000000000000000e+00
7.037890660725095726e-01 2.934871448108521408e-01 2.336128558384605786e-22 2.120699470892960995e-19 2.723789116638395454e-03 0.000000000000000000e+00
7.037890660725095726e-01 2.934871448108521408e-01 2.336128558384605786e-22 2.120699470892960995e-19 2.723789116638395454e-03 0.000000000000000000e+00
7.037890660725095726e-01 2.934871448108521408e-01 2.336128558384605786e-22 2.120699470892960995e-19 2.723789116638395454e-03 0.000000000000000000e+00
7.037890660725095726e-01 2.934871448108521408e-01 2.336128558384605786e-22 2.120699470892960995e-19 2.723789116638395454e-03 0.000000000000000000e+00
7.037890660725095726e-01 2.934871448108521408e-01 2.336128558384605786e-22 2.120699470892960995e-19 2.723789116638395454e-03 0.000000000000000000e+00
7.037890660725095726e-01 2.934871448108521408e-01 2.336128558384605786e-22 2.120699470892960995e-19 2.723789116638395454e-03 0.000000000000000000e+00
7.037890660725095726e-01 2.934871448108521408e-01 2.336128558384605786e-22 2.120699470892960995e-19 2.723789116638395454e-03 0.000000000000000000e+00
7.037890660725095726e-01 2.934871448108521408e-01 2.336128558384605786e-22 2.120699470892960995e-19 2.723789116638395454e-03 0.000000000000000000e+00
7.037890660725095726e-01 2.934871448108521408e-01 2.336128558384605786e-22 2.120699470892960995e-19 2.723789116638395454e-03 0.000000000000000000e+00
7.037890660725095726e-01 2.934871448108521408e-01 2.336128558384605786e-22 2.120699470892960995e-19 2.723789116638395454e-03 0.000000000000000000e+00
7.037890660725095726e-01 2.934871448108521408e-01 2.336128558384605786e-22 2.120699470892960995e-19 2.723789116638395454e-03 0.000000000000000000e+00
7.037890660725095726e-01 2.934871448108521408e-01 2.336128558384605786e-22 2.120699470892960995e-19 2.723789116638395454e-03 0.000000000000000000e+00
7.037890660725095726e-01 2.934871448108521408e-01 2.336128558384605786e-22 2.120699470892960995e-19 2.723789116638395454e-03 0.000000000000000000e+00
7.037890660725095726e-01 2.934871448108521408e-01 2.336128558384605786e-22 2.120699470892960995e-19 2.723789116638395454e-03 0.000000000000000000e+00
7.037890660725095726e-01 2.934871448108521408e-01 2.336128558384605786e-22 2.120699470892960995e-19 2.723789116638395454e-03 0.000000000000000000e+00
7.037890660725095726e-01 2.934871448108521408e-01 2.336128558384605786e-22 2.120699470892960995e-19 2.723789116638395454e-03 0.000000000000000000e+00
7.037890660725095726e-01 2.934871448108521408e-01 2.336128558384605786e-22 2.120699470892960995e-19 2.723789116638395454e-03 0.000000000000000000e+00
7.037890660725095726e-01 2.934871448108521408e-01 2.336128558384605786e-22 2.120699470892960995e-19 2.723789116638395454e-03 0.000000000000000000e+00
7.037890660725095726e-01 2.934871448108521408e-01 2.336128558384605786e-22 2.120699470892960995e-19 2.723789116638395454e-03 0.000000000000000000e+00
7.037890660725095726e-01 2.934871448108521408e-01 2.336128558384605786e-22 2.120699470892960995e-19 2.723789116638395454e-03 0.000000000000000000e+00
7.037890660725095726e-01 2.934871448108521408e-01 2.336128558384605786e-22 2.120699470892960995e-19 2.723789116638395454e-03 0.000000000000000000e+00
7.037890660725095726e-01 2.934871448108521408e-01 2.336128558384605786e-22 2.120699470892960995e-19 2.723789116638395454e-03 0.000000000000000000e+00
7.037890660725095726e-01 2.934871448108521408e-01 2.336128558384605786e-22 2.120699470892960995e-19 2.723789116638395454e-03 0.000000000000000000e+00
7.037890660725095726e-01 2.934871448108521408e-01 2.336128558384605786e-22 2.120699470892960995e-19 2.723789116638395454e-03 0.000000000000000000e+00
7.037890660725095726e-01 2.934871448108521408e-01 2.336128558384605786e-22 2.120699470892960995e-19 2.723789116638395454e-03 0.000000000000000000e+00
7.037890660725095726e-01 2.934871448108521408e-01 2.336128558384605786e-22 2.120699470892960995e-19 2.723789116638395454e-03 0.000000000000000000e+00
7.037890660725095726e-01 2.934871448108521408e-01 2.336128558384605786e-22 2.120699470892960995e-19 2.723789116638395454e-03 0.000000000000000000e+00
7.037890660725095726e-01 2.934871448108521408e-01 2.336128558384605786e-22 2.120699470892960995e-19 2.723789116638395454e-03 0.000000000000000000e+00
7.037890660725095726e-01 2.934871448108521408e-01 2.336128558384605786e-22 2.120699470892960995e-19 2.723789116638395454e-03 0.000000000000000000e+00
7.037890660725095726e-01 2.934871448108521408e-01 2.336128558384605786e-22 2.120699470892960995e-19 2.723789116638395454e-03 0.000000000000000000e+00
7.037890660725095726e-01 2.934871448108521408e-01 2.336128558384605786e-22 2.120699470892960995e-19 2.723789116638395454e-03 0.000000000000000000e+00
7.037890660725095726e-01 2.934871448108521408e-01 2.336128558384605786e-22 2.120699470892960995e-19 2.723789116638395454e-03 0.000000000000000000e+00
7.037890660725095726e-01 2.934871448108521408e-01 2.336128558384605786e-22 2.120699470892960995e-19 2.723789116638395454e-03 0.000000000000000000e+00
7.037890660725095726e-01 2.934871448108521408e-01 2.336128558384605786e-22 2.120699470892960995e-19 2.723789116638395454e-03 0.000000000000000000e+00
7.037890660725095726e-01 2.934871448108521408e-01 2.336128558384605786e-22 2.120699470892960995e-19 2.723789116638395454e-03 0.000000000000000000e+00
7.037890660725095726e-01 2.934871448108521408e-01 2.336128558384605786e-22 2.120699470892960995e-19 2.723789116638395454e-03 0.000000000000000000e+00
7.037890660725095726e-01 2.934871448108521408e-01 2.336128558384605786e-22 2.120699470892960995e-19 2.723789116638395454e-03 0.000000000000000000e+00
7.037890660725095726e-01 2.934871448108521408e-01 2.336128558384605786e-22 2.120699470892960995e-19 2.723789116638395454e-03 0.000000000000000000e+00
7.037890660725095726e-01 2.934871448108521408e-01 2.336128558384605786e-22 2.120699470892960995e-19 2.723789116638395454e-03 0.000000000000000000e+00
7.037890660725095726e-01 2.934871448108521408e-01 2.336128558384605786e-22 2.120699470892960995e-19 2.723789116638395454e-03 0.000000000000000000e+00
7.037890660725095726e-01 2.934871448108521408e-01 2.336128558384605786e-22 2.120699470892960995e-19 2.723789116638395454e-03 0.000000000000000000e+00
7.037890660725095726e-01 2.934871448108521408e-01 2.336128558384605786e-22 2.120699470892960995e-19 2.723789116638395454e-03 0.000000000000000000e+00
7.037890660725095726e-01 2.934871448108521408e-01 2.336128558384605786e-22 2.120699470892960995e-19 2.723789116638395454e-03 0.000000000000000000e+00
7.037890660725095726e-01 2.934871448108521408e-01 2.336128558384605786e-22 2.120699470892960995e-19 2.723789116638395454e-03 0.000000000000000000e+00
7.037890660725095726e-01 2.934871448108521408e-01 2.336128558384605786e-22 2.120699470892960995e-19 2.723789116638395454e-03 0.000000000000000000e+00
7.037890660725095726e-01 2.934871448108521408e-01 2.336128558384605786e-22 2.120699470892960995e-19 2.723789116638395454e-03 0.000000000000000000e+00
7.037890660725095726e-01 2.934871448108521408e-01 2.336128558384605786e-22 2.120699470892960995e-19 2.723789116638395454e-03 0.000000000000000000e+00
7.037890660725095726e-01 2.934871448108521408e-01 2.336128558384605786e-22 2.120699470892960995e-19 2.723789116638395454e-03 0.000000000000000000e+00
7.037890660725095726e-01 2.934871448108521408e-01 2.336128558384605786e-22 2.120699470892960995e-19 2.723789116638395454e-03 0.000000000000000000e+00
7.037890660725095726e-01 2.934871448108521408e-01 2.336128558384605786e-22 2.120699470892960995e-19 2.723789116638395454e-03 0.000000000000000000e+00
7.037890660725095726e-01 2.934871448108521408e-01 2.336128558384605786e-22 2.120699470892960995e-19 2.723789116638395454e-03 0.000000000000000000e+00
7.037890660725095726e-01 2.934871448108521408e-01 2.336128558384605786e-22 2.120699470892960995e-19 2.723789116638395454e-03 0.000000000000000000e+00
7.037890660725095726e-01 2.934871448108521408e-01 2.336128558384605786e-22 2.120699470892960995e-19 2.723789116638395454e-03 0.000000000000000000e+00
7.037890660725095726e-01 2.934871448108521408e-01 2.336128558384605786e-22 2.120699470892960995e-19 2.723789116638395454e-03 0.000000000000000000e+00
7.037890660725095726e-01 2.934871448108521408e-01 2.336128558384605786e-22 2.120699470892960995e-19 2.723789116638395454e-03 0.000000000000000000e+00
7.037890660725095726e-01 2.934871448108521408e-01 2.336128558384605786e-22 2.120699470892960995e-19 2.723789116638395454e-03 0.000000000000000000e+00
7.037890660725095726e-01 2.934871448108521408e-01 2.336128558384605786e-22 2.120699470892960995e-19 2.723789116638395454e-03 0.000000000000000000e+00
7.037890660725095726e-01 2.934871448108521408e-01 2.336128558384605786e-22 2.120699470892960995e-19 2.723789116638395454e-03 0.000000000000000000e+00
7.037890660725095726e-01 2.934871448108521408e-01 2.336128558384605786e-22 2.120699470892960995e-19 2.723789116638395454e-03 0.000000000000000000e+00
7.037890660725095726e-01 2.934871448108521408e-01 2.336128558384605786e-22 2.120699470892960995e-19 2.723789116638395454e-03 0.000000000000000000e+00
7.037890660725095726e-01 2.934871448108521408e-01 2.336128558384605786e-22 2.120699470892960995e-19 2.723789116638395454e-03 0.000000000000000000e+00
7.037890660725095726e-01 2.934871448108521408e-01 2.336128558384605786e-22 2.120699470892960995e-19 2.723789116638395454e-03 0.000000000000000000e+00
7.037890660725095726e-01 2.934871448108521408e-01 2.336128558384605786e-22 2.120699470892960995e-19 2.723789116638395454e-03 0.000000000000000000e+00
7.037890660725095726e-01 2.934871448108521408e-01 2.336128558384605786e-22 2.120699470892960995e-19 2.723789116638395454e-03 0.000000000000000000e+00
7.037890660725095726e-01 2.934871448108521408e-01 2.336128558384605786e-22 2.120699470892960995e-19 2.723789116638395454e-03 0.000000000000000000e+00
7.037890660725095726e-01 2.934871448108521408e-01 2.336128558384605786e-22 2.120699470892960995e-19 2.723789116638395454e-03 0.000000000000000000e+00
7.037890660725095726e-01 2.934871448108521408e-01 2.336128558384605786e-22 2.120699470892960995e-19 2.723789116638395454e-03 0.000000000000000000e+00
7.037890660725095726e-01 2.934871448108521408e-01 2.336128558384605786e-22 2.120699470892960995e-19 2.723789116638395454e-03 0.000000000000000000e+00
7.037890660725095726e-01 2.934871448108521408e-01 2.336128558384605786e-22 2.120699470892960995e-19 2.723789116638395454e-03 0.000000000000000000e+00
7.037890660725095726e-01 2.934871448108521408e-01 2.336128558384605786e-22 2.120699470892960995e-19 2.723789116638395454e-03 0.000000000000000000e+00
7.037890660725095726e-01 2.934871448108521408e-01 2.336128558384605786e-22 2.120699470892960995e-19 2.723789116638395454e-03 0.000000000000000000e+00
7.037890660725095726e-01 2.934871448108521408e-01 2.336128558384605786e-22 2.120699470892960995e-19 2.723789116638395454e-03 0.000000000000000000e+00
7.037890660725095726e-01 2.934871448108521408e-01 2.336128558384605786e-22 2.120699470892960995e-19 2.723789116638395454e-03 0.000000000000000000e+00
7.037890660725095726e-01 2.934871448108521408e-01 2.336128558384605786e-22 2.120699470892960995e-19 2.723789116638395454e-03 0.000000000000000000e+00
7.037890660725095726e-01 2.934871448108521408e-01 2.336128558384605786e-22 2.120699470892960995e-19 2.723789116638395454e-03 0.000000000000000000e+00
7.037890660725095726e-01 2.934871448108521408e-01 2.336128558384605786e-22 2.120699470892960995e-19 2.723789116638395454e-03 0.000000000000000000e+00
7.037890660725095726e-01 2.934871448108521408e-01 2.336128558384605786e-22 2.120699470892960995e-19 2.723789116638395454e-03 0.000000000000000000e+00
7.037890660725095726e-01 2.934871448108521408e-01 2.336128558384605786e-22 2.120699470892960995e-19 2.723789116638395454e-03 0.000000000000000000e+00
7.037890660725095726e-01 2.934871448108521408e-01 2.336128558384605786e-22 2.120699470892960995e-19 2.723789116638395454e-03 0.000000000000000000e+00
7.037890660725095726e-01 2.934871448108521408e-01 2.336128558384605786e-22 2.120699470892960995e-19 2.723789116638395454e-03 0.000000000000000000e+00
7.037890660725095726e-01 2.934871448108521408e-01 2.336128558384605786e-22 2.120699470892960995e-19 2.723789116638395454e-03 0.000000000000000000e+00
7.037890660725095726e-01 2.934871448108521408e-01 2.336128558384605786e-22 2.120699470892960995e-19 2.723789116638395454e-03 0.000000000000000000e+00
7.037890660725095726e-01 2.934871448108521408e-01 2.336128558384605786e-22 2.120699470892960995e-19 2.723789116638395454e-03 0.000000000000000000e+00
7.037890660725095726e-01 2.934871448108521408e-01 2.336128558384605786e-22 2.120699470892960995e-19 2.723789116638395454e-03 0.000000000000000000e+00
7.037890660725095726e-01 2.934871448108521408e-01 2.336128558384605786e-22 2.120699470892960995e-19 2.723789116638395454e-03 0.000000000000000000e+00
7.037890660725095726e-01 2.934871448108521408e-01 2.336128558384605786e-22 2.120699470892960995e-19 2.723789116638395454e-03 0.000000000000000000e+00
7.037890660725095726e-01 2.934871448108521408e-01 2.336128558384605786e-22 2.120699470892960995e-19 2.723789116638395454e-03 0.000000000000000000e+00
7.037890660725095726e-01 2.934871448108521408e-01 2.336128558384605786e-22 2.120699470892960995e-19 2.723789116638395454e-03 0.000000000000000000e+00
7.037890660725095726e-01 2.934871448108521408e-01 2.336128558384605786e-22 2.120699470892960995e-19 2.723789116638395454e-03 0.000000000000000000e+00
7.037890660725095726e-01 2.934871448108521408e-01 2.336128558384605786e-22 2.120699470892960995e-19 2.723789116638395454e-03 0.000000000000000000e+00
7.037890660725095726e-01 2.934871448108521408e-01 2.336128558384605786e-22 2.120699470892960995e-19 2.723789116638395454e-03 0.000000000000000000e+00
7.037890660725095726e-01 2.934871448108521408e-01 2.336128558384605786e-22 2.120699470892960995e-19 2.723789116638395454e-03 0.000000000000000000e+00
7.037890660725095726e-01 2.934871448108521408e-01 2.336128558384605786e-22 2.120699470892960995e-19 2.723789116638395454e-03 0.000000000000000000e+00
7.037890660725095726e-01 2.934871448108521408e-01 2.336128558384605786e-22 2.120699470892960995e-19 2.723789116638395454e-03 0.000000000000000000e+00
7.037890660725095726e-01 2.934871448108521408e-01 2.336128558384605786e-22 2.120699470892960995e-19 2.723789116638395454e-03 0.000000000000000000e+00
7.037890660725095726e-01 2.934871448108521408e-01 2.336128558384605786e-22 2.120699470892960995e-19 2.723789116638395454e-03 0.000000000000000000e+00
7.037890660725095726e-01 2.934871448108521408e-01 2.336128558384605786e-22 2.120699470892960995e-19 2.723789116638395454e-03 0.000000000000000000e+00
7.037890660725095726e-01 2.934871448108521408e-01 2.336128558384605786e-22 2.120699470892960995e-19 2.723789116638395454e-03 0.000000000000000000e+00
7.037890660725095726e-01 2.934871448108521408e-01 2.336128558384605786e-22 2.120699470892960995e-19 2.723789116638395454e-03 0.000000000000000000e+00
7.037890660725095726e-01 2.934871448108521408e-01 2.336128558384605786e-22 2.120699470892960995e-19 2.723789116638395454e-03 0.000000000000000000e+00
7.037890660725095726e-01 2.934871448108521408e-01 2.336128558384605786e-22 2.120699470892960995e-19 2.723789116638395454e-03 0.000000000000000000e+00
7.037890660725095726e-01 2.934871448108521408e-01 2.336128558384605786e-22 2.120699470892960995e-19 2.723789116638395454e-03 0.000000000000000000e+00
7.037890660725095726e-01 2.934871448108521408e-01 2.336128558384605786e-22 2.120699470892960995e-19 2.723789116638395454e-03 0.000000000000000000e+00
7.037890660725095726e-01 2.934871448108521408e-01 2.336128558384605786e-22 2.120699470892960995e-19 2.723789116638395454e-03 0.000000000000000000e+00
7.037890660725095726e-01 2.934871448108521408e-01 2.336128558384605786e-22 2.120699470892960995e-19 2.723789116638395454e-03 0.000000000000000000e+00
7.037890660725095726e-01 2.934871448108521408e-01 2.336128558384605786e-22 2.120699470892960995e-19 2.723789116638395454e-03 0.000000000000000000e+00
7.037890660725095726e-01 2.934871448108521408e-01 2.336128558384605786e-22 2.120699470892960995e-19 2.723789116638395454e-03 0.000000000000000000e+00
7.037890660725095726e-01 2.934871448108521408e-01 2.336128558384605786e-22 2.120699470892960995e-19 2.723789116638395454e-03 0.000000000000000000e+00
7.037890660725095726e-01 2.934871448108521408e-01 2.336128558384605786e-22 2.120699470892960995e-19 2.723789116638395454e-03 0.000000000000000000e+00
7.037890660725095726e-01 2.934871448108521408e-01 2.336128558384605786e-22 2.120699470892960995e-19 2.723789116638395454e-03 0.000000000000000000e+00
7.037890660725095726e-01 2.934871448108521408e-01 2.336128558384605786e-22 2.120699470892960995e-19 2.723789116638395454e-03 0.000000000000000000e+00
7.037890660725095726e-01 2.934871448108521408e-01 2.336128558384605786e-22 2.120699470892960995e-19 2.723789116638395454e-03 0.000000000000000000e+00
7.037890660725095726e-01 2.934871448108521408e-01 2.336128558384605786e-22 2.120699470892960995e-19 2.723789116638395454e-03 0.000000000000000000e+00
7.037890660725095726e-01 2.934871448108521408e-01 2.336128558384605786e-22 2.120699470892960995e-19 2.723789116638395454e-03 0.000000000000000000e+00
7.037890660725095726e-01 2.934871448108521408e-01 2.336128558384605786e-22 2.120699470892960995e-19 2.723789116638395454e-03 0.000000000000000000e+00
7.037890660725095726e-01 2.934871448108521408e-01 2.336128558384605786e-22 2.120699470892960995e-19 2.723789116638395454e-03 0.000000000000000000e+00
7.037890660725095726e-01 2.934871448108521408e-01 2.336128558384605786e-22 2.120699470892960995e-19 2.723789116638395454e-03 0.000000000000000000e+00
7.037890660725095726e-01 2.934871448108521408e-01 2.336128558384605786e-22 2.120699470892960995e-19 2.723789116638395454e-03 0.000000000000000000e+00
7.037890660725095726e-01 2.934871448108521408e-01 2.336128558384605786e-22 2.120699470892960995e-19 2.723789116638395454e-03 0.000000000000000000e+00
7.037890660725095726e-01 2.934871448108521408e-01 2.336128558384605786e-22 2.120699470892960995e-19 2.723789116638395454e-03 0.000000000000000000e+00
7.037890660725095726e-01 2.934871448108521408e-01 2.336128558384605786e-22 2.120699470892960995e-19 2.723789116638395454e-03 0.000000000000000000e+00
7.037890660725095726e-01 2.934871448108521408e-01 2.336128558384605786e-22 2.120699470892960995e-19 2.723789116638395454e-03 0.000000000000000000e+00
7.037890660725095726e-01 2.934871448108521408e-01 2.336128558384605786e-22 2.120699470892960995e-19 2.723789116638395454e-03 0.000000000000000000e+00
