7.650367109739347748e-01 2.329357984388120972e-01 1.510420319409378637e-13 1.096066219513343748e-12 2.027490586005954547e-03 0.000000000000000000e+00
7.650367115538546647e-01 2.329357981251901910e-01 9.886475016787791623e-14 7.834003679571504978e-13 2.027490320068733084e-03 0.000000000000000000e+00
7.650367115538547758e-01 2.329357981251901910e-01 6.257797765192793157e-14 5.451843188952055126e-13 2.027490320344035868e-03 0.000000000000000000e+00
7.650367115538546647e-01 2.329357981251901077e-01 3.932728733441803345e-14 3.772172305875733276e-13 2.027490320537095846e-03 0.000000000000000000e+00
7.650367115538547758e-01 2.329357981251901910e-01 2.453491047360218034e-14 2.594586993905219690e-13 2.027490320670789249e-03 0.000000000000000000e+00
7.650367115538547758e-01 2.329357981251901910e-01 1.518736940648059629e-14 1.773385994434656534e-13 2.027490320761510950e-03 0.000000000000000000e+00
7.650367115538546647e-01 2.329357981251901910e-01 9.332361392866375597e-15 1.204927166766932303e-13 2.027490320824603277e-03 0.000000000000000000e+00
7.650367115538546647e-01 2.329357981251901910e-01 5.692488022224505606e-15 8.138289250269733249e-14 2.027490320868124019e-03 0.000000000000000000e+00
7.650367115538547758e-01 2.329357981251901910e-01 3.443357359392818187e-15 5.459724600451663197e-14 2.027490320896776013e-03 0.000000000000000000e+00
7.650367115538546647e-01 2.329357981251901910e-01 2.067206074518957586e-15 3.640476696768712279e-14 2.027490320916500686e-03 0.000000000000000000e+00
7.650367115538546647e-01 2.329357981251901910e-01 1.231411007996977284e-15 2.412189153482344041e-14 2.027490320929798209e-03 0.000000000000000000e+00
7.650367115538547758e-01 2.329357981251901910e-01 7.272948452934630077e-16 1.587316740873323336e-14 2.027490320938476597e-03 0.000000000000000000e+00
7.650367115538547758e-01 2.329357981251901910e-01 4.262903949310452725e-16 1.038096348271960658e-14 2.027490320944389402e-03 0.000000000000000000e+00
7.650367115538546647e-01 2.329357981251901910e-01 2.476632799204106560e-16 6.740741500280498113e-15 2.027490320948171099e-03 0.000000000000000000e+00
7.650367115538547758e-01 2.329357981251901910e-01 1.427387715104234237e-16 4.348777066615087953e-15 2.027490320950708566e-03 0.000000000000000000e+00
7.650367115538546647e-01 2.329357981251901910e-01 8.154879601297169955e-17 2.785799619307377064e-15 2.027490320952330099e-03 0.000000000000000000e+00
7.650367115538546647e-01 2.329357981251901077e-01 4.619822845378424221e-17 1.772418979172990276e-15 2.027490320953393484e-03 0.000000000000000000e+00
7.650367115538546647e-01 2.329357981251901077e-01 2.593992046918196407e-17 1.119586301937918255e-15 2.027490320954069159e-03 0.000000000000000000e+00
7.650367115538546647e-01 2.329357981251901910e-01 1.444056909206820714e-17 7.023184724562521608e-16 2.027490320954504575e-03 0.000000000000000000e+00
7.650367115538547758e-01 2.329357981251901910e-01 7.964734725626652492e-18 4.372726892446855157e-16 2.027490320954776493e-03 0.000000000000000000e+00
7.650367115538547758e-01 2.329357981251901910e-01 4.356085926657182838e-18 2.704013294494316130e-16 2.027490320954950399e-03 0.000000000000000000e+00
7.650367115538547758e-01 2.329357981251901910e-01 2.358680448091515982e-18 1.658611780751236846e-16 2.027490320955056217e-03 0.000000000000000000e+00
7.650367115538546647e-01 2.329357981251901077e-01 1.266339103919587346e-18 1.010402374524038112e-16 2.027490320955122570e-03 0.000000000000000000e+00
7.650367115538546647e-01 2.329357981251901910e-01 6.731489866386407454e-19 6.105897107486174923e-17 2.027490320955164203e-03 0.000000000000000000e+00
7.650367115538546647e-01 2.329357981251901910e-01 3.544672795554390576e-19 3.661767228200642167e-17 2.027490320955188923e-03 0.000000000000000000e+00
7.650367115538546647e-01 2.329357981251901910e-01 1.849876837144986965e-19 2.180108303495040315e-17 2.027490320955205403e-03 0.000000000000000000e+00
7.650367115538547758e-01 2.329357981251901910e-01 9.549084166570856090e-20 1.286541638169254225e-17 2.027490320955213643e-03 0.000000000000000000e+00
7.650367115538546647e-01 2.329357981251901077e-01 4.882895962598376551e-20 7.534412217517155715e-18 2.027490320955217980e-03 0.000000000000000000e+00
7.650367115538546647e-01 2.329357981251901910e-01 2.473224227476142079e-20 4.378577036451486347e-18 2.027490320955221883e-03 0.000000000000000000e+00
7.650367115538546647e-01 2.329357981251901910e-01 1.238833945112141708e-20 2.521753367919639202e-18 2.027490320955224051e-03 0.000000000000000000e+00
7.650367115538547758e-01 2.329357981251901910e-01 6.142342027869918016e-21 1.440416126295298130e-18 2.027490320955226220e-03 0.000000000000000000e+00
7.650367115538546647e-01 2.329357981251901910e-01 3.015092744925806988e-21 8.161109395789355350e-19 2.027490320955226220e-03 0.000000000000000000e+00
7.650367115538547758e-01 2.329357981251901910e-01 1.464892198969384564e-21 4.585631235011016915e-19 2.027490320955226220e-03 0.000000000000000000e+00
7.650367115538546647e-01 2.329357981251901910e-01 7.032543550216632468e-22 2.551769112593688278e-19 2.027490320955226220e-03 0.000000000000000000e+00
7.650367115538547758e-01 2.329357981251901910e-01 3.340690897067888785e-22 1.407906525119413048e-19 2.027490320955226220e-03 0.000000000000000000e+00
7.650367115538547758e-01 2.329357981251901910e-01 1.569988465843437666e-22 7.700711505647422139e-20 2.027490320955226220e-03 0.000000000000000000e+00
7.650367115538546647e-01 2.329357981251901910e-01 7.298106321820698689e-23 4.174892220127966857e-20 2.027490320955226220e-03 0.000000000000000000e+00
7.650367115538547758e-01 2.329357981251901910e-01 3.354724063705988148e-23 2.242947949801992661e-20 2.027490320955226220e-03 0.000000000000000000e+00
7.650367115538546647e-01 2.329357981251901910e-01 1.522766179528653431e-23 1.192790410871847514e-20 2.027490320955226220e-03 0.000000000000000000e+00
7.650367115538546647e-01 2.329357981251901077e-01 6.833321322818603126e-24 6.284613513833179610e-21 2.027490320955226220e-03 0.000000000000000000e+00
7.650367115538547758e-01 2.329357981251901910e-01 3.030896622126981146e-24 3.280169582510492738e-21 2.027490320955226220e-03 0.000000000000000000e+00
7.650367115538546647e-01 2.329357981251901910e-01 1.328522079371200005e-24 1.695705739679461949e-21 2.027490320955226220e-03 0.000000000000000000e+00
7.650367115538547758e-01 2.329357981251901910e-01 5.753629083116396113e-25 8.681080963805443142e-22 2.027490320955226220e-03 0.000000000000000000e+00
7.650367115538546647e-01 2.329357981251901910e-01 2.461539972828680453e-25 4.400463816432231855e-22 2.027490320955226220e-03 0.000000000000000000e+00
7.650367115538546647e-01 2.329357981251901910e-01 1.040111669597412055e-25 2.208290977014609981e-22 2.027490320955226220e-03 0.000000000000000000e+00
7.650367115538547758e-01 2.329357981251901910e-01 4.339820445316005446e-26 1.096919494555836978e-22 2.027490320955226220e-03 0.000000000000000000e+00
7.650367115538547758e-01 2.329357981251901910e-01 1.787284858661762738e-26 5.391380569388929964e-23 2.027490320955226220e-03 0.000000000000000000e+00
7.650367115538547758e-01 2.329357981251901910e-01 7.263395119498190433e-27 2.621473738788031417e-23 2.027490320955226220e-03 0.000000000000000000e+00
7.650367115538546647e-01 2.329357981251901077e-01 2.912201882830477703e-27 1.260781689027824905e-23 2.027490320955226220e-03 0.000000000000000000e+00
7.650367115538547758e-01 2.329357981251901910e-01 1.164577604431077011e-27 6.050212494542856657e-24 2.027490320955226220e-03 0.000000000000000000e+00
7.650367115538547758e-01 2.329357981251901910e-01 1.164577604431077011e-27 6.050212494542856657e-24 2.027490320955226220e-03 0.000000000000000000e+00
7.650367115538547758e-01 2.329357981251901910e-01 1.164577604431077011e-27 6.050212494542856657e-24 2.027490320955226220e-03 0.000000000000000000e+00
7.650367115538547758e-01 2.329357981251901910e-01 1.164577604431077011e-27 6.050212494542856657e-24 2.027490320955226220e-03 0.000000000000000000e+00
7.650367115538547758e-01 2.329357981251901910e-01 1.164577604431077011e-27 6.050212494542856657e-24 2.027490320955226220e-03 0.000000000000000000e+00
7.650367115538547758e-01 2.329357981251901910e-01 1.164577604431077011e-27 6.050212494542856657e-24 2.027490320955226220e-03 0.000000000000000000e+00
7.650367115538547758e-01 2.329357981251901910e-01 1.164577604431077011e-27 6.050212494542856657e-24 2.027490320955226220e-03 0.000000000000000000e+00
7.650367115538547758e-01 2.329357981251901910e-01 1.164577604431077011e-27 6.050212494542856657e-24 2.027490320955226220e-03 0.000000000000000000e+00
7.650367115538547758e-01 2.329357981251901910e-01 1.164577604431077011e-27 6.050212494542856657e-24 2.027490320955226220e-03 0.000000000000000000e+00
7.650367115538547758e-01 2.329357981251901910e-01 1.164577604431077011e-27 6.050212494542856657e-24 2.027490320955226220e-03 0.000000000000000000e+00
7.650367115538547758e-01 2.329357981251901910e-01 1.164577604431077011e-27 6.050212494542856657e-24 2.027490320955226220e-03 0.000000000000000000e+00
7.650367115538547758e-01 2.329357981251901910e-01 1.164577604431077011e-27 6.050212494542856657e-24 2.027490320955226220e-03 0.000000000000000000e+00
7.650367115538547758e-01 2.329357981251901910e-01 1.164577604431077011e-27 6.050212494542856657e-24 2.027490320955226220e-03 0.000000000000000000e+00
7.650367115538547758e-01 2.329357981251901910e-01 1.164577604431077011e-27 6.050212494542856657e-24 2.027490320955226220e-03 0.000000000000000000e+00
7.650367115538547758e-01 2.329357981251901910e-01 1.164577604431077011e-27 6.050212494542856657e-24 2.027490320955226220e-03 0.000000000000000000e+00
7.650367115538547758e-01 2.329357981251901910e-01 1.164577604431077011e-27 6.050212494542856657e-24 2.027490320955226220e-03 0.000000000000000000e+00
7.650367115538547758e-01 2.329357981251901910e-01 1.164577604431077011e-27 6.050212494542856657e-24 2.027490320955226220e-03 0.000000000000000000e+00
7.650367115538547758e-01 2.329357981251901910e-01 1.164577604431077011e-27 6.050212494542856657e-24 2.027490320955226220e-03 0.000000000000000000e+00
7.650367115538547758e-01 2.329357981251901910e-01 1.164577604431077011e-27 6.050212494542856657e-24 2.027490320955226220e-03 0.000000000000000000e+00
7.650367115538547758e-01 2.329357981251901910e-01 1.164577604431077011e-27 6.050212494542856657e-24 2.027490320955226220e-03 0.000000000000000000e+00
7.650367115538547758e-01 2.329357981251901910e-01 1.164577604431077011e-27 6.050212494542856657e-24 2.027490320955226220e-03 0.000000000000000000e+00
7.650367115538547758e-01 2.329357981251901910e-01 1.164577604431077011e-27 6.050212494542856657e-24 2.027490320955226220e-03 0.000000000000000000e+00
7.650367115538547758e-01 2.329357981251901910e-01 1.164577604431077011e-27 6.050212494542856657e-24 2.027490320955226220e-03 0.000000000000000000e+00
7.650367115538547758e-01 2.329357981251901910e-01 1.164577604431077011e-27 6.050212494542856657e-24 2.027490320955226220e-03 0.000000000000000000e+00
7.650367115538547758e-01 2.329357981251901910e-01 1.164577604431077011e-27 6.050212494542856657e-24 2.027490320955226220e-03 0.000000000000000000e+00
7.650367115538547758e-01 2.329357981251901910e-01 1.164577604431077011e-27 6.050212494542856657e-24 2.027490320955226220e-03 0.000000000000000000e+00
7.650367115538547758e-01 2.329357981251901910e-01 1.164577604431077011e-27 6.050212494542856657e-24 2.027490320955226220e-03 0.000000000000000000e+00
7.650367115538547758e-01 2.329357981251901910e-01 1.164577604431077011e-27 6.050212494542856657e-24 2.027490320955226220e-03 0.000000000000000000e+00
7.650367115538547758e-01 2.329357981251901910e-01 1.164577604431077011e-27 6.050212494542856657e-24 2.027490320955226220e-03 0.000000000000000000e+00
7.650367115538547758e-01 2.329357981251901910e-01 1.164577604431077011e-27 6.050212494542856657e-24 2.027490320955226220e-03 0.000000000000000000e+00
7.650367115538547758e-01 2.329357981251901910e-01 1.164577604431077011e-27 6.050212494542856657e-24 2.027490320955226220e-03 0.000000000000000000e+00
7.650367115538547758e-01 2.329357981251901910e-01 1.164577604431077011e-27 6.050212494542856657e-24 2.027490320955226220e-03 0.000000000000000000e+00
7.650367115538547758e-01 2.329357981251901910e-01 1.164577604431077011e-27 6.050212494542856657e-24 2.027490320955226220e-03 0.000000000000000000e+00
7.650367115538547758e-01 2.329357981251901910e-01 1.164577604431077011e-27 6.050212494542856657e-24 2.027490320955226220e-03 0.000000000000000000e+00
7.650367115538547758e-01 2.329357981251901910e-01 1.164577604431077011e-27 6.050212494542856657e-24 2.027490320955226220e-03 0.000000000000000000e+00
7.650367115538547758e-01 2.329357981251901910e-01 1.164577604431077011e-27 6.050212494542856657e-24 2.027490320955226220e-03 0.000000000000000000e+00
7.650367115538547758e-01 2.329357981251901910e-01 1.164577604431077011e-27 6.050212494542856657e-24 2.027490320955226220e-03 0.000000000000000000e+00
7.650367115538547758e-01 2.329357981251901910e-01 1.164577604431077011e-27 6.050212494542856657e-24 2.027490320955226220e-03 0.000000000000000000e+00
7.650367115538547758e-01 2.329357981251901910e-01 1.164577604431077011e-27 6.050212494542856657e-24 2.027490320955226220e-03 0.000000000000000000e+00
7.650367115538547758e-01 2.329357981251901910e-01 1.164577604431077011e-27 6.050212494542856657e-24 2.027490320955226220e-03 0.000000000000000000e+00
7.650367115538547758e-01 2.329357981251901910e-01 1.164577604431077011e-27 6.050212494542856657e-24 2.027490320955226220e-03 0.000000000000000000e+00
7.650367115538547758e-01 2.329357981251901910e-01 1.164577604431077011e-27 6.050212494542856657e-24 2.027490320955226220e-03 0.000000000000000000e+00
7.650367115538547758e-01 2.329357981251901910e-01 1.164577604431077011e-27 6.050212494542856657e-24 2.027490320955226220e-03 0.000000000000000000e+00
7.650367115538547758e-01 2.329357981251901910e-01 1.164577604431077011e-27 6.050212494542856657e-24 2.027490320955226220e-03 0.000000000000000000e+00
7.650367115538547758e-01 2.329357981251901910e-01 1.164577604431077011e-27 6.050212494542856657e-24 2.027490320955226220e-03 0.000000000000000000e+00
7.650367115538547758e-01 2.329357981251901910e-01 1.164577604431077011e-27 6.050212494542856657e-24 2.027490320955226220e-03 0.000000000000000000e+00
7.650367115538547758e-01 2.329357981251901910e-01 1.164577604431077011e-27 6.050212494542856657e-24 2.027490320955226220e-03 0.000000000000000000e+00
7.650367115538547758e-01 2.329357981251901910e-01 1.164577604431077011e-27 6.050212494542856657e-24 2.027490320955226220e-03 0.000000000000000000e+00
7.650367115538547758e-01 2.329357981251901910e-01 1.164577604431077011e-27 6.050212494542856657e-24 2.027490320955226220e-03 0.000000000000000000e+00
7.650367115538547758e-01 2.329357981251901910e-01 1.164577604431077011e-27 6.050212494542856657e-24 2.027490320955226220e-03 0.000000000000000000e+00
7.650367115538547758e-01 2.329357981251901910e-01 1.164577604431077011e-27 6.050212494542856657e-24 2.027490320955226220e-03 0.000000000000000000e+00
7.650367115538547758e-01 2.329357981251901910e-01 1.164577604431077011e-27 6.050212494542856657e-24 2.027490320955226220e-03 0.000000000000000000e+00
7.650367115538547758e-01 2.329357981251901910e-01 1.164577604431077011e-27 6.050212494542856657e-24 2.027490320955226220e-03 0.000000000000000000e+00
7.650367115538547758e-01 2.329357981251901910e-01 1.164577604431077011e-27 6.050212494542856657e-24 2.027490320955226220e-03 0.000000000000000000e+00
7.650367115538547758e-01 2.329357981251901910e-01 1.164577604431077011e-27 6.050212494542856657e-24 2.027490320955226220e-03 0.000000000000000000e+00
7.650367115538547758e-01 2.329357981251901910e-01 1.164577604431077011e-27 6.050212494542856657e-24 2.027490320955226220e-03 0.000000000000000000e+00
7.650367115538547758e-01 2.329357981251901910e-01 1.164577604431077011e-27 6.050212494542856657e-24 2.027490320955226220e-03 0.000000000000000000e+00
7.650367115538547758e-01 2.329357981251901910e-01 1.164577604431077011e-27 6.050212494542856657e-24 2.027490320955226220e-03 0.000000000000000000e+00
7.650367115538547758e-01 2.329357981251901910e-01 1.164577604431077011e-27 6.050212494542856657e-24 2.027490320955226220e-03 0.000000000000000000e+00
7.650367115538547758e-01 2.329357981251901910e-01 1.164577604431077011e-27 6.050212494542856657e-24 2.027490320955226220e-03 0.000000000000000000e+00
7.650367115538547758e-01 2.329357981251901910e-01 1.164577604431077011e-27 6.050212494542856657e-24 2.027490320955226220e-03 0.000000000000000000e+00
7.650367115538547758e-01 2.329357981251901910e-01 1.164577604431077011e-27 6.050212494542856657e-24 2.027490320955226220e-03 0.000000000000000000e+00
7.650367115538547758e-01 2.329357981251901910e-01 1.164577604431077011e-27 6.050212494542856657e-24 2.027490320955226220e-03 0.000000000000000000e+00
7.650367115538547758e-01 2.329357981251901910e-01 1.164577604431077011e-27 6.050212494542856657e-24 2.027490320955226220e-03 0.000000000000000000e+00
7.650367115538547758e-01 2.329357981251901910e-01 1.164577604431077011e-27 6.050212494542856657e-24 2.027490320955226220e-03 0.000000000000000000e+00
7.650367115538547758e-01 2.329357981251901910e-01 1.164577604431077011e-27 6.050212494542856657e-24 2.027490320955226220e-03 0.000000000000000000e+00
7.650367115538547758e-01 2.329357981251901910e-01 1.164577604431077011e-27 6.050212494542856657e-24 2.027490320955226220e-03 0.000000000000000000e+00
7.650367115538547758e-01 2.329357981251901910e-01 1.164577604431077011e-27 6.050212494542856657e-24 2.027490320955226220e-03 0.000000000000000000e+00
7.650367115538547758e-01 2.329357981251901910e-01 1.164577604431077011e-27 6.050212494542856657e-24 2.027490320955226220e-03 0.000000000000000000e+00
7.650367115538547758e-01 2.329357981251901910e-01 1.164577604431077011e-27 6.050212494542856657e-24 2.027490320955226220e-03 0.000000000000000000e+00
7.650367115538547758e-01 2.329357981251901910e-01 1.164577604431077011e-27 6.050212494542856657e-24 2.027490320955226220e-03 0.000000000000000000e+00
7.650367115538547758e-01 2.329357981251901910e-01 1.164577604431077011e-27 6.050212494542856657e-24 2.027490320955226220e-03 0.000000000000000000e+00
7.650367115538547758e-01 2.329357981251901910e-01 1.164577604431077011e-27 6.050212494542856657e-24 2.027490320955226220e-03 0.000000000000000000e+00
7.650367115538547758e-01 2.329357981251901910e-01 1.164577604431077011e-27 6.050212494542856657e-24 2.027490320955226220e-03 0.000000000000000000e+00
7.650367115538547758e-01 2.329357981251901910e-01 1.164577604431077011e-27 6.050212494542856657e-24 2.027490320955226220e-03 0.000000000000000000e+00
7.650367115538547758e-01 2.329357981251901910e-01 1.164577604431077011e-27 6.050212494542856657e-24 2.027490320955226220e-03 0.000000000000000000e+00
7.650367115538547758e-01 2.329357981251901910e-01 1.164577604431077011e-27 6.050212494542856657e-24 2.027490320955226220e-03 0.000000000000000000e+00
7.650367115538547758e-01 2.329357981251901910e-01 1.164577604431077011e-27 6.050212494542856657e-24 2.027490320955226220e-03 0.000000000000000000e+00
7.650367115538547758e-01 2.329357981251901910e-01 1.164577604431077011e-27 6.050212494542856657e-24 2.027490320955226220e-03 0.000000000000000000e+00
7.650367115538547758e-01 2.329357981251901910e-01 1.164577604431077011e-27 6.050212494542856657e-24 2.027490320955226220e-03 0.000000000000000000e+00
7.650367115538547758e-01 2.329357981251901910e-01 1.164577604431077011e-27 6.050212494542856657e-24 2.027490320955226220e-03 0.000000000000000000e+00
7.650367115538547758e-01 2.329357981251901910e-01 1.164577604431077011e-27 6.050212494542856657e-24 2.027490320955226220e-03 0.000000000000000000e+00
7.650367115538547758e-01 2.329357981251901910e-01 1.164577604431077011e-27 6.050212494542856657e-24 2.027490320955226220e-03 0.000000000000000000e+00
7.650367115538547758e-01 2.329357981251901910e-01 1.164577604431077011e-27 6.050212494542856657e-24 2.027490320955226220e-03 0.000000000000000000e+00
7.650367115538547758e-01 2.329357981251901910e-01 1.164577604431077011e-27 6.050212494542856657e-24 2.027490320955226220e-03 0.000000000000000000e+00
7.650367115538547758e-01 2.329357981251901910e-01 1.164577604431077011e-27 6.050212494542856657e-24 2.027490320955226220e-03 0.000000000000000000e+00
7.650367115538547758e-01 2.329357981251901910e-01 1.164577604431077011e-27 6.050212494542856657e-24 2.027490320955226220e-03 0.000000000000000000e+00
7.650367115538547758e-01 2.329357981251901910e-01 1.164577604431077011e-27 6.050212494542856657e-24 2.027490320955226220e-03 0.000000000000000000e+00
7.650367115538547758e-01 2.329357981251901910e-01 1.164577604431077011e-27 6.050212494542856657e-24 2.027490320955226220e-03 0.000000000000000000e+00
7.650367115538547758e-01 2.329357981251901910e-01 1.164577604431077011e-27 6.050212494542856657e-24 2.027490320955226220e-03 0.000000000000000000e+00
7.650367115538547758e-01 2.329357981251901910e-01 1.164577604431077011e-27 6.050212494542856657e-24 2.027490320955226220e-03 0.000000000000000000e+00
7.650367115538547758e-01 2.329357981251901910e-01 1.164577604431077011e-27 6.050212494542856657e-24 2.027490320955226220e-03 0.000000000000000000e+00
7.650367115538547758e-01 2.329357981251901910e-01 1.164577604431077011e-27 6.050212494542856657e-24 2.027490320955226220e-03 0.000000000000000000e+00
7.650367115538547758e-01 2.329357981251901910e-01 1.164577604431077011e-27 6.050212494542856657e-24 2.027490320955226220e-03 0.000000000000000000e+00
7.650367115538547758e-01 2.329357981251901910e-01 1.164577604431077011e-27 6.050212494542856657e-24 2.027490320955226220e-03 0.000000000000000000e+00
7.650367115538547758e-01 2.329357981251901910e-01 1.164577604431077011e-27 6.050212494542856657e-24 2.027490320955226220e-03 0.000000000000000000e+00
7.650367115538547758e-01 2.329357981251901910e-01 1.164577604431077011e-27 6.050212494542856657e-24 2.027490320955226220e-03 0.000000000000000000e+00
7.650367115538547758e-01 2.329357981251901910e-01 1.164577604431077011e-27 6.050212494542856657e-24 2.027490320955226220e-03 0.000000000000000000e+00
7.650367115538547758e-01 2.329357981251901910e-01 1.164577604431077011e-27 6.050212494542856657e-24 2.027490320955226220e-03 0.000000000000000000e+00
7.650367115538547758e-01 2.329357981251901910e-01 1.164577604431077011e-27 6.050212494542856657e-24 2.027490320955226220e-03 0.000000000000000000e+00
7.650367115538547758e-01 2.329357981251901910e-01 1.164577604431077011e-27 6.050212494542856657e-24 2.027490320955226220e-03 0.000000000000000000e+00
7.650367115538547758e-01 2.329357981251901910e-01 1.164577604431077011e-27 6.050212494542856657e-24 2.027490320955226220e-03 0.000000000000000000e+00
7.650367115538547758e-01 2.329357981251901910e-01 1.164577604431077011e-27 6.050212494542856657e-24 2.027490320955226220e-03 0.000000000000000000e+00
7.650367115538547758e-01 2.329357981251901910e-01 1.164577604431077011e-27 6.050212494542856657e-24 2.027490320955226220e-03 0.000000000000000000e+00
7.650367115538547758e-01 2.329357981251901910e-01 1.164577604431077011e-27 6.050212494542856657e-24 2.027490320955226220e-03 0.000000000000000000e+00
7.650367115538547758e-01 2.329357981251901910e-01 1.164577604431077011e-27 6.050212494542856657e-24 2.027490320955226220e-03 0.000000000000000000e+00
7.650367115538547758e-01 2.329357981251901910e-01 1.164577604431077011e-27 6.050212494542856657e-24 2.027490320955226220e-03 0.000000000000000000e+00
7.650367115538547758e-01 2.329357981251901910e-01 1.164577604431077011e-27 6.050212494542856657e-24 2.027490320955226220e-03 0.000000000000000000e+00
7.650367115538547758e-01 2.329357981251901910e-01 1.164577604431077011e-27 6.050212494542856657e-24 2.027490320955226220e-03 0.000000000000000000e+00
7.650367115538547758e-01 2.329357981251901910e-01 1.164577604431077011e-27 6.050212494542856657e-24 2.027490320955226220e-03 0.000000000000000000e+00
7.650367115538547758e-01 2.329357981251901910e-01 1.164577604431077011e-27 6.050212494542856657e-24 2.027490320955226220e-03 0.000000000000000000e+00
7.650367115538547758e-01 2.329357981251901910e-01 1.164577604431077011e-27 6.050212494542856657e-24 2.027490320955226220e-03 0.000000000000000000e+00
7.650367115538547758e-01 2.329357981251901910e-01 1.164577604431077011e-27 6.050212494542856657e-24 2.027490320955226220e-03 0.000000000000000000e+00
7.650367115538547758e-01 2.329357981251901910e-01 1.164577604431077011e-27 6.050212494542856657e-24 2.027490320955226220e-03 0.000000000000000000e+00
7.650367115538547758e-01 2.329357981251901910e-01 1.164577604431077011e-27 6.050212494542856657e-24 2.027490320955226220e-03 0.000000000000000000e+00
7.650367115538547758e-01 2.329357981251901910e-01 1.164577604431077011e-27 6.050212494542856657e-24 2.027490320955226220e-03 0.000000000000000000e+00
7.650367115538547758e-01 2.329357981251901910e-01 1.164577604431077011e-27 6.050212494542856657e-24 2.027490320955226220e-03 0.000000000000000000e+00
7.650367115538547758e-01 2.329357981251901910e-01 1.164577604431077011e-27 6.050212494542856657e-24 2.027490320955226220e-03 0.000000000000000000e+00
7.650367115538547758e-01 2.329357981251901910e-01 1.164577604431077011e-27 6.050212494542856657e-24 2.027490320955226220e-03 0.000000000000000000e+00
7.650367115538547758e-01 2.329357981251901910e-01 1.164577604431077011e-27 6.050212494542856657e-24 2.027490320955226220e-03 0.000000000000000000e+00
7.650367115538547758e-01 2.329357981251901910e-01 1.164577604431077011e-27 6.050212494542856657e-24 2.027490320955226220e-03 0.000000000000000000e+00
7.650367115538547758e-01 2.329357981251901910e-01 1.164577604431077011e-27 6.050212494542856657e-24 2.027490320955226220e-03 0.000000000000000000e+00
7.650367115538547758e-01 2.329357981251901910e-01 1.164577604431077011e-27 6.050212494542856657e-24 2.027490320955226220e-03 0.000000000000000000e+00
7.650367115538547758e-01 2.329357981251901910e-01 1.164577604431077011e-27 6.050212494542856657e-24 2.027490320955226220e-03 0.000000000000000000e+00
7.650367115538547758e-01 2.329357981251901910e-01 1.164577604431077011e-27 6.050212494542856657e-24 2.027490320955226220e-03 0.000000000000000000e+00
7.650367115538547758e-01 2.329357981251901910e-01 1.164577604431077011e-27 6.050212494542856657e-24 2.027490320955226220e-03 0.000000000000000000e+00
7.650367115538547758e-01 2.329357981251901910e-01 1.164577604431077011e-27 6.050212494542856657e-24 2.027490320955226220e-03 0.000000000000000000e+00
7.650367115538547758e-01 2.329357981251901910e-01 1.164577604431077011e-27 6.050212494542856657e-24 2.027490320955226220e-03 0.000000000000000000e+00
7.650367115538547758e-01 2.329357981251901910e-01 1.164577604431077011e-27 6.050212494542856657e-24 2.027490320955226220e-03 0.000000000000000000e+00
7.650367115538547758e-01 2.329357981251901910e-01 1.164577604431077011e-27 6.050212494542856657e-24 2.027490320955226220e-03 0.000000000000000000e+00
7.650367115538547758e-01 2.329357981251901910e-01 1.164577604431077011e-27 6.050212494542856657e-24 2.027490320955226220e-03 0.000000000000000000e+00
7.650367115538547758e-01 2.329357981251901910e-01 1.164577604431077011e-27 6.050212494542856657e-24 2.027490320955226220e-03 0.000000000000000000e+00
7.650367115538547758e-01 2.329357981251901910e-01 1.164577604431077011e-27 6.050212494542856657e-24 2.027490320955226220e-03 0.000000000000000000e+00
7.650367115538547758e-01 2.329357981251901910e-01 1.164577604431077011e-27 6.050212494542856657e-24 2.027490320955226220e-03 0.000000000000000000e+00
7.650367115538547758e-01 2.329357981251901910e-01 1.164577604431077011e-27 6.050212494542856657e-24 2.027490320955226220e-03 0.000000000000000000e+00
7.650367115538547758e-01 2.329357981251901910e-01 1.164577604431077011e-27 6.050212494542856657e-24 2.027490320955226220e-03 0.000000000000000000e+00
7.650367115538547758e-01 2.329357981251901910e-01 1.164577604431077011e-27 6.050212494542856657e-24 2.027490320955226220e-03 0.000000000000000000e+00
7.650367115538547758e-01 2.329357981251901910e-01 1.164577604431077011e-27 6.050212494542856657e-24 2.027490320955226220e-03 0.000000000000000000e+00
7.650367115538547758e-01 2.329357981251901910e-01 1.164577604431077011e-27 6.050212494542856657e-24 2.027490320955226220e-03 0.000000000000000000e+00
7.650367115538547758e-01 2.329357981251901910e-01 1.164577604431077011e-27 6.050212494542856657e-24 2.027490320955226220e-03 0.000000000000000000e+00
7.650367115538547758e-01 2.329357981251901910e-01 1.164577604431077011e-27 6.050212494542856657e-24 2.027490320955226220e-03 0.000000000000000000e+00
7.650367115538547758e-01 2.329357981251901910e-01 1.164577604431077011e-27 6.050212494542856657e-24 2.027490320955226220e-03 0.000000000000000000e+00
7.650367115538547758e-01 2.329357981251901910e-01 1.164577604431077011e-27 6.050212494542856657e-24 2.027490320955226220e-03 0.000000000000000000e+00
7.650367115538547758e-01 2.329357981251901910e-01 1.164577604431077011e-27 6.050212494542856657e-24 2.027490320955226220e-03 0.000000000000000000e+00
7.650367115538547758e-01 2.329357981251901910e-01 1.164577604431077011e-27 6.050212494542856657e-24 2.027490320955226220e-03 0.000000000000000000e+00
7.650367115538547758e-01 2.329357981251901910e-01 1.164577604431077011e-27 6.050212494542856657e-24 2.027490320955226220e-03 0.000000000000000000e+00
7.650367115538547758e-01 2.329357981251901910e-01 1.164577604431077011e-27 6.050212494542856657e-24 2.027490320955226220e-03 0.000000000000000000e+00
7.650367115538547758e-01 2.329357981251901910e-01 1.164577604431077011e-27 6.050212494542856657e-24 2.027490320955226220e-03 0.000000000000000000e+00
7.650367115538547758e-01 2.329357981251901910e-01 1.164577604431077011e-27 6.050212494542856657e-24 2.027490320955226220e-03 0.000000000000000000e+00
7.650367115538547758e-01 2.329357981251901910e-01 1.164577604431077011e-27 6.050212494542856657e-24 2.027490320955226220e-03 0.000000000000000000e+00
7.650367115538547758e-01 2.329357981251901910e-01 1.164577604431077011e-27 6.050212494542856657e-24 2.027490320955226220e-03 0.000000000000000000e+00
7.650367115538547758e-01 2.329357981251901910e-01 1.164577604431077011e-27 6.050212494542856657e-24 2.027490320955226220e-03 0.000000000000000000e+00
7.650367115538547758e-01 2.329357981251901910e-01 1.164577604431077011e-27 6.050212494542856657e-24 2.027490320955226220e-03 0.000000000000000000e+00
7.650367115538547758e-01 2.329357981251901910e-01 1.164577604431077011e-27 6.050212494542856657e-24 2.027490320955226220e-03 0.000000000000000000e+00
7.650367115538547758e-01 2.329357981251901910e-01 1.164577604431077011e-27 6.050212494542856657e-24 2.027490320955226220e-03 0.000000000000000000e+00
7.650367115538547758e-01 2.329357981251901910e-01 1.164577604431077011e-27 6.050212494542856657e-24 2.027490320955226220e-03 0.000000000000000000e+00
7.650367115538547758e-01 2.329357981251901910e-01 1.164577604431077011e-27 6.050212494542856657e-24 2.027490320955226220e-03 0.000000000000000000e+00
7.650367115538547758e-01 2.329357981251901910e-01 1.164577604431077011e-27 6.050212494542856657e-24 2.027490320955226220e-03 0.000000000000000000e+00
7.650367115538547758e-01 2.329357981251901910e-01 1.164577604431077011e-27 6.050212494542856657e-24 2.027490320955226220e-03 0.000000000000000000e+00
7.650367115538547758e-01 2.329357981251901910e-01 1.164577604431077011e-27 6.050212494542856657e-24 2.027490320955226220e-03 0.000000000000000000e+00
7.650367115538547758e-01 2.329357981251901910e-01 1.164577604431077011e-27 6.050212494542856657e-24 2.027490320955226220e-03 0.000000000000000000e+00
7.650367115538547758e-01 2.329357981251901910e-01 1.164577604431077011e-27 6.050212494542856657e-24 2.027490320955226220e-03 0.000000000000000000e+00
7.650367115538547758e-01 2.329357981251901910e-01 1.164577604431077011e-27 6.050212494542856657e-24 2.027490320955226220e-03 0.000000000000000000e+00
7.650367115538547758e-01 2.329357981251901910e-01 1.164577604431077011e-27 6.050212494542856657e-24 2.027490320955226220e-03 0.000000000000000000e+00
7.650367115538547758e-01 2.329357981251901910e-01 1.164577604431077011e-27 6.050212494542856657e-24 2.027490320955226220e-03 0.000000000000000000e+00
7.650367115538547758e-01 2.329357981251901910e-01 1.164577604431077011e-27 6.050212494542856657e-24 2.027490320955226220e-03 0.000000000000000000e+00
7.650367115538547758e-01 2.329357981251901910e-01 1.164577604431077011e-27 6.050212494542856657e-24 2.027490320955226220e-03 0.000000000000000000e+00
7.650367115538547758e-01 2.329357981251901910e-01 1.164577604431077011e-27 6.050212494542856657e-24 2.027490320955226220e-03 0.000000000000000000e+00
7.650367115538547758e-01 2.329357981251901910e-01 1.164577604431077011e-27 6.050212494542856657e-24 2.027490320955226220e-03 0.000000000000000000e+00
7.650367115538547758e-01 2.329357981251901910e-01 1.164577604431077011e-27 6.050212494542856657e-24 2.027490320955226220e-03 0.000000000000000000e+00
7.650367115538547758e-01 2.329357981251901910e-01 1.164577604431077011e-27 6.050212494542856657e-24 2.027490320955226220e-03 0.000000000000000000e+00
7.650367115538547758e-01 2.329357981251901910e-01 1.164577604431077011e-27 6.050212494542856657e-24 2.027490320955226220e-03 0.000000000000000000e+00
7.650367115538547758e-01 2.329357981251901910e-01 1.164577604431077011e-27 6.050212494542856657e-24 2.027490320955226220e-03 0.000000000000000000e+00
7.650367115538547758e-01 2.329357981251901910e-01 1.164577604431077011e-27 6.050212494542856657e-24 2.027490320955226220e-03 0.000000000000000000e+00
7.650367115538547758e-01 2.329357981251901910e-01 1.164577604431077011e-27 6.050212494542856657e-24 2.027490320955226220e-03 0.000000000000000000e+00
7.650367115538547758e-01 2.329357981251901910e-01 1.164577604431077011e-27 6.050212494542856657e-24 2.027490320955226220e-03 0.000000000000000000e+00
7.650367115538547758e-01 2.329357981251901910e-01 1.164577604431077011e-27 6.050212494542856657e-24 2.027490320955226220e-03 0.000000000000000000e+00
7.650367115538547758e-01 2.329357981251901910e-01 1.164577604431077011e-27 6.050212494542856657e-24 2.027490320955226220e-03 0.000000000000000000e+00
7.650367115538547758e-01 2.329357981251901910e-01 1.164577604431077011e-27 6.050212494542856657e-24 2.027490320955226220e-03 0.000000000000000000e+00
7.650367115538547758e-01 2.329357981251901910e-01 1.164577604431077011e-27 6.050212494542856657e-24 2.027490320955226220e-03 0.000000000000000000e+00
7.650367115538547758e-01 2.329357981251901910e-01 1.164577604431077011e-27 6.050212494542856657e-24 2.027490320955226220e-03 0.000000000000000000e+00
7.650367115538547758e-01 2.329357981251901910e-01 1.164577604431077011e-27 6.050212494542856657e-24 2.027490320955226220e-03 0.000000000000000000e+00
7.650367115538547758e-01 2.329357981251901910e-01 1.164577604431077011e-27 6.050212494542856657e-24 2.027490320955226220e-03 0.000000000000000000e+00
7.650367115538547758e-01 2.329357981251901910e-01 1.164577604431077011e-27 6.050212494542856657e-24 2.027490320955226220e-03 0.000000000000000000e+00
7.650367115538547758e-01 2.329357981251901910e-01 1.164577604431077011e-27 6.050212494542856657e-24 2.027490320955226220e-03 0.000000000000000000e+00
7.650367115538547758e-01 2.329357981251901910e-01 1.164577604431077011e-27 6.050212494542856657e-24 2.027490320955226220e-03 0.000000000000000000e+00
7.650367115538547758e-01 2.329357981251901910e-01 1.164577604431077011e-27 6.050212494542856657e-24 2.027490320955226220e-03 0.000000000000000000e+00
7.650367115538547758e-01 2.329357981251901910e-01 1.164577604431077011e-27 6.050212494542856657e-24 2.027490320955226220e-03 0.000000000000000000e+00
7.650367115538547758e-01 2.329357981251901910e-01 1.164577604431077011e-27 6.050212494542856657e-24 2.027490320955226220e-03 0.000000000000000000e+00
7.650367115538547758e-01 2.329357981251901910e-01 1.164577604431077011e-27 6.050212494542856657e-24 2.027490320955226220e-03 0.000000000000000000e+00
7.650367115538547758e-01 2.329357981251901910e-01 1.164577604431077011e-27 6.050212494542856657e-24 2.027490320955226220e-03 0.000000000000000000e+00
7.650367115538547758e-01 2.329357981251901910e-01 1.164577604431077011e-27 6.050212494542856657e-24 2.027490320955226220e-03 0.000000000000000000e+00
7.650367115538547758e-01 2.329357981251901910e-01 1.164577604431077011e-27 6.050212494542856657e-24 2.027490320955226220e-03 0.000000000000000000e+00
7.650367115538547758e-01 2.329357981251901910e-01 1.164577604431077011e-27 6.050212494542856657e-24 2.027490320955226220e-03 0.000000000000000000e+00
7.650367115538547758e-01 2.329357981251901910e-01 1.164577604431077011e-27 6.050212494542856657e-24 2.027490320955226220e-03 0.000000000000000000e+00
7.650367115538547758e-01 2.329357981251901910e-01 1.164577604431077011e-27 6.050212494542856657e-24 2.027490320955226220e-03 0.000000000000000000e+00
7.650367115538547758e-01 2.329357981251901910e-01 1.164577604431077011e-27 6.050212494542856657e-24 2.027490320955226220e-03 0.000000000000000000e+00
7.650367115538547758e-01 2.329357981251901910e-01 1.164577604431077011e-27 6.050212494542856657e-24 2.027490320955226220e-03 0.000000000000000000e+00
7.650367115538547758e-01 2.329357981251901910e-01 1.164577604431077011e-27 6.050212494542856657e-24 2.027490320955226220e-03 0.000000000000000000e+00
7.650367115538547758e-01 2.329357981251901910e-01 1.164577604431077011e-27 6.050212494542856657e-24 2.027490320955226220e-03 0.000000000000000000e+00
7.650367115538547758e-01 2.329357981251901910e-01 1.164577604431077011e-27 6.050212494542856657e-24 2.027490320955226220e-03 0.000000000000000000e+00
7.650367115538547758e-01 2.329357981251901910e-01 1.164577604431077011e-27 6.050212494542856657e-24 2.027490320955226220e-03 0.000000000000000000e+00
7.650367115538547758e-01 2.329357981251901910e-01 1.164577604431077011e-27 6.050212494542856657e-24 2.027490320955226220e-03 0.000000000000000000e+00
7.650367115538547758e-01 2.329357981251901910e-01 1.164577604431077011e-27 6.050212494542856657e-24 2.027490320955226220e-03 0.000000000000000000e+00
7.650367115538547758e-01 2.329357981251901910e-01 1.164577604431077011e-27 6.050212494542856657e-24 2.027490320955226220e-03 0.000000000000000000e+00
7.650367115538547758e-01 2.329357981251901910e-01 1.164577604431077011e-27 6.050212494542856657e-24 2.027490320955226220e-03 0.000000000000000000e+00
7.650367115538547758e-01 2.329357981251901910e-01 1.164577604431077011e-27 6.050212494542856657e-24 2.027490320955226220e-03 0.000000000000000000e+00
7.650367115538547758e-01 2.329357981251901910e-01 1.164577604431077011e-27 6.050212494542856657e-24 2.027490320955226220e-03 0.000000000000000000e+00
7.650367115538547758e-01 2.329357981251901910e-01 1.164577604431077011e-27 6.050212494542856657e-24 2.027490320955226220e-03 0.000000000000000000e+00
7.650367115538547758e-01 2.329357981251901910e-01 1.164577604431077011e-27 6.050212494542856657e-24 2.027490320955226220e-03 0.000000000000000000e+00
7.650367115538547758e-01 2.329357981251901910e-01 1.164577604431077011e-27 6.050212494542856657e-24 2.027490320955226220e-03 0.000000000000000000e+00
7.650367115538547758e-01 2.329357981251901910e-01 1.164577604431077011e-27 6.050212494542856657e-24 2.027490320955226220e-03 0.000000000000000000e+00
7.650367115538547758e-01 2.329357981251901910e-01 1.164577604431077011e-27 6.050212494542856657e-24 2.027490320955226220e-03 0.000000000000000000e+00
7.650367115538547758e-01 2.329357981251901910e-01 1.164577604431077011e-27 6.050212494542856657e-24 2.027490320955226220e-03 0.000000000000000000e+00
7.650367115538547758e-01 2.329357981251901910e-01 1.164577604431077011e-27 6.050212494542856657e-24 2.027490320955226220e-03 0.000000000000000000e+00
7.650367115538547758e-01 2.329357981251901910e-01 1.164577604431077011e-27 6.050212494542856657e-24 2.027490320955226220e-03 0.000000000000000000e+00
7.650367115538547758e-01 2.329357981251901910e-01 1.164577604431077011e-27 6.050212494542856657e-24 2.027490320955226220e-03 0.000000000000000000e+00
7.650367115538547758e-01 2.329357981251901910e-01 1.164577604431077011e-27 6.050212494542856657e-24 2.027490320955226220e-03 0.000000000000000000e+00
7.650367115538547758e-01 2.329357981251901910e-01 1.164577604431077011e-27 6.050212494542856657e-24 2.027490320955226220e-03 0.000000000000000000e+00
7.650367115538547758e-01 2.329357981251901910e-01 1.164577604431077011e-27 6.050212494542856657e-24 2.027490320955226220e-03 0.000000000000000000e+00
7.650367115538547758e-01 2.329357981251901910e-01 1.164577604431077011e-27 6.050212494542856657e-24 2.027490320955226220e-03 0.000000000000000000e+00
7.650367115538547758e-01 2.329357981251901910e-01 1.164577604431077011e-27 6.050212494542856657e-24 2.027490320955226220e-03 0.000000000000000000e+00
7.650367115538547758e-01 2.329357981251901910e-01 1.164577604431077011e-27 6.050212494542856657e-24 2.027490320955226220e-03 0.000000000000000000e+00
7.650367115538547758e-01 2.329357981251901910e-01 1.164577604431077011e-27 6.050212494542856657e-24 2.027490320955226220e-03 0.000000000000000000e+00
7.650367115538547758e-01 2.329357981251901910e-01 1.164577604431077011e-27 6.050212494542856657e-24 2.027490320955226220e-03 0.000000000000000000e+00
7.650367115538547758e-01 2.329357981251901910e-01 1.164577604431077011e-27 6.050212494542856657e-24 2.027490320955226220e-03 0.000000000000000000e+00
7.650367115538547758e-01 2.329357981251901910e-01 1.164577604431077011e-27 6.050212494542856657e-24 2.027490320955226220e-03 0.000000000000000000e+00
7.650367115538547758e-01 2.329357981251901910e-01 1.164577604431077011e-27 6.050212494542856657e-24 2.027490320955226220e-03 0.000000000000000000e+00
7.650367115538547758e-01 2.329357981251901910e-01 1.164577604431077011e-27 6.050212494542856657e-24 2.027490320955226220e-03 0.000000000000000000e+00
7.650367115538547758e-01 2.329357981251901910e-01 1.164577604431077011e-27 6.050212494542856657e-24 2.027490320955226220e-03 0.000000000000000000e+00
7.650367115538547758e-01 2.329357981251901910e-01 1.164577604431077011e-27 6.050212494542856657e-24 2.027490320955226220e-03 0.000000000000000000e+00
7.650367115538547758e-01 2.329357981251901910e-01 1.164577604431077011e-27 6.050212494542856657e-24 2.027490320955226220e-03 0.000000000000000000e+00
7.650367115538547758e-01 2.329357981251901910e-01 1.164577604431077011e-27 6.050212494542856657e-24 2.027490320955226220e-03 0.000000000000000000e+00
7.650367115538547758e-01 2.329357981251901910e-01 1.164577604431077011e-27 6.050212494542856657e-24 2.027490320955226220e-03 0.000000000000000000e+00
7.650367115538547758e-01 2.329357981251901910e-01 1.164577604431077011e-27 6.050212494542856657e-24 2.027490320955226220e-03 0.000000000000000000e+00
7.650367115538547758e-01 2.329357981251901910e-01 1.164577604431077011e-27 6.050212494542856657e-24 2.027490320955226220e-03 0.000000000000000000e+00
7.650367115538547758e-01 2.329357981251901910e-01 1.164577604431077011e-27 6.050212494542856657e-24 2.027490320955226220e-03 0.000000000000000000e+00
7.650367115538547758e-01 2.329357981251901910e-01 1.164577604431077011e-27 6.050212494542856657e-24 2.027490320955226220e-03 0.000000000000000000e+00
7.650367115538547758e-01 2.329357981251901910e-01 1.164577604431077011e-27 6.050212494542856657e-24 2.027490320955226220e-03 0.000000000000000000e+00
7.650367115538547758e-01 2.329357981251901910e-01 1.164577604431077011e-27 6.050212494542856657e-24 2.027490320955226220e-03 0.000000000000000000e+00
7.650367115538547758e-01 2.329357981251901910e-01 1.164577604431077011e-27 6.050212494542856657e-24 2.027490320955226220e-03 0.000000000000000000e+00
7.650367115538547758e-01 2.329357981251901910e-01 1.164577604431077011e-27 6.050212494542856657e-24 2.027490320955226220e-03 0.000000000000000000e+00
7.650367115538547758e-01 2.329357981251901910e-01 1.164577604431077011e-27 6.050212494542856657e-24 2.027490320955226220e-03 0.000000000000000000e+00
7.650367115538547758e-01 2.329357981251901910e-01 1.164577604431077011e-27 6.050212494542856657e-24 2.027490320955226220e-03 0.000000000000000000e+00
7.650367115538547758e-01 2.329357981251901910e-01 1.164577604431077011e-27 6.050212494542856657e-24 2.027490320955226220e-03 0.000000000000000000e+00
7.650367115538547758e-01 2.329357981251901910e-01 1.164577604431077011e-27 6.050212494542856657e-24 2.027490320955226220e-03 0.000000000000000000e+00
7.650367115538547758e-01 2.329357981251901910e-01 1.164577604431077011e-27 6.050212494542856657e-24 2.027490320955226220e-03 0.000000000000000000e+00
7.650367115538547758e-01 2.329357981251901910e-01 1.164577604431077011e-27 6.050212494542856657e-24 2.027490320955226220e-03 0.000000000000000000e+00
7.650367115538547758e-01 2.329357981251901910e-01 1.164577604431077011e-27 6.050212494542856657e-24 2.027490320955226220e-03 0.000000000000000000e+00
7.650367115538547758e-01 2.329357981251901910e-01 1.164577604431077011e-27 6.050212494542856657e-24 2.027490320955226220e-03 0.000000000000000000e+00
7.650367115538547758e-01 2.329357981251901910e-01 1.164577604431077011e-27 6.050212494542856657e-24 2.027490320955226220e-03 0.000000000000000000e+00
7.650367115538547758e-01 2.329357981251901910e-01 1.164577604431077011e-27 6.050212494542856657e-24 2.027490320955226220e-03 0.000000000000000000e+00
7.650367115538547758e-01 2.329357981251901910e-01 1.164577604431077011e-27 6.050212494542856657e-24 2.027490320955226220e-03 0.000000000000000000e+00
7.650367115538547758e-01 2.329357981251901910e-01 1.164577604431077011e-27 6.050212494542856657e-24 2.027490320955226220e-03 0.000000000000000000e+00
7.650367115538547758e-01 2.329357981251901910e-01 1.164577604431077011e-27 6.050212494542856657e-24 2.027490320955226220e-03 0.000000000000000000e+00
7.650367115538547758e-01 2.329357981251901910e-01 1.164577604431077011e-27 6.050212494542856657e-24 2.027490320955226220e-03 0.000000000000000000e+00
7.650367115538547758e-01 2.329357981251901910e-01 1.164577604431077011e-27 6.050212494542856657e-24 2.027490320955226220e-03 0.000000000000000000e+00
7.650367115538547758e-01 2.329357981251901910e-01 1.164577604431077011e-27 6.050212494542856657e-24 2.027490320955226220e-03 0.000000000000000000e+00
7.650367115538547758e-01 2.329357981251901910e-01 1.164577604431077011e-27 6.050212494542856657e-24 2.027490320955226220e-03 0.000000000000000000e+00
7.650367115538547758e-01 2.329357981251901910e-01 1.164577604431077011e-27 6.050212494542856657e-24 2.027490320955226220e-03 0.000000000000000000e+00
7.650367115538547758e-01 2.329357981251901910e-01 1.164577604431077011e-27 6.050212494542856657e-24 2.027490320955226220e-03 0.000000000000000000e+00
7.650367115538547758e-01 2.329357981251901910e-01 1.164577604431077011e-27 6.050212494542856657e-24 2.027490320955226220e-03 0.000000000000000000e+00
7.650367115538547758e-01 2.329357981251901910e-01 1.164577604431077011e-27 6.050212494542856657e-24 2.027490320955226220e-03 0.000000000000000000e+00
7.650367115538547758e-01 2.329357981251901910e-01 1.164577604431077011e-27 6.050212494542856657e-24 2.027490320955226220e-03 0.000000000000000000e+00
7.650367115538547758e-01 2.329357981251901910e-01 1.164577604431077011e-27 6.050212494542856657e-24 2.027490320955226220e-03 0.000000000000000000e+00
7.650367115538547758e-01 2.329357981251901910e-01 1.164577604431077011e-27 6.050212494542856657e-24 2.027490320955226220e-03 0.000000000000000000e+00
7.650367115538547758e-01 2.329357981251901910e-01 1.164577604431077011e-27 6.050212494542856657e-24 2.027490320955226220e-03 0.000000000000000000e+00
7.650367115538547758e-01 2.329357981251901910e-01 1.164577604431077011e-27 6.050212494542856657e-24 2.027490320955226220e-03 0.000000000000000000e+00
7.650367115538547758e-01 2.329357981251901910e-01 1.164577604431077011e-27 6.050212494542856657e-24 2.027490320955226220e-03 0.000000000000000000e+00
7.650367115538547758e-01 2.329357981251901910e-01 1.164577604431077011e-27 6.050212494542856657e-24 2.027490320955226220e-03 0.000000000000000000e+00
7.650367115538547758e-01 2.329357981251901910e-01 1.164577604431077011e-27 6.050212494542856657e-24 2.027490320955226220e-03 0.000000000000000000e+00
7.650367115538547758e-01 2.329357981251901910e-01 1.164577604431077011e-27 6.050212494542856657e-24 2.027490320955226220e-03 0.000000000000000000e+00
7.650367115538547758e-01 2.329357981251901910e-01 1.164577604431077011e-27 6.050212494542856657e-24 2.027490320955226220e-03 0.000000000000000000e+00
7.650367115538547758e-01 2.329357981251901910e-01 1.164577604431077011e-27 6.050212494542856657e-24 2.027490320955226220e-03 0.000000000000000000e+00
7.650367115538547758e-01 2.329357981251901910e-01 1.164577604431077011e-27 6.050212494542856657e-24 2.027490320955226220e-03 0.000000000000000000e+00
7.650367115538547758e-01 2.329357981251901910e-01 1.164577604431077011e-27 6.050212494542856657e-24 2.027490320955226220e-03 0.000000000000000000e+00
7.650367115538547758e-01 2.329357981251901910e-01 1.164577604431077011e-27 6.050212494542856657e-24 2.027490320955226220e-03 0.000000000000000000e+00
7.650367115538547758e-01 2.329357981251901910e-01 1.164577604431077011e-27 6.050212494542856657e-24 2.027490320955226220e-03 0.000000000000000000e+00
7.650367115538547758e-01 2.329357981251901910e-01 1.164577604431077011e-27 6.050212494542856657e-24 2.027490320955226220e-03 0.000000000000000000e+00
7.650367115538547758e-01 2.329357981251901910e-01 1.164577604431077011e-27 6.050212494542856657e-24 2.027490320955226220e-03 0.000000000000000000e+00
7.650367115538547758e-01 2.329357981251901910e-01 1.164577604431077011e-27 6.050212494542856657e-24 2.027490320955226220e-03 0.000000000000000000e+00
7.650367115538547758e-01 2.329357981251901910e-01 1.164577604431077011e-27 6.050212494542856657e-24 2.027490320955226220e-03 0.000000000000000000e+00
7.650367115538547758e-01 2.329357981251901910e-01 1.164577604431077011e-27 6.050212494542856657e-24 2.027490320955226220e-03 0.000000000000000000e+00
7.650367115538547758e-01 2.329357981251901910e-01 1.164577604431077011e-27 6.050212494542856657e-24 2.027490320955226220e-03 0.000000000000000000e+00
7.650367115538547758e-01 2.329357981251901910e-01 1.164577604431077011e-27 6.050212494542856657e-24 2.027490320955226220e-03 0.000000000000000000e+00
7.650367115538547758e-01 2.329357981251901910e-01 1.164577604431077011e-27 6.050212494542856657e-24 2.027490320955226220e-03 0.000000000000000000e+00
7.650367115538547758e-01 2.329357981251901910e-01 1.164577604431077011e-27 6.050212494542856657e-24 2.027490320955226220e-03 0.000000000000000000e+00
7.650367115538547758e-01 2.329357981251901910e-01 1.164577604431077011e-27 6.050212494542856657e-24 2.027490320955226220e-03 0.000000000000000000e+00
7.650367115538547758e-01 2.329357981251901910e-01 1.164577604431077011e-27 6.050212494542856657e-24 2.027490320955226220e-03 0.000000000000000000e+00
7.650367115538547758e-01 2.329357981251901910e-01 1.164577604431077011e-27 6.050212494542856657e-24 2.027490320955226220e-03 0.000000000000000000e+00
7.650367115538547758e-01 2.329357981251901910e-01 1.164577604431077011e-27 6.050212494542856657e-24 2.027490320955226220e-03 0.000000000000000000e+00
7.650367115538547758e-01 2.329357981251901910e-01 1.164577604431077011e-27 6.050212494542856657e-24 2.027490320955226220e-03 0.000000000000000000e+00
7.650367115538547758e-01 2.329357981251901910e-01 1.164577604431077011e-27 6.050212494542856657e-24 2.027490320955226220e-03 0.000000000000000000e+00
7.650367115538547758e-01 2.329357981251901910e-01 1.164577604431077011e-27 6.050212494542856657e-24 2.027490320955226220e-03 0.000000000000000000e+00
7.650367115538547758e-01 2.329357981251901910e-01 1.164577604431077011e-27 6.050212494542856657e-24 2.027490320955226220e-03 0.000000000000000000e+00
7.650367115538547758e-01 2.329357981251901910e-01 1.164577604431077011e-27 6.050212494542856657e-24 2.027490320955226220e-03 0.000000000000000000e+00
7.650367115538547758e-01 2.329357981251901910e-01 1.164577604431077011e-27 6.050212494542856657e-24 2.027490320955226220e-03 0.000000000000000000e+00
7.650367115538547758e-01 2.329357981251901910e-01 1.164577604431077011e-27 6.050212494542856657e-24 2.027490320955226220e-03 0.000000000000000000e+00
7.650367115538547758e-01 2.329357981251901910e-01 1.164577604431077011e-27 6.050212494542856657e-24 2.027490320955226220e-03 0.000000000000000000e+00
7.650367115538547758e-01 2.329357981251901910e-01 1.164577604431077011e-27 6.050212494542856657e-24 2.027490320955226220e-03 0.000000000000000000e+00
7.650367115538547758e-01 2.329357981251901910e-01 1.164577604431077011e-27 6.050212494542856657e-24 2.027490320955226220e-03 0.000000000000000000e+00
7.650367115538547758e-01 2.329357981251901910e-01 1.164577604431077011e-27 6.050212494542856657e-24 2.027490320955226220e-03 0.000000000000000000e+00
7.650367115538547758e-01 2.329357981251901910e-01 1.164577604431077011e-27 6.050212494542856657e-24 2.027490320955226220e-03 0.000000000000000000e+00
7.650367115538547758e-01 2.329357981251901910e-01 1.164577604431077011e-27 6.050212494542856657e-24 2.027490320955226220e-03 0.000000000000000000e+00
7.650367115538547758e-01 2.329357981251901910e-01 1.164577604431077011e-27 6.050212494542856657e-24 2.027490320955226220e-03 0.000000000000000000e+00
7.650367115538547758e-01 2.329357981251901910e-01 1.164577604431077011e-27 6.050212494542856657e-24 2.027490320955226220e-03 0.000000000000000000e+00
7.650367115538547758e-01 2.329357981251901910e-01 1.164577604431077011e-27 6.050212494542856657e-24 2.027490320955226220e-03 0.000000000000000000e+00
7.650367115538547758e-01 2.329357981251901910e-01 1.164577604431077011e-27 6.050212494542856657e-24 2.027490320955226220e-03 0.000000000000000000e+00
7.650367115538547758e-01 2.329357981251901910e-01 1.164577604431077011e-27 6.050212494542856657e-24 2.027490320955226220e-03 0.000000000000000000e+00
7.650367115538547758e-01 2.329357981251901910e-01 1.164577604431077011e-27 6.050212494542856657e-24 2.027490320955226220e-03 0.000000000000000000e+00
7.650367115538547758e-01 2.329357981251901910e-01 1.164577604431077011e-27 6.050212494542856657e-24 2.027490320955226220e-03 0.000000000000000000e+00
7.650367115538547758e-01 2.329357981251901910e-01 1.164577604431077011e-27 6.050212494542856657e-24 2.027490320955226220e-03 0.000000000000000000e+00
7.650367115538547758e-01 2.329357981251901910e-01 1.164577604431077011e-27 6.050212494542856657e-24 2.027490320955226220e-03 0.000000000000000000e+00
7.650367115538547758e-01 2.329357981251901910e-01 1.164577604431077011e-27 6.050212494542856657e-24 2.027490320955226220e-03 0.000000000000000000e+00
7.650367115538547758e-01 2.329357981251901910e-01 1.164577604431077011e-27 6.050212494542856657e-24 2.027490320955226220e-03 0.000000000000000000e+00
7.650367115538547758e-01 2.329357981251901910e-01 1.164577604431077011e-27 6.050212494542856657e-24 2.027490320955226220e-03 0.000000000000000000e+00
7.650367115538547758e-01 2.329357981251901910e-01 1.164577604431077011e-27 6.050212494542856657e-24 2.027490320955226220e-03 0.000000000000000000e+00
7.650367115538547758e-01 2.329357981251901910e-01 1.164577604431077011e-27 6.050212494542856657e-24 2.027490320955226220e-03 0.000000000000000000e+00
7.650367115538547758e-01 2.329357981251901910e-01 1.164577604431077011e-27 6.050212494542856657e-24 2.027490320955226220e-03 0.000000000000000000e+00
7.650367115538547758e-01 2.329357981251901910e-01 1.164577604431077011e-27 6.050212494542856657e-24 2.027490320955226220e-03 0.000000000000000000e+00
7.650367115538547758e-01 2.329357981251901910e-01 1.164577604431077011e-27 6.050212494542856657e-24 2.027490320955226220e-03 0.000000000000000000e+00
7.650367115538547758e-01 2.329357981251901910e-01 1.164577604431077011e-27 6.050212494542856657e-24 2.027490320955226220e-03 0.000000000000000000e+00
7.650367115538547758e-01 2.329357981251901910e-01 1.164577604431077011e-27 6.050212494542856657e-24 2.027490320955226220e-03 0.000000000000000000e+00
7.650367115538547758e-01 2.329357981251901910e-01 1.164577604431077011e-27 6.050212494542856657e-24 2.027490320955226220e-03 0.000000000000000000e+00
7.650367115538547758e-01 2.329357981251901910e-01 1.164577604431077011e-27 6.050212494542856657e-24 2.027490320955226220e-03 0.000000000000000000e+00
7.650367115538547758e-01 2.329357981251901910e-01 1.164577604431077011e-27 6.050212494542856657e-24 2.027490320955226220e-03 0.000000000000000000e+00
7.650367115538547758e-01 2.329357981251901910e-01 1.164577604431077011e-27 6.050212494542856657e-24 2.027490320955226220e-03 0.000000000000000000e+00
7.650367115538547758e-01 2.329357981251901910e-01 1.164577604431077011e-27 6.050212494542856657e-24 2.027490320955226220e-03 0.000000000000000000e+00
7.650367115538547758e-01 2.329357981251901910e-01 1.164577604431077011e-27 6.050212494542856657e-24 2.027490320955226220e-03 0.000000000000000000e+00
7.650367115538547758e-01 2.329357981251901910e-01 1.164577604431077011e-27 6.050212494542856657e-24 2.027490320955226220e-03 0.000000000000000000e+00
7.650367115538547758e-01 2.329357981251901910e-01 1.164577604431077011e-27 6.050212494542856657e-24 2.027490320955226220e-03 0.000000000000000000e+00
7.650367115538547758e-01 2.329357981251901910e-01 1.164577604431077011e-27 6.050212494542856657e-24 2.027490320955226220e-03 0.000000000000000000e+00
7.650367115538547758e-01 2.329357981251901910e-01 1.164577604431077011e-27 6.050212494542856657e-24 2.027490320955226220e-03 0.000000000000000000e+00
7.650367115538547758e-01 2.329357981251901910e-01 1.164577604431077011e-27 6.050212494542856657e-24 2.027490320955226220e-03 0.000000000000000000e+00
7.650367115538547758e-01 2.329357981251901910e-01 1.164577604431077011e-27 6.050212494542856657e-24 2.027490320955226220e-03 0.000000000000000000e+00
7.650367115538547758e-01 2.329357981251901910e-01 1.164577604431077011e-27 6.050212494542856657e-24 2.027490320955226220e-03 0.000000000000000000e+00
7.650367115538547758e-01 2.329357981251901910e-01 1.164577604431077011e-27 6.050212494542856657e-24 2.027490320955226220e-03 0.000000000000000000e+00
7.650367115538547758e-01 2.329357981251901910e-01 1.164577604431077011e-27 6.050212494542856657e-24 2.027490320955226220e-03 0.000000000000000000e+00
7.650367115538547758e-01 2.329357981251901910e-01 1.164577604431077011e-27 6.050212494542856657e-24 2.027490320955226220e-03 0.000000000000000000e+00
7.650367115538547758e-01 2.329357981251901910e-01 1.164577604431077011e-27 6.050212494542856657e-24 2.027490320955226220e-03 0.000000000000000000e+00
7.650367115538547758e-01 2.329357981251901910e-01 1.164577604431077011e-27 6.050212494542856657e-24 2.027490320955226220e-03 0.000000000000000000e+00
7.650367115538547758e-01 2.329357981251901910e-01 1.164577604431077011e-27 6.050212494542856657e-24 2.027490320955226220e-03 0.000000000000000000e+00
7.650367115538547758e-01 2.329357981251901910e-01 1.164577604431077011e-27 6.050212494542856657e-24 2.027490320955226220e-03 0.000000000000000000e+00
7.650367115538547758e-01 2.329357981251901910e-01 1.164577604431077011e-27 6.050212494542856657e-24 2.027490320955226220e-03 0.000000000000000000e+00
7.650367115538547758e-01 2.329357981251901910e-01 1.164577604431077011e-27 6.050212494542856657e-24 2.027490320955226220e-03 0.000000000000000000e+00
7.650367115538547758e-01 2.329357981251901910e-01 1.164577604431077011e-27 6.050212494542856657e-24 2.027490320955226220e-03 0.000000000000000000e+00
7.650367115538547758e-01 2.329357981251901910e-01 1.164577604431077011e-27 6.050212494542856657e-24 2.027490320955226220e-03 0.000000000000000000e+00
7.650367115538547758e-01 2.329357981251901910e-01 1.164577604431077011e-27 6.050212494542856657e-24 2.027490320955226220e-03 0.000000000000000000e+00
7.650367115538547758e-01 2.329357981251901910e-01 1.164577604431077011e-27 6.050212494542856657e-24 2.027490320955226220e-03 0.000000000000000000e+00
7.650367115538547758e-01 2.329357981251901910e-01 1.164577604431077011e-27 6.050212494542856657e-24 2.027490320955226220e-03 0.000000000000000000e+00
7.650367115538547758e-01 2.329357981251901910e-01 1.164577604431077011e-27 6.050212494542856657e-24 2.027490320955226220e-03 0.000000000000000000e+00
7.650367115538547758e-01 2.329357981251901910e-01 1.164577604431077011e-27 6.050212494542856657e-24 2.027490320955226220e-03 0.000000000000000000e+00
7.650367115538547758e-01 2.329357981251901910e-01 1.164577604431077011e-27 6.050212494542856657e-24 2.027490320955226220e-03 0.000000000000000000e+00
7.650367115538547758e-01 2.329357981251901910e-01 1.164577604431077011e-27 6.050212494542856657e-24 2.027490320955226220e-03 0.000000000000000000e+00
7.650367115538547758e-01 2.329357981251901910e-01 1.164577604431077011e-27 6.050212494542856657e-24 2.027490320955226220e-03 0.000000000000000000e+00
7.650367115538547758e-01 2.329357981251901910e-01 1.164577604431077011e-27 6.050212494542856657e-24 2.027490320955226220e-03 0.000000000000000000e+00
7.650367115538547758e-01 2.329357981251901910e-01 1.164577604431077011e-27 6.050212494542856657e-24 2.027490320955226220e-03 0.000000000000000000e+00
7.650367115538547758e-01 2.329357981251901910e-01 1.164577604431077011e-27 6.050212494542856657e-24 2.027490320955226220e-03 0.000000000000000000e+00
7.650367115538547758e-01 2.329357981251901910e-01 1.164577604431077011e-27 6.050212494542856657e-24 2.027490320955226220e-03 0.000000000000000000e+00
7.650367115538547758e-01 2.329357981251901910e-01 1.164577604431077011e-27 6.050212494542856657e-24 2.027490320955226220e-03 0.000000000000000000e+00
7.650367115538547758e-01 2.329357981251901910e-01 1.164577604431077011e-27 6.050212494542856657e-24 2.027490320955226220e-03 0.000000000000000000e+00
7.650367115538547758e-01 2.329357981251901910e-01 1.164577604431077011e-27 6.050212494542856657e-24 2.027490320955226220e-03 0.000000000000000000e+00
7.650367115538547758e-01 2.329357981251901910e-01 1.164577604431077011e-27 6.050212494542856657e-24 2.027490320955226220e-03 0.000000000000000000e+00
7.650367115538547758e-01 2.329357981251901910e-01 1.164577604431077011e-27 6.050212494542856657e-24 2.027490320955226220e-03 0.000000000000000000e+00
7.650367115538547758e-01 2.329357981251901910e-01 1.164577604431077011e-27 6.050212494542856657e-24 2.027490320955226220e-03 0.000000000000000000e+00
7.650367115538547758e-01 2.329357981251901910e-01 1.164577604431077011e-27 6.050212494542856657e-24 2.027490320955226220e-03 0.000000000000000000e+00
7.650367115538547758e-01 2.329357981251901910e-01 1.164577604431077011e-27 6.050212494542856657e-24 2.027490320955226220e-03 0.000000000000000000e+00
7.650367115538547758e-01 2.329357981251901910e-01 1.164577604431077011e-27 6.050212494542856657e-24 2.027490320955226220e-03 0.000000000000000000e+00
7.650367115538547758e-01 2.329357981251901910e-01 1.164577604431077011e-27 6.050212494542856657e-24 2.027490320955226220e-03 0.000000000000000000e+00
7.650367115538547758e-01 2.329357981251901910e-01 1.164577604431077011e-27 6.050212494542856657e-24 2.027490320955226220e-03 0.000000000000000000e+00
7.650367115538547758e-01 2.329357981251901910e-01 1.164577604431077011e-27 6.050212494542856657e-24 2.027490320955226220e-03 0.000000000000000000e+00
7.650367115538547758e-01 2.329357981251901910e-01 1.164577604431077011e-27 6.050212494542856657e-24 2.027490320955226220e-03 0.000000000000000000e+00
7.650367115538547758e-01 2.329357981251901910e-01 1.164577604431077011e-27 6.050212494542856657e-24 2.027490320955226220e-03 0.000000000000000000e+00
7.650367115538547758e-01 2.329357981251901910e-01 1.164577604431077011e-27 6.050212494542856657e-24 2.027490320955226220e-03 0.000000000000000000e+00
7.650367115538547758e-01 2.329357981251901910e-01 1.164577604431077011e-27 6.050212494542856657e-24 2.027490320955226220e-03 0.000000000000000000e+00
7.650367115538547758e-01 2.329357981251901910e-01 1.164577604431077011e-27 6.050212494542856657e-24 2.027490320955226220e-03 0.000000000000000000e+00
7.650367115538547758e-01 2.329357981251901910e-01 1.164577604431077011e-27 6.050212494542856657e-24 2.027490320955226220e-03 0.000000000000000000e+00
7.650367115538547758e-01 2.329357981251901910e-01 1.164577604431077011e-27 6.050212494542856657e-24 2.027490320955226220e-03 0.000000000000000000e+00
7.650367115538547758e-01 2.329357981251901910e-01 1.164577604431077011e-27 6.050212494542856657e-24 2.027490320955226220e-03 0.000000000000000000e+00
7.650367115538547758e-01 2.329357981251901910e-01 1.164577604431077011e-27 6.050212494542856657e-24 2.027490320955226220e-03 0.000000000000000000e+00
7.650367115538547758e-01 2.329357981251901910e-01 1.164577604431077011e-27 6.050212494542856657e-24 2.027490320955226220e-03 0.000000000000000000e+00
7.650367115538547758e-01 2.329357981251901910e-01 1.164577604431077011e-27 6.050212494542856657e-24 2.027490320955226220e-03 0.000000000000000000e+00
7.650367115538547758e-01 2.329357981251901910e-01 1.164577604431077011e-27 6.050212494542856657e-24 2.027490320955226220e-03 0.000000000000000000e+00
7.650367115538547758e-01 2.329357981251901910e-01 1.164577604431077011e-27 6.050212494542856657e-24 2.027490320955226220e-03 0.000000000000000000e+00
7.650367115538547758e-01 2.329357981251901910e-01 1.164577604431077011e-27 6.050212494542856657e-24 2.027490320955226220e-03 0.000000000000000000e+00
7.650367115538547758e-01 2.329357981251901910e-01 1.164577604431077011e-27 6.050212494542856657e-24 2.027490320955226220e-03 0.000000000000000000e+00
7.650367115538547758e-01 2.329357981251901910e-01 1.164577604431077011e-27 6.050212494542856657e-24 2.027490320955226220e-03 0.000000000000000000e+00
7.650367115538547758e-01 2.329357981251901910e-01 1.164577604431077011e-27 6.050212494542856657e-24 2.027490320955226220e-03 0.000000000000000000e+00
7.650367115538547758e-01 2.329357981251901910e-01 1.164577604431077011e-27 6.050212494542856657e-24 2.027490320955226220e-03 0.000000000000000000e+00
7.650367115538547758e-01 2.329357981251901910e-01 1.164577604431077011e-27 6.050212494542856657e-24 2.027490320955226220e-03 0.000000000000000000e+00
7.650367115538547758e-01 2.329357981251901910e-01 1.164577604431077011e-27 6.050212494542856657e-24 2.027490320955226220e-03 0.000000000000000000e+00
7.650367115538547758e-01 2.329357981251901910e-01 1.164577604431077011e-27 6.050212494542856657e-24 2.027490320955226220e-03 0.000000000000000000e+00
7.650367115538547758e-01 2.329357981251901910e-01 1.164577604431077011e-27 6.050212494542856657e-24 2.027490320955226220e-03 0.000000000000000000e+00
7.650367115538547758e-01 2.329357981251901910e-01 1.164577604431077011e-27 6.050212494542856657e-24 2.027490320955226220e-03 0.000000000000000000e+00
7.650367115538547758e-01 2.329357981251901910e-01 1.164577604431077011e-27 6.050212494542856657e-24 2.027490320955226220e-03 0.000000000000000000e+00
7.650367115538547758e-01 2.329357981251901910e-01 1.164577604431077011e-27 6.050212494542856657e-24 2.027490320955226220e-03 0.000000000000000000e+00
7.650367115538547758e-01 2.329357981251901910e-01 1.164577604431077011e-27 6.050212494542856657e-24 2.027490320955226220e-03 0.000000000000000000e+00
7.650367115538547758e-01 2.329357981251901910e-01 1.164577604431077011e-27 6.050212494542856657e-24 2.027490320955226220e-03 0.000000000000000000e+00
7.650367115538547758e-01 2.329357981251901910e-01 1.164577604431077011e-27 6.050212494542856657e-24 2.027490320955226220e-03 0.000000000000000000e+00
7.650367115538547758e-01 2.329357981251901910e-01 1.164577604431077011e-27 6.050212494542856657e-24 2.027490320955226220e-03 0.000000000000000000e+00
7.650367115538547758e-01 2.329357981251901910e-01 1.164577604431077011e-27 6.050212494542856657e-24 2.027490320955226220e-03 0.000000000000000000e+00
7.650367115538547758e-01 2.329357981251901910e-01 1.164577604431077011e-27 6.050212494542856657e-24 2.027490320955226220e-03 0.000000000000000000e+00
7.650367115538547758e-01 2.329357981251901910e-01 1.164577604431077011e-27 6.050212494542856657e-24 2.027490320955226220e-03 0.000000000000000000e+00
7.650367115538547758e-01 2.329357981251901910e-01 1.164577604431077011e-27 6.050212494542856657e-24 2.027490320955226220e-03 0.000000000000000000e+00
7.650367115538547758e-01 2.329357981251901910e-01 1.164577604431077011e-27 6.050212494542856657e-24 2.027490320955226220e-03 0.000000000000000000e+00
7.650367115538547758e-01 2.329357981251901910e-01 1.164577604431077011e-27 6.050212494542856657e-24 2.027490320955226220e-03 0.000000000000000000e+00
7.650367115538547758e-01 2.329357981251901910e-01 1.164577604431077011e-27 6.050212494542856657e-24 2.027490320955226220e-03 0.000000000000000000e+00
7.650367115538547758e-01 2.329357981251901910e-01 1.164577604431077011e-27 6.050212494542856657e-24 2.027490320955226220e-03 0.000000000000000000e+00
7.650367115538547758e-01 2.329357981251901910e-01 1.164577604431077011e-27 6.050212494542856657e-24 2.027490320955226220e-03 0.000000000000000000e+00
7.650367115538547758e-01 2.329357981251901910e-01 1.164577604431077011e-27 6.050212494542856657e-24 2.027490320955226220e-03 0.000000000000000000e+00
7.650367115538547758e-01 2.329357981251901910e-01 1.164577604431077011e-27 6.050212494542856657e-24 2.027490320955226220e-03 0.000000000000000000e+00
7.650367115538547758e-01 2.329357981251901910e-01 1.164577604431077011e-27 6.050212494542856657e-24 2.027490320955226220e-03 0.000000000000000000e+00
7.650367115538547758e-01 2.329357981251901910e-01 1.164577604431077011e-27 6.050212494542856657e-24 2.027490320955226220e-03 0.000000000000000000e+00
7.650367115538547758e-01 2.329357981251901910e-01 1.164577604431077011e-27 6.050212494542856657e-24 2.027490320955226220e-03 0.000000000000000000e+00
7.650367115538547758e-01 2.329357981251901910e-01 1.164577604431077011e-27 6.050212494542856657e-24 2.027490320955226220e-03 0.000000000000000000e+00
7.650367115538547758e-01 2.329357981251901910e-01 1.164577604431077011e-27 6.050212494542856657e-24 2.027490320955226220e-03 0.000000000000000000e+00
7.650367115538547758e-01 2.329357981251901910e-01 1.164577604431077011e-27 6.050212494542856657e-24 2.027490320955226220e-03 0.000000000000000000e+00
7.650367115538547758e-01 2.329357981251901910e-01 1.164577604431077011e-27 6.050212494542856657e-24 2.027490320955226220e-03 0.000000000000000000e+00
7.650367115538547758e-01 2.329357981251901910e-01 1.164577604431077011e-27 6.050212494542856657e-24 2.027490320955226220e-03 0.000000000000000000e+00
7.650367115538547758e-01 2.329357981251901910e-01 1.164577604431077011e-27 6.050212494542856657e-24 2.027490320955226220e-03 0.000000000000000000e+00
7.650367115538547758e-01 2.329357981251901910e-01 1.164577604431077011e-27 6.050212494542856657e-24 2.027490320955226220e-03 0.000000000000000000e+00
7.650367115538547758e-01 2.329357981251901910e-01 1.164577604431077011e-27 6.050212494542856657e-24 2.027490320955226220e-03 0.000000000000000000e+00
7.650367115538547758e-01 2.329357981251901910e-01 1.164577604431077011e-27 6.050212494542856657e-24 2.027490320955226220e-03 0.000000000000000000e+00
7.650367115538547758e-01 2.329357981251901910e-01 1.164577604431077011e-27 6.050212494542856657e-24 2.027490320955226220e-03 0.000000000000000000e+00
7.650367115538547758e-01 2.329357981251901910e-01 1.164577604431077011e-27 6.050212494542856657e-24 2.027490320955226220e-03 0.000000000000000000e+00
7.650367115538547758e-01 2.329357981251901910e-01 1.164577604431077011e-27 6.050212494542856657e-24 2.027490320955226220e-03 0.000000000000000000e+00
7.650367115538547758e-01 2.329357981251901910e-01 1.164577604431077011e-27 6.050212494542856657e-24 2.027490320955226220e-03 0.000000000000000000e+00
7.650367115538547758e-01 2.329357981251901910e-01 1.164577604431077011e-27 6.050212494542856657e-24 2.027490320955226220e-03 0.000000000000000000e+00
7.650367115538547758e-01 2.329357981251901910e-01 1.164577604431077011e-27 6.050212494542856657e-24 2.027490320955226220e-03 0.000000000000000000e+00
7.650367115538547758e-01 2.329357981251901910e-01 1.164577604431077011e-27 6.050212494542856657e-24 2.027490320955226220e-03 0.000000000000000000e+00
7.650367115538547758e-01 2.329357981251901910e-01 1.164577604431077011e-27 6.050212494542856657e-24 2.027490320955226220e-03 0.000000000000000000e+00
7.650367115538547758e-01 2.329357981251901910e-01 1.164577604431077011e-27 6.050212494542856657e-24 2.027490320955226220e-03 0.000000000000000000e+00
7.650367115538547758e-01 2.329357981251901910e-01 1.164577604431077011e-27 6.050212494542856657e-24 2.027490320955226220e-03 0.000000000000000000e+00
7.650367115538547758e-01 2.329357981251901910e-01 1.164577604431077011e-27 6.050212494542856657e-24 2.027490320955226220e-03 0.000000000000000000e+00
7.650367115538547758e-01 2.329357981251901910e-01 1.164577604431077011e-27 6.050212494542856657e-24 2.027490320955226220e-03 0.000000000000000000e+00
7.650367115538547758e-01 2.329357981251901910e-01 1.164577604431077011e-27 6.050212494542856657e-24 2.027490320955226220e-03 0.000000000000000000e+00
7.650367115538547758e-01 2.329357981251901910e-01 1.164577604431077011e-27 6.050212494542856657e-24 2.027490320955226220e-03 0.000000000000000000e+00
7.650367115538547758e-01 2.329357981251901910e-01 1.164577604431077011e-27 6.050212494542856657e-24 2.027490320955226220e-03 0.000000000000000000e+00
7.650367115538547758e-01 2.329357981251901910e-01 1.164577604431077011e-27 6.050212494542856657e-24 2.027490320955226220e-03 0.000000000000000000e+00
7.650367115538547758e-01 2.329357981251901910e-01 1.164577604431077011e-27 6.050212494542856657e-24 2.027490320955226220e-03 0.000000000000000000e+00
7.650367115538547758e-01 2.329357981251901910e-01 1.164577604431077011e-27 6.050212494542856657e-24 2.027490320955226220e-03 0.000000000000000000e+00
7.650367115538547758e-01 2.329357981251901910e-01 1.164577604431077011e-27 6.050212494542856657e-24 2.027490320955226220e-03 0.000000000000000000e+00
7.650367115538547758e-01 2.329357981251901910e-01 1.164577604431077011e-27 6.050212494542856657e-24 2.027490320955226220e-03 0.000000000000000000e+00
7.650367115538547758e-01 2.329357981251901910e-01 1.164577604431077011e-27 6.050212494542856657e-24 2.027490320955226220e-03 0.000000000000000000e+00
7.650367115538547758e-01 2.329357981251901910e-01 1.164577604431077011e-27 6.050212494542856657e-24 2.027490320955226220e-03 0.000000000000000000e+00
7.650367115538547758e-01 2.329357981251901910e-01 1.164577604431077011e-27 6.050212494542856657e-24 2.027490320955226220e-03 0.000000000000000000e+00
7.650367115538547758e-01 2.329357981251901910e-01 1.164577604431077011e-27 6.050212494542856657e-24 2.027490320955226220e-03 0.000000000000000000e+00
7.650367115538547758e-01 2.329357981251901910e-01 1.164577604431077011e-27 6.050212494542856657e-24 2.027490320955226220e-03 0.000000000000000000e+00
7.650367115538547758e-01 2.329357981251901910e-01 1.164577604431077011e-27 6.050212494542856657e-24 2.027490320955226220e-03 0.000000000000000000e+00
7.650367115538547758e-01 2.329357981251901910e-01 1.164577604431077011e-27 6.050212494542856657e-24 2.027490320955226220e-03 0.000000000000000000e+00
7.650367115538547758e-01 2.329357981251901910e-01 1.164577604431077011e-27 6.050212494542856657e-24 2.027490320955226220e-03 0.000000000000000000e+00
