7.426247204563204418e-01 2.524889356739127289e-01 2.648714211826424289e-09 4.913215088100230793e-09 4.886336307837653610e-03 0.000000000000000000e+00
7.426247184957118774e-01 2.524889385975891409e-01 2.175576837021588588e-09 4.208568409454337307e-09 4.886336513806425162e-03 0.000000000000000000e+00
7.426247166921753351e-01 2.524889397170806404e-01 1.555467056135828188e-09 3.231933307584607884e-09 4.886338800195835427e-03 0.000000000000000000e+00
7.426247114970581098e-01 2.524889453497697334e-01 1.105668964030078215e-09 2.470316066569792712e-09 4.886339575178827270e-03 0.000000000000000000e+00
7.426247114970582208e-01 2.524889453497697889e-01 7.812826211974359630e-10 1.879130447954036627e-09 4.886340487633417454e-03 0.000000000000000000e+00
7.426247114970583318e-01 2.524889453497697889e-01 5.488129775525575755e-10 1.422614456961293008e-09 4.886341175752251936e-03 0.000000000000000000e+00
7.426247114970582208e-01 2.524889453497697334e-01 3.832190517237514455e-10 1.071819846576048685e-09 4.886341692921791768e-03 0.000000000000000000e+00
7.426247114970582208e-01 2.524889453497697889e-01 2.659815511892034698e-10 8.036011557240070698e-10 4.886342080205525497e-03 0.000000000000000000e+00
7.426247114970582208e-01 2.524889453497697334e-01 1.834913931722155404e-10 5.995504224022124998e-10 4.886342369088770080e-03 0.000000000000000000e+00
7.426247114970582208e-01 2.524889453497697889e-01 1.257819918874226481e-10 4.450202438517032055e-10 4.886342581207529269e-03 0.000000000000000000e+00
7.426247114970581098e-01 2.524889453497697334e-01 8.567644618372429606e-11 3.286277777203631964e-10 4.886342737126818901e-03 0.000000000000000000e+00
7.426247114970582208e-01 2.524889453497697889e-01 5.799760301281003490e-11 2.414637694566477037e-10 4.886342852509449435e-03 0.000000000000000000e+00
7.426247114970581098e-01 2.524889453497697334e-01 3.901674658952925759e-11 1.765273956169214197e-10 4.886342937475766403e-03 0.000000000000000000e+00
7.426247114970581098e-01 2.524889453497697334e-01 2.606719227835788701e-11 1.283364714408982053e-10 4.886342998130827238e-03 0.000000000000000000e+00
7.426247114970582208e-01 2.524889453497697889e-01 1.730324063888322497e-11 9.281486535532070323e-11 4.886343042501636348e-03 0.000000000000000000e+00
7.426247114970581098e-01 2.524889453497697334e-01 1.141262526826941887e-11 6.677940904506499599e-11 4.886343074916882183e-03 0.000000000000000000e+00
7.426247114970581098e-01 2.524889453497697334e-01 7.472885554786893734e-12 4.776588171213860185e-11 4.886343097638813290e-03 0.000000000000000000e+00
7.426247114970582208e-01 2.524889453497697889e-01 4.860930754770605045e-12 3.398383049290964658e-11 4.886343114139995655e-03 0.000000000000000000e+00
7.426247114970581098e-01 2.524889453497697334e-01 3.140265640319631530e-12 2.404446682690769924e-11 4.886343125901564804e-03 0.000000000000000000e+00
7.426247114970582208e-01 2.524889453497697889e-01 2.013787523519591293e-12 1.691110286177241644e-11 4.886343134120362842e-03 0.000000000000000000e+00
7.426247114970582208e-01 2.524889453497697334e-01 1.282897148516986015e-12 1.183068187203736994e-11 4.886343140055020122e-03 0.000000000000000000e+00
7.426247114970582208e-01 2.524889453497697889e-01 8.107955085715371873e-13 8.223412603211109364e-12 4.886343144069105193e-03 0.000000000000000000e+00
7.426247114970582208e-01 2.524889453497697334e-01 5.090645380486848420e-13 5.685709407184170320e-12 4.886343146969459629e-03 0.000000000000000000e+00
7.426247114970582208e-01 2.524889453497697334e-01 3.170598075529105432e-13 3.905656517207042747e-12 4.886343148913755915e-03 0.000000000000000000e+00
7.426247114970582208e-01 2.524889453497697889e-01 1.961460457531019300e-13 2.668303777612394306e-12 4.886343150305284301e-03 0.000000000000000000e+00
7.426247114970582208e-01 2.524889453497697889e-01 1.203341081712328196e-13 1.810685542940692107e-12 4.886343151222964296e-03 0.000000000000000000e+00
7.426247114970582208e-01 2.524889453497697334e-01 7.331490185670935495e-14 1.221859227619091677e-12 4.886343151873499477e-03 0.000000000000000000e+00
7.426247114970582208e-01 2.524889453497697889e-01 4.429196945918187734e-14 8.189018983034411137e-13 4.886343152300669061e-03 0.000000000000000000e+00
7.426247114970582208e-01 2.524889453497697334e-01 2.656011777874272313e-14 5.455482344123091812e-13 4.886343152595345671e-03 0.000000000000000000e+00
7.426247114970581098e-01 2.524889453497697334e-01 1.579948756251844192e-14 3.610864520706417361e-13 4.886343152792738988e-03 0.000000000000000000e+00
7.426247114970582208e-01 2.524889453497697889e-01 9.320132948136044455e-15 2.373838133237721012e-13 4.886343152922289872e-03 0.000000000000000000e+00
7.426247114970581098e-01 2.524889453497697334e-01 5.456364372347012832e-15 1.551045129768276636e-13 4.886343153010743422e-03 0.000000000000000000e+00
7.426247114970582208e-01 2.524889453497697334e-01 3.165886350621992884e-15 1.006126922770371279e-13 4.886343153067164435e-03 0.000000000000000000e+00
7.426247114970582208e-01 2.524889453497697334e-01 1.821800820999554600e-15 6.483072628117925408e-14 4.886343153104398540e-03 0.000000000000000000e+00
7.426247114970582208e-01 2.524889453497697334e-01 1.039979121506911240e-15 4.150430709747287212e-14 4.886343153129212025e-03 0.000000000000000000e+00
7.426247114970582208e-01 2.524889453497697334e-01 5.882105377676398457e-16 2.637289600622241312e-14 4.886343153144756014e-03 0.000000000000000000e+00
7.426247114970582208e-01 2.524889453497697334e-01 3.297941166484228076e-16 1.663989966375397894e-14 4.886343153154734144e-03 0.000000000000000000e+00
7.426247114970582208e-01 2.524889453497697334e-01 1.833589709684585242e-16 1.042775663137953577e-14 4.886343153161229816e-03 0.000000000000000000e+00
7.426247114970581098e-01 2.524889453497697334e-01 1.010672723874568942e-16 6.489291782088053933e-15 4.886343153165387081e-03 0.000000000000000000e+00
7.426247114970582208e-01 2.524889453497697889e-01 5.515105351320405511e-17 4.005649320462872067e-15 4.886343153167865133e-03 0.000000000000000000e+00
7.426247114970581098e-01 2.524889453497697334e-01 2.983002778287574962e-17 2.454932440952568269e-15 4.886343153169448936e-03 0.000000000000000000e+00
7.426247114970582208e-01 2.524889453497697334e-01 1.598985513860650987e-17 1.493633217571180682e-15 4.886343153170448136e-03 0.000000000000000000e+00
7.426247114970582208e-01 2.524889453497697889e-01 8.492975150908028888e-18 9.020532019381698613e-16 4.886343153171063096e-03 0.000000000000000000e+00
7.426247114970581098e-01 2.524889453497697334e-01 4.467366188041378187e-18 5.405093659217688777e-16 4.886343153171432592e-03 0.000000000000000000e+00
7.426247114970582208e-01 2.524889453497697889e-01 2.325850037214935591e-18 3.211917956091815353e-16 4.886343153171657239e-03 0.000000000000000000e+00
7.426247114970583318e-01 2.524889453497697334e-01 1.199294434260747771e-18 1.893818497518778982e-16 4.886343153171787343e-03 0.000000000000000000e+00
7.426247114970583318e-01 2.524889453497697334e-01 6.123711630339992365e-19 1.107819038219511033e-16 4.886343153171872344e-03 0.000000000000000000e+00
7.426247114970581098e-01 2.524889453497697334e-01 3.095841413453554215e-19 6.428345886719866088e-17 4.886343153171917447e-03 0.000000000000000000e+00
7.426247114970582208e-01 2.524889453497697889e-01 1.549342279223160066e-19 3.699750710579979844e-17 4.886343153171946938e-03 0.000000000000000000e+00
7.426247114970582208e-01 2.524889453497697889e-01 7.674495221296197636e-20 2.111693722146863864e-17 4.886343153171962550e-03 0.000000000000000000e+00
7.426247114970582208e-01 2.524889453497697889e-01 6.944968585094724792e-20 1.949854065608976661e-17 4.886343153171962550e-03 0.000000000000000000e+00
7.426247114970582208e-01 2.524889453497697889e-01 6.944968585094724792e-20 1.949854065608976661e-17 4.886343153171962550e-03 0.000000000000000000e+00
7.426247114970582208e-01 2.524889453497697889e-01 6.944968585094724792e-20 1.949854065608976661e-17 4.886343153171962550e-03 0.000000000000000000e+00
7.426247114970582208e-01 2.524889453497697889e-01 6.944968585094724792e-20 1.949854065608976661e-17 4.886343153171962550e-03 0.000000000000000000e+00
7.426247114970582208e-01 2.524889453497697889e-01 6.944968585094724792e-20 1.949854065608976661e-17 4.886343153171962550e-03 0.000000000000000000e+00
7.426247114970582208e-01 2.524889453497697889e-01 6.944968585094724792e-20 1.949854065608976661e-17 4.886343153171962550e-03 0.000000000000000000e+00
7.426247114970582208e-01 2.524889453497697889e-01 6.944968585094724792e-20 1.949854065608976661e-17 4.886343153171962550e-03 0.000000000000000000e+00
7.426247114970582208e-01 2.524889453497697889e-01 6.944968585094724792e-20 1.949854065608976661e-17 4.886343153171962550e-03 0.000000000000000000e+00
7.426247114970582208e-01 2.524889453497697889e-01 6.944968585094724792e-20 1.949854065608976661e-17 4.886343153171962550e-03 0.000000000000000000e+00
7.426247114970582208e-01 2.524889453497697889e-01 6.944968585094724792e-20 1.949854065608976661e-17 4.886343153171962550e-03 0.000000000000000000e+00
7.426247114970582208e-01 2.524889453497697889e-01 6.944968585094724792e-20 1.949854065608976661e-17 4.886343153171962550e-03 0.000000000000000000e+00
7.426247114970582208e-01 2.524889453497697889e-01 6.944968585094724792e-20 1.949854065608976661e-17 4.886343153171962550e-03 0.000000000000000000e+00
7.426247114970582208e-01 2.524889453497697889e-01 6.944968585094724792e-20 1.949854065608976661e-17 4.886343153171962550e-03 0.000000000000000000e+00
7.426247114970582208e-01 2.524889453497697889e-01 6.944968585094724792e-20 1.949854065608976661e-17 4.886343153171962550e-03 0.000000000000000000e+00
7.426247114970582208e-01 2.524889453497697889e-01 6.944968585094724792e-20 1.949854065608976661e-17 4.886343153171962550e-03 0.000000000000000000e+00
7.426247114970582208e-01 2.524889453497697889e-01 6.944968585094724792e-20 1.949854065608976661e-17 4.886343153171962550e-03 0.000000000000000000e+00
7.426247114970582208e-01 2.524889453497697889e-01 6.944968585094724792e-20 1.949854065608976661e-17 4.886343153171962550e-03 0.000000000000000000e+00
7.426247114970582208e-01 2.524889453497697889e-01 6.944968585094724792e-20 1.949854065608976661e-17 4.886343153171962550e-03 0.000000000000000000e+00
7.426247114970582208e-01 2.524889453497697889e-01 6.944968585094724792e-20 1.949854065608976661e-17 4.886343153171962550e-03 0.000000000000000000e+00
7.426247114970582208e-01 2.524889453497697889e-01 6.944968585094724792e-20 1.949854065608976661e-17 4.886343153171962550e-03 0.000000000000000000e+00
7.426247114970582208e-01 2.524889453497697889e-01 6.944968585094724792e-20 1.949854065608976661e-17 4.886343153171962550e-03 0.000000000000000000e+00
7.426247114970582208e-01 2.524889453497697889e-01 6.944968585094724792e-20 1.949854065608976661e-17 4.886343153171962550e-03 0.000000000000000000e+00
7.426247114970582208e-01 2.524889453497697889e-01 6.944968585094724792e-20 1.949854065608976661e-17 4.886343153171962550e-03 0.000000000000000000e+00
7.426247114970582208e-01 2.524889453497697889e-01 6.944968585094724792e-20 1.949854065608976661e-17 4.886343153171962550e-03 0.000000000000000000e+00
7.426247114970582208e-01 2.524889453497697889e-01 6.944968585094724792e-20 1.949854065608976661e-17 4.886343153171962550e-03 0.000000000000000000e+00
7.426247114970582208e-01 2.524889453497697889e-01 6.944968585094724792e-20 1.949854065608976661e-17 4.886343153171962550e-03 0.000000000000000000e+00
7.426247114970582208e-01 2.524889453497697889e-01 6.944968585094724792e-20 1.949854065608976661e-17 4.886343153171962550e-03 0.000000000000000000e+00
7.426247114970582208e-01 2.524889453497697889e-01 6.944968585094724792e-20 1.949854065608976661e-17 4.886343153171962550e-03 0.000000000000000000e+00
7.426247114970582208e-01 2.524889453497697889e-01 6.944968585094724792e-20 1.949854065608976661e-17 4.886343153171962550e-03 0.000000000000000000e+00
7.426247114970582208e-01 2.524889453497697889e-01 6.944968585094724792e-20 1.949854065608976661e-17 4.886343153171962550e-03 0.000000000000000000e+00
7.426247114970582208e-01 2.524889453497697889e-01 6.944968585094724792e-20 1.949854065608976661e-17 4.886343153171962550e-03 0.000000000000000000e+00
7.426247114970582208e-01 2.524889453497697889e-01 6.944968585094724792e-20 1.949854065608976661e-17 4.886343153171962550e-03 0.000000000000000000e+00
7.426247114970582208e-01 2.524889453497697889e-01 6.944968585094724792e-20 1.949854065608976661e-17 4.886343153171962550e-03 0.000000000000000000e+00
7.426247114970582208e-01 2.524889453497697889e-01 6.944968585094724792e-20 1.949854065608976661e-17 4.886343153171962550e-03 0.000000000000000000e+00
7.426247114970582208e-01 2.524889453497697889e-01 6.944968585094724792e-20 1.949854065608976661e-17 4.886343153171962550e-03 0.000000000000000000e+00
7.426247114970582208e-01 2.524889453497697889e-01 6.944968585094724792e-20 1.949854065608976661e-17 4.886343153171962550e-03 0.000000000000000000e+00
7.426247114970582208e-01 2.524889453497697889e-01 6.944968585094724792e-20 1.949854065608976661e-17 4.886343153171962550e-03 0.000000000000000000e+00
7.426247114970582208e-01 2.524889453497697889e-01 6.944968585094724792e-20 1.949854065608976661e-17 4.886343153171962550e-03 0.000000000000000000e+00
7.426247114970582208e-01 2.524889453497697889e-01 6.944968585094724792e-20 1.949854065608976661e-17 4.886343153171962550e-03 0.000000000000000000e+00
7.426247114970582208e-01 2.524889453497697889e-01 6.944968585094724792e-20 1.949854065608976661e-17 4.886343153171962550e-03 0.000000000000000000e+00
7.426247114970582208e-01 2.524889453497697889e-01 6.944968585094724792e-20 1.949854065608976661e-17 4.886343153171962550e-03 0.000000000000000000e+00
7.426247114970582208e-01 2.524889453497697889e-01 6.944968585094724792e-20 1.949854065608976661e-17 4.886343153171962550e-03 0.000000000000000000e+00
7.426247114970582208e-01 2.524889453497697889e-01 6.944968585094724792e-20 1.949854065608976661e-17 4.886343153171962550e-03 0.000000000000000000e+00
7.426247114970582208e-01 2.524889453497697889e-01 6.944968585094724792e-20 1.949854065608976661e-17 4.886343153171962550e-03 0.000000000000000000e+00
7.426247114970582208e-01 2.524889453497697889e-01 6.944968585094724792e-20 1.949854065608976661e-17 4.886343153171962550e-03 0.000000000000000000e+00
7.426247114970582208e-01 2.524889453497697889e-01 6.944968585094724792e-20 1.949854065608976661e-17 4.886343153171962550e-03 0.000000000000000000e+00
7.426247114970582208e-01 2.524889453497697889e-01 6.944968585094724792e-20 1.949854065608976661e-17 4.886343153171962550e-03 0.000000000000000000e+00
7.426247114970582208e-01 2.524889453497697889e-01 6.944968585094724792e-20 1.949854065608976661e-17 4.886343153171962550e-03 0.000000000000000000e+00
7.426247114970582208e-01 2.524889453497697889e-01 6.944968585094724792e-20 1.949854065608976661e-17 4.886343153171962550e-03 0.000000000000000000e+00
7.426247114970582208e-01 2.524889453497697889e-01 6.944968585094724792e-20 1.949854065608976661e-17 4.886343153171962550e-03 0.000000000000000000e+00
7.426247114970582208e-01 2.524889453497697889e-01 6.944968585094724792e-20 1.949854065608976661e-17 4.886343153171962550e-03 0.000000000000000000e+00
7.426247114970582208e-01 2.524889453497697889e-01 6.944968585094724792e-20 1.949854065608976661e-17 4.886343153171962550e-03 0.000000000000000000e+00
7.426247114970582208e-01 2.524889453497697889e-01 6.944968585094724792e-20 1.949854065608976661e-17 4.886343153171962550e-03 0.000000000000000000e+00
7.426247114970582208e-01 2.524889453497697889e-01 6.944968585094724792e-20 1.949854065608976661e-17 4.886343153171962550e-03 0.000000000000000000e+00
7.426247114970582208e-01 2.524889453497697889e-01 6.944968585094724792e-20 1.949854065608976661e-17 4.886343153171962550e-03 0.000000000000000000e+00
7.426247114970582208e-01 2.524889453497697889e-01 6.944968585094724792e-20 1.949854065608976661e-17 4.886343153171962550e-03 0.000000000000000000e+00
7.426247114970582208e-01 2.524889453497697889e-01 6.944968585094724792e-20 1.949854065608976661e-17 4.886343153171962550e-03 0.000000000000000000e+00
7.426247114970582208e-01 2.524889453497697889e-01 6.944968585094724792e-20 1.949854065608976661e-17 4.886343153171962550e-03 0.000000000000000000e+00
7.426247114970582208e-01 2.524889453497697889e-01 6.944968585094724792e-20 1.949854065608976661e-17 4.886343153171962550e-03 0.000000000000000000e+00
7.426247114970582208e-01 2.524889453497697889e-01 6.944968585094724792e-20 1.949854065608976661e-17 4.886343153171962550e-03 0.000000000000000000e+00
7.426247114970582208e-01 2.524889453497697889e-01 6.944968585094724792e-20 1.949854065608976661e-17 4.886343153171962550e-03 0.000000000000000000e+00
7.426247114970582208e-01 2.524889453497697889e-01 6.944968585094724792e-20 1.949854065608976661e-17 4.886343153171962550e-03 0.000000000000000000e+00
7.426247114970582208e-01 2.524889453497697889e-01 6.944968585094724792e-20 1.949854065608976661e-17 4.886343153171962550e-03 0.000000000000000000e+00
7.426247114970582208e-01 2.524889453497697889e-01 6.944968585094724792e-20 1.949854065608976661e-17 4.886343153171962550e-03 0.000000000000000000e+00
7.426247114970582208e-01 2.524889453497697889e-01 6.944968585094724792e-20 1.949854065608976661e-17 4.886343153171962550e-03 0.000000000000000000e+00
7.426247114970582208e-01 2.524889453497697889e-01 6.944968585094724792e-20 1.949854065608976661e-17 4.886343153171962550e-03 0.000000000000000000e+00
7.426247114970582208e-01 2.524889453497697889e-01 6.944968585094724792e-20 1.949854065608976661e-17 4.886343153171962550e-03 0.000000000000000000e+00
7.426247114970582208e-01 2.524889453497697889e-01 6.944968585094724792e-20 1.949854065608976661e-17 4.886343153171962550e-03 0.000000000000000000e+00
7.426247114970582208e-01 2.524889453497697889e-01 6.944968585094724792e-20 1.949854065608976661e-17 4.886343153171962550e-03 0.000000000000000000e+00
7.426247114970582208e-01 2.524889453497697889e-01 6.944968585094724792e-20 1.949854065608976661e-17 4.886343153171962550e-03 0.000000000000000000e+00
7.426247114970582208e-01 2.524889453497697889e-01 6.944968585094724792e-20 1.949854065608976661e-17 4.886343153171962550e-03 0.000000000000000000e+00
7.426247114970582208e-01 2.524889453497697889e-01 6.944968585094724792e-20 1.949854065608976661e-17 4.886343153171962550e-03 0.000000000000000000e+00
7.426247114970582208e-01 2.524889453497697889e-01 6.944968585094724792e-20 1.949854065608976661e-17 4.886343153171962550e-03 0.000000000000000000e+00
7.426247114970582208e-01 2.524889453497697889e-01 6.944968585094724792e-20 1.949854065608976661e-17 4.886343153171962550e-03 0.000000000000000000e+00
7.426247114970582208e-01 2.524889453497697889e-01 6.944968585094724792e-20 1.949854065608976661e-17 4.886343153171962550e-03 0.000000000000000000e+00
7.426247114970582208e-01 2.524889453497697889e-01 6.944968585094724792e-20 1.949854065608976661e-17 4.886343153171962550e-03 0.000000000000000000e+00
7.426247114970582208e-01 2.524889453497697889e-01 6.944968585094724792e-20 1.949854065608976661e-17 4.886343153171962550e-03 0.000000000000000000e+00
7.426247114970582208e-01 2.524889453497697889e-01 6.944968585094724792e-20 1.949854065608976661e-17 4.886343153171962550e-03 0.000000000000000000e+00
7.426247114970582208e-01 2.524889453497697889e-01 6.944968585094724792e-20 1.949854065608976661e-17 4.886343153171962550e-03 0.000000000000000000e+00
7.426247114970582208e-01 2.524889453497697889e-01 6.944968585094724792e-20 1.949854065608976661e-17 4.886343153171962550e-03 0.000000000000000000e+00
7.426247114970582208e-01 2.524889453497697889e-01 6.944968585094724792e-20 1.949854065608976661e-17 4.886343153171962550e-03 0.000000000000000000e+00
7.426247114970582208e-01 2.524889453497697889e-01 6.944968585094724792e-20 1.949854065608976661e-17 4.886343153171962550e-03 0.000000000000000000e+00
7.426247114970582208e-01 2.524889453497697889e-01 6.944968585094724792e-20 1.949854065608976661e-17 4.886343153171962550e-03 0.000000000000000000e+00
7.426247114970582208e-01 2.524889453497697889e-01 6.944968585094724792e-20 1.949854065608976661e-17 4.886343153171962550e-03 0.000000000000000000e+00
7.426247114970582208e-01 2.524889453497697889e-01 6.944968585094724792e-20 1.949854065608976661e-17 4.886343153171962550e-03 0.000000000000000000e+00
7.426247114970582208e-01 2.524889453497697889e-01 6.944968585094724792e-20 1.949854065608976661e-17 4.886343153171962550e-03 0.000000000000000000e+00
7.426247114970582208e-01 2.524889453497697889e-01 6.944968585094724792e-20 1.949854065608976661e-17 4.886343153171962550e-03 0.000000000000000000e+00
7.426247114970582208e-01 2.524889453497697889e-01 6.944968585094724792e-20 1.949854065608976661e-17 4.886343153171962550e-03 0.000000000000000000e+00
7.426247114970582208e-01 2.524889453497697889e-01 6.944968585094724792e-20 1.949854065608976661e-17 4.886343153171962550e-03 0.000000000000000000e+00
7.426247114970582208e-01 2.524889453497697889e-01 6.944968585094724792e-20 1.949854065608976661e-17 4.886343153171962550e-03 0.000000000000000000e+00
7.426247114970582208e-01 2.524889453497697889e-01 6.944968585094724792e-20 1.949854065608976661e-17 4.886343153171962550e-03 0.000000000000000000e+00
7.426247114970582208e-01 2.524889453497697889e-01 6.944968585094724792e-20 1.949854065608976661e-17 4.886343153171962550e-03 0.000000000000000000e+00
7.426247114970582208e-01 2.524889453497697889e-01 6.944968585094724792e-20 1.949854065608976661e-17 4.886343153171962550e-03 0.000000000000000000e+00
7.426247114970582208e-01 2.524889453497697889e-01 6.944968585094724792e-20 1.949854065608976661e-17 4.886343153171962550e-03 0.000000000000000000e+00
7.426247114970582208e-01 2.524889453497697889e-01 6.944968585094724792e-20 1.949854065608976661e-17 4.886343153171962550e-03 0.000000000000000000e+00
7.426247114970582208e-01 2.524889453497697889e-01 6.944968585094724792e-20 1.949854065608976661e-17 4.886343153171962550e-03 0.000000000000000000e+00
7.426247114970582208e-01 2.524889453497697889e-01 6.944968585094724792e-20 1.949854065608976661e-17 4.886343153171962550e-03 0.000000000000000000e+00
7.426247114970582208e-01 2.524889453497697889e-01 6.944968585094724792e-20 1.949854065608976661e-17 4.886343153171962550e-03 0.000000000000000000e+00
7.426247114970582208e-01 2.524889453497697889e-01 6.944968585094724792e-20 1.949854065608976661e-17 4.886343153171962550e-03 0.000000000000000000e+00
7.426247114970582208e-01 2.524889453497697889e-01 6.944968585094724792e-20 1.949854065608976661e-17 4.886343153171962550e-03 0.000000000000000000e+00
7.426247114970582208e-01 2.524889453497697889e-01 6.944968585094724792e-20 1.949854065608976661e-17 4.886343153171962550e-03 0.000000000000000000e+00
7.426247114970582208e-01 2.524889453497697889e-01 6.944968585094724792e-20 1.949854065608976661e-17 4.886343153171962550e-03 0.000000000000000000e+00
7.426247114970582208e-01 2.524889453497697889e-01 6.944968585094724792e-20 1.949854065608976661e-17 4.886343153171962550e-03 0.000000000000000000e+00
7.426247114970582208e-01 2.524889453497697889e-01 6.944968585094724792e-20 1.949854065608976661e-17 4.886343153171962550e-03 0.000000000000000000e+00
7.426247114970582208e-01 2.524889453497697889e-01 6.944968585094724792e-20 1.949854065608976661e-17 4.886343153171962550e-03 0.000000000000000000e+00
7.426247114970582208e-01 2.524889453497697889e-01 6.944968585094724792e-20 1.949854065608976661e-17 4.886343153171962550e-03 0.000000000000000000e+00
7.426247114970582208e-01 2.524889453497697889e-01 6.944968585094724792e-20 1.949854065608976661e-17 4.886343153171962550e-03 0.000000000000000000e+00
7.426247114970582208e-01 2.524889453497697889e-01 6.944968585094724792e-20 1.949854065608976661e-17 4.886343153171962550e-03 0.000000000000000000e+00
7.426247114970582208e-01 2.524889453497697889e-01 6.944968585094724792e-20 1.949854065608976661e-17 4.886343153171962550e-03 0.000000000000000000e+00
7.426247114970582208e-01 2.524889453497697889e-01 6.944968585094724792e-20 1.949854065608976661e-17 4.886343153171962550e-03 0.000000000000000000e+00
7.426247114970582208e-01 2.524889453497697889e-01 6.944968585094724792e-20 1.949854065608976661e-17 4.886343153171962550e-03 0.000000000000000000e+00
7.426247114970582208e-01 2.524889453497697889e-01 6.944968585094724792e-20 1.949854065608976661e-17 4.886343153171962550e-03 0.000000000000000000e+00
7.426247114970582208e-01 2.524889453497697889e-01 6.944968585094724792e-20 1.949854065608976661e-17 4.886343153171962550e-03 0.000000000000000000e+00
7.426247114970582208e-01 2.524889453497697889e-01 6.944968585094724792e-20 1.949854065608976661e-17 4.886343153171962550e-03 0.000000000000000000e+00
7.426247114970582208e-01 2.524889453497697889e-01 6.944968585094724792e-20 1.949854065608976661e-17 4.886343153171962550e-03 0.000000000000000000e+00
7.426247114970582208e-01 2.524889453497697889e-01 6.944968585094724792e-20 1.949854065608976661e-17 4.886343153171962550e-03 0.000000000000000000e+00
7.426247114970582208e-01 2.524889453497697889e-01 6.944968585094724792e-20 1.949854065608976661e-17 4.886343153171962550e-03 0.000000000000000000e+00
7.426247114970582208e-01 2.524889453497697889e-01 6.944968585094724792e-20 1.949854065608976661e-17 4.886343153171962550e-03 0.000000000000000000e+00
7.426247114970582208e-01 2.524889453497697889e-01 6.944968585094724792e-20 1.949854065608976661e-17 4.886343153171962550e-03 0.000000000000000000e+00
7.426247114970582208e-01 2.524889453497697889e-01 6.944968585094724792e-20 1.949854065608976661e-17 4.886343153171962550e-03 0.000000000000000000e+00
7.426247114970582208e-01 2.524889453497697889e-01 6.944968585094724792e-20 1.949854065608976661e-17 4.886343153171962550e-03 0.000000000000000000e+00
7.426247114970582208e-01 2.524889453497697889e-01 6.944968585094724792e-20 1.949854065608976661e-17 4.886343153171962550e-03 0.000000000000000000e+00
7.426247114970582208e-01 2.524889453497697889e-01 6.944968585094724792e-20 1.949854065608976661e-17 4.886343153171962550e-03 0.000000000000000000e+00
7.426247114970582208e-01 2.524889453497697889e-01 6.944968585094724792e-20 1.949854065608976661e-17 4.886343153171962550e-03 0.000000000000000000e+00
7.426247114970582208e-01 2.524889453497697889e-01 6.944968585094724792e-20 1.949854065608976661e-17 4.886343153171962550e-03 0.000000000000000000e+00
7.426247114970582208e-01 2.524889453497697889e-01 6.944968585094724792e-20 1.949854065608976661e-17 4.886343153171962550e-03 0.000000000000000000e+00
7.426247114970582208e-01 2.524889453497697889e-01 6.944968585094724792e-20 1.949854065608976661e-17 4.886343153171962550e-03 0.000000000000000000e+00
7.426247114970582208e-01 2.524889453497697889e-01 6.944968585094724792e-20 1.949854065608976661e-17 4.886343153171962550e-03 0.000000000000000000e+00
7.426247114970582208e-01 2.524889453497697889e-01 6.944968585094724792e-20 1.949854065608976661e-17 4.886343153171962550e-03 0.000000000000000000e+00
7.426247114970582208e-01 2.524889453497697889e-01 6.944968585094724792e-20 1.949854065608976661e-17 4.886343153171962550e-03 0.000000000000000000e+00
7.426247114970582208e-01 2.524889453497697889e-01 6.944968585094724792e-20 1.949854065608976661e-17 4.886343153171962550e-03 0.000000000000000000e+00
7.426247114970582208e-01 2.524889453497697889e-01 6.944968585094724792e-20 1.949854065608976661e-17 4.886343153171962550e-03 0.000000000000000000e+00
7.426247114970582208e-01 2.524889453497697889e-01 6.944968585094724792e-20 1.949854065608976661e-17 4.886343153171962550e-03 0.000000000000000000e+00
7.426247114970582208e-01 2.524889453497697889e-01 6.944968585094724792e-20 1.949854065608976661e-17 4.886343153171962550e-03 0.000000000000000000e+00
7.426247114970582208e-01 2.524889453497697889e-01 6.944968585094724792e-20 1.949854065608976661e-17 4.886343153171962550e-03 0.000000000000000000e+00
7.426247114970582208e-01 2.524889453497697889e-01 6.944968585094724792e-20 1.949854065608976661e-17 4.886343153171962550e-03 0.000000000000000000e+00
7.426247114970582208e-01 2.524889453497697889e-01 6.944968585094724792e-20 1.949854065608976661e-17 4.886343153171962550e-03 0.000000000000000000e+00
7.426247114970582208e-01 2.524889453497697889e-01 6.944968585094724792e-20 1.949854065608976661e-17 4.886343153171962550e-03 0.000000000000000000e+00
7.426247114970582208e-01 2.524889453497697889e-01 6.944968585094724792e-20 1.949854065608976661e-17 4.886343153171962550e-03 0.000000000000000000e+00
7.426247114970582208e-01 2.524889453497697889e-01 6.944968585094724792e-20 1.949854065608976661e-17 4.886343153171962550e-03 0.000000000000000000e+00
7.426247114970582208e-01 2.524889453497697889e-01 6.944968585094724792e-20 1.949854065608976661e-17 4.886343153171962550e-03 0.000000000000000000e+00
7.426247114970582208e-01 2.524889453497697889e-01 6.944968585094724792e-20 1.949854065608976661e-17 4.886343153171962550e-03 0.000000000000000000e+00
7.426247114970582208e-01 2.524889453497697889e-01 6.944968585094724792e-20 1.949854065608976661e-17 4.886343153171962550e-03 0.000000000000000000e+00
7.426247114970582208e-01 2.524889453497697889e-01 6.944968585094724792e-20 1.949854065608976661e-17 4.886343153171962550e-03 0.000000000000000000e+00
7.426247114970582208e-01 2.524889453497697889e-01 6.944968585094724792e-20 1.949854065608976661e-17 4.886343153171962550e-03 0.000000000000000000e+00
7.426247114970582208e-01 2.524889453497697889e-01 6.944968585094724792e-20 1.949854065608976661e-17 4.886343153171962550e-03 0.000000000000000000e+00
7.426247114970582208e-01 2.524889453497697889e-01 6.944968585094724792e-20 1.949854065608976661e-17 4.886343153171962550e-03 0.000000000000000000e+00
7.426247114970582208e-01 2.524889453497697889e-01 6.944968585094724792e-20 1.949854065608976661e-17 4.886343153171962550e-03 0.000000000000000000e+00
7.426247114970582208e-01 2.524889453497697889e-01 6.944968585094724792e-20 1.949854065608976661e-17 4.886343153171962550e-03 0.000000000000000000e+00
7.426247114970582208e-01 2.524889453497697889e-01 6.944968585094724792e-20 1.949854065608976661e-17 4.886343153171962550e-03 0.000000000000000000e+00
7.426247114970582208e-01 2.524889453497697889e-01 6.944968585094724792e-20 1.949854065608976661e-17 4.886343153171962550e-03 0.000000000000000000e+00
7.426247114970582208e-01 2.524889453497697889e-01 6.944968585094724792e-20 1.949854065608976661e-17 4.886343153171962550e-03 0.000000000000000000e+00
7.426247114970582208e-01 2.524889453497697889e-01 6.944968585094724792e-20 1.949854065608976661e-17 4.886343153171962550e-03 0.000000000000000000e+00
7.426247114970582208e-01 2.524889453497697889e-01 6.944968585094724792e-20 1.949854065608976661e-17 4.886343153171962550e-03 0.000000000000000000e+00
7.426247114970582208e-01 2.524889453497697889e-01 6.944968585094724792e-20 1.949854065608976661e-17 4.886343153171962550e-03 0.000000000000000000e+00
7.426247114970582208e-01 2.524889453497697889e-01 6.944968585094724792e-20 1.949854065608976661e-17 4.886343153171962550e-03 0.000000000000000000e+00
7.426247114970582208e-01 2.524889453497697889e-01 6.944968585094724792e-20 1.949854065608976661e-17 4.886343153171962550e-03 0.000000000000000000e+00
7.426247114970582208e-01 2.524889453497697889e-01 6.944968585094724792e-20 1.949854065608976661e-17 4.886343153171962550e-03 0.000000000000000000e+00
7.426247114970582208e-01 2.524889453497697889e-01 6.944968585094724792e-20 1.949854065608976661e-17 4.886343153171962550e-03 0.000000000000000000e+00
7.426247114970582208e-01 2.524889453497697889e-01 6.944968585094724792e-20 1.949854065608976661e-17 4.886343153171962550e-03 0.000000000000000000e+00
7.426247114970582208e-01 2.524889453497697889e-01 6.944968585094724792e-20 1.949854065608976661e-17 4.886343153171962550e-03 0.000000000000000000e+00
7.426247114970582208e-01 2.524889453497697889e-01 6.944968585094724792e-20 1.949854065608976661e-17 4.886343153171962550e-03 0.000000000000000000e+00
7.426247114970582208e-01 2.524889453497697889e-01 6.944968585094724792e-20 1.949854065608976661e-17 4.886343153171962550e-03 0.000000000000000000e+00
7.426247114970582208e-01 2.524889453497697889e-01 6.944968585094724792e-20 1.949854065608976661e-17 4.886343153171962550e-03 0.000000000000000000e+00
7.426247114970582208e-01 2.524889453497697889e-01 6.944968585094724792e-20 1.949854065608976661e-17 4.886343153171962550e-03 0.000000000000000000e+00
7.426247114970582208e-01 2.524889453497697889e-01 6.944968585094724792e-20 1.949854065608976661e-17 4.886343153171962550e-03 0.000000000000000000e+00
7.426247114970582208e-01 2.524889453497697889e-01 6.944968585094724792e-20 1.949854065608976661e-17 4.886343153171962550e-03 0.000000000000000000e+00
7.426247114970582208e-01 2.524889453497697889e-01 6.944968585094724792e-20 1.949854065608976661e-17 4.886343153171962550e-03 0.000000000000000000e+00
7.426247114970582208e-01 2.524889453497697889e-01 6.944968585094724792e-20 1.949854065608976661e-17 4.886343153171962550e-03 0.000000000000000000e+00
7.426247114970582208e-01 2.524889453497697889e-01 6.944968585094724792e-20 1.949854065608976661e-17 4.886343153171962550e-03 0.000000000000000000e+00
7.426247114970582208e-01 2.524889453497697889e-01 6.944968585094724792e-20 1.949854065608976661e-17 4.886343153171962550e-03 0.000000000000000000e+00
7.426247114970582208e-01 2.524889453497697889e-01 6.944968585094724792e-20 1.949854065608976661e-17 4.886343153171962550e-03 0.000000000000000000e+00
7.426247114970582208e-01 2.524889453497697889e-01 6.944968585094724792e-20 1.949854065608976661e-17 4.886343153171962550e-03 0.000000000000000000e+00
7.426247114970582208e-01 2.524889453497697889e-01 6.944968585094724792e-20 1.949854065608976661e-17 4.886343153171962550e-03 0.000000000000000000e+00
7.426247114970582208e-01 2.524889453497697889e-01 6.944968585094724792e-20 1.949854065608976661e-17 4.886343153171962550e-03 0.000000000000000000e+00
7.426247114970582208e-01 2.524889453497697889e-01 6.944968585094724792e-20 1.949854065608976661e-17 4.886343153171962550e-03 0.000000000000000000e+00
7.426247114970582208e-01 2.524889453497697889e-01 6.944968585094724792e-20 1.949854065608976661e-17 4.886343153171962550e-03 0.000000000000000000e+00
7.426247114970582208e-01 2.524889453497697889e-01 6.944968585094724792e-20 1.949854065608976661e-17 4.886343153171962550e-03 0.000000000000000000e+00
7.426247114970582208e-01 2.524889453497697889e-01 6.944968585094724792e-20 1.949854065608976661e-17 4.886343153171962550e-03 0.000000000000000000e+00
7.426247114970582208e-01 2.524889453497697889e-01 6.944968585094724792e-20 1.949854065608976661e-17 4.886343153171962550e-03 0.000000000000000000e+00
7.426247114970582208e-01 2.524889453497697889e-01 6.944968585094724792e-20 1.949854065608976661e-17 4.886343153171962550e-03 0.000000000000000000e+00
7.426247114970582208e-01 2.524889453497697889e-01 6.944968585094724792e-20 1.949854065608976661e-17 4.886343153171962550e-03 0.000000000000000000e+00
7.426247114970582208e-01 2.524889453497697889e-01 6.944968585094724792e-20 1.949854065608976661e-17 4.886343153171962550e-03 0.000000000000000000e+00
7.426247114970582208e-01 2.524889453497697889e-01 6.944968585094724792e-20 1.949854065608976661e-17 4.886343153171962550e-03 0.000000000000000000e+00
7.426247114970582208e-01 2.524889453497697889e-01 6.944968585094724792e-20 1.949854065608976661e-17 4.886343153171962550e-03 0.000000000000000000e+00
7.426247114970582208e-01 2.524889453497697889e-01 6.944968585094724792e-20 1.949854065608976661e-17 4.886343153171962550e-03 0.000000000000000000e+00
7.426247114970582208e-01 2.524889453497697889e-01 6.944968585094724792e-20 1.949854065608976661e-17 4.886343153171962550e-03 0.000000000000000000e+00
7.426247114970582208e-01 2.524889453497697889e-01 6.944968585094724792e-20 1.949854065608976661e-17 4.886343153171962550e-03 0.000000000000000000e+00
7.426247114970582208e-01 2.524889453497697889e-01 6.944968585094724792e-20 1.949854065608976661e-17 4.886343153171962550e-03 0.000000000000000000e+00
7.426247114970582208e-01 2.524889453497697889e-01 6.944968585094724792e-20 1.949854065608976661e-17 4.886343153171962550e-03 0.000000000000000000e+00
7.426247114970582208e-01 2.524889453497697889e-01 6.944968585094724792e-20 1.949854065608976661e-17 4.886343153171962550e-03 0.000000000000000000e+00
7.426247114970582208e-01 2.524889453497697889e-01 6.944968585094724792e-20 1.949854065608976661e-17 4.886343153171962550e-03 0.000000000000000000e+00
7.426247114970582208e-01 2.524889453497697889e-01 6.944968585094724792e-20 1.949854065608976661e-17 4.886343153171962550e-03 0.000000000000000000e+00
7.426247114970582208e-01 2.524889453497697889e-01 6.944968585094724792e-20 1.949854065608976661e-17 4.886343153171962550e-03 0.000000000000000000e+00
7.426247114970582208e-01 2.524889453497697889e-01 6.944968585094724792e-20 1.949854065608976661e-17 4.886343153171962550e-03 0.000000000000000000e+00
7.426247114970582208e-01 2.524889453497697889e-01 6.944968585094724792e-20 1.949854065608976661e-17 4.886343153171962550e-03 0.000000000000000000e+00
7.426247114970582208e-01 2.524889453497697889e-01 6.944968585094724792e-20 1.949854065608976661e-17 4.886343153171962550e-03 0.000000000000000000e+00
7.426247114970582208e-01 2.524889453497697889e-01 6.944968585094724792e-20 1.949854065608976661e-17 4.886343153171962550e-03 0.000000000000000000e+00
7.426247114970582208e-01 2.524889453497697889e-01 6.944968585094724792e-20 1.949854065608976661e-17 4.886343153171962550e-03 0.000000000000000000e+00
7.426247114970582208e-01 2.524889453497697889e-01 6.944968585094724792e-20 1.949854065608976661e-17 4.886343153171962550e-03 0.000000000000000000e+00
7.426247114970582208e-01 2.524889453497697889e-01 6.944968585094724792e-20 1.949854065608976661e-17 4.886343153171962550e-03 0.000000000000000000e+00
7.426247114970582208e-01 2.524889453497697889e-01 6.944968585094724792e-20 1.949854065608976661e-17 4.886343153171962550e-03 0.000000000000000000e+00
7.426247114970582208e-01 2.524889453497697889e-01 6.944968585094724792e-20 1.949854065608976661e-17 4.886343153171962550e-03 0.000000000000000000e+00
7.426247114970582208e-01 2.524889453497697889e-01 6.944968585094724792e-20 1.949854065608976661e-17 4.886343153171962550e-03 0.000000000000000000e+00
7.426247114970582208e-01 2.524889453497697889e-01 6.944968585094724792e-20 1.949854065608976661e-17 4.886343153171962550e-03 0.000000000000000000e+00
7.426247114970582208e-01 2.524889453497697889e-01 6.944968585094724792e-20 1.949854065608976661e-17 4.886343153171962550e-03 0.000000000000000000e+00
7.426247114970582208e-01 2.524889453497697889e-01 6.944968585094724792e-20 1.949854065608976661e-17 4.886343153171962550e-03 0.000000000000000000e+00
7.426247114970582208e-01 2.524889453497697889e-01 6.944968585094724792e-20 1.949854065608976661e-17 4.886343153171962550e-03 0.000000000000000000e+00
7.426247114970582208e-01 2.524889453497697889e-01 6.944968585094724792e-20 1.949854065608976661e-17 4.886343153171962550e-03 0.000000000000000000e+00
7.426247114970582208e-01 2.524889453497697889e-01 6.944968585094724792e-20 1.949854065608976661e-17 4.886343153171962550e-03 0.000000000000000000e+00
7.426247114970582208e-01 2.524889453497697889e-01 6.944968585094724792e-20 1.949854065608976661e-17 4.886343153171962550e-03 0.000000000000000000e+00
7.426247114970582208e-01 2.524889453497697889e-01 6.944968585094724792e-20 1.949854065608976661e-17 4.886343153171962550e-03 0.000000000000000000e+00
7.426247114970582208e-01 2.524889453497697889e-01 6.944968585094724792e-20 1.949854065608976661e-17 4.886343153171962550e-03 0.000000000000000000e+00
7.426247114970582208e-01 2.524889453497697889e-01 6.944968585094724792e-20 1.949854065608976661e-17 4.886343153171962550e-03 0.000000000000000000e+00
7.426247114970582208e-01 2.524889453497697889e-01 6.944968585094724792e-20 1.949854065608976661e-17 4.886343153171962550e-03 0.000000000000000000e+00
7.426247114970582208e-01 2.524889453497697889e-01 6.944968585094724792e-20 1.949854065608976661e-17 4.886343153171962550e-03 0.000000000000000000e+00
7.426247114970582208e-01 2.524889453497697889e-01 6.944968585094724792e-20 1.949854065608976661e-17 4.886343153171962550e-03 0.000000000000000000e+00
7.426247114970582208e-01 2.524889453497697889e-01 6.944968585094724792e-20 1.949854065608976661e-17 4.886343153171962550e-03 0.000000000000000000e+00
7.426247114970582208e-01 2.524889453497697889e-01 6.944968585094724792e-20 1.949854065608976661e-17 4.886343153171962550e-03 0.000000000000000000e+00
7.426247114970582208e-01 2.524889453497697889e-01 6.944968585094724792e-20 1.949854065608976661e-17 4.886343153171962550e-03 0.000000000000000000e+00
7.426247114970582208e-01 2.524889453497697889e-01 6.944968585094724792e-20 1.949854065608976661e-17 4.886343153171962550e-03 0.000000000000000000e+00
7.426247114970582208e-01 2.524889453497697889e-01 6.944968585094724792e-20 1.949854065608976661e-17 4.886343153171962550e-03 0.000000000000000000e+00
7.426247114970582208e-01 2.524889453497697889e-01 6.944968585094724792e-20 1.949854065608976661e-17 4.886343153171962550e-03 0.000000000000000000e+00
7.426247114970582208e-01 2.524889453497697889e-01 6.944968585094724792e-20 1.949854065608976661e-17 4.886343153171962550e-03 0.000000000000000000e+00
7.426247114970582208e-01 2.524889453497697889e-01 6.944968585094724792e-20 1.949854065608976661e-17 4.886343153171962550e-03 0.000000000000000000e+00
7.426247114970582208e-01 2.524889453497697889e-01 6.944968585094724792e-20 1.949854065608976661e-17 4.886343153171962550e-03 0.000000000000000000e+00
7.426247114970582208e-01 2.524889453497697889e-01 6.944968585094724792e-20 1.949854065608976661e-17 4.886343153171962550e-03 0.000000000000000000e+00
7.426247114970582208e-01 2.524889453497697889e-01 6.944968585094724792e-20 1.949854065608976661e-17 4.886343153171962550e-03 0.000000000000000000e+00
7.426247114970582208e-01 2.524889453497697889e-01 6.944968585094724792e-20 1.949854065608976661e-17 4.886343153171962550e-03 0.000000000000000000e+00
7.426247114970582208e-01 2.524889453497697889e-01 6.944968585094724792e-20 1.949854065608976661e-17 4.886343153171962550e-03 0.000000000000000000e+00
7.426247114970582208e-01 2.524889453497697889e-01 6.944968585094724792e-20 1.949854065608976661e-17 4.886343153171962550e-03 0.000000000000000000e+00
7.426247114970582208e-01 2.524889453497697889e-01 6.944968585094724792e-20 1.949854065608976661e-17 4.886343153171962550e-03 0.000000000000000000e+00
7.426247114970582208e-01 2.524889453497697889e-01 6.944968585094724792e-20 1.949854065608976661e-17 4.886343153171962550e-03 0.000000000000000000e+00
7.426247114970582208e-01 2.524889453497697889e-01 6.944968585094724792e-20 1.949854065608976661e-17 4.886343153171962550e-03 0.000000000000000000e+00
7.426247114970582208e-01 2.524889453497697889e-01 6.944968585094724792e-20 1.949854065608976661e-17 4.886343153171962550e-03 0.000000000000000000e+00
7.426247114970582208e-01 2.524889453497697889e-01 6.944968585094724792e-20 1.949854065608976661e-17 4.886343153171962550e-03 0.000000000000000000e+00
7.426247114970582208e-01 2.524889453497697889e-01 6.944968585094724792e-20 1.949854065608976661e-17 4.886343153171962550e-03 0.000000000000000000e+00
7.426247114970582208e-01 2.524889453497697889e-01 6.944968585094724792e-20 1.949854065608976661e-17 4.886343153171962550e-03 0.000000000000000000e+00
7.426247114970582208e-01 2.524889453497697889e-01 6.944968585094724792e-20 1.949854065608976661e-17 4.886343153171962550e-03 0.000000000000000000e+00
7.426247114970582208e-01 2.524889453497697889e-01 6.944968585094724792e-20 1.949854065608976661e-17 4.886343153171962550e-03 0.000000000000000000e+00
7.426247114970582208e-01 2.524889453497697889e-01 6.944968585094724792e-20 1.949854065608976661e-17 4.886343153171962550e-03 0.000000000000000000e+00
7.426247114970582208e-01 2.524889453497697889e-01 6.944968585094724792e-20 1.949854065608976661e-17 4.886343153171962550e-03 0.000000000000000000e+00
7.426247114970582208e-01 2.524889453497697889e-01 6.944968585094724792e-20 1.949854065608976661e-17 4.886343153171962550e-03 0.000000000000000000e+00
7.426247114970582208e-01 2.524889453497697889e-01 6.944968585094724792e-20 1.949854065608976661e-17 4.886343153171962550e-03 0.000000000000000000e+00
7.426247114970582208e-01 2.524889453497697889e-01 6.944968585094724792e-20 1.949854065608976661e-17 4.886343153171962550e-03 0.000000000000000000e+00
7.426247114970582208e-01 2.524889453497697889e-01 6.944968585094724792e-20 1.949854065608976661e-17 4.886343153171962550e-03 0.000000000000000000e+00
7.426247114970582208e-01 2.524889453497697889e-01 6.944968585094724792e-20 1.949854065608976661e-17 4.886343153171962550e-03 0.000000000000000000e+00
7.426247114970582208e-01 2.524889453497697889e-01 6.944968585094724792e-20 1.949854065608976661e-17 4.886343153171962550e-03 0.000000000000000000e+00
7.426247114970582208e-01 2.524889453497697889e-01 6.944968585094724792e-20 1.949854065608976661e-17 4.886343153171962550e-03 0.000000000000000000e+00
7.426247114970582208e-01 2.524889453497697889e-01 6.944968585094724792e-20 1.949854065608976661e-17 4.886343153171962550e-03 0.000000000000000000e+00
7.426247114970582208e-01 2.524889453497697889e-01 6.944968585094724792e-20 1.949854065608976661e-17 4.886343153171962550e-03 0.000000000000000000e+00
7.426247114970582208e-01 2.524889453497697889e-01 6.944968585094724792e-20 1.949854065608976661e-17 4.886343153171962550e-03 0.000000000000000000e+00
7.426247114970582208e-01 2.524889453497697889e-01 6.944968585094724792e-20 1.949854065608976661e-17 4.886343153171962550e-03 0.000000000000000000e+00
7.426247114970582208e-01 2.524889453497697889e-01 6.944968585094724792e-20 1.949854065608976661e-17 4.886343153171962550e-03 0.000000000000000000e+00
7.426247114970582208e-01 2.524889453497697889e-01 6.944968585094724792e-20 1.949854065608976661e-17 4.886343153171962550e-03 0.000000000000000000e+00
7.426247114970582208e-01 2.524889453497697889e-01 6.944968585094724792e-20 1.949854065608976661e-17 4.886343153171962550e-03 0.000000000000000000e+00
7.426247114970582208e-01 2.524889453497697889e-01 6.944968585094724792e-20 1.949854065608976661e-17 4.886343153171962550e-03 0.000000000000000000e+00
7.426247114970582208e-01 2.524889453497697889e-01 6.944968585094724792e-20 1.949854065608976661e-17 4.886343153171962550e-03 0.000000000000000000e+00
7.426247114970582208e-01 2.524889453497697889e-01 6.944968585094724792e-20 1.949854065608976661e-17 4.886343153171962550e-03 0.000000000000000000e+00
7.426247114970582208e-01 2.524889453497697889e-01 6.944968585094724792e-20 1.949854065608976661e-17 4.886343153171962550e-03 0.000000000000000000e+00
7.426247114970582208e-01 2.524889453497697889e-01 6.944968585094724792e-20 1.949854065608976661e-17 4.886343153171962550e-03 0.000000000000000000e+00
7.426247114970582208e-01 2.524889453497697889e-01 6.944968585094724792e-20 1.949854065608976661e-17 4.886343153171962550e-03 0.000000000000000000e+00
7.426247114970582208e-01 2.524889453497697889e-01 6.944968585094724792e-20 1.949854065608976661e-17 4.886343153171962550e-03 0.000000000000000000e+00
7.426247114970582208e-01 2.524889453497697889e-01 6.944968585094724792e-20 1.949854065608976661e-17 4.886343153171962550e-03 0.000000000000000000e+00
7.426247114970582208e-01 2.524889453497697889e-01 6.944968585094724792e-20 1.949854065608976661e-17 4.886343153171962550e-03 0.000000000000000000e+00
7.426247114970582208e-01 2.524889453497697889e-01 6.944968585094724792e-20 1.949854065608976661e-17 4.886343153171962550e-03 0.000000000000000000e+00
7.426247114970582208e-01 2.524889453497697889e-01 6.944968585094724792e-20 1.949854065608976661e-17 4.886343153171962550e-03 0.000000000000000000e+00
7.426247114970582208e-01 2.524889453497697889e-01 6.944968585094724792e-20 1.949854065608976661e-17 4.886343153171962550e-03 0.000000000000000000e+00
7.426247114970582208e-01 2.524889453497697889e-01 6.944968585094724792e-20 1.949854065608976661e-17 4.886343153171962550e-03 0.000000000000000000e+00
7.426247114970582208e-01 2.524889453497697889e-01 6.944968585094724792e-20 1.949854065608976661e-17 4.886343153171962550e-03 0.000000000000000000e+00
7.426247114970582208e-01 2.524889453497697889e-01 6.944968585094724792e-20 1.949854065608976661e-17 4.886343153171962550e-03 0.000000000000000000e+00
7.426247114970582208e-01 2.524889453497697889e-01 6.944968585094724792e-20 1.949854065608976661e-17 4.886343153171962550e-03 0.000000000000000000e+00
7.426247114970582208e-01 2.524889453497697889e-01 6.944968585094724792e-20 1.949854065608976661e-17 4.886343153171962550e-03 0.000000000000000000e+00
7.426247114970582208e-01 2.524889453497697889e-01 6.944968585094724792e-20 1.949854065608976661e-17 4.886343153171962550e-03 0.000000000000000000e+00
7.426247114970582208e-01 2.524889453497697889e-01 6.944968585094724792e-20 1.949854065608976661e-17 4.886343153171962550e-03 0.000000000000000000e+00
7.426247114970582208e-01 2.524889453497697889e-01 6.944968585094724792e-20 1.949854065608976661e-17 4.886343153171962550e-03 0.000000000000000000e+00
7.426247114970582208e-01 2.524889453497697889e-01 6.944968585094724792e-20 1.949854065608976661e-17 4.886343153171962550e-03 0.000000000000000000e+00
7.426247114970582208e-01 2.524889453497697889e-01 6.944968585094724792e-20 1.949854065608976661e-17 4.886343153171962550e-03 0.000000000000000000e+00
7.426247114970582208e-01 2.524889453497697889e-01 6.944968585094724792e-20 1.949854065608976661e-17 4.886343153171962550e-03 0.000000000000000000e+00
7.426247114970582208e-01 2.524889453497697889e-01 6.944968585094724792e-20 1.949854065608976661e-17 4.886343153171962550e-03 0.000000000000000000e+00
7.426247114970582208e-01 2.524889453497697889e-01 6.944968585094724792e-20 1.949854065608976661e-17 4.886343153171962550e-03 0.000000000000000000e+00
7.426247114970582208e-01 2.524889453497697889e-01 6.944968585094724792e-20 1.949854065608976661e-17 4.886343153171962550e-03 0.000000000000000000e+00
7.426247114970582208e-01 2.524889453497697889e-01 6.944968585094724792e-20 1.949854065608976661e-17 4.886343153171962550e-03 0.000000000000000000e+00
7.426247114970582208e-01 2.524889453497697889e-01 6.944968585094724792e-20 1.949854065608976661e-17 4.886343153171962550e-03 0.000000000000000000e+00
7.426247114970582208e-01 2.524889453497697889e-01 6.944968585094724792e-20 1.949854065608976661e-17 4.886343153171962550e-03 0.000000000000000000e+00
7.426247114970582208e-01 2.524889453497697889e-01 6.944968585094724792e-20 1.949854065608976661e-17 4.886343153171962550e-03 0.000000000000000000e+00
7.426247114970582208e-01 2.524889453497697889e-01 6.944968585094724792e-20 1.949854065608976661e-17 4.886343153171962550e-03 0.000000000000000000e+00
7.426247114970582208e-01 2.524889453497697889e-01 6.944968585094724792e-20 1.949854065608976661e-17 4.886343153171962550e-03 0.000000000000000000e+00
7.426247114970582208e-01 2.524889453497697889e-01 6.944968585094724792e-20 1.949854065608976661e-17 4.886343153171962550e-03 0.000000000000000000e+00
7.426247114970582208e-01 2.524889453497697889e-01 6.944968585094724792e-20 1.949854065608976661e-17 4.886343153171962550e-03 0.000000000000000000e+00
7.426247114970582208e-01 2.524889453497697889e-01 6.944968585094724792e-20 1.949854065608976661e-17 4.886343153171962550e-03 0.000000000000000000e+00
7.426247114970582208e-01 2.524889453497697889e-01 6.944968585094724792e-20 1.949854065608976661e-17 4.886343153171962550e-03 0.000000000000000000e+00
7.426247114970582208e-01 2.524889453497697889e-01 6.944968585094724792e-20 1.949854065608976661e-17 4.886343153171962550e-03 0.000000000000000000e+00
7.426247114970582208e-01 2.524889453497697889e-01 6.944968585094724792e-20 1.949854065608976661e-17 4.886343153171962550e-03 0.000000000000000000e+00
7.426247114970582208e-01 2.524889453497697889e-01 6.944968585094724792e-20 1.949854065608976661e-17 4.886343153171962550e-03 0.000000000000000000e+00
7.426247114970582208e-01 2.524889453497697889e-01 6.944968585094724792e-20 1.949854065608976661e-17 4.886343153171962550e-03 0.000000000000000000e+00
7.426247114970582208e-01 2.524889453497697889e-01 6.944968585094724792e-20 1.949854065608976661e-17 4.886343153171962550e-03 0.000000000000000000e+00
7.426247114970582208e-01 2.524889453497697889e-01 6.944968585094724792e-20 1.949854065608976661e-17 4.886343153171962550e-03 0.000000000000000000e+00
7.426247114970582208e-01 2.524889453497697889e-01 6.944968585094724792e-20 1.949854065608976661e-17 4.886343153171962550e-03 0.000000000000000000e+00
7.426247114970582208e-01 2.524889453497697889e-01 6.944968585094724792e-20 1.949854065608976661e-17 4.886343153171962550e-03 0.000000000000000000e+00
7.426247114970582208e-01 2.524889453497697889e-01 6.944968585094724792e-20 1.949854065608976661e-17 4.886343153171962550e-03 0.000000000000000000e+00
7.426247114970582208e-01 2.524889453497697889e-01 6.944968585094724792e-20 1.949854065608976661e-17 4.886343153171962550e-03 0.000000000000000000e+00
7.426247114970582208e-01 2.524889453497697889e-01 6.944968585094724792e-20 1.949854065608976661e-17 4.886343153171962550e-03 0.000000000000000000e+00
7.426247114970582208e-01 2.524889453497697889e-01 6.944968585094724792e-20 1.949854065608976661e-17 4.886343153171962550e-03 0.000000000000000000e+00
7.426247114970582208e-01 2.524889453497697889e-01 6.944968585094724792e-20 1.949854065608976661e-17 4.886343153171962550e-03 0.000000000000000000e+00
7.426247114970582208e-01 2.524889453497697889e-01 6.944968585094724792e-20 1.949854065608976661e-17 4.886343153171962550e-03 0.000000000000000000e+00
7.426247114970582208e-01 2.524889453497697889e-01 6.944968585094724792e-20 1.949854065608976661e-17 4.886343153171962550e-03 0.000000000000000000e+00
7.426247114970582208e-01 2.524889453497697889e-01 6.944968585094724792e-20 1.949854065608976661e-17 4.886343153171962550e-03 0.000000000000000000e+00
7.426247114970582208e-01 2.524889453497697889e-01 6.944968585094724792e-20 1.949854065608976661e-17 4.886343153171962550e-03 0.000000000000000000e+00
7.426247114970582208e-01 2.524889453497697889e-01 6.944968585094724792e-20 1.949854065608976661e-17 4.886343153171962550e-03 0.000000000000000000e+00
7.426247114970582208e-01 2.524889453497697889e-01 6.944968585094724792e-20 1.949854065608976661e-17 4.886343153171962550e-03 0.000000000000000000e+00
7.426247114970582208e-01 2.524889453497697889e-01 6.944968585094724792e-20 1.949854065608976661e-17 4.886343153171962550e-03 0.000000000000000000e+00
7.426247114970582208e-01 2.524889453497697889e-01 6.944968585094724792e-20 1.949854065608976661e-17 4.886343153171962550e-03 0.000000000000000000e+00
7.426247114970582208e-01 2.524889453497697889e-01 6.944968585094724792e-20 1.949854065608976661e-17 4.886343153171962550e-03 0.000000000000000000e+00
7.426247114970582208e-01 2.524889453497697889e-01 6.944968585094724792e-20 1.949854065608976661e-17 4.886343153171962550e-03 0.000000000000000000e+00
7.426247114970582208e-01 2.524889453497697889e-01 6.944968585094724792e-20 1.949854065608976661e-17 4.886343153171962550e-03 0.000000000000000000e+00
7.426247114970582208e-01 2.524889453497697889e-01 6.944968585094724792e-20 1.949854065608976661e-17 4.886343153171962550e-03 0.000000000000000000e+00
7.426247114970582208e-01 2.524889453497697889e-01 6.944968585094724792e-20 1.949854065608976661e-17 4.886343153171962550e-03 0.000000000000000000e+00
7.426247114970582208e-01 2.524889453497697889e-01 6.944968585094724792e-20 1.949854065608976661e-17 4.886343153171962550e-03 0.000000000000000000e+00
7.426247114970582208e-01 2.524889453497697889e-01 6.944968585094724792e-20 1.949854065608976661e-17 4.886343153171962550e-03 0.000000000000000000e+00
7.426247114970582208e-01 2.524889453497697889e-01 6.944968585094724792e-20 1.949854065608976661e-17 4.886343153171962550e-03 0.000000000000000000e+00
7.426247114970582208e-01 2.524889453497697889e-01 6.944968585094724792e-20 1.949854065608976661e-17 4.886343153171962550e-03 0.000000000000000000e+00
7.426247114970582208e-01 2.524889453497697889e-01 6.944968585094724792e-20 1.949854065608976661e-17 4.886343153171962550e-03 0.000000000000000000e+00
7.426247114970582208e-01 2.524889453497697889e-01 6.944968585094724792e-20 1.949854065608976661e-17 4.886343153171962550e-03 0.000000000000000000e+00
7.426247114970582208e-01 2.524889453497697889e-01 6.944968585094724792e-20 1.949854065608976661e-17 4.886343153171962550e-03 0.000000000000000000e+00
7.426247114970582208e-01 2.524889453497697889e-01 6.944968585094724792e-20 1.949854065608976661e-17 4.886343153171962550e-03 0.000000000000000000e+00
7.426247114970582208e-01 2.524889453497697889e-01 6.944968585094724792e-20 1.949854065608976661e-17 4.886343153171962550e-03 0.000000000000000000e+00
7.426247114970582208e-01 2.524889453497697889e-01 6.944968585094724792e-20 1.949854065608976661e-17 4.886343153171962550e-03 0.000000000000000000e+00
7.426247114970582208e-01 2.524889453497697889e-01 6.944968585094724792e-20 1.949854065608976661e-17 4.886343153171962550e-03 0.000000000000000000e+00
7.426247114970582208e-01 2.524889453497697889e-01 6.944968585094724792e-20 1.949854065608976661e-17 4.886343153171962550e-03 0.000000000000000000e+00
7.426247114970582208e-01 2.524889453497697889e-01 6.944968585094724792e-20 1.949854065608976661e-17 4.886343153171962550e-03 0.000000000000000000e+00
7.426247114970582208e-01 2.524889453497697889e-01 6.944968585094724792e-20 1.949854065608976661e-17 4.886343153171962550e-03 0.000000000000000000e+00
7.426247114970582208e-01 2.524889453497697889e-01 6.944968585094724792e-20 1.949854065608976661e-17 4.886343153171962550e-03 0.000000000000000000e+00
7.426247114970582208e-01 2.524889453497697889e-01 6.944968585094724792e-20 1.949854065608976661e-17 4.886343153171962550e-03 0.000000000000000000e+00
7.426247114970582208e-01 2.524889453497697889e-01 6.944968585094724792e-20 1.949854065608976661e-17 4.886343153171962550e-03 0.000000000000000000e+00
7.426247114970582208e-01 2.524889453497697889e-01 6.944968585094724792e-20 1.949854065608976661e-17 4.886343153171962550e-03 0.000000000000000000e+00
7.426247114970582208e-01 2.524889453497697889e-01 6.944968585094724792e-20 1.949854065608976661e-17 4.886343153171962550e-03 0.000000000000000000e+00
7.426247114970582208e-01 2.524889453497697889e-01 6.944968585094724792e-20 1.949854065608976661e-17 4.886343153171962550e-03 0.000000000000000000e+00
7.426247114970582208e-01 2.524889453497697889e-01 6.944968585094724792e-20 1.949854065608976661e-17 4.886343153171962550e-03 0.000000000000000000e+00
7.426247114970582208e-01 2.524889453497697889e-01 6.944968585094724792e-20 1.949854065608976661e-17 4.886343153171962550e-03 0.000000000000000000e+00
7.426247114970582208e-01 2.524889453497697889e-01 6.944968585094724792e-20 1.949854065608976661e-17 4.886343153171962550e-03 0.000000000000000000e+00
7.426247114970582208e-01 2.524889453497697889e-01 6.944968585094724792e-20 1.949854065608976661e-17 4.886343153171962550e-03 0.000000000000000000e+00
7.426247114970582208e-01 2.524889453497697889e-01 6.944968585094724792e-20 1.949854065608976661e-17 4.886343153171962550e-03 0.000000000000000000e+00
7.426247114970582208e-01 2.524889453497697889e-01 6.944968585094724792e-20 1.949854065608976661e-17 4.886343153171962550e-03 0.000000000000000000e+00
7.426247114970582208e-01 2.524889453497697889e-01 6.944968585094724792e-20 1.949854065608976661e-17 4.886343153171962550e-03 0.000000000000000000e+00
7.426247114970582208e-01 2.524889453497697889e-01 6.944968585094724792e-20 1.949854065608976661e-17 4.886343153171962550e-03 0.000000000000000000e+00
7.426247114970582208e-01 2.524889453497697889e-01 6.944968585094724792e-20 1.949854065608976661e-17 4.886343153171962550e-03 0.000000000000000000e+00
7.426247114970582208e-01 2.524889453497697889e-01 6.944968585094724792e-20 1.949854065608976661e-17 4.886343153171962550e-03 0.000000000000000000e+00
7.426247114970582208e-01 2.524889453497697889e-01 6.944968585094724792e-20 1.949854065608976661e-17 4.886343153171962550e-03 0.000000000000000000e+00
7.426247114970582208e-01 2.524889453497697889e-01 6.944968585094724792e-20 1.949854065608976661e-17 4.886343153171962550e-03 0.000000000000000000e+00
7.426247114970582208e-01 2.524889453497697889e-01 6.944968585094724792e-20 1.949854065608976661e-17 4.886343153171962550e-03 0.000000000000000000e+00
7.426247114970582208e-01 2.524889453497697889e-01 6.944968585094724792e-20 1.949854065608976661e-17 4.886343153171962550e-03 0.000000000000000000e+00
7.426247114970582208e-01 2.524889453497697889e-01 6.944968585094724792e-20 1.949854065608976661e-17 4.886343153171962550e-03 0.000000000000000000e+00
7.426247114970582208e-01 2.524889453497697889e-01 6.944968585094724792e-20 1.949854065608976661e-17 4.886343153171962550e-03 0.000000000000000000e+00
7.426247114970582208e-01 2.524889453497697889e-01 6.944968585094724792e-20 1.949854065608976661e-17 4.886343153171962550e-03 0.000000000000000000e+00
7.426247114970582208e-01 2.524889453497697889e-01 6.944968585094724792e-20 1.949854065608976661e-17 4.886343153171962550e-03 0.000000000000000000e+00
7.426247114970582208e-01 2.524889453497697889e-01 6.944968585094724792e-20 1.949854065608976661e-17 4.886343153171962550e-03 0.000000000000000000e+00
7.426247114970582208e-01 2.524889453497697889e-01 6.944968585094724792e-20 1.949854065608976661e-17 4.886343153171962550e-03 0.000000000000000000e+00
7.426247114970582208e-01 2.524889453497697889e-01 6.944968585094724792e-20 1.949854065608976661e-17 4.886343153171962550e-03 0.000000000000000000e+00
7.426247114970582208e-01 2.524889453497697889e-01 6.944968585094724792e-20 1.949854065608976661e-17 4.886343153171962550e-03 0.000000000000000000e+00
7.426247114970582208e-01 2.524889453497697889e-01 6.944968585094724792e-20 1.949854065608976661e-17 4.886343153171962550e-03 0.000000000000000000e+00
7.426247114970582208e-01 2.524889453497697889e-01 6.944968585094724792e-20 1.949854065608976661e-17 4.886343153171962550e-03 0.000000000000000000e+00
7.426247114970582208e-01 2.524889453497697889e-01 6.944968585094724792e-20 1.949854065608976661e-17 4.886343153171962550e-03 0.000000000000000000e+00
7.426247114970582208e-01 2.524889453497697889e-01 6.944968585094724792e-20 1.949854065608976661e-17 4.886343153171962550e-03 0.000000000000000000e+00
7.426247114970582208e-01 2.524889453497697889e-01 6.944968585094724792e-20 1.949854065608976661e-17 4.886343153171962550e-03 0.000000000000000000e+00
7.426247114970582208e-01 2.524889453497697889e-01 6.944968585094724792e-20 1.949854065608976661e-17 4.886343153171962550e-03 0.000000000000000000e+00
7.426247114970582208e-01 2.524889453497697889e-01 6.944968585094724792e-20 1.949854065608976661e-17 4.886343153171962550e-03 0.000000000000000000e+00
7.426247114970582208e-01 2.524889453497697889e-01 6.944968585094724792e-20 1.949854065608976661e-17 4.886343153171962550e-03 0.000000000000000000e+00
7.426247114970582208e-01 2.524889453497697889e-01 6.944968585094724792e-20 1.949854065608976661e-17 4.886343153171962550e-03 0.000000000000000000e+00
7.426247114970582208e-01 2.524889453497697889e-01 6.944968585094724792e-20 1.949854065608976661e-17 4.886343153171962550e-03 0.000000000000000000e+00
7.426247114970582208e-01 2.524889453497697889e-01 6.944968585094724792e-20 1.949854065608976661e-17 4.886343153171962550e-03 0.000000000000000000e+00
7.426247114970582208e-01 2.524889453497697889e-01 6.944968585094724792e-20 1.949854065608976661e-17 4.886343153171962550e-03 0.000000000000000000e+00
7.426247114970582208e-01 2.524889453497697889e-01 6.944968585094724792e-20 1.949854065608976661e-17 4.886343153171962550e-03 0.000000000000000000e+00
7.426247114970582208e-01 2.524889453497697889e-01 6.944968585094724792e-20 1.949854065608976661e-17 4.886343153171962550e-03 0.000000000000000000e+00
7.426247114970582208e-01 2.524889453497697889e-01 6.944968585094724792e-20 1.949854065608976661e-17 4.886343153171962550e-03 0.000000000000000000e+00
7.426247114970582208e-01 2.524889453497697889e-01 6.944968585094724792e-20 1.949854065608976661e-17 4.886343153171962550e-03 0.000000000000000000e+00
7.426247114970582208e-01 2.524889453497697889e-01 6.944968585094724792e-20 1.949854065608976661e-17 4.886343153171962550e-03 0.000000000000000000e+00
7.426247114970582208e-01 2.524889453497697889e-01 6.944968585094724792e-20 1.949854065608976661e-17 4.886343153171962550e-03 0.000000000000000000e+00
7.426247114970582208e-01 2.524889453497697889e-01 6.944968585094724792e-20 1.949854065608976661e-17 4.886343153171962550e-03 0.000000000000000000e+00
7.426247114970582208e-01 2.524889453497697889e-01 6.944968585094724792e-20 1.949854065608976661e-17 4.886343153171962550e-03 0.000000000000000000e+00
7.426247114970582208e-01 2.524889453497697889e-01 6.944968585094724792e-20 1.949854065608976661e-17 4.886343153171962550e-03 0.000000000000000000e+00
7.426247114970582208e-01 2.524889453497697889e-01 6.944968585094724792e-20 1.949854065608976661e-17 4.886343153171962550e-03 0.000000000000000000e+00
7.426247114970582208e-01 2.524889453497697889e-01 6.944968585094724792e-20 1.949854065608976661e-17 4.886343153171962550e-03 0.000000000000000000e+00
7.426247114970582208e-01 2.524889453497697889e-01 6.944968585094724792e-20 1.949854065608976661e-17 4.886343153171962550e-03 0.000000000000000000e+00
7.426247114970582208e-01 2.524889453497697889e-01 6.944968585094724792e-20 1.949854065608976661e-17 4.886343153171962550e-03 0.000000000000000000e+00
7.426247114970582208e-01 2.524889453497697889e-01 6.944968585094724792e-20 1.949854065608976661e-17 4.886343153171962550e-03 0.000000000000000000e+00
7.426247114970582208e-01 2.524889453497697889e-01 6.944968585094724792e-20 1.949854065608976661e-17 4.886343153171962550e-03 0.000000000000000000e+00
7.426247114970582208e-01 2.524889453497697889e-01 6.944968585094724792e-20 1.949854065608976661e-17 4.886343153171962550e-03 0.000000000000000000e+00
7.426247114970582208e-01 2.524889453497697889e-01 6.944968585094724792e-20 1.949854065608976661e-17 4.886343153171962550e-03 0.000000000000000000e+00
7.426247114970582208e-01 2.524889453497697889e-01 6.944968585094724792e-20 1.949854065608976661e-17 4.886343153171962550e-03 0.000000000000000000e+00
7.426247114970582208e-01 2.524889453497697889e-01 6.944968585094724792e-20 1.949854065608976661e-17 4.886343153171962550e-03 0.000000000000000000e+00
7.426247114970582208e-01 2.524889453497697889e-01 6.944968585094724792e-20 1.949854065608976661e-17 4.886343153171962550e-03 0.000000000000000000e+00
7.426247114970582208e-01 2.524889453497697889e-01 6.944968585094724792e-20 1.949854065608976661e-17 4.886343153171962550e-03 0.000000000000000000e+00
7.426247114970582208e-01 2.524889453497697889e-01 6.944968585094724792e-20 1.949854065608976661e-17 4.886343153171962550e-03 0.000000000000000000e+00
7.426247114970582208e-01 2.524889453497697889e-01 6.944968585094724792e-20 1.949854065608976661e-17 4.886343153171962550e-03 0.000000000000000000e+00
7.426247114970582208e-01 2.524889453497697889e-01 6.944968585094724792e-20 1.949854065608976661e-17 4.886343153171962550e-03 0.000000000000000000e+00
7.426247114970582208e-01 2.524889453497697889e-01 6.944968585094724792e-20 1.949854065608976661e-17 4.886343153171962550e-03 0.000000000000000000e+00
7.426247114970582208e-01 2.524889453497697889e-01 6.944968585094724792e-20 1.949854065608976661e-17 4.886343153171962550e-03 0.000000000000000000e+00
7.426247114970582208e-01 2.524889453497697889e-01 6.944968585094724792e-20 1.949854065608976661e-17 4.886343153171962550e-03 0.000000000000000000e+00
7.426247114970582208e-01 2.524889453497697889e-01 6.944968585094724792e-20 1.949854065608976661e-17 4.886343153171962550e-03 0.000000000000000000e+00
7.426247114970582208e-01 2.524889453497697889e-01 6.944968585094724792e-20 1.949854065608976661e-17 4.886343153171962550e-03 0.000000000000000000e+00
7.426247114970582208e-01 2.524889453497697889e-01 6.944968585094724792e-20 1.949854065608976661e-17 4.886343153171962550e-03 0.000000000000000000e+00
7.426247114970582208e-01 2.524889453497697889e-01 6.944968585094724792e-20 1.949854065608976661e-17 4.886343153171962550e-03 0.000000000000000000e+00
7.426247114970582208e-01 2.524889453497697889e-01 6.944968585094724792e-20 1.949854065608976661e-17 4.886343153171962550e-03 0.000000000000000000e+00
7.426247114970582208e-01 2.524889453497697889e-01 6.944968585094724792e-20 1.949854065608976661e-17 4.886343153171962550e-03 0.000000000000000000e+00
7.426247114970582208e-01 2.524889453497697889e-01 6.944968585094724792e-20 1.949854065608976661e-17 4.886343153171962550e-03 0.000000000000000000e+00
7.426247114970582208e-01 2.524889453497697889e-01 6.944968585094724792e-20 1.949854065608976661e-17 4.886343153171962550e-03 0.000000000000000000e+00
7.426247114970582208e-01 2.524889453497697889e-01 6.944968585094724792e-20 1.949854065608976661e-17 4.886343153171962550e-03 0.000000000000000000e+00
7.426247114970582208e-01 2.524889453497697889e-01 6.944968585094724792e-20 1.949854065608976661e-17 4.886343153171962550e-03 0.000000000000000000e+00
7.426247114970582208e-01 2.524889453497697889e-01 6.944968585094724792e-20 1.949854065608976661e-17 4.886343153171962550e-03 0.000000000000000000e+00
7.426247114970582208e-01 2.524889453497697889e-01 6.944968585094724792e-20 1.949854065608976661e-17 4.886343153171962550e-03 0.000000000000000000e+00
7.426247114970582208e-01 2.524889453497697889e-01 6.944968585094724792e-20 1.949854065608976661e-17 4.886343153171962550e-03 0.000000000000000000e+00
7.426247114970582208e-01 2.524889453497697889e-01 6.944968585094724792e-20 1.949854065608976661e-17 4.886343153171962550e-03 0.000000000000000000e+00
7.426247114970582208e-01 2.524889453497697889e-01 6.944968585094724792e-20 1.949854065608976661e-17 4.886343153171962550e-03 0.000000000000000000e+00
7.426247114970582208e-01 2.524889453497697889e-01 6.944968585094724792e-20 1.949854065608976661e-17 4.886343153171962550e-03 0.000000000000000000e+00
7.426247114970582208e-01 2.524889453497697889e-01 6.944968585094724792e-20 1.949854065608976661e-17 4.886343153171962550e-03 0.000000000000000000e+00
7.426247114970582208e-01 2.524889453497697889e-01 6.944968585094724792e-20 1.949854065608976661e-17 4.886343153171962550e-03 0.000000000000000000e+00
7.426247114970582208e-01 2.524889453497697889e-01 6.944968585094724792e-20 1.949854065608976661e-17 4.886343153171962550e-03 0.000000000000000000e+00
7.426247114970582208e-01 2.524889453497697889e-01 6.944968585094724792e-20 1.949854065608976661e-17 4.886343153171962550e-03 0.000000000000000000e+00
7.426247114970582208e-01 2.524889453497697889e-01 6.944968585094724792e-20 1.949854065608976661e-17 4.886343153171962550e-03 0.000000000000000000e+00
7.426247114970582208e-01 2.524889453497697889e-01 6.944968585094724792e-20 1.949854065608976661e-17 4.886343153171962550e-03 0.000000000000000000e+00
7.426247114970582208e-01 2.524889453497697889e-01 6.944968585094724792e-20 1.949854065608976661e-17 4.886343153171962550e-03 0.000000000000000000e+00
7.426247114970582208e-01 2.524889453497697889e-01 6.944968585094724792e-20 1.949854065608976661e-17 4.886343153171962550e-03 0.000000000000000000e+00
7.426247114970582208e-01 2.524889453497697889e-01 6.944968585094724792e-20 1.949854065608976661e-17 4.886343153171962550e-03 0.000000000000000000e+00
7.426247114970582208e-01 2.524889453497697889e-01 6.944968585094724792e-20 1.949854065608976661e-17 4.886343153171962550e-03 0.000000000000000000e+00
7.426247114970582208e-01 2.524889453497697889e-01 6.944968585094724792e-20 1.949854065608976661e-17 4.886343153171962550e-03 0.000000000000000000e+00
7.426247114970582208e-01 2.524889453497697889e-01 6.944968585094724792e-20 1.949854065608976661e-17 4.886343153171962550e-03 0.000000000000000000e+00
7.426247114970582208e-01 2.524889453497697889e-01 6.944968585094724792e-20 1.949854065608976661e-17 4.886343153171962550e-03 0.000000000000000000e+00
7.426247114970582208e-01 2.524889453497697889e-01 6.944968585094724792e-20 1.949854065608976661e-17 4.886343153171962550e-03 0.000000000000000000e+00
7.426247114970582208e-01 2.524889453497697889e-01 6.944968585094724792e-20 1.949854065608976661e-17 4.886343153171962550e-03 0.000000000000000000e+00
7.426247114970582208e-01 2.524889453497697889e-01 6.944968585094724792e-20 1.949854065608976661e-17 4.886343153171962550e-03 0.000000000000000000e+00
7.426247114970582208e-01 2.524889453497697889e-01 6.944968585094724792e-20 1.949854065608976661e-17 4.886343153171962550e-03 0.000000000000000000e+00
7.426247114970582208e-01 2.524889453497697889e-01 6.944968585094724792e-20 1.949854065608976661e-17 4.886343153171962550e-03 0.000000000000000000e+00
7.426247114970582208e-01 2.524889453497697889e-01 6.944968585094724792e-20 1.949854065608976661e-17 4.886343153171962550e-03 0.000000000000000000e+00
7.426247114970582208e-01 2.524889453497697889e-01 6.944968585094724792e-20 1.949854065608976661e-17 4.886343153171962550e-03 0.000000000000000000e+00
7.426247114970582208e-01 2.524889453497697889e-01 6.944968585094724792e-20 1.949854065608976661e-17 4.886343153171962550e-03 0.000000000000000000e+00
7.426247114970582208e-01 2.524889453497697889e-01 6.944968585094724792e-20 1.949854065608976661e-17 4.886343153171962550e-03 0.000000000000000000e+00
7.426247114970582208e-01 2.524889453497697889e-01 6.944968585094724792e-20 1.949854065608976661e-17 4.886343153171962550e-03 0.000000000000000000e+00
7.426247114970582208e-01 2.524889453497697889e-01 6.944968585094724792e-20 1.949854065608976661e-17 4.886343153171962550e-03 0.000000000000000000e+00
7.426247114970582208e-01 2.524889453497697889e-01 6.944968585094724792e-20 1.949854065608976661e-17 4.886343153171962550e-03 0.000000000000000000e+00
7.426247114970582208e-01 2.524889453497697889e-01 6.944968585094724792e-20 1.949854065608976661e-17 4.886343153171962550e-03 0.000000000000000000e+00
7.426247114970582208e-01 2.524889453497697889e-01 6.944968585094724792e-20 1.949854065608976661e-17 4.886343153171962550e-03 0.000000000000000000e+00
7.426247114970582208e-01 2.524889453497697889e-01 6.944968585094724792e-20 1.949854065608976661e-17 4.886343153171962550e-03 0.000000000000000000e+00
7.426247114970582208e-01 2.524889453497697889e-01 6.944968585094724792e-20 1.949854065608976661e-17 4.886343153171962550e-03 0.000000000000000000e+00
7.426247114970582208e-01 2.524889453497697889e-01 6.944968585094724792e-20 1.949854065608976661e-17 4.886343153171962550e-03 0.000000000000000000e+00
7.426247114970582208e-01 2.524889453497697889e-01 6.944968585094724792e-20 1.949854065608976661e-17 4.886343153171962550e-03 0.000000000000000000e+00
7.426247114970582208e-01 2.524889453497697889e-01 6.944968585094724792e-20 1.949854065608976661e-17 4.886343153171962550e-03 0.000000000000000000e+00
7.426247114970582208e-01 2.524889453497697889e-01 6.944968585094724792e-20 1.949854065608976661e-17 4.886343153171962550e-03 0.000000000000000000e+00
7.426247114970582208e-01 2.524889453497697889e-01 6.944968585094724792e-20 1.949854065608976661e-17 4.886343153171962550e-03 0.000000000000000000e+00
7.426247114970582208e-01 2.524889453497697889e-01 6.944968585094724792e-20 1.949854065608976661e-17 4.886343153171962550e-03 0.000000000000000000e+00
