9.359905623422596355e-01 6.321240574900661990e-02 7.340842028791820094e-15 1.220275809619853911e-14 7.970319087141847572e-04 0.000000000000000000e+00
9.359905623422596355e-01 6.321240574900661990e-02 4.844792968845456154e-15 8.772820912831602283e-15 7.970319087200814076e-04 0.000000000000000000e+00
9.359905623422596355e-01 6.321240574900661990e-02 2.992549521878862925e-15 5.983251211797173572e-15 7.970319087247236360e-04 0.000000000000000000e+00
9.359905623422596355e-01 6.321240574900661990e-02 1.834516159065603310e-15 4.055848771233466116e-15 7.970319087278272732e-04 0.000000000000000000e+00
9.359905623422596355e-01 6.321240574900661990e-02 1.115774478583189807e-15 2.731870723219031159e-15 7.970319087298655732e-04 0.000000000000000000e+00
9.359905623422597465e-01 6.321240574900661990e-02 6.734768750673786025e-16 1.828800908131664090e-15 7.970319087312249459e-04 0.000000000000000000e+00
9.359905623422597465e-01 6.321240574900661990e-02 4.031665717593699791e-16 1.216123302681244269e-15 7.970319087321027160e-04 0.000000000000000000e+00
9.359905623422594134e-01 6.321240574900657827e-02 2.394492216860420450e-16 8.035554343327048472e-16 7.970319087326813547e-04 0.000000000000000000e+00
9.359905623422596355e-01 6.321240574900661990e-02 1.410753951273215906e-16 5.275139255228725388e-16 7.970319087330595244e-04 0.000000000000000000e+00
9.359905623422596355e-01 6.321240574900661990e-02 8.240714426541927092e-17 3.439087688942124273e-16 7.970319087333000005e-04 0.000000000000000000e+00
9.359905623422595244e-01 6.321240574900661990e-02 4.774104037091288600e-17 2.227177343377001043e-16 7.970319087334573182e-04 0.000000000000000000e+00
9.359905623422596355e-01 6.321240574900661990e-02 2.742672875855858003e-17 1.432587783793437273e-16 7.970319087335574985e-04 0.000000000000000000e+00
9.359905623422596355e-01 6.321240574900661990e-02 1.562119726300307156e-17 9.150904264272245964e-17 7.970319087336211411e-04 0.000000000000000000e+00
9.359905623422596355e-01 6.321240574900661990e-02 8.818064717462673117e-18 5.803234494656879932e-17 7.970319087336610398e-04 0.000000000000000000e+00
9.359905623422595244e-01 6.321240574900657827e-02 4.934231108958094337e-18 3.654220486009799774e-17 7.970319087336863017e-04 0.000000000000000000e+00
9.359905623422596355e-01 6.321240574900661990e-02 2.736490762054491364e-18 2.284493994326990904e-17 7.970319087337025647e-04 0.000000000000000000e+00
9.359905623422596355e-01 6.321240574900661990e-02 1.503967171668834849e-18 1.417778836759689734e-17 7.970319087337124310e-04 0.000000000000000000e+00
9.359905623422595244e-01 6.321240574900661990e-02 8.190291131420389026e-19 8.733874654354426076e-18 7.970319087337189362e-04 0.000000000000000000e+00
9.359905623422595244e-01 6.321240574900661990e-02 4.418962813411029088e-19 5.339977961402438029e-18 7.970319087337229477e-04 0.000000000000000000e+00
9.359905623422596355e-01 6.321240574900661990e-02 2.361798428659348515e-19 3.240100198710381381e-18 7.970319087337254414e-04 0.000000000000000000e+00
9.359905623422596355e-01 6.321240574900661990e-02 1.250283937107461577e-19 1.950817467926239844e-18 7.970319087337262003e-04 0.000000000000000000e+00
9.359905623422595244e-01 6.321240574900661990e-02 6.554812683386665115e-20 1.165379268964582758e-18 7.970319087337270677e-04 0.000000000000000000e+00
9.359905623422596355e-01 6.321240574900661990e-02 3.402836054189398537e-20 6.906599918041014007e-19 7.970319087337278266e-04 0.000000000000000000e+00
9.359905623422595244e-01 6.321240574900661990e-02 1.749021856311376426e-20 4.060340274914912779e-19 7.970319087337278266e-04 0.000000000000000000e+00
9.359905623422596355e-01 6.321240574900661990e-02 8.899546829611806688e-21 2.367646857610840795e-19 7.970319087337278266e-04 0.000000000000000000e+00
9.359905623422596355e-01 6.321240574900661990e-02 4.482211817092247443e-21 1.369220751725965822e-19 7.970319087337286940e-04 0.000000000000000000e+00
9.359905623422596355e-01 6.321240574900661990e-02 2.234143184520295220e-21 7.852086623862703534e-20 7.970319087337286940e-04 0.000000000000000000e+00
9.359905623422596355e-01 6.321240574900661990e-02 1.101983324522103747e-21 4.464903552369785840e-20 7.970319087337286940e-04 0.000000000000000000e+00
9.359905623422595244e-01 6.321240574900661990e-02 5.378219880529463719e-22 2.517196512664880265e-20 7.970319087337286940e-04 0.000000000000000000e+00
9.359905623422595244e-01 6.321240574900661990e-02 2.596923141349745501e-22 1.406907630923016686e-20 7.970319087337286940e-04 0.000000000000000000e+00
9.359905623422595244e-01 6.321240574900661990e-02 1.239857962058270846e-22 7.791894161801884554e-21 7.970319087337286940e-04 0.000000000000000000e+00
9.359905623422595244e-01 6.321240574900661990e-02 5.853703970306574335e-23 4.276541480874761978e-21 7.970319087337286940e-04 0.000000000000000000e+00
9.359905623422597465e-01 6.321240574900661990e-02 2.733255559851529963e-23 2.326218163595976956e-21 7.970319087337286940e-04 0.000000000000000000e+00
9.359905623422596355e-01 6.321240574900661990e-02 1.262088741897244341e-23 1.253982251083202944e-21 7.970319087337286940e-04 0.000000000000000000e+00
9.359905623422596355e-01 6.321240574900661990e-02 5.758350924578699436e-24 6.694563626322877925e-22 7.970319087337286940e-04 0.000000000000000000e+00
9.359905623422596355e-01 6.321240574900661990e-02 2.595983492848082454e-24 3.539485921374936467e-22 7.970319087337286940e-04 0.000000000000000000e+00
9.359905623422595244e-01 6.321240574900661990e-02 1.156855497954714469e-24 1.853910992827430555e-22 7.970319087337286940e-04 0.000000000000000000e+00
9.359905623422595244e-01 6.321240574900657827e-02 5.092278428418092759e-25 9.614153662049346686e-23 7.970319087337286940e-04 0.000000000000000000e+00
9.359905623422596355e-01 6.321240574900661990e-02 2.213333889621495167e-25 4.934938609118310938e-23 7.970319087337286940e-04 0.000000000000000000e+00
9.359905623422595244e-01 6.321240574900661990e-02 9.507194658666780006e-26 2.508992884288213596e-23 7.970319087337286940e-04 0.000000000000000000e+00
9.359905623422595244e-01 6.321240574900661990e-02 4.029385974498085782e-26 1.261843481207906622e-23 7.970319087337286940e-04 0.000000000000000000e+00
9.359905623422595244e-01 6.321240574900661990e-02 1.686636133988702337e-26 6.282546967426876153e-24 7.970319087337286940e-04 0.000000000000000000e+00
9.359905623422596355e-01 6.321240574900661990e-02 6.969150411060868959e-27 3.095364074008436616e-24 7.970319087337286940e-04 0.000000000000000000e+00
9.359905623422595244e-01 6.321240574900661990e-02 2.840959554997301535e-27 1.508451904193948875e-24 7.970319087337286940e-04 0.000000000000000000e+00
9.359905623422597465e-01 6.321240574900661990e-02 1.143191677390828330e-27 7.274280640079558889e-25 7.970319087337286940e-04 0.000000000000000000e+00
9.359905623422596355e-01 6.321240574900661990e-02 4.533183935462089203e-28 3.466475858859205894e-25 7.970319087337286940e-04 0.000000000000000000e+00
9.359905623422595244e-01 6.321240574900661990e-02 1.773652437396102299e-28 1.634074173278536377e-25 7.970319087337286940e-04 0.000000000000000000e+00
9.359905623422595244e-01 6.321240574900657827e-02 6.836303454101303130e-29 7.609900050580000880e-26 7.970319087337286940e-04 0.000000000000000000e+00
9.359905623422595244e-01 6.321240574900661990e-02 2.598099894553935707e-29 3.503715624535384022e-26 7.970319087337286940e-04 0.000000000000000000e+00
9.359905623422596355e-01 6.321240574900661990e-02 9.729077321749952937e-30 1.593961684361153744e-26 7.970319087337286940e-04 0.000000000000000000e+00
9.359905623422596355e-01 6.321240574900661990e-02 5.525250095019799198e-30 1.012577480847162449e-26 7.970319087337286940e-04 0.000000000000000000e+00
9.359905623422596355e-01 6.321240574900661990e-02 5.525250095019799198e-30 1.012577480847162449e-26 7.970319087337286940e-04 0.000000000000000000e+00
9.359905623422596355e-01 6.321240574900661990e-02 5.525250095019799198e-30 1.012577480847162449e-26 7.970319087337286940e-04 0.000000000000000000e+00
9.359905623422596355e-01 6.321240574900661990e-02 5.525250095019799198e-30 1.012577480847162449e-26 7.970319087337286940e-04 0.000000000000000000e+00
9.359905623422596355e-01 6.321240574900661990e-02 5.525250095019799198e-30 1.012577480847162449e-26 7.970319087337286940e-04 0.000000000000000000e+00
9.359905623422596355e-01 6.321240574900661990e-02 5.525250095019799198e-30 1.012577480847162449e-26 7.970319087337286940e-04 0.000000000000000000e+00
9.359905623422596355e-01 6.321240574900661990e-02 5.525250095019799198e-30 1.012577480847162449e-26 7.970319087337286940e-04 0.000000000000000000e+00
9.359905623422596355e-01 6.321240574900661990e-02 5.525250095019799198e-30 1.012577480847162449e-26 7.970319087337286940e-04 0.000000000000000000e+00
9.359905623422596355e-01 6.321240574900661990e-02 5.525250095019799198e-30 1.012577480847162449e-26 7.970319087337286940e-04 0.000000000000000000e+00
9.359905623422596355e-01 6.321240574900661990e-02 5.525250095019799198e-30 1.012577480847162449e-26 7.970319087337286940e-04 0.000000000000000000e+00
9.359905623422596355e-01 6.321240574900661990e-02 5.525250095019799198e-30 1.012577480847162449e-26 7.970319087337286940e-04 0.000000000000000000e+00
9.359905623422596355e-01 6.321240574900661990e-02 5.525250095019799198e-30 1.012577480847162449e-26 7.970319087337286940e-04 0.000000000000000000e+00
9.359905623422596355e-01 6.321240574900661990e-02 5.525250095019799198e-30 1.012577480847162449e-26 7.970319087337286940e-04 0.000000000000000000e+00
9.359905623422596355e-01 6.321240574900661990e-02 5.525250095019799198e-30 1.012577480847162449e-26 7.970319087337286940e-04 0.000000000000000000e+00
9.359905623422596355e-01 6.321240574900661990e-02 5.525250095019799198e-30 1.012577480847162449e-26 7.970319087337286940e-04 0.000000000000000000e+00
9.359905623422596355e-01 6.321240574900661990e-02 5.525250095019799198e-30 1.012577480847162449e-26 7.970319087337286940e-04 0.000000000000000000e+00
9.359905623422596355e-01 6.321240574900661990e-02 5.525250095019799198e-30 1.012577480847162449e-26 7.970319087337286940e-04 0.000000000000000000e+00
9.359905623422596355e-01 6.321240574900661990e-02 5.525250095019799198e-30 1.012577480847162449e-26 7.970319087337286940e-04 0.000000000000000000e+00
9.359905623422596355e-01 6.321240574900661990e-02 5.525250095019799198e-30 1.012577480847162449e-26 7.970319087337286940e-04 0.000000000000000000e+00
9.359905623422596355e-01 6.321240574900661990e-02 5.525250095019799198e-30 1.012577480847162449e-26 7.970319087337286940e-04 0.000000000000000000e+00
9.359905623422596355e-01 6.321240574900661990e-02 5.525250095019799198e-30 1.012577480847162449e-26 7.970319087337286940e-04 0.000000000000000000e+00
9.359905623422596355e-01 6.321240574900661990e-02 5.525250095019799198e-30 1.012577480847162449e-26 7.970319087337286940e-04 0.000000000000000000e+00
9.359905623422596355e-01 6.321240574900661990e-02 5.525250095019799198e-30 1.012577480847162449e-26 7.970319087337286940e-04 0.000000000000000000e+00
9.359905623422596355e-01 6.321240574900661990e-02 5.525250095019799198e-30 1.012577480847162449e-26 7.970319087337286940e-04 0.000000000000000000e+00
9.359905623422596355e-01 6.321240574900661990e-02 5.525250095019799198e-30 1.012577480847162449e-26 7.970319087337286940e-04 0.000000000000000000e+00
9.359905623422596355e-01 6.321240574900661990e-02 5.525250095019799198e-30 1.012577480847162449e-26 7.970319087337286940e-04 0.000000000000000000e+00
9.359905623422596355e-01 6.321240574900661990e-02 5.525250095019799198e-30 1.012577480847162449e-26 7.970319087337286940e-04 0.000000000000000000e+00
9.359905623422596355e-01 6.321240574900661990e-02 5.525250095019799198e-30 1.012577480847162449e-26 7.970319087337286940e-04 0.000000000000000000e+00
9.359905623422596355e-01 6.321240574900661990e-02 5.525250095019799198e-30 1.012577480847162449e-26 7.970319087337286940e-04 0.000000000000000000e+00
9.359905623422596355e-01 6.321240574900661990e-02 5.525250095019799198e-30 1.012577480847162449e-26 7.970319087337286940e-04 0.000000000000000000e+00
9.359905623422596355e-01 6.321240574900661990e-02 5.525250095019799198e-30 1.012577480847162449e-26 7.970319087337286940e-04 0.000000000000000000e+00
9.359905623422596355e-01 6.321240574900661990e-02 5.525250095019799198e-30 1.012577480847162449e-26 7.970319087337286940e-04 0.000000000000000000e+00
9.359905623422596355e-01 6.321240574900661990e-02 5.525250095019799198e-30 1.012577480847162449e-26 7.970319087337286940e-04 0.000000000000000000e+00
9.359905623422596355e-01 6.321240574900661990e-02 5.525250095019799198e-30 1.012577480847162449e-26 7.970319087337286940e-04 0.000000000000000000e+00
9.359905623422596355e-01 6.321240574900661990e-02 5.525250095019799198e-30 1.012577480847162449e-26 7.970319087337286940e-04 0.000000000000000000e+00
9.359905623422596355e-01 6.321240574900661990e-02 5.525250095019799198e-30 1.012577480847162449e-26 7.970319087337286940e-04 0.000000000000000000e+00
9.359905623422596355e-01 6.321240574900661990e-02 5.525250095019799198e-30 1.012577480847162449e-26 7.970319087337286940e-04 0.000000000000000000e+00
9.359905623422596355e-01 6.321240574900661990e-02 5.525250095019799198e-30 1.012577480847162449e-26 7.970319087337286940e-04 0.000000000000000000e+00
9.359905623422596355e-01 6.321240574900661990e-02 5.525250095019799198e-30 1.012577480847162449e-26 7.970319087337286940e-04 0.000000000000000000e+00
9.359905623422596355e-01 6.321240574900661990e-02 5.525250095019799198e-30 1.012577480847162449e-26 7.970319087337286940e-04 0.000000000000000000e+00
9.359905623422596355e-01 6.321240574900661990e-02 5.525250095019799198e-30 1.012577480847162449e-26 7.970319087337286940e-04 0.000000000000000000e+00
9.359905623422596355e-01 6.321240574900661990e-02 5.525250095019799198e-30 1.012577480847162449e-26 7.970319087337286940e-04 0.000000000000000000e+00
9.359905623422596355e-01 6.321240574900661990e-02 5.525250095019799198e-30 1.012577480847162449e-26 7.970319087337286940e-04 0.000000000000000000e+00
9.359905623422596355e-01 6.321240574900661990e-02 5.525250095019799198e-30 1.012577480847162449e-26 7.970319087337286940e-04 0.000000000000000000e+00
9.359905623422596355e-01 6.321240574900661990e-02 5.525250095019799198e-30 1.012577480847162449e-26 7.970319087337286940e-04 0.000000000000000000e+00
9.359905623422596355e-01 6.321240574900661990e-02 5.525250095019799198e-30 1.012577480847162449e-26 7.970319087337286940e-04 0.000000000000000000e+00
9.359905623422596355e-01 6.321240574900661990e-02 5.525250095019799198e-30 1.012577480847162449e-26 7.970319087337286940e-04 0.000000000000000000e+00
9.359905623422596355e-01 6.321240574900661990e-02 5.525250095019799198e-30 1.012577480847162449e-26 7.970319087337286940e-04 0.000000000000000000e+00
9.359905623422596355e-01 6.321240574900661990e-02 5.525250095019799198e-30 1.012577480847162449e-26 7.970319087337286940e-04 0.000000000000000000e+00
9.359905623422596355e-01 6.321240574900661990e-02 5.525250095019799198e-30 1.012577480847162449e-26 7.970319087337286940e-04 0.000000000000000000e+00
9.359905623422596355e-01 6.321240574900661990e-02 5.525250095019799198e-30 1.012577480847162449e-26 7.970319087337286940e-04 0.000000000000000000e+00
9.359905623422596355e-01 6.321240574900661990e-02 5.525250095019799198e-30 1.012577480847162449e-26 7.970319087337286940e-04 0.000000000000000000e+00
9.359905623422596355e-01 6.321240574900661990e-02 5.525250095019799198e-30 1.012577480847162449e-26 7.970319087337286940e-04 0.000000000000000000e+00
9.359905623422596355e-01 6.321240574900661990e-02 5.525250095019799198e-30 1.012577480847162449e-26 7.970319087337286940e-04 0.000000000000000000e+00
9.359905623422596355e-01 6.321240574900661990e-02 5.525250095019799198e-30 1.012577480847162449e-26 7.970319087337286940e-04 0.000000000000000000e+00
9.359905623422596355e-01 6.321240574900661990e-02 5.525250095019799198e-30 1.012577480847162449e-26 7.970319087337286940e-04 0.000000000000000000e+00
9.359905623422596355e-01 6.321240574900661990e-02 5.525250095019799198e-30 1.012577480847162449e-26 7.970319087337286940e-04 0.000000000000000000e+00
9.359905623422596355e-01 6.321240574900661990e-02 5.525250095019799198e-30 1.012577480847162449e-26 7.970319087337286940e-04 0.000000000000000000e+00
9.359905623422596355e-01 6.321240574900661990e-02 5.525250095019799198e-30 1.012577480847162449e-26 7.970319087337286940e-04 0.000000000000000000e+00
9.359905623422596355e-01 6.321240574900661990e-02 5.525250095019799198e-30 1.012577480847162449e-26 7.970319087337286940e-04 0.000000000000000000e+00
9.359905623422596355e-01 6.321240574900661990e-02 5.525250095019799198e-30 1.012577480847162449e-26 7.970319087337286940e-04 0.000000000000000000e+00
9.359905623422596355e-01 6.321240574900661990e-02 5.525250095019799198e-30 1.012577480847162449e-26 7.970319087337286940e-04 0.000000000000000000e+00
9.359905623422596355e-01 6.321240574900661990e-02 5.525250095019799198e-30 1.012577480847162449e-26 7.970319087337286940e-04 0.000000000000000000e+00
9.359905623422596355e-01 6.321240574900661990e-02 5.525250095019799198e-30 1.012577480847162449e-26 7.970319087337286940e-04 0.000000000000000000e+00
9.359905623422596355e-01 6.321240574900661990e-02 5.525250095019799198e-30 1.012577480847162449e-26 7.970319087337286940e-04 0.000000000000000000e+00
9.359905623422596355e-01 6.321240574900661990e-02 5.525250095019799198e-30 1.012577480847162449e-26 7.970319087337286940e-04 0.000000000000000000e+00
9.359905623422596355e-01 6.321240574900661990e-02 5.525250095019799198e-30 1.012577480847162449e-26 7.970319087337286940e-04 0.000000000000000000e+00
9.359905623422596355e-01 6.321240574900661990e-02 5.525250095019799198e-30 1.012577480847162449e-26 7.970319087337286940e-04 0.000000000000000000e+00
9.359905623422596355e-01 6.321240574900661990e-02 5.525250095019799198e-30 1.012577480847162449e-26 7.970319087337286940e-04 0.000000000000000000e+00
9.359905623422596355e-01 6.321240574900661990e-02 5.525250095019799198e-30 1.012577480847162449e-26 7.970319087337286940e-04 0.000000000000000000e+00
9.359905623422596355e-01 6.321240574900661990e-02 5.525250095019799198e-30 1.012577480847162449e-26 7.970319087337286940e-04 0.000000000000000000e+00
9.359905623422596355e-01 6.321240574900661990e-02 5.525250095019799198e-30 1.012577480847162449e-26 7.970319087337286940e-04 0.000000000000000000e+00
9.359905623422596355e-01 6.321240574900661990e-02 5.525250095019799198e-30 1.012577480847162449e-26 7.970319087337286940e-04 0.000000000000000000e+00
9.359905623422596355e-01 6.321240574900661990e-02 5.525250095019799198e-30 1.012577480847162449e-26 7.970319087337286940e-04 0.000000000000000000e+00
9.359905623422596355e-01 6.321240574900661990e-02 5.525250095019799198e-30 1.012577480847162449e-26 7.970319087337286940e-04 0.000000000000000000e+00
9.359905623422596355e-01 6.321240574900661990e-02 5.525250095019799198e-30 1.012577480847162449e-26 7.970319087337286940e-04 0.000000000000000000e+00
9.359905623422596355e-01 6.321240574900661990e-02 5.525250095019799198e-30 1.012577480847162449e-26 7.970319087337286940e-04 0.000000000000000000e+00
9.359905623422596355e-01 6.321240574900661990e-02 5.525250095019799198e-30 1.012577480847162449e-26 7.970319087337286940e-04 0.000000000000000000e+00
9.359905623422596355e-01 6.321240574900661990e-02 5.525250095019799198e-30 1.012577480847162449e-26 7.970319087337286940e-04 0.000000000000000000e+00
9.359905623422596355e-01 6.321240574900661990e-02 5.525250095019799198e-30 1.012577480847162449e-26 7.970319087337286940e-04 0.000000000000000000e+00
9.359905623422596355e-01 6.321240574900661990e-02 5.525250095019799198e-30 1.012577480847162449e-26 7.970319087337286940e-04 0.000000000000000000e+00
9.359905623422596355e-01 6.321240574900661990e-02 5.525250095019799198e-30 1.012577480847162449e-26 7.970319087337286940e-04 0.000000000000000000e+00
9.359905623422596355e-01 6.321240574900661990e-02 5.525250095019799198e-30 1.012577480847162449e-26 7.970319087337286940e-04 0.000000000000000000e+00
9.359905623422596355e-01 6.321240574900661990e-02 5.525250095019799198e-30 1.012577480847162449e-26 7.970319087337286940e-04 0.000000000000000000e+00
9.359905623422596355e-01 6.321240574900661990e-02 5.525250095019799198e-30 1.012577480847162449e-26 7.970319087337286940e-04 0.000000000000000000e+00
9.359905623422596355e-01 6.321240574900661990e-02 5.525250095019799198e-30 1.012577480847162449e-26 7.970319087337286940e-04 0.000000000000000000e+00
9.359905623422596355e-01 6.321240574900661990e-02 5.525250095019799198e-30 1.012577480847162449e-26 7.970319087337286940e-04 0.000000000000000000e+00
9.359905623422596355e-01 6.321240574900661990e-02 5.525250095019799198e-30 1.012577480847162449e-26 7.970319087337286940e-04 0.000000000000000000e+00
9.359905623422596355e-01 6.321240574900661990e-02 5.525250095019799198e-30 1.012577480847162449e-26 7.970319087337286940e-04 0.000000000000000000e+00
9.359905623422596355e-01 6.321240574900661990e-02 5.525250095019799198e-30 1.012577480847162449e-26 7.970319087337286940e-04 0.000000000000000000e+00
9.359905623422596355e-01 6.321240574900661990e-02 5.525250095019799198e-30 1.012577480847162449e-26 7.970319087337286940e-04 0.000000000000000000e+00
9.359905623422596355e-01 6.321240574900661990e-02 5.525250095019799198e-30 1.012577480847162449e-26 7.970319087337286940e-04 0.000000000000000000e+00
9.359905623422596355e-01 6.321240574900661990e-02 5.525250095019799198e-30 1.012577480847162449e-26 7.970319087337286940e-04 0.000000000000000000e+00
9.359905623422596355e-01 6.321240574900661990e-02 5.525250095019799198e-30 1.012577480847162449e-26 7.970319087337286940e-04 0.000000000000000000e+00
9.359905623422596355e-01 6.321240574900661990e-02 5.525250095019799198e-30 1.012577480847162449e-26 7.970319087337286940e-04 0.000000000000000000e+00
9.359905623422596355e-01 6.321240574900661990e-02 5.525250095019799198e-30 1.012577480847162449e-26 7.970319087337286940e-04 0.000000000000000000e+00
9.359905623422596355e-01 6.321240574900661990e-02 5.525250095019799198e-30 1.012577480847162449e-26 7.970319087337286940e-04 0.000000000000000000e+00
9.359905623422596355e-01 6.321240574900661990e-02 5.525250095019799198e-30 1.012577480847162449e-26 7.970319087337286940e-04 0.000000000000000000e+00
9.359905623422596355e-01 6.321240574900661990e-02 5.525250095019799198e-30 1.012577480847162449e-26 7.970319087337286940e-04 0.000000000000000000e+00
9.359905623422596355e-01 6.321240574900661990e-02 5.525250095019799198e-30 1.012577480847162449e-26 7.970319087337286940e-04 0.000000000000000000e+00
9.359905623422596355e-01 6.321240574900661990e-02 5.525250095019799198e-30 1.012577480847162449e-26 7.970319087337286940e-04 0.000000000000000000e+00
9.359905623422596355e-01 6.321240574900661990e-02 5.525250095019799198e-30 1.012577480847162449e-26 7.970319087337286940e-04 0.000000000000000000e+00
9.359905623422596355e-01 6.321240574900661990e-02 5.525250095019799198e-30 1.012577480847162449e-26 7.970319087337286940e-04 0.000000000000000000e+00
9.359905623422596355e-01 6.321240574900661990e-02 5.525250095019799198e-30 1.012577480847162449e-26 7.970319087337286940e-04 0.000000000000000000e+00
9.359905623422596355e-01 6.321240574900661990e-02 5.525250095019799198e-30 1.012577480847162449e-26 7.970319087337286940e-04 0.000000000000000000e+00
9.359905623422596355e-01 6.321240574900661990e-02 5.525250095019799198e-30 1.012577480847162449e-26 7.970319087337286940e-04 0.000000000000000000e+00
9.359905623422596355e-01 6.321240574900661990e-02 5.525250095019799198e-30 1.012577480847162449e-26 7.970319087337286940e-04 0.000000000000000000e+00
9.359905623422596355e-01 6.321240574900661990e-02 5.525250095019799198e-30 1.012577480847162449e-26 7.970319087337286940e-04 0.000000000000000000e+00
9.359905623422596355e-01 6.321240574900661990e-02 5.525250095019799198e-30 1.012577480847162449e-26 7.970319087337286940e-04 0.000000000000000000e+00
9.359905623422596355e-01 6.321240574900661990e-02 5.525250095019799198e-30 1.012577480847162449e-26 7.970319087337286940e-04 0.000000000000000000e+00
9.359905623422596355e-01 6.321240574900661990e-02 5.525250095019799198e-30 1.012577480847162449e-26 7.970319087337286940e-04 0.000000000000000000e+00
9.359905623422596355e-01 6.321240574900661990e-02 5.525250095019799198e-30 1.012577480847162449e-26 7.970319087337286940e-04 0.000000000000000000e+00
9.359905623422596355e-01 6.321240574900661990e-02 5.525250095019799198e-30 1.012577480847162449e-26 7.970319087337286940e-04 0.000000000000000000e+00
9.359905623422596355e-01 6.321240574900661990e-02 5.525250095019799198e-30 1.012577480847162449e-26 7.970319087337286940e-04 0.000000000000000000e+00
9.359905623422596355e-01 6.321240574900661990e-02 5.525250095019799198e-30 1.012577480847162449e-26 7.970319087337286940e-04 0.000000000000000000e+00
9.359905623422596355e-01 6.321240574900661990e-02 5.525250095019799198e-30 1.012577480847162449e-26 7.970319087337286940e-04 0.000000000000000000e+00
9.359905623422596355e-01 6.321240574900661990e-02 5.525250095019799198e-30 1.012577480847162449e-26 7.970319087337286940e-04 0.000000000000000000e+00
9.359905623422596355e-01 6.321240574900661990e-02 5.525250095019799198e-30 1.012577480847162449e-26 7.970319087337286940e-04 0.000000000000000000e+00
9.359905623422596355e-01 6.321240574900661990e-02 5.525250095019799198e-30 1.012577480847162449e-26 7.970319087337286940e-04 0.000000000000000000e+00
9.359905623422596355e-01 6.321240574900661990e-02 5.525250095019799198e-30 1.012577480847162449e-26 7.970319087337286940e-04 0.000000000000000000e+00
9.359905623422596355e-01 6.321240574900661990e-02 5.525250095019799198e-30 1.012577480847162449e-26 7.970319087337286940e-04 0.000000000000000000e+00
9.359905623422596355e-01 6.321240574900661990e-02 5.525250095019799198e-30 1.012577480847162449e-26 7.970319087337286940e-04 0.000000000000000000e+00
9.359905623422596355e-01 6.321240574900661990e-02 5.525250095019799198e-30 1.012577480847162449e-26 7.970319087337286940e-04 0.000000000000000000e+00
9.359905623422596355e-01 6.321240574900661990e-02 5.525250095019799198e-30 1.012577480847162449e-26 7.970319087337286940e-04 0.000000000000000000e+00
9.359905623422596355e-01 6.321240574900661990e-02 5.525250095019799198e-30 1.012577480847162449e-26 7.970319087337286940e-04 0.000000000000000000e+00
9.359905623422596355e-01 6.321240574900661990e-02 5.525250095019799198e-30 1.012577480847162449e-26 7.970319087337286940e-04 0.000000000000000000e+00
9.359905623422596355e-01 6.321240574900661990e-02 5.525250095019799198e-30 1.012577480847162449e-26 7.970319087337286940e-04 0.000000000000000000e+00
9.359905623422596355e-01 6.321240574900661990e-02 5.525250095019799198e-30 1.012577480847162449e-26 7.970319087337286940e-04 0.000000000000000000e+00
9.359905623422596355e-01 6.321240574900661990e-02 5.525250095019799198e-30 1.012577480847162449e-26 7.970319087337286940e-04 0.000000000000000000e+00
9.359905623422596355e-01 6.321240574900661990e-02 5.525250095019799198e-30 1.012577480847162449e-26 7.970319087337286940e-04 0.000000000000000000e+00
9.359905623422596355e-01 6.321240574900661990e-02 5.525250095019799198e-30 1.012577480847162449e-26 7.970319087337286940e-04 0.000000000000000000e+00
9.359905623422596355e-01 6.321240574900661990e-02 5.525250095019799198e-30 1.012577480847162449e-26 7.970319087337286940e-04 0.000000000000000000e+00
9.359905623422596355e-01 6.321240574900661990e-02 5.525250095019799198e-30 1.012577480847162449e-26 7.970319087337286940e-04 0.000000000000000000e+00
9.359905623422596355e-01 6.321240574900661990e-02 5.525250095019799198e-30 1.012577480847162449e-26 7.970319087337286940e-04 0.000000000000000000e+00
9.359905623422596355e-01 6.321240574900661990e-02 5.525250095019799198e-30 1.012577480847162449e-26 7.970319087337286940e-04 0.000000000000000000e+00
9.359905623422596355e-01 6.321240574900661990e-02 5.525250095019799198e-30 1.012577480847162449e-26 7.970319087337286940e-04 0.000000000000000000e+00
9.359905623422596355e-01 6.321240574900661990e-02 5.525250095019799198e-30 1.012577480847162449e-26 7.970319087337286940e-04 0.000000000000000000e+00
9.359905623422596355e-01 6.321240574900661990e-02 5.525250095019799198e-30 1.012577480847162449e-26 7.970319087337286940e-04 0.000000000000000000e+00
9.359905623422596355e-01 6.321240574900661990e-02 5.525250095019799198e-30 1.012577480847162449e-26 7.970319087337286940e-04 0.000000000000000000e+00
9.359905623422596355e-01 6.321240574900661990e-02 5.525250095019799198e-30 1.012577480847162449e-26 7.970319087337286940e-04 0.000000000000000000e+00
9.359905623422596355e-01 6.321240574900661990e-02 5.525250095019799198e-30 1.012577480847162449e-26 7.970319087337286940e-04 0.000000000000000000e+00
9.359905623422596355e-01 6.321240574900661990e-02 5.525250095019799198e-30 1.012577480847162449e-26 7.970319087337286940e-04 0.000000000000000000e+00
9.359905623422596355e-01 6.321240574900661990e-02 5.525250095019799198e-30 1.012577480847162449e-26 7.970319087337286940e-04 0.000000000000000000e+00
9.359905623422596355e-01 6.321240574900661990e-02 5.525250095019799198e-30 1.012577480847162449e-26 7.970319087337286940e-04 0.000000000000000000e+00
9.359905623422596355e-01 6.321240574900661990e-02 5.525250095019799198e-30 1.012577480847162449e-26 7.970319087337286940e-04 0.000000000000000000e+00
9.359905623422596355e-01 6.321240574900661990e-02 5.525250095019799198e-30 1.012577480847162449e-26 7.970319087337286940e-04 0.000000000000000000e+00
9.359905623422596355e-01 6.321240574900661990e-02 5.525250095019799198e-30 1.012577480847162449e-26 7.970319087337286940e-04 0.000000000000000000e+00
9.359905623422596355e-01 6.321240574900661990e-02 5.525250095019799198e-30 1.012577480847162449e-26 7.970319087337286940e-04 0.000000000000000000e+00
9.359905623422596355e-01 6.321240574900661990e-02 5.525250095019799198e-30 1.012577480847162449e-26 7.970319087337286940e-04 0.000000000000000000e+00
9.359905623422596355e-01 6.321240574900661990e-02 5.525250095019799198e-30 1.012577480847162449e-26 7.970319087337286940e-04 0.000000000000000000e+00
9.359905623422596355e-01 6.321240574900661990e-02 5.525250095019799198e-30 1.012577480847162449e-26 7.970319087337286940e-04 0.000000000000000000e+00
9.359905623422596355e-01 6.321240574900661990e-02 5.525250095019799198e-30 1.012577480847162449e-26 7.970319087337286940e-04 0.000000000000000000e+00
9.359905623422596355e-01 6.321240574900661990e-02 5.525250095019799198e-30 1.012577480847162449e-26 7.970319087337286940e-04 0.000000000000000000e+00
9.359905623422596355e-01 6.321240574900661990e-02 5.525250095019799198e-30 1.012577480847162449e-26 7.970319087337286940e-04 0.000000000000000000e+00
9.359905623422596355e-01 6.321240574900661990e-02 5.525250095019799198e-30 1.012577480847162449e-26 7.970319087337286940e-04 0.000000000000000000e+00
9.359905623422596355e-01 6.321240574900661990e-02 5.525250095019799198e-30 1.012577480847162449e-26 7.970319087337286940e-04 0.000000000000000000e+00
9.359905623422596355e-01 6.321240574900661990e-02 5.525250095019799198e-30 1.012577480847162449e-26 7.970319087337286940e-04 0.000000000000000000e+00
9.359905623422596355e-01 6.321240574900661990e-02 5.525250095019799198e-30 1.012577480847162449e-26 7.970319087337286940e-04 0.000000000000000000e+00
9.359905623422596355e-01 6.321240574900661990e-02 5.525250095019799198e-30 1.012577480847162449e-26 7.970319087337286940e-04 0.000000000000000000e+00
9.359905623422596355e-01 6.321240574900661990e-02 5.525250095019799198e-30 1.012577480847162449e-26 7.970319087337286940e-04 0.000000000000000000e+00
9.359905623422596355e-01 6.321240574900661990e-02 5.525250095019799198e-30 1.012577480847162449e-26 7.970319087337286940e-04 0.000000000000000000e+00
9.359905623422596355e-01 6.321240574900661990e-02 5.525250095019799198e-30 1.012577480847162449e-26 7.970319087337286940e-04 0.000000000000000000e+00
9.359905623422596355e-01 6.321240574900661990e-02 5.525250095019799198e-30 1.012577480847162449e-26 7.970319087337286940e-04 0.000000000000000000e+00
9.359905623422596355e-01 6.321240574900661990e-02 5.525250095019799198e-30 1.012577480847162449e-26 7.970319087337286940e-04 0.000000000000000000e+00
9.359905623422596355e-01 6.321240574900661990e-02 5.525250095019799198e-30 1.012577480847162449e-26 7.970319087337286940e-04 0.000000000000000000e+00
9.359905623422596355e-01 6.321240574900661990e-02 5.525250095019799198e-30 1.012577480847162449e-26 7.970319087337286940e-04 0.000000000000000000e+00
9.359905623422596355e-01 6.321240574900661990e-02 5.525250095019799198e-30 1.012577480847162449e-26 7.970319087337286940e-04 0.000000000000000000e+00
9.359905623422596355e-01 6.321240574900661990e-02 5.525250095019799198e-30 1.012577480847162449e-26 7.970319087337286940e-04 0.000000000000000000e+00
9.359905623422596355e-01 6.321240574900661990e-02 5.525250095019799198e-30 1.012577480847162449e-26 7.970319087337286940e-04 0.000000000000000000e+00
9.359905623422596355e-01 6.321240574900661990e-02 5.525250095019799198e-30 1.012577480847162449e-26 7.970319087337286940e-04 0.000000000000000000e+00
9.359905623422596355e-01 6.321240574900661990e-02 5.525250095019799198e-30 1.012577480847162449e-26 7.970319087337286940e-04 0.000000000000000000e+00
9.359905623422596355e-01 6.321240574900661990e-02 5.525250095019799198e-30 1.012577480847162449e-26 7.970319087337286940e-04 0.000000000000000000e+00
9.359905623422596355e-01 6.321240574900661990e-02 5.525250095019799198e-30 1.012577480847162449e-26 7.970319087337286940e-04 0.000000000000000000e+00
9.359905623422596355e-01 6.321240574900661990e-02 5.525250095019799198e-30 1.012577480847162449e-26 7.970319087337286940e-04 0.000000000000000000e+00
9.359905623422596355e-01 6.321240574900661990e-02 5.525250095019799198e-30 1.012577480847162449e-26 7.970319087337286940e-04 0.000000000000000000e+00
9.359905623422596355e-01 6.321240574900661990e-02 5.525250095019799198e-30 1.012577480847162449e-26 7.970319087337286940e-04 0.000000000000000000e+00
9.359905623422596355e-01 6.321240574900661990e-02 5.525250095019799198e-30 1.012577480847162449e-26 7.970319087337286940e-04 0.000000000000000000e+00
9.359905623422596355e-01 6.321240574900661990e-02 5.525250095019799198e-30 1.012577480847162449e-26 7.970319087337286940e-04 0.000000000000000000e+00
9.359905623422596355e-01 6.321240574900661990e-02 5.525250095019799198e-30 1.012577480847162449e-26 7.970319087337286940e-04 0.000000000000000000e+00
9.359905623422596355e-01 6.321240574900661990e-02 5.525250095019799198e-30 1.012577480847162449e-26 7.970319087337286940e-04 0.000000000000000000e+00
9.359905623422596355e-01 6.321240574900661990e-02 5.525250095019799198e-30 1.012577480847162449e-26 7.970319087337286940e-04 0.000000000000000000e+00
9.359905623422596355e-01 6.321240574900661990e-02 5.525250095019799198e-30 1.012577480847162449e-26 7.970319087337286940e-04 0.000000000000000000e+00
9.359905623422596355e-01 6.321240574900661990e-02 5.525250095019799198e-30 1.012577480847162449e-26 7.970319087337286940e-04 0.000000000000000000e+00
9.359905623422596355e-01 6.321240574900661990e-02 5.525250095019799198e-30 1.012577480847162449e-26 7.970319087337286940e-04 0.000000000000000000e+00
9.359905623422596355e-01 6.321240574900661990e-02 5.525250095019799198e-30 1.012577480847162449e-26 7.970319087337286940e-04 0.000000000000000000e+00
9.359905623422596355e-01 6.321240574900661990e-02 5.525250095019799198e-30 1.012577480847162449e-26 7.970319087337286940e-04 0.000000000000000000e+00
9.359905623422596355e-01 6.321240574900661990e-02 5.525250095019799198e-30 1.012577480847162449e-26 7.970319087337286940e-04 0.000000000000000000e+00
9.359905623422596355e-01 6.321240574900661990e-02 5.525250095019799198e-30 1.012577480847162449e-26 7.970319087337286940e-04 0.000000000000000000e+00
9.359905623422596355e-01 6.321240574900661990e-02 5.525250095019799198e-30 1.012577480847162449e-26 7.970319087337286940e-04 0.000000000000000000e+00
9.359905623422596355e-01 6.321240574900661990e-02 5.525250095019799198e-30 1.012577480847162449e-26 7.970319087337286940e-04 0.000000000000000000e+00
9.359905623422596355e-01 6.321240574900661990e-02 5.525250095019799198e-30 1.012577480847162449e-26 7.970319087337286940e-04 0.000000000000000000e+00
9.359905623422596355e-01 6.321240574900661990e-02 5.525250095019799198e-30 1.012577480847162449e-26 7.970319087337286940e-04 0.000000000000000000e+00
9.359905623422596355e-01 6.321240574900661990e-02 5.525250095019799198e-30 1.012577480847162449e-26 7.970319087337286940e-04 0.000000000000000000e+00
9.359905623422596355e-01 6.321240574900661990e-02 5.525250095019799198e-30 1.012577480847162449e-26 7.970319087337286940e-04 0.000000000000000000e+00
9.359905623422596355e-01 6.321240574900661990e-02 5.525250095019799198e-30 1.012577480847162449e-26 7.970319087337286940e-04 0.000000000000000000e+00
9.359905623422596355e-01 6.321240574900661990e-02 5.525250095019799198e-30 1.012577480847162449e-26 7.970319087337286940e-04 0.000000000000000000e+00
9.359905623422596355e-01 6.321240574900661990e-02 5.525250095019799198e-30 1.012577480847162449e-26 7.970319087337286940e-04 0.000000000000000000e+00
9.359905623422596355e-01 6.321240574900661990e-02 5.525250095019799198e-30 1.012577480847162449e-26 7.970319087337286940e-04 0.000000000000000000e+00
9.359905623422596355e-01 6.321240574900661990e-02 5.525250095019799198e-30 1.012577480847162449e-26 7.970319087337286940e-04 0.000000000000000000e+00
9.359905623422596355e-01 6.321240574900661990e-02 5.525250095019799198e-30 1.012577480847162449e-26 7.970319087337286940e-04 0.000000000000000000e+00
9.359905623422596355e-01 6.321240574900661990e-02 5.525250095019799198e-30 1.012577480847162449e-26 7.970319087337286940e-04 0.000000000000000000e+00
9.359905623422596355e-01 6.321240574900661990e-02 5.525250095019799198e-30 1.012577480847162449e-26 7.970319087337286940e-04 0.000000000000000000e+00
9.359905623422596355e-01 6.321240574900661990e-02 5.525250095019799198e-30 1.012577480847162449e-26 7.970319087337286940e-04 0.000000000000000000e+00
9.359905623422596355e-01 6.321240574900661990e-02 5.525250095019799198e-30 1.012577480847162449e-26 7.970319087337286940e-04 0.000000000000000000e+00
9.359905623422596355e-01 6.321240574900661990e-02 5.525250095019799198e-30 1.012577480847162449e-26 7.970319087337286940e-04 0.000000000000000000e+00
9.359905623422596355e-01 6.321240574900661990e-02 5.525250095019799198e-30 1.012577480847162449e-26 7.970319087337286940e-04 0.000000000000000000e+00
9.359905623422596355e-01 6.321240574900661990e-02 5.525250095019799198e-30 1.012577480847162449e-26 7.970319087337286940e-04 0.000000000000000000e+00
9.359905623422596355e-01 6.321240574900661990e-02 5.525250095019799198e-30 1.012577480847162449e-26 7.970319087337286940e-04 0.000000000000000000e+00
9.359905623422596355e-01 6.321240574900661990e-02 5.525250095019799198e-30 1.012577480847162449e-26 7.970319087337286940e-04 0.000000000000000000e+00
9.359905623422596355e-01 6.321240574900661990e-02 5.525250095019799198e-30 1.012577480847162449e-26 7.970319087337286940e-04 0.000000000000000000e+00
9.359905623422596355e-01 6.321240574900661990e-02 5.525250095019799198e-30 1.012577480847162449e-26 7.970319087337286940e-04 0.000000000000000000e+00
9.359905623422596355e-01 6.321240574900661990e-02 5.525250095019799198e-30 1.012577480847162449e-26 7.970319087337286940e-04 0.000000000000000000e+00
9.359905623422596355e-01 6.321240574900661990e-02 5.525250095019799198e-30 1.012577480847162449e-26 7.970319087337286940e-04 0.000000000000000000e+00
9.359905623422596355e-01 6.321240574900661990e-02 5.525250095019799198e-30 1.012577480847162449e-26 7.970319087337286940e-04 0.000000000000000000e+00
9.359905623422596355e-01 6.321240574900661990e-02 5.525250095019799198e-30 1.012577480847162449e-26 7.970319087337286940e-04 0.000000000000000000e+00
9.359905623422596355e-01 6.321240574900661990e-02 5.525250095019799198e-30 1.012577480847162449e-26 7.970319087337286940e-04 0.000000000000000000e+00
9.359905623422596355e-01 6.321240574900661990e-02 5.525250095019799198e-30 1.012577480847162449e-26 7.970319087337286940e-04 0.000000000000000000e+00
9.359905623422596355e-01 6.321240574900661990e-02 5.525250095019799198e-30 1.012577480847162449e-26 7.970319087337286940e-04 0.000000000000000000e+00
9.359905623422596355e-01 6.321240574900661990e-02 5.525250095019799198e-30 1.012577480847162449e-26 7.970319087337286940e-04 0.000000000000000000e+00
9.359905623422596355e-01 6.321240574900661990e-02 5.525250095019799198e-30 1.012577480847162449e-26 7.970319087337286940e-04 0.000000000000000000e+00
9.359905623422596355e-01 6.321240574900661990e-02 5.525250095019799198e-30 1.012577480847162449e-26 7.970319087337286940e-04 0.000000000000000000e+00
9.359905623422596355e-01 6.321240574900661990e-02 5.525250095019799198e-30 1.012577480847162449e-26 7.970319087337286940e-04 0.000000000000000000e+00
9.359905623422596355e-01 6.321240574900661990e-02 5.525250095019799198e-30 1.012577480847162449e-26 7.970319087337286940e-04 0.000000000000000000e+00
9.359905623422596355e-01 6.321240574900661990e-02 5.525250095019799198e-30 1.012577480847162449e-26 7.970319087337286940e-04 0.000000000000000000e+00
9.359905623422596355e-01 6.321240574900661990e-02 5.525250095019799198e-30 1.012577480847162449e-26 7.970319087337286940e-04 0.000000000000000000e+00
9.359905623422596355e-01 6.321240574900661990e-02 5.525250095019799198e-30 1.012577480847162449e-26 7.970319087337286940e-04 0.000000000000000000e+00
9.359905623422596355e-01 6.321240574900661990e-02 5.525250095019799198e-30 1.012577480847162449e-26 7.970319087337286940e-04 0.000000000000000000e+00
9.359905623422596355e-01 6.321240574900661990e-02 5.525250095019799198e-30 1.012577480847162449e-26 7.970319087337286940e-04 0.000000000000000000e+00
9.359905623422596355e-01 6.321240574900661990e-02 5.525250095019799198e-30 1.012577480847162449e-26 7.970319087337286940e-04 0.000000000000000000e+00
9.359905623422596355e-01 6.321240574900661990e-02 5.525250095019799198e-30 1.012577480847162449e-26 7.970319087337286940e-04 0.000000000000000000e+00
9.359905623422596355e-01 6.321240574900661990e-02 5.525250095019799198e-30 1.012577480847162449e-26 7.970319087337286940e-04 0.000000000000000000e+00
9.359905623422596355e-01 6.321240574900661990e-02 5.525250095019799198e-30 1.012577480847162449e-26 7.970319087337286940e-04 0.000000000000000000e+00
9.359905623422596355e-01 6.321240574900661990e-02 5.525250095019799198e-30 1.012577480847162449e-26 7.970319087337286940e-04 0.000000000000000000e+00
9.359905623422596355e-01 6.321240574900661990e-02 5.525250095019799198e-30 1.012577480847162449e-26 7.970319087337286940e-04 0.000000000000000000e+00
9.359905623422596355e-01 6.321240574900661990e-02 5.525250095019799198e-30 1.012577480847162449e-26 7.970319087337286940e-04 0.000000000000000000e+00
9.359905623422596355e-01 6.321240574900661990e-02 5.525250095019799198e-30 1.012577480847162449e-26 7.970319087337286940e-04 0.000000000000000000e+00
9.359905623422596355e-01 6.321240574900661990e-02 5.525250095019799198e-30 1.012577480847162449e-26 7.970319087337286940e-04 0.000000000000000000e+00
9.359905623422596355e-01 6.321240574900661990e-02 5.525250095019799198e-30 1.012577480847162449e-26 7.970319087337286940e-04 0.000000000000000000e+00
9.359905623422596355e-01 6.321240574900661990e-02 5.525250095019799198e-30 1.012577480847162449e-26 7.970319087337286940e-04 0.000000000000000000e+00
9.359905623422596355e-01 6.321240574900661990e-02 5.525250095019799198e-30 1.012577480847162449e-26 7.970319087337286940e-04 0.000000000000000000e+00
9.359905623422596355e-01 6.321240574900661990e-02 5.525250095019799198e-30 1.012577480847162449e-26 7.970319087337286940e-04 0.000000000000000000e+00
9.359905623422596355e-01 6.321240574900661990e-02 5.525250095019799198e-30 1.012577480847162449e-26 7.970319087337286940e-04 0.000000000000000000e+00
9.359905623422596355e-01 6.321240574900661990e-02 5.525250095019799198e-30 1.012577480847162449e-26 7.970319087337286940e-04 0.000000000000000000e+00
9.359905623422596355e-01 6.321240574900661990e-02 5.525250095019799198e-30 1.012577480847162449e-26 7.970319087337286940e-04 0.000000000000000000e+00
9.359905623422596355e-01 6.321240574900661990e-02 5.525250095019799198e-30 1.012577480847162449e-26 7.970319087337286940e-04 0.000000000000000000e+00
9.359905623422596355e-01 6.321240574900661990e-02 5.525250095019799198e-30 1.012577480847162449e-26 7.970319087337286940e-04 0.000000000000000000e+00
9.359905623422596355e-01 6.321240574900661990e-02 5.525250095019799198e-30 1.012577480847162449e-26 7.970319087337286940e-04 0.000000000000000000e+00
9.359905623422596355e-01 6.321240574900661990e-02 5.525250095019799198e-30 1.012577480847162449e-26 7.970319087337286940e-04 0.000000000000000000e+00
9.359905623422596355e-01 6.321240574900661990e-02 5.525250095019799198e-30 1.012577480847162449e-26 7.970319087337286940e-04 0.000000000000000000e+00
9.359905623422596355e-01 6.321240574900661990e-02 5.525250095019799198e-30 1.012577480847162449e-26 7.970319087337286940e-04 0.000000000000000000e+00
9.359905623422596355e-01 6.321240574900661990e-02 5.525250095019799198e-30 1.012577480847162449e-26 7.970319087337286940e-04 0.000000000000000000e+00
9.359905623422596355e-01 6.321240574900661990e-02 5.525250095019799198e-30 1.012577480847162449e-26 7.970319087337286940e-04 0.000000000000000000e+00
9.359905623422596355e-01 6.321240574900661990e-02 5.525250095019799198e-30 1.012577480847162449e-26 7.970319087337286940e-04 0.000000000000000000e+00
9.359905623422596355e-01 6.321240574900661990e-02 5.525250095019799198e-30 1.012577480847162449e-26 7.970319087337286940e-04 0.000000000000000000e+00
9.359905623422596355e-01 6.321240574900661990e-02 5.525250095019799198e-30 1.012577480847162449e-26 7.970319087337286940e-04 0.000000000000000000e+00
9.359905623422596355e-01 6.321240574900661990e-02 5.525250095019799198e-30 1.012577480847162449e-26 7.970319087337286940e-04 0.000000000000000000e+00
9.359905623422596355e-01 6.321240574900661990e-02 5.525250095019799198e-30 1.012577480847162449e-26 7.970319087337286940e-04 0.000000000000000000e+00
9.359905623422596355e-01 6.321240574900661990e-02 5.525250095019799198e-30 1.012577480847162449e-26 7.970319087337286940e-04 0.000000000000000000e+00
9.359905623422596355e-01 6.321240574900661990e-02 5.525250095019799198e-30 1.012577480847162449e-26 7.970319087337286940e-04 0.000000000000000000e+00
9.359905623422596355e-01 6.321240574900661990e-02 5.525250095019799198e-30 1.012577480847162449e-26 7.970319087337286940e-04 0.000000000000000000e+00
9.359905623422596355e-01 6.321240574900661990e-02 5.525250095019799198e-30 1.012577480847162449e-26 7.970319087337286940e-04 0.000000000000000000e+00
9.359905623422596355e-01 6.321240574900661990e-02 5.525250095019799198e-30 1.012577480847162449e-26 7.970319087337286940e-04 0.000000000000000000e+00
9.359905623422596355e-01 6.321240574900661990e-02 5.525250095019799198e-30 1.012577480847162449e-26 7.970319087337286940e-04 0.000000000000000000e+00
9.359905623422596355e-01 6.321240574900661990e-02 5.525250095019799198e-30 1.012577480847162449e-26 7.970319087337286940e-04 0.000000000000000000e+00
9.359905623422596355e-01 6.321240574900661990e-02 5.525250095019799198e-30 1.012577480847162449e-26 7.970319087337286940e-04 0.000000000000000000e+00
9.359905623422596355e-01 6.321240574900661990e-02 5.525250095019799198e-30 1.012577480847162449e-26 7.970319087337286940e-04 0.000000000000000000e+00
9.359905623422596355e-01 6.321240574900661990e-02 5.525250095019799198e-30 1.012577480847162449e-26 7.970319087337286940e-04 0.000000000000000000e+00
9.359905623422596355e-01 6.321240574900661990e-02 5.525250095019799198e-30 1.012577480847162449e-26 7.970319087337286940e-04 0.000000000000000000e+00
9.359905623422596355e-01 6.321240574900661990e-02 5.525250095019799198e-30 1.012577480847162449e-26 7.970319087337286940e-04 0.000000000000000000e+00
9.359905623422596355e-01 6.321240574900661990e-02 5.525250095019799198e-30 1.012577480847162449e-26 7.970319087337286940e-04 0.000000000000000000e+00
9.359905623422596355e-01 6.321240574900661990e-02 5.525250095019799198e-30 1.012577480847162449e-26 7.970319087337286940e-04 0.000000000000000000e+00
9.359905623422596355e-01 6.321240574900661990e-02 5.525250095019799198e-30 1.012577480847162449e-26 7.970319087337286940e-04 0.000000000000000000e+00
9.359905623422596355e-01 6.321240574900661990e-02 5.525250095019799198e-30 1.012577480847162449e-26 7.970319087337286940e-04 0.000000000000000000e+00
9.359905623422596355e-01 6.321240574900661990e-02 5.525250095019799198e-30 1.012577480847162449e-26 7.970319087337286940e-04 0.000000000000000000e+00
9.359905623422596355e-01 6.321240574900661990e-02 5.525250095019799198e-30 1.012577480847162449e-26 7.970319087337286940e-04 0.000000000000000000e+00
9.359905623422596355e-01 6.321240574900661990e-02 5.525250095019799198e-30 1.012577480847162449e-26 7.970319087337286940e-04 0.000000000000000000e+00
9.359905623422596355e-01 6.321240574900661990e-02 5.525250095019799198e-30 1.012577480847162449e-26 7.970319087337286940e-04 0.000000000000000000e+00
9.359905623422596355e-01 6.321240574900661990e-02 5.525250095019799198e-30 1.012577480847162449e-26 7.970319087337286940e-04 0.000000000000000000e+00
9.359905623422596355e-01 6.321240574900661990e-02 5.525250095019799198e-30 1.012577480847162449e-26 7.970319087337286940e-04 0.000000000000000000e+00
9.359905623422596355e-01 6.321240574900661990e-02 5.525250095019799198e-30 1.012577480847162449e-26 7.970319087337286940e-04 0.000000000000000000e+00
9.359905623422596355e-01 6.321240574900661990e-02 5.525250095019799198e-30 1.012577480847162449e-26 7.970319087337286940e-04 0.000000000000000000e+00
9.359905623422596355e-01 6.321240574900661990e-02 5.525250095019799198e-30 1.012577480847162449e-26 7.970319087337286940e-04 0.000000000000000000e+00
9.359905623422596355e-01 6.321240574900661990e-02 5.525250095019799198e-30 1.012577480847162449e-26 7.970319087337286940e-04 0.000000000000000000e+00
9.359905623422596355e-01 6.321240574900661990e-02 5.525250095019799198e-30 1.012577480847162449e-26 7.970319087337286940e-04 0.000000000000000000e+00
9.359905623422596355e-01 6.321240574900661990e-02 5.525250095019799198e-30 1.012577480847162449e-26 7.970319087337286940e-04 0.000000000000000000e+00
9.359905623422596355e-01 6.321240574900661990e-02 5.525250095019799198e-30 1.012577480847162449e-26 7.970319087337286940e-04 0.000000000000000000e+00
9.359905623422596355e-01 6.321240574900661990e-02 5.525250095019799198e-30 1.012577480847162449e-26 7.970319087337286940e-04 0.000000000000000000e+00
9.359905623422596355e-01 6.321240574900661990e-02 5.525250095019799198e-30 1.012577480847162449e-26 7.970319087337286940e-04 0.000000000000000000e+00
9.359905623422596355e-01 6.321240574900661990e-02 5.525250095019799198e-30 1.012577480847162449e-26 7.970319087337286940e-04 0.000000000000000000e+00
9.359905623422596355e-01 6.321240574900661990e-02 5.525250095019799198e-30 1.012577480847162449e-26 7.970319087337286940e-04 0.000000000000000000e+00
9.359905623422596355e-01 6.321240574900661990e-02 5.525250095019799198e-30 1.012577480847162449e-26 7.970319087337286940e-04 0.000000000000000000e+00
9.359905623422596355e-01 6.321240574900661990e-02 5.525250095019799198e-30 1.012577480847162449e-26 7.970319087337286940e-04 0.000000000000000000e+00
9.359905623422596355e-01 6.321240574900661990e-02 5.525250095019799198e-30 1.012577480847162449e-26 7.970319087337286940e-04 0.000000000000000000e+00
9.359905623422596355e-01 6.321240574900661990e-02 5.525250095019799198e-30 1.012577480847162449e-26 7.970319087337286940e-04 0.000000000000000000e+00
9.359905623422596355e-01 6.321240574900661990e-02 5.525250095019799198e-30 1.012577480847162449e-26 7.970319087337286940e-04 0.000000000000000000e+00
9.359905623422596355e-01 6.321240574900661990e-02 5.525250095019799198e-30 1.012577480847162449e-26 7.970319087337286940e-04 0.000000000000000000e+00
9.359905623422596355e-01 6.321240574900661990e-02 5.525250095019799198e-30 1.012577480847162449e-26 7.970319087337286940e-04 0.000000000000000000e+00
9.359905623422596355e-01 6.321240574900661990e-02 5.525250095019799198e-30 1.012577480847162449e-26 7.970319087337286940e-04 0.000000000000000000e+00
9.359905623422596355e-01 6.321240574900661990e-02 5.525250095019799198e-30 1.012577480847162449e-26 7.970319087337286940e-04 0.000000000000000000e+00
9.359905623422596355e-01 6.321240574900661990e-02 5.525250095019799198e-30 1.012577480847162449e-26 7.970319087337286940e-04 0.000000000000000000e+00
9.359905623422596355e-01 6.321240574900661990e-02 5.525250095019799198e-30 1.012577480847162449e-26 7.970319087337286940e-04 0.000000000000000000e+00
9.359905623422596355e-01 6.321240574900661990e-02 5.525250095019799198e-30 1.012577480847162449e-26 7.970319087337286940e-04 0.000000000000000000e+00
9.359905623422596355e-01 6.321240574900661990e-02 5.525250095019799198e-30 1.012577480847162449e-26 7.970319087337286940e-04 0.000000000000000000e+00
9.359905623422596355e-01 6.321240574900661990e-02 5.525250095019799198e-30 1.012577480847162449e-26 7.970319087337286940e-04 0.000000000000000000e+00
9.359905623422596355e-01 6.321240574900661990e-02 5.525250095019799198e-30 1.012577480847162449e-26 7.970319087337286940e-04 0.000000000000000000e+00
9.359905623422596355e-01 6.321240574900661990e-02 5.525250095019799198e-30 1.012577480847162449e-26 7.970319087337286940e-04 0.000000000000000000e+00
9.359905623422596355e-01 6.321240574900661990e-02 5.525250095019799198e-30 1.012577480847162449e-26 7.970319087337286940e-04 0.000000000000000000e+00
9.359905623422596355e-01 6.321240574900661990e-02 5.525250095019799198e-30 1.012577480847162449e-26 7.970319087337286940e-04 0.000000000000000000e+00
9.359905623422596355e-01 6.321240574900661990e-02 5.525250095019799198e-30 1.012577480847162449e-26 7.970319087337286940e-04 0.000000000000000000e+00
9.359905623422596355e-01 6.321240574900661990e-02 5.525250095019799198e-30 1.012577480847162449e-26 7.970319087337286940e-04 0.000000000000000000e+00
9.359905623422596355e-01 6.321240574900661990e-02 5.525250095019799198e-30 1.012577480847162449e-26 7.970319087337286940e-04 0.000000000000000000e+00
9.359905623422596355e-01 6.321240574900661990e-02 5.525250095019799198e-30 1.012577480847162449e-26 7.970319087337286940e-04 0.000000000000000000e+00
9.359905623422596355e-01 6.321240574900661990e-02 5.525250095019799198e-30 1.012577480847162449e-26 7.970319087337286940e-04 0.000000000000000000e+00
9.359905623422596355e-01 6.321240574900661990e-02 5.525250095019799198e-30 1.012577480847162449e-26 7.970319087337286940e-04 0.000000000000000000e+00
9.359905623422596355e-01 6.321240574900661990e-02 5.525250095019799198e-30 1.012577480847162449e-26 7.970319087337286940e-04 0.000000000000000000e+00
9.359905623422596355e-01 6.321240574900661990e-02 5.525250095019799198e-30 1.012577480847162449e-26 7.970319087337286940e-04 0.000000000000000000e+00
9.359905623422596355e-01 6.321240574900661990e-02 5.525250095019799198e-30 1.012577480847162449e-26 7.970319087337286940e-04 0.000000000000000000e+00
9.359905623422596355e-01 6.321240574900661990e-02 5.525250095019799198e-30 1.012577480847162449e-26 7.970319087337286940e-04 0.000000000000000000e+00
9.359905623422596355e-01 6.321240574900661990e-02 5.525250095019799198e-30 1.012577480847162449e-26 7.970319087337286940e-04 0.000000000000000000e+00
9.359905623422596355e-01 6.321240574900661990e-02 5.525250095019799198e-30 1.012577480847162449e-26 7.970319087337286940e-04 0.000000000000000000e+00
9.359905623422596355e-01 6.321240574900661990e-02 5.525250095019799198e-30 1.012577480847162449e-26 7.970319087337286940e-04 0.000000000000000000e+00
9.359905623422596355e-01 6.321240574900661990e-02 5.525250095019799198e-30 1.012577480847162449e-26 7.970319087337286940e-04 0.000000000000000000e+00
9.359905623422596355e-01 6.321240574900661990e-02 5.525250095019799198e-30 1.012577480847162449e-26 7.970319087337286940e-04 0.000000000000000000e+00
9.359905623422596355e-01 6.321240574900661990e-02 5.525250095019799198e-30 1.012577480847162449e-26 7.970319087337286940e-04 0.000000000000000000e+00
9.359905623422596355e-01 6.321240574900661990e-02 5.525250095019799198e-30 1.012577480847162449e-26 7.970319087337286940e-04 0.000000000000000000e+00
9.359905623422596355e-01 6.321240574900661990e-02 5.525250095019799198e-30 1.012577480847162449e-26 7.970319087337286940e-04 0.000000000000000000e+00
9.359905623422596355e-01 6.321240574900661990e-02 5.525250095019799198e-30 1.012577480847162449e-26 7.970319087337286940e-04 0.000000000000000000e+00
9.359905623422596355e-01 6.321240574900661990e-02 5.525250095019799198e-30 1.012577480847162449e-26 7.970319087337286940e-04 0.000000000000000000e+00
9.359905623422596355e-01 6.321240574900661990e-02 5.525250095019799198e-30 1.012577480847162449e-26 7.970319087337286940e-04 0.000000000000000000e+00
9.359905623422596355e-01 6.321240574900661990e-02 5.525250095019799198e-30 1.012577480847162449e-26 7.970319087337286940e-04 0.000000000000000000e+00
9.359905623422596355e-01 6.321240574900661990e-02 5.525250095019799198e-30 1.012577480847162449e-26 7.970319087337286940e-04 0.000000000000000000e+00
9.359905623422596355e-01 6.321240574900661990e-02 5.525250095019799198e-30 1.012577480847162449e-26 7.970319087337286940e-04 0.000000000000000000e+00
9.359905623422596355e-01 6.321240574900661990e-02 5.525250095019799198e-30 1.012577480847162449e-26 7.970319087337286940e-04 0.000000000000000000e+00
9.359905623422596355e-01 6.321240574900661990e-02 5.525250095019799198e-30 1.012577480847162449e-26 7.970319087337286940e-04 0.000000000000000000e+00
9.359905623422596355e-01 6.321240574900661990e-02 5.525250095019799198e-30 1.012577480847162449e-26 7.970319087337286940e-04 0.000000000000000000e+00
9.359905623422596355e-01 6.321240574900661990e-02 5.525250095019799198e-30 1.012577480847162449e-26 7.970319087337286940e-04 0.000000000000000000e+00
9.359905623422596355e-01 6.321240574900661990e-02 5.525250095019799198e-30 1.012577480847162449e-26 7.970319087337286940e-04 0.000000000000000000e+00
9.359905623422596355e-01 6.321240574900661990e-02 5.525250095019799198e-30 1.012577480847162449e-26 7.970319087337286940e-04 0.000000000000000000e+00
9.359905623422596355e-01 6.321240574900661990e-02 5.525250095019799198e-30 1.012577480847162449e-26 7.970319087337286940e-04 0.000000000000000000e+00
9.359905623422596355e-01 6.321240574900661990e-02 5.525250095019799198e-30 1.012577480847162449e-26 7.970319087337286940e-04 0.000000000000000000e+00
9.359905623422596355e-01 6.321240574900661990e-02 5.525250095019799198e-30 1.012577480847162449e-26 7.970319087337286940e-04 0.000000000000000000e+00
9.359905623422596355e-01 6.321240574900661990e-02 5.525250095019799198e-30 1.012577480847162449e-26 7.970319087337286940e-04 0.000000000000000000e+00
9.359905623422596355e-01 6.321240574900661990e-02 5.525250095019799198e-30 1.012577480847162449e-26 7.970319087337286940e-04 0.000000000000000000e+00
9.359905623422596355e-01 6.321240574900661990e-02 5.525250095019799198e-30 1.012577480847162449e-26 7.970319087337286940e-04 0.000000000000000000e+00
9.359905623422596355e-01 6.321240574900661990e-02 5.525250095019799198e-30 1.012577480847162449e-26 7.970319087337286940e-04 0.000000000000000000e+00
9.359905623422596355e-01 6.321240574900661990e-02 5.525250095019799198e-30 1.012577480847162449e-26 7.970319087337286940e-04 0.000000000000000000e+00
9.359905623422596355e-01 6.321240574900661990e-02 5.525250095019799198e-30 1.012577480847162449e-26 7.970319087337286940e-04 0.000000000000000000e+00
9.359905623422596355e-01 6.321240574900661990e-02 5.525250095019799198e-30 1.012577480847162449e-26 7.970319087337286940e-04 0.000000000000000000e+00
9.359905623422596355e-01 6.321240574900661990e-02 5.525250095019799198e-30 1.012577480847162449e-26 7.970319087337286940e-04 0.000000000000000000e+00
9.359905623422596355e-01 6.321240574900661990e-02 5.525250095019799198e-30 1.012577480847162449e-26 7.970319087337286940e-04 0.000000000000000000e+00
9.359905623422596355e-01 6.321240574900661990e-02 5.525250095019799198e-30 1.012577480847162449e-26 7.970319087337286940e-04 0.000000000000000000e+00
9.359905623422596355e-01 6.321240574900661990e-02 5.525250095019799198e-30 1.012577480847162449e-26 7.970319087337286940e-04 0.000000000000000000e+00
9.359905623422596355e-01 6.321240574900661990e-02 5.525250095019799198e-30 1.012577480847162449e-26 7.970319087337286940e-04 0.000000000000000000e+00
9.359905623422596355e-01 6.321240574900661990e-02 5.525250095019799198e-30 1.012577480847162449e-26 7.970319087337286940e-04 0.000000000000000000e+00
9.359905623422596355e-01 6.321240574900661990e-02 5.525250095019799198e-30 1.012577480847162449e-26 7.970319087337286940e-04 0.000000000000000000e+00
9.359905623422596355e-01 6.321240574900661990e-02 5.525250095019799198e-30 1.012577480847162449e-26 7.970319087337286940e-04 0.000000000000000000e+00
9.359905623422596355e-01 6.321240574900661990e-02 5.525250095019799198e-30 1.012577480847162449e-26 7.970319087337286940e-04 0.000000000000000000e+00
9.359905623422596355e-01 6.321240574900661990e-02 5.525250095019799198e-30 1.012577480847162449e-26 7.970319087337286940e-04 0.000000000000000000e+00
9.359905623422596355e-01 6.321240574900661990e-02 5.525250095019799198e-30 1.012577480847162449e-26 7.970319087337286940e-04 0.000000000000000000e+00
9.359905623422596355e-01 6.321240574900661990e-02 5.525250095019799198e-30 1.012577480847162449e-26 7.970319087337286940e-04 0.000000000000000000e+00
9.359905623422596355e-01 6.321240574900661990e-02 5.525250095019799198e-30 1.012577480847162449e-26 7.970319087337286940e-04 0.000000000000000000e+00
9.359905623422596355e-01 6.321240574900661990e-02 5.525250095019799198e-30 1.012577480847162449e-26 7.970319087337286940e-04 0.000000000000000000e+00
9.359905623422596355e-01 6.321240574900661990e-02 5.525250095019799198e-30 1.012577480847162449e-26 7.970319087337286940e-04 0.000000000000000000e+00
9.359905623422596355e-01 6.321240574900661990e-02 5.525250095019799198e-30 1.012577480847162449e-26 7.970319087337286940e-04 0.000000000000000000e+00
9.359905623422596355e-01 6.321240574900661990e-02 5.525250095019799198e-30 1.012577480847162449e-26 7.970319087337286940e-04 0.000000000000000000e+00
9.359905623422596355e-01 6.321240574900661990e-02 5.525250095019799198e-30 1.012577480847162449e-26 7.970319087337286940e-04 0.000000000000000000e+00
9.359905623422596355e-01 6.321240574900661990e-02 5.525250095019799198e-30 1.012577480847162449e-26 7.970319087337286940e-04 0.000000000000000000e+00
9.359905623422596355e-01 6.321240574900661990e-02 5.525250095019799198e-30 1.012577480847162449e-26 7.970319087337286940e-04 0.000000000000000000e+00
9.359905623422596355e-01 6.321240574900661990e-02 5.525250095019799198e-30 1.012577480847162449e-26 7.970319087337286940e-04 0.000000000000000000e+00
9.359905623422596355e-01 6.321240574900661990e-02 5.525250095019799198e-30 1.012577480847162449e-26 7.970319087337286940e-04 0.000000000000000000e+00
9.359905623422596355e-01 6.321240574900661990e-02 5.525250095019799198e-30 1.012577480847162449e-26 7.970319087337286940e-04 0.000000000000000000e+00
9.359905623422596355e-01 6.321240574900661990e-02 5.525250095019799198e-30 1.012577480847162449e-26 7.970319087337286940e-04 0.000000000000000000e+00
9.359905623422596355e-01 6.321240574900661990e-02 5.525250095019799198e-30 1.012577480847162449e-26 7.970319087337286940e-04 0.000000000000000000e+00
9.359905623422596355e-01 6.321240574900661990e-02 5.525250095019799198e-30 1.012577480847162449e-26 7.970319087337286940e-04 0.000000000000000000e+00
9.359905623422596355e-01 6.321240574900661990e-02 5.525250095019799198e-30 1.012577480847162449e-26 7.970319087337286940e-04 0.000000000000000000e+00
9.359905623422596355e-01 6.321240574900661990e-02 5.525250095019799198e-30 1.012577480847162449e-26 7.970319087337286940e-04 0.000000000000000000e+00
9.359905623422596355e-01 6.321240574900661990e-02 5.525250095019799198e-30 1.012577480847162449e-26 7.970319087337286940e-04 0.000000000000000000e+00
9.359905623422596355e-01 6.321240574900661990e-02 5.525250095019799198e-30 1.012577480847162449e-26 7.970319087337286940e-04 0.000000000000000000e+00
9.359905623422596355e-01 6.321240574900661990e-02 5.525250095019799198e-30 1.012577480847162449e-26 7.970319087337286940e-04 0.000000000000000000e+00
9.359905623422596355e-01 6.321240574900661990e-02 5.525250095019799198e-30 1.012577480847162449e-26 7.970319087337286940e-04 0.000000000000000000e+00
9.359905623422596355e-01 6.321240574900661990e-02 5.525250095019799198e-30 1.012577480847162449e-26 7.970319087337286940e-04 0.000000000000000000e+00
9.359905623422596355e-01 6.321240574900661990e-02 5.525250095019799198e-30 1.012577480847162449e-26 7.970319087337286940e-04 0.000000000000000000e+00
9.359905623422596355e-01 6.321240574900661990e-02 5.525250095019799198e-30 1.012577480847162449e-26 7.970319087337286940e-04 0.000000000000000000e+00
9.359905623422596355e-01 6.321240574900661990e-02 5.525250095019799198e-30 1.012577480847162449e-26 7.970319087337286940e-04 0.000000000000000000e+00
9.359905623422596355e-01 6.321240574900661990e-02 5.525250095019799198e-30 1.012577480847162449e-26 7.970319087337286940e-04 0.000000000000000000e+00
9.359905623422596355e-01 6.321240574900661990e-02 5.525250095019799198e-30 1.012577480847162449e-26 7.970319087337286940e-04 0.000000000000000000e+00
9.359905623422596355e-01 6.321240574900661990e-02 5.525250095019799198e-30 1.012577480847162449e-26 7.970319087337286940e-04 0.000000000000000000e+00
9.359905623422596355e-01 6.321240574900661990e-02 5.525250095019799198e-30 1.012577480847162449e-26 7.970319087337286940e-04 0.000000000000000000e+00
9.359905623422596355e-01 6.321240574900661990e-02 5.525250095019799198e-30 1.012577480847162449e-26 7.970319087337286940e-04 0.000000000000000000e+00
9.359905623422596355e-01 6.321240574900661990e-02 5.525250095019799198e-30 1.012577480847162449e-26 7.970319087337286940e-04 0.000000000000000000e+00
9.359905623422596355e-01 6.321240574900661990e-02 5.525250095019799198e-30 1.012577480847162449e-26 7.970319087337286940e-04 0.000000000000000000e+00
9.359905623422596355e-01 6.321240574900661990e-02 5.525250095019799198e-30 1.012577480847162449e-26 7.970319087337286940e-04 0.000000000000000000e+00
9.359905623422596355e-01 6.321240574900661990e-02 5.525250095019799198e-30 1.012577480847162449e-26 7.970319087337286940e-04 0.000000000000000000e+00
9.359905623422596355e-01 6.321240574900661990e-02 5.525250095019799198e-30 1.012577480847162449e-26 7.970319087337286940e-04 0.000000000000000000e+00
9.359905623422596355e-01 6.321240574900661990e-02 5.525250095019799198e-30 1.012577480847162449e-26 7.970319087337286940e-04 0.000000000000000000e+00
9.359905623422596355e-01 6.321240574900661990e-02 5.525250095019799198e-30 1.012577480847162449e-26 7.970319087337286940e-04 0.000000000000000000e+00
9.359905623422596355e-01 6.321240574900661990e-02 5.525250095019799198e-30 1.012577480847162449e-26 7.970319087337286940e-04 0.000000000000000000e+00
9.359905623422596355e-01 6.321240574900661990e-02 5.525250095019799198e-30 1.012577480847162449e-26 7.970319087337286940e-04 0.000000000000000000e+00
9.359905623422596355e-01 6.321240574900661990e-02 5.525250095019799198e-30 1.012577480847162449e-26 7.970319087337286940e-04 0.000000000000000000e+00
9.359905623422596355e-01 6.321240574900661990e-02 5.525250095019799198e-30 1.012577480847162449e-26 7.970319087337286940e-04 0.000000000000000000e+00
9.359905623422596355e-01 6.321240574900661990e-02 5.525250095019799198e-30 1.012577480847162449e-26 7.970319087337286940e-04 0.000000000000000000e+00
9.359905623422596355e-01 6.321240574900661990e-02 5.525250095019799198e-30 1.012577480847162449e-26 7.970319087337286940e-04 0.000000000000000000e+00
9.359905623422596355e-01 6.321240574900661990e-02 5.525250095019799198e-30 1.012577480847162449e-26 7.970319087337286940e-04 0.000000000000000000e+00
9.359905623422596355e-01 6.321240574900661990e-02 5.525250095019799198e-30 1.012577480847162449e-26 7.970319087337286940e-04 0.000000000000000000e+00
9.359905623422596355e-01 6.321240574900661990e-02 5.525250095019799198e-30 1.012577480847162449e-26 7.970319087337286940e-04 0.000000000000000000e+00
9.359905623422596355e-01 6.321240574900661990e-02 5.525250095019799198e-30 1.012577480847162449e-26 7.970319087337286940e-04 0.000000000000000000e+00
9.359905623422596355e-01 6.321240574900661990e-02 5.525250095019799198e-30 1.012577480847162449e-26 7.970319087337286940e-04 0.000000000000000000e+00
9.359905623422596355e-01 6.321240574900661990e-02 5.525250095019799198e-30 1.012577480847162449e-26 7.970319087337286940e-04 0.000000000000000000e+00
9.359905623422596355e-01 6.321240574900661990e-02 5.525250095019799198e-30 1.012577480847162449e-26 7.970319087337286940e-04 0.000000000000000000e+00
9.359905623422596355e-01 6.321240574900661990e-02 5.525250095019799198e-30 1.012577480847162449e-26 7.970319087337286940e-04 0.000000000000000000e+00
9.359905623422596355e-01 6.321240574900661990e-02 5.525250095019799198e-30 1.012577480847162449e-26 7.970319087337286940e-04 0.000000000000000000e+00
9.359905623422596355e-01 6.321240574900661990e-02 5.525250095019799198e-30 1.012577480847162449e-26 7.970319087337286940e-04 0.000000000000000000e+00
9.359905623422596355e-01 6.321240574900661990e-02 5.525250095019799198e-30 1.012577480847162449e-26 7.970319087337286940e-04 0.000000000000000000e+00
9.359905623422596355e-01 6.321240574900661990e-02 5.525250095019799198e-30 1.012577480847162449e-26 7.970319087337286940e-04 0.000000000000000000e+00
9.359905623422596355e-01 6.321240574900661990e-02 5.525250095019799198e-30 1.012577480847162449e-26 7.970319087337286940e-04 0.000000000000000000e+00
9.359905623422596355e-01 6.321240574900661990e-02 5.525250095019799198e-30 1.012577480847162449e-26 7.970319087337286940e-04 0.000000000000000000e+00
9.359905623422596355e-01 6.321240574900661990e-02 5.525250095019799198e-30 1.012577480847162449e-26 7.970319087337286940e-04 0.000000000000000000e+00
9.359905623422596355e-01 6.321240574900661990e-02 5.525250095019799198e-30 1.012577480847162449e-26 7.970319087337286940e-04 0.000000000000000000e+00
9.359905623422596355e-01 6.321240574900661990e-02 5.525250095019799198e-30 1.012577480847162449e-26 7.970319087337286940e-04 0.000000000000000000e+00
9.359905623422596355e-01 6.321240574900661990e-02 5.525250095019799198e-30 1.012577480847162449e-26 7.970319087337286940e-04 0.000000000000000000e+00
9.359905623422596355e-01 6.321240574900661990e-02 5.525250095019799198e-30 1.012577480847162449e-26 7.970319087337286940e-04 0.000000000000000000e+00
9.359905623422596355e-01 6.321240574900661990e-02 5.525250095019799198e-30 1.012577480847162449e-26 7.970319087337286940e-04 0.000000000000000000e+00
9.359905623422596355e-01 6.321240574900661990e-02 5.525250095019799198e-30 1.012577480847162449e-26 7.970319087337286940e-04 0.000000000000000000e+00
9.359905623422596355e-01 6.321240574900661990e-02 5.525250095019799198e-30 1.012577480847162449e-26 7.970319087337286940e-04 0.000000000000000000e+00
9.359905623422596355e-01 6.321240574900661990e-02 5.525250095019799198e-30 1.012577480847162449e-26 7.970319087337286940e-04 0.000000000000000000e+00
9.359905623422596355e-01 6.321240574900661990e-02 5.525250095019799198e-30 1.012577480847162449e-26 7.970319087337286940e-04 0.000000000000000000e+00
9.359905623422596355e-01 6.321240574900661990e-02 5.525250095019799198e-30 1.012577480847162449e-26 7.970319087337286940e-04 0.000000000000000000e+00
9.359905623422596355e-01 6.321240574900661990e-02 5.525250095019799198e-30 1.012577480847162449e-26 7.970319087337286940e-04 0.000000000000000000e+00
9.359905623422596355e-01 6.321240574900661990e-02 5.525250095019799198e-30 1.012577480847162449e-26 7.970319087337286940e-04 0.000000000000000000e+00
9.359905623422596355e-01 6.321240574900661990e-02 5.525250095019799198e-30 1.012577480847162449e-26 7.970319087337286940e-04 0.000000000000000000e+00
9.359905623422596355e-01 6.321240574900661990e-02 5.525250095019799198e-30 1.012577480847162449e-26 7.970319087337286940e-04 0.000000000000000000e+00
9.359905623422596355e-01 6.321240574900661990e-02 5.525250095019799198e-30 1.012577480847162449e-26 7.970319087337286940e-04 0.000000000000000000e+00
9.359905623422596355e-01 6.321240574900661990e-02 5.525250095019799198e-30 1.012577480847162449e-26 7.970319087337286940e-04 0.000000000000000000e+00
9.359905623422596355e-01 6.321240574900661990e-02 5.525250095019799198e-30 1.012577480847162449e-26 7.970319087337286940e-04 0.000000000000000000e+00
9.359905623422596355e-01 6.321240574900661990e-02 5.525250095019799198e-30 1.012577480847162449e-26 7.970319087337286940e-04 0.000000000000000000e+00
9.359905623422596355e-01 6.321240574900661990e-02 5.525250095019799198e-30 1.012577480847162449e-26 7.970319087337286940e-04 0.000000000000000000e+00
9.359905623422596355e-01 6.321240574900661990e-02 5.525250095019799198e-30 1.012577480847162449e-26 7.970319087337286940e-04 0.000000000000000000e+00
9.359905623422596355e-01 6.321240574900661990e-02 5.525250095019799198e-30 1.012577480847162449e-26 7.970319087337286940e-04 0.000000000000000000e+00
9.359905623422596355e-01 6.321240574900661990e-02 5.525250095019799198e-30 1.012577480847162449e-26 7.970319087337286940e-04 0.000000000000000000e+00
9.359905623422596355e-01 6.321240574900661990e-02 5.525250095019799198e-30 1.012577480847162449e-26 7.970319087337286940e-04 0.000000000000000000e+00
9.359905623422596355e-01 6.321240574900661990e-02 5.525250095019799198e-30 1.012577480847162449e-26 7.970319087337286940e-04 0.000000000000000000e+00
9.359905623422596355e-01 6.321240574900661990e-02 5.525250095019799198e-30 1.012577480847162449e-26 7.970319087337286940e-04 0.000000000000000000e+00
9.359905623422596355e-01 6.321240574900661990e-02 5.525250095019799198e-30 1.012577480847162449e-26 7.970319087337286940e-04 0.000000000000000000e+00
9.359905623422596355e-01 6.321240574900661990e-02 5.525250095019799198e-30 1.012577480847162449e-26 7.970319087337286940e-04 0.000000000000000000e+00
9.359905623422596355e-01 6.321240574900661990e-02 5.525250095019799198e-30 1.012577480847162449e-26 7.970319087337286940e-04 0.000000000000000000e+00
9.359905623422596355e-01 6.321240574900661990e-02 5.525250095019799198e-30 1.012577480847162449e-26 7.970319087337286940e-04 0.000000000000000000e+00
9.359905623422596355e-01 6.321240574900661990e-02 5.525250095019799198e-30 1.012577480847162449e-26 7.970319087337286940e-04 0.000000000000000000e+00
9.359905623422596355e-01 6.321240574900661990e-02 5.525250095019799198e-30 1.012577480847162449e-26 7.970319087337286940e-04 0.000000000000000000e+00
9.359905623422596355e-01 6.321240574900661990e-02 5.525250095019799198e-30 1.012577480847162449e-26 7.970319087337286940e-04 0.000000000000000000e+00
9.359905623422596355e-01 6.321240574900661990e-02 5.525250095019799198e-30 1.012577480847162449e-26 7.970319087337286940e-04 0.000000000000000000e+00
