5.126112488949555734e-01 4.868982356048623950e-01 1.631591431833479718e-14 5.989294459536544242e-13 4.905154995668665682e-04 0.000000000000000000e+00
5.126112276880512297e-01 4.868982567354592228e-01 1.378068148639332740e-14 5.239988667547050995e-13 4.905155759423882522e-04 0.000000000000000000e+00
5.126111923680323201e-01 4.868982919283925126e-01 8.701603349544961581e-15 3.641498009423797542e-13 4.905157031966898579e-04 0.000000000000000000e+00
5.126111923680323201e-01 4.868982919283925126e-01 5.455101148341216049e-15 2.515947231958370350e-13 4.905157033140927986e-04 0.000000000000000000e+00
5.126111923680323201e-01 4.868982919283925126e-01 3.395005076584110025e-15 1.728071366084407507e-13 4.905157033961636505e-04 0.000000000000000000e+00
5.126111923680323201e-01 4.868982919283925126e-01 2.097354603168954059e-15 1.179852811754626534e-13 4.905157034532036352e-04 0.000000000000000000e+00
5.126111923680323201e-01 4.868982919283925681e-01 1.286049917296661712e-15 8.006968470774375193e-14 4.905157034926170946e-04 0.000000000000000000e+00
5.126111923680322091e-01 4.868982919283925126e-01 7.826367535842495023e-16 5.400719587396139757e-14 4.905157035196898397e-04 0.000000000000000000e+00
5.126111923680322091e-01 4.868982919283925126e-01 4.726530761993633508e-16 3.620333990038883380e-14 4.905157035381714752e-04 0.000000000000000000e+00
5.126111923680323201e-01 4.868982919283925126e-01 2.832498583601592322e-16 2.411741889837255464e-14 4.905157035507084302e-04 0.000000000000000000e+00
5.126111923680323201e-01 4.868982919283925126e-01 1.684259704025603726e-16 1.596509614040317708e-14 4.905157035591544736e-04 0.000000000000000000e+00
5.126111923680323201e-01 4.868982919283925126e-01 9.935300022679217747e-17 1.050041045433038537e-14 4.905157035647782302e-04 0.000000000000000000e+00
5.126111923680323201e-01 4.868982919283925126e-01 5.809238201666148517e-17 6.857068449900039784e-15 4.905157035683915508e-04 0.000000000000000000e+00
5.126111923680323201e-01 4.868982919283925126e-01 3.369095496123260109e-17 4.448387408232469739e-15 4.905157035708107311e-04 0.000000000000000000e+00
5.126111923680323201e-01 4.868982919283925126e-01 1.938015726760479080e-17 2.866776972886625626e-15 4.905157035724202292e-04 0.000000000000000000e+00
5.126111923680323201e-01 4.868982919283925126e-01 1.105681459200663717e-17 1.835250152943290096e-15 4.905157035734836147e-04 0.000000000000000000e+00
5.126111923680323201e-01 4.868982919283925126e-01 6.256205010582360025e-18 1.167051301603561407e-15 4.905157035741807567e-04 0.000000000000000000e+00
5.126111923680323201e-01 4.868982919283925126e-01 3.510622987939771188e-18 7.371653743442243177e-16 4.905157035746331943e-04 0.000000000000000000e+00
5.126111923680323201e-01 4.868982919283925126e-01 1.953615226477552182e-18 4.624997173416969876e-16 4.905157035749236520e-04 0.000000000000000000e+00
5.126111923680323201e-01 4.868982919283924016e-01 1.077060127537144851e-18 2.879896928528964111e-16 4.905157035751001602e-04 0.000000000000000000e+00
5.126111923680322091e-01 4.868982919283924016e-01 5.880080775646123572e-19 1.779083553109912947e-16 4.905157035752080383e-04 0.000000000000000000e+00
5.126111923680322091e-01 4.868982919283925126e-01 3.182462658497728664e-19 1.091363898171834388e-16 4.905157035752787283e-04 0.000000000000000000e+00
5.126111923680323201e-01 4.868982919283925126e-01 1.707572452718474379e-19 6.648072954926986516e-17 4.905157035753233974e-04 0.000000000000000000e+00
5.126111923680323201e-01 4.868982919283925681e-01 9.083214944714524774e-20 4.021443064009141586e-17 4.905157035753520203e-04 0.000000000000000000e+00
5.126111923680323201e-01 4.868982919283925126e-01 4.786100788957330320e-20 2.413982799397448339e-17 4.905157035753690423e-04 0.000000000000000000e+00
5.126111923680323201e-01 4.868982919283925126e-01 2.493416317403022462e-20 1.435805771830258979e-17 4.905157035753780412e-04 0.000000000000000000e+00
5.126111923680323201e-01 4.868982919283925126e-01 1.287461392013016035e-20 8.478540113027567288e-18 4.905157035753841127e-04 0.000000000000000000e+00
5.126111923680323201e-01 4.868982919283925126e-01 6.589273080669130782e-21 4.970962920212927412e-18 4.905157035753875822e-04 0.000000000000000000e+00
5.126111923680322091e-01 4.868982919283925126e-01 3.342836470404225946e-21 2.893759353688267018e-18 4.905157035753900758e-04 0.000000000000000000e+00
5.126111923680322091e-01 4.868982919283925126e-01 1.673315092801037247e-21 1.666386575399320595e-18 4.905157035753911600e-04 0.000000000000000000e+00
5.126111923680322091e-01 4.868982919283925126e-01 8.300867015456719275e-22 9.526149101024015886e-19 4.905157035753921358e-04 0.000000000000000000e+00
5.126111923680322091e-01 4.868982919283925126e-01 4.081652693611576217e-22 5.406984028200656195e-19 4.905157035753925695e-04 0.000000000000000000e+00
5.126111923680323201e-01 4.868982919283925126e-01 1.985953383279942584e-22 3.042877622542433508e-19 4.905157035753931116e-04 0.000000000000000000e+00
5.126111923680323201e-01 4.868982919283925126e-01 9.539722303171627766e-23 1.694754077569950536e-19 4.905157035753931116e-04 0.000000000000000000e+00
5.126111923680323201e-01 4.868982919283925126e-01 4.542399723154690827e-23 9.372122712314964838e-20 4.905157035753931116e-04 0.000000000000000000e+00
5.126111923680323201e-01 4.868982919283925126e-01 2.144608684835987866e-23 5.147349820260809225e-20 4.905157035753931116e-04 0.000000000000000000e+00
5.126111923680323201e-01 4.868982919283925126e-01 9.966502072608053969e-24 2.791049504559258505e-20 4.905157035753931116e-04 0.000000000000000000e+00
5.126111923680323201e-01 4.868982919283925126e-01 4.591345633498671239e-24 1.502712634374415054e-20 4.905157035753931116e-04 0.000000000000000000e+00
5.126111923680323201e-01 4.868982919283925681e-01 2.097641158223505548e-24 8.036443986017688074e-21 4.905157035753931116e-04 0.000000000000000000e+00
5.126111923680322091e-01 4.868982919283925126e-01 9.427209787148852811e-25 4.241014192937253509e-21 4.905157035753931116e-04 0.000000000000000000e+00
5.126111923680322091e-01 4.868982919283925126e-01 4.198473017421102268e-25 2.221678492161109492e-21 4.905157035753931116e-04 0.000000000000000000e+00
5.126111923680323201e-01 4.868982919283925126e-01 1.853760975043946748e-25 1.155736190877882894e-21 4.905157035753931116e-04 0.000000000000000000e+00
5.126111923680323201e-01 4.868982919283925126e-01 8.041193664722800092e-26 5.926558907598098768e-22 4.905157035753931116e-04 0.000000000000000000e+00
5.126111923680323201e-01 4.868982919283925126e-01 3.459909822830351312e-26 3.019205166676364984e-22 4.905157035753931116e-04 0.000000000000000000e+00
5.126111923680323201e-01 4.868982919283925126e-01 1.470937024022236711e-26 1.523202105628529083e-22 4.905157035753931116e-04 0.000000000000000000e+00
5.126111923680323201e-01 4.868982919283925126e-01 6.156821715492357419e-27 7.588217140018687206e-23 4.905157035753931116e-04 0.000000000000000000e+00
5.126111923680323201e-01 4.868982919283925126e-01 2.558173843472528328e-27 3.757838123065528858e-23 4.905157035753931116e-04 0.000000000000000000e+00
5.126111923680323201e-01 4.868982919283925126e-01 1.043605902995731926e-27 1.833500042690502769e-23 4.905157035753931116e-04 0.000000000000000000e+00
5.126111923680322091e-01 4.868982919283925126e-01 4.215160338463129880e-28 8.873930071871565848e-24 4.905157035753931116e-04 0.000000000000000000e+00
5.126111923680322091e-01 4.868982919283925126e-01 1.682223874327124765e-28 4.253349303651429965e-24 4.905157035753931116e-04 0.000000000000000000e+00
5.126111923680322091e-01 4.868982919283925126e-01 1.330611287358850207e-28 3.525360510566979860e-24 4.905157035753931116e-04 0.000000000000000000e+00
5.126111923680322091e-01 4.868982919283925126e-01 1.330611287358850207e-28 3.525360510566979860e-24 4.905157035753931116e-04 0.000000000000000000e+00
5.126111923680322091e-01 4.868982919283925126e-01 1.330611287358850207e-28 3.525360510566979860e-24 4.905157035753931116e-04 0.000000000000000000e+00
5.126111923680322091e-01 4.868982919283925126e-01 1.330611287358850207e-28 3.525360510566979860e-24 4.905157035753931116e-04 0.000000000000000000e+00
5.126111923680322091e-01 4.868982919283925126e-01 1.330611287358850207e-28 3.525360510566979860e-24 4.905157035753931116e-04 0.000000000000000000e+00
5.126111923680322091e-01 4.868982919283925126e-01 1.330611287358850207e-28 3.525360510566979860e-24 4.905157035753931116e-04 0.000000000000000000e+00
5.126111923680322091e-01 4.868982919283925126e-01 1.330611287358850207e-28 3.525360510566979860e-24 4.905157035753931116e-04 0.000000000000000000e+00
5.126111923680322091e-01 4.868982919283925126e-01 1.330611287358850207e-28 3.525360510566979860e-24 4.905157035753931116e-04 0.000000000000000000e+00
5.126111923680322091e-01 4.868982919283925126e-01 1.330611287358850207e-28 3.525360510566979860e-24 4.905157035753931116e-04 0.000000000000000000e+00
5.126111923680322091e-01 4.868982919283925126e-01 1.330611287358850207e-28 3.525360510566979860e-24 4.905157035753931116e-04 0.000000000000000000e+00
5.126111923680322091e-01 4.868982919283925126e-01 1.330611287358850207e-28 3.525360510566979860e-24 4.905157035753931116e-04 0.000000000000000000e+00
5.126111923680322091e-01 4.868982919283925126e-01 1.330611287358850207e-28 3.525360510566979860e-24 4.905157035753931116e-04 0.000000000000000000e+00
5.126111923680322091e-01 4.868982919283925126e-01 1.330611287358850207e-28 3.525360510566979860e-24 4.905157035753931116e-04 0.000000000000000000e+00
5.126111923680322091e-01 4.868982919283925126e-01 1.330611287358850207e-28 3.525360510566979860e-24 4.905157035753931116e-04 0.000000000000000000e+00
5.126111923680322091e-01 4.868982919283925126e-01 1.330611287358850207e-28 3.525360510566979860e-24 4.905157035753931116e-04 0.000000000000000000e+00
5.126111923680322091e-01 4.868982919283925126e-01 1.330611287358850207e-28 3.525360510566979860e-24 4.905157035753931116e-04 0.000000000000000000e+00
5.126111923680322091e-01 4.868982919283925126e-01 1.330611287358850207e-28 3.525360510566979860e-24 4.905157035753931116e-04 0.000000000000000000e+00
5.126111923680322091e-01 4.868982919283925126e-01 1.330611287358850207e-28 3.525360510566979860e-24 4.905157035753931116e-04 0.000000000000000000e+00
5.126111923680322091e-01 4.868982919283925126e-01 1.330611287358850207e-28 3.525360510566979860e-24 4.905157035753931116e-04 0.000000000000000000e+00
5.126111923680322091e-01 4.868982919283925126e-01 1.330611287358850207e-28 3.525360510566979860e-24 4.905157035753931116e-04 0.000000000000000000e+00
5.126111923680322091e-01 4.868982919283925126e-01 1.330611287358850207e-28 3.525360510566979860e-24 4.905157035753931116e-04 0.000000000000000000e+00
5.126111923680322091e-01 4.868982919283925126e-01 1.330611287358850207e-28 3.525360510566979860e-24 4.905157035753931116e-04 0.000000000000000000e+00
5.126111923680322091e-01 4.868982919283925126e-01 1.330611287358850207e-28 3.525360510566979860e-24 4.905157035753931116e-04 0.000000000000000000e+00
5.126111923680322091e-01 4.868982919283925126e-01 1.330611287358850207e-28 3.525360510566979860e-24 4.905157035753931116e-04 0.000000000000000000e+00
5.126111923680322091e-01 4.868982919283925126e-01 1.330611287358850207e-28 3.525360510566979860e-24 4.905157035753931116e-04 0.000000000000000000e+00
5.126111923680322091e-01 4.868982919283925126e-01 1.330611287358850207e-28 3.525360510566979860e-24 4.905157035753931116e-04 0.000000000000000000e+00
5.126111923680322091e-01 4.868982919283925126e-01 1.330611287358850207e-28 3.525360510566979860e-24 4.905157035753931116e-04 0.000000000000000000e+00
5.126111923680322091e-01 4.868982919283925126e-01 1.330611287358850207e-28 3.525360510566979860e-24 4.905157035753931116e-04 0.000000000000000000e+00
5.126111923680322091e-01 4.868982919283925126e-01 1.330611287358850207e-28 3.525360510566979860e-24 4.905157035753931116e-04 0.000000000000000000e+00
5.126111923680322091e-01 4.868982919283925126e-01 1.330611287358850207e-28 3.525360510566979860e-24 4.905157035753931116e-04 0.000000000000000000e+00
5.126111923680322091e-01 4.868982919283925126e-01 1.330611287358850207e-28 3.525360510566979860e-24 4.905157035753931116e-04 0.000000000000000000e+00
5.126111923680322091e-01 4.868982919283925126e-01 1.330611287358850207e-28 3.525360510566979860e-24 4.905157035753931116e-04 0.000000000000000000e+00
5.126111923680322091e-01 4.868982919283925126e-01 1.330611287358850207e-28 3.525360510566979860e-24 4.905157035753931116e-04 0.000000000000000000e+00
5.126111923680322091e-01 4.868982919283925126e-01 1.330611287358850207e-28 3.525360510566979860e-24 4.905157035753931116e-04 0.000000000000000000e+00
5.126111923680322091e-01 4.868982919283925126e-01 1.330611287358850207e-28 3.525360510566979860e-24 4.905157035753931116e-04 0.000000000000000000e+00
5.126111923680322091e-01 4.868982919283925126e-01 1.330611287358850207e-28 3.525360510566979860e-24 4.905157035753931116e-04 0.000000000000000000e+00
5.126111923680322091e-01 4.868982919283925126e-01 1.330611287358850207e-28 3.525360510566979860e-24 4.905157035753931116e-04 0.000000000000000000e+00
5.126111923680322091e-01 4.868982919283925126e-01 1.330611287358850207e-28 3.525360510566979860e-24 4.905157035753931116e-04 0.000000000000000000e+00
5.126111923680322091e-01 4.868982919283925126e-01 1.330611287358850207e-28 3.525360510566979860e-24 4.905157035753931116e-04 0.000000000000000000e+00
5.126111923680322091e-01 4.868982919283925126e-01 1.330611287358850207e-28 3.525360510566979860e-24 4.905157035753931116e-04 0.000000000000000000e+00
5.126111923680322091e-01 4.868982919283925126e-01 1.330611287358850207e-28 3.525360510566979860e-24 4.905157035753931116e-04 0.000000000000000000e+00
5.126111923680322091e-01 4.868982919283925126e-01 1.330611287358850207e-28 3.525360510566979860e-24 4.905157035753931116e-04 0.000000000000000000e+00
5.126111923680322091e-01 4.868982919283925126e-01 1.330611287358850207e-28 3.525360510566979860e-24 4.905157035753931116e-04 0.000000000000000000e+00
5.126111923680322091e-01 4.868982919283925126e-01 1.330611287358850207e-28 3.525360510566979860e-24 4.905157035753931116e-04 0.000000000000000000e+00
5.126111923680322091e-01 4.868982919283925126e-01 1.330611287358850207e-28 3.525360510566979860e-24 4.905157035753931116e-04 0.000000000000000000e+00
5.126111923680322091e-01 4.868982919283925126e-01 1.330611287358850207e-28 3.525360510566979860e-24 4.905157035753931116e-04 0.000000000000000000e+00
5.126111923680322091e-01 4.868982919283925126e-01 1.330611287358850207e-28 3.525360510566979860e-24 4.905157035753931116e-04 0.000000000000000000e+00
5.126111923680322091e-01 4.868982919283925126e-01 1.330611287358850207e-28 3.525360510566979860e-24 4.905157035753931116e-04 0.000000000000000000e+00
5.126111923680322091e-01 4.868982919283925126e-01 1.330611287358850207e-28 3.525360510566979860e-24 4.905157035753931116e-04 0.000000000000000000e+00
5.126111923680322091e-01 4.868982919283925126e-01 1.330611287358850207e-28 3.525360510566979860e-24 4.905157035753931116e-04 0.000000000000000000e+00
5.126111923680322091e-01 4.868982919283925126e-01 1.330611287358850207e-28 3.525360510566979860e-24 4.905157035753931116e-04 0.000000000000000000e+00
5.126111923680322091e-01 4.868982919283925126e-01 1.330611287358850207e-28 3.525360510566979860e-24 4.905157035753931116e-04 0.000000000000000000e+00
5.126111923680322091e-01 4.868982919283925126e-01 1.330611287358850207e-28 3.525360510566979860e-24 4.905157035753931116e-04 0.000000000000000000e+00
5.126111923680322091e-01 4.868982919283925126e-01 1.330611287358850207e-28 3.525360510566979860e-24 4.905157035753931116e-04 0.000000000000000000e+00
5.126111923680322091e-01 4.868982919283925126e-01 1.330611287358850207e-28 3.525360510566979860e-24 4.905157035753931116e-04 0.000000000000000000e+00
5.126111923680322091e-01 4.868982919283925126e-01 1.330611287358850207e-28 3.525360510566979860e-24 4.905157035753931116e-04 0.000000000000000000e+00
5.126111923680322091e-01 4.868982919283925126e-01 1.330611287358850207e-28 3.525360510566979860e-24 4.905157035753931116e-04 0.000000000000000000e+00
5.126111923680322091e-01 4.868982919283925126e-01 1.330611287358850207e-28 3.525360510566979860e-24 4.905157035753931116e-04 0.000000000000000000e+00
5.126111923680322091e-01 4.868982919283925126e-01 1.330611287358850207e-28 3.525360510566979860e-24 4.905157035753931116e-04 0.000000000000000000e+00
5.126111923680322091e-01 4.868982919283925126e-01 1.330611287358850207e-28 3.525360510566979860e-24 4.905157035753931116e-04 0.000000000000000000e+00
5.126111923680322091e-01 4.868982919283925126e-01 1.330611287358850207e-28 3.525360510566979860e-24 4.905157035753931116e-04 0.000000000000000000e+00
5.126111923680322091e-01 4.868982919283925126e-01 1.330611287358850207e-28 3.525360510566979860e-24 4.905157035753931116e-04 0.000000000000000000e+00
5.126111923680322091e-01 4.868982919283925126e-01 1.330611287358850207e-28 3.525360510566979860e-24 4.905157035753931116e-04 0.000000000000000000e+00
5.126111923680322091e-01 4.868982919283925126e-01 1.330611287358850207e-28 3.525360510566979860e-24 4.905157035753931116e-04 0.000000000000000000e+00
5.126111923680322091e-01 4.868982919283925126e-01 1.330611287358850207e-28 3.525360510566979860e-24 4.905157035753931116e-04 0.000000000000000000e+00
5.126111923680322091e-01 4.868982919283925126e-01 1.330611287358850207e-28 3.525360510566979860e-24 4.905157035753931116e-04 0.000000000000000000e+00
5.126111923680322091e-01 4.868982919283925126e-01 1.330611287358850207e-28 3.525360510566979860e-24 4.905157035753931116e-04 0.000000000000000000e+00
5.126111923680322091e-01 4.868982919283925126e-01 1.330611287358850207e-28 3.525360510566979860e-24 4.905157035753931116e-04 0.000000000000000000e+00
5.126111923680322091e-01 4.868982919283925126e-01 1.330611287358850207e-28 3.525360510566979860e-24 4.905157035753931116e-04 0.000000000000000000e+00
5.126111923680322091e-01 4.868982919283925126e-01 1.330611287358850207e-28 3.525360510566979860e-24 4.905157035753931116e-04 0.000000000000000000e+00
5.126111923680322091e-01 4.868982919283925126e-01 1.330611287358850207e-28 3.525360510566979860e-24 4.905157035753931116e-04 0.000000000000000000e+00
5.126111923680322091e-01 4.868982919283925126e-01 1.330611287358850207e-28 3.525360510566979860e-24 4.905157035753931116e-04 0.000000000000000000e+00
5.126111923680322091e-01 4.868982919283925126e-01 1.330611287358850207e-28 3.525360510566979860e-24 4.905157035753931116e-04 0.000000000000000000e+00
5.126111923680322091e-01 4.868982919283925126e-01 1.330611287358850207e-28 3.525360510566979860e-24 4.905157035753931116e-04 0.000000000000000000e+00
5.126111923680322091e-01 4.868982919283925126e-01 1.330611287358850207e-28 3.525360510566979860e-24 4.905157035753931116e-04 0.000000000000000000e+00
5.126111923680322091e-01 4.868982919283925126e-01 1.330611287358850207e-28 3.525360510566979860e-24 4.905157035753931116e-04 0.000000000000000000e+00
5.126111923680322091e-01 4.868982919283925126e-01 1.330611287358850207e-28 3.525360510566979860e-24 4.905157035753931116e-04 0.000000000000000000e+00
5.126111923680322091e-01 4.868982919283925126e-01 1.330611287358850207e-28 3.525360510566979860e-24 4.905157035753931116e-04 0.000000000000000000e+00
5.126111923680322091e-01 4.868982919283925126e-01 1.330611287358850207e-28 3.525360510566979860e-24 4.905157035753931116e-04 0.000000000000000000e+00
5.126111923680322091e-01 4.868982919283925126e-01 1.330611287358850207e-28 3.525360510566979860e-24 4.905157035753931116e-04 0.000000000000000000e+00
5.126111923680322091e-01 4.868982919283925126e-01 1.330611287358850207e-28 3.525360510566979860e-24 4.905157035753931116e-04 0.000000000000000000e+00
5.126111923680322091e-01 4.868982919283925126e-01 1.330611287358850207e-28 3.525360510566979860e-24 4.905157035753931116e-04 0.000000000000000000e+00
5.126111923680322091e-01 4.868982919283925126e-01 1.330611287358850207e-28 3.525360510566979860e-24 4.905157035753931116e-04 0.000000000000000000e+00
5.126111923680322091e-01 4.868982919283925126e-01 1.330611287358850207e-28 3.525360510566979860e-24 4.905157035753931116e-04 0.000000000000000000e+00
5.126111923680322091e-01 4.868982919283925126e-01 1.330611287358850207e-28 3.525360510566979860e-24 4.905157035753931116e-04 0.000000000000000000e+00
5.126111923680322091e-01 4.868982919283925126e-01 1.330611287358850207e-28 3.525360510566979860e-24 4.905157035753931116e-04 0.000000000000000000e+00
5.126111923680322091e-01 4.868982919283925126e-01 1.330611287358850207e-28 3.525360510566979860e-24 4.905157035753931116e-04 0.000000000000000000e+00
5.126111923680322091e-01 4.868982919283925126e-01 1.330611287358850207e-28 3.525360510566979860e-24 4.905157035753931116e-04 0.000000000000000000e+00
5.126111923680322091e-01 4.868982919283925126e-01 1.330611287358850207e-28 3.525360510566979860e-24 4.905157035753931116e-04 0.000000000000000000e+00
5.126111923680322091e-01 4.868982919283925126e-01 1.330611287358850207e-28 3.525360510566979860e-24 4.905157035753931116e-04 0.000000000000000000e+00
5.126111923680322091e-01 4.868982919283925126e-01 1.330611287358850207e-28 3.525360510566979860e-24 4.905157035753931116e-04 0.000000000000000000e+00
5.126111923680322091e-01 4.868982919283925126e-01 1.330611287358850207e-28 3.525360510566979860e-24 4.905157035753931116e-04 0.000000000000000000e+00
5.126111923680322091e-01 4.868982919283925126e-01 1.330611287358850207e-28 3.525360510566979860e-24 4.905157035753931116e-04 0.000000000000000000e+00
5.126111923680322091e-01 4.868982919283925126e-01 1.330611287358850207e-28 3.525360510566979860e-24 4.905157035753931116e-04 0.000000000000000000e+00
5.126111923680322091e-01 4.868982919283925126e-01 1.330611287358850207e-28 3.525360510566979860e-24 4.905157035753931116e-04 0.000000000000000000e+00
5.126111923680322091e-01 4.868982919283925126e-01 1.330611287358850207e-28 3.525360510566979860e-24 4.905157035753931116e-04 0.000000000000000000e+00
5.126111923680322091e-01 4.868982919283925126e-01 1.330611287358850207e-28 3.525360510566979860e-24 4.905157035753931116e-04 0.000000000000000000e+00
5.126111923680322091e-01 4.868982919283925126e-01 1.330611287358850207e-28 3.525360510566979860e-24 4.905157035753931116e-04 0.000000000000000000e+00
5.126111923680322091e-01 4.868982919283925126e-01 1.330611287358850207e-28 3.525360510566979860e-24 4.905157035753931116e-04 0.000000000000000000e+00
5.126111923680322091e-01 4.868982919283925126e-01 1.330611287358850207e-28 3.525360510566979860e-24 4.905157035753931116e-04 0.000000000000000000e+00
5.126111923680322091e-01 4.868982919283925126e-01 1.330611287358850207e-28 3.525360510566979860e-24 4.905157035753931116e-04 0.000000000000000000e+00
5.126111923680322091e-01 4.868982919283925126e-01 1.330611287358850207e-28 3.525360510566979860e-24 4.905157035753931116e-04 0.000000000000000000e+00
5.126111923680322091e-01 4.868982919283925126e-01 1.330611287358850207e-28 3.525360510566979860e-24 4.905157035753931116e-04 0.000000000000000000e+00
5.126111923680322091e-01 4.868982919283925126e-01 1.330611287358850207e-28 3.525360510566979860e-24 4.905157035753931116e-04 0.000000000000000000e+00
5.126111923680322091e-01 4.868982919283925126e-01 1.330611287358850207e-28 3.525360510566979860e-24 4.905157035753931116e-04 0.000000000000000000e+00
5.126111923680322091e-01 4.868982919283925126e-01 1.330611287358850207e-28 3.525360510566979860e-24 4.905157035753931116e-04 0.000000000000000000e+00
5.126111923680322091e-01 4.868982919283925126e-01 1.330611287358850207e-28 3.525360510566979860e-24 4.905157035753931116e-04 0.000000000000000000e+00
5.126111923680322091e-01 4.868982919283925126e-01 1.330611287358850207e-28 3.525360510566979860e-24 4.905157035753931116e-04 0.000000000000000000e+00
5.126111923680322091e-01 4.868982919283925126e-01 1.330611287358850207e-28 3.525360510566979860e-24 4.905157035753931116e-04 0.000000000000000000e+00
5.126111923680322091e-01 4.868982919283925126e-01 1.330611287358850207e-28 3.525360510566979860e-24 4.905157035753931116e-04 0.000000000000000000e+00
5.126111923680322091e-01 4.868982919283925126e-01 1.330611287358850207e-28 3.525360510566979860e-24 4.905157035753931116e-04 0.000000000000000000e+00
5.126111923680322091e-01 4.868982919283925126e-01 1.330611287358850207e-28 3.525360510566979860e-24 4.905157035753931116e-04 0.000000000000000000e+00
5.126111923680322091e-01 4.868982919283925126e-01 1.330611287358850207e-28 3.525360510566979860e-24 4.905157035753931116e-04 0.000000000000000000e+00
5.126111923680322091e-01 4.868982919283925126e-01 1.330611287358850207e-28 3.525360510566979860e-24 4.905157035753931116e-04 0.000000000000000000e+00
5.126111923680322091e-01 4.868982919283925126e-01 1.330611287358850207e-28 3.525360510566979860e-24 4.905157035753931116e-04 0.000000000000000000e+00
5.126111923680322091e-01 4.868982919283925126e-01 1.330611287358850207e-28 3.525360510566979860e-24 4.905157035753931116e-04 0.000000000000000000e+00
5.126111923680322091e-01 4.868982919283925126e-01 1.330611287358850207e-28 3.525360510566979860e-24 4.905157035753931116e-04 0.000000000000000000e+00
5.126111923680322091e-01 4.868982919283925126e-01 1.330611287358850207e-28 3.525360510566979860e-24 4.905157035753931116e-04 0.000000000000000000e+00
5.126111923680322091e-01 4.868982919283925126e-01 1.330611287358850207e-28 3.525360510566979860e-24 4.905157035753931116e-04 0.000000000000000000e+00
5.126111923680322091e-01 4.868982919283925126e-01 1.330611287358850207e-28 3.525360510566979860e-24 4.905157035753931116e-04 0.000000000000000000e+00
5.126111923680322091e-01 4.868982919283925126e-01 1.330611287358850207e-28 3.525360510566979860e-24 4.905157035753931116e-04 0.000000000000000000e+00
5.126111923680322091e-01 4.868982919283925126e-01 1.330611287358850207e-28 3.525360510566979860e-24 4.905157035753931116e-04 0.000000000000000000e+00
5.126111923680322091e-01 4.868982919283925126e-01 1.330611287358850207e-28 3.525360510566979860e-24 4.905157035753931116e-04 0.000000000000000000e+00
5.126111923680322091e-01 4.868982919283925126e-01 1.330611287358850207e-28 3.525360510566979860e-24 4.905157035753931116e-04 0.000000000000000000e+00
5.126111923680322091e-01 4.868982919283925126e-01 1.330611287358850207e-28 3.525360510566979860e-24 4.905157035753931116e-04 0.000000000000000000e+00
5.126111923680322091e-01 4.868982919283925126e-01 1.330611287358850207e-28 3.525360510566979860e-24 4.905157035753931116e-04 0.000000000000000000e+00
5.126111923680322091e-01 4.868982919283925126e-01 1.330611287358850207e-28 3.525360510566979860e-24 4.905157035753931116e-04 0.000000000000000000e+00
5.126111923680322091e-01 4.868982919283925126e-01 1.330611287358850207e-28 3.525360510566979860e-24 4.905157035753931116e-04 0.000000000000000000e+00
5.126111923680322091e-01 4.868982919283925126e-01 1.330611287358850207e-28 3.525360510566979860e-24 4.905157035753931116e-04 0.000000000000000000e+00
5.126111923680322091e-01 4.868982919283925126e-01 1.330611287358850207e-28 3.525360510566979860e-24 4.905157035753931116e-04 0.000000000000000000e+00
5.126111923680322091e-01 4.868982919283925126e-01 1.330611287358850207e-28 3.525360510566979860e-24 4.905157035753931116e-04 0.000000000000000000e+00
5.126111923680322091e-01 4.868982919283925126e-01 1.330611287358850207e-28 3.525360510566979860e-24 4.905157035753931116e-04 0.000000000000000000e+00
5.126111923680322091e-01 4.868982919283925126e-01 1.330611287358850207e-28 3.525360510566979860e-24 4.905157035753931116e-04 0.000000000000000000e+00
5.126111923680322091e-01 4.868982919283925126e-01 1.330611287358850207e-28 3.525360510566979860e-24 4.905157035753931116e-04 0.000000000000000000e+00
5.126111923680322091e-01 4.868982919283925126e-01 1.330611287358850207e-28 3.525360510566979860e-24 4.905157035753931116e-04 0.000000000000000000e+00
5.126111923680322091e-01 4.868982919283925126e-01 1.330611287358850207e-28 3.525360510566979860e-24 4.905157035753931116e-04 0.000000000000000000e+00
5.126111923680322091e-01 4.868982919283925126e-01 1.330611287358850207e-28 3.525360510566979860e-24 4.905157035753931116e-04 0.000000000000000000e+00
5.126111923680322091e-01 4.868982919283925126e-01 1.330611287358850207e-28 3.525360510566979860e-24 4.905157035753931116e-04 0.000000000000000000e+00
5.126111923680322091e-01 4.868982919283925126e-01 1.330611287358850207e-28 3.525360510566979860e-24 4.905157035753931116e-04 0.000000000000000000e+00
5.126111923680322091e-01 4.868982919283925126e-01 1.330611287358850207e-28 3.525360510566979860e-24 4.905157035753931116e-04 0.000000000000000000e+00
5.126111923680322091e-01 4.868982919283925126e-01 1.330611287358850207e-28 3.525360510566979860e-24 4.905157035753931116e-04 0.000000000000000000e+00
5.126111923680322091e-01 4.868982919283925126e-01 1.330611287358850207e-28 3.525360510566979860e-24 4.905157035753931116e-04 0.000000000000000000e+00
5.126111923680322091e-01 4.868982919283925126e-01 1.330611287358850207e-28 3.525360510566979860e-24 4.905157035753931116e-04 0.000000000000000000e+00
5.126111923680322091e-01 4.868982919283925126e-01 1.330611287358850207e-28 3.525360510566979860e-24 4.905157035753931116e-04 0.000000000000000000e+00
5.126111923680322091e-01 4.868982919283925126e-01 1.330611287358850207e-28 3.525360510566979860e-24 4.905157035753931116e-04 0.000000000000000000e+00
5.126111923680322091e-01 4.868982919283925126e-01 1.330611287358850207e-28 3.525360510566979860e-24 4.905157035753931116e-04 0.000000000000000000e+00
5.126111923680322091e-01 4.868982919283925126e-01 1.330611287358850207e-28 3.525360510566979860e-24 4.905157035753931116e-04 0.000000000000000000e+00
5.126111923680322091e-01 4.868982919283925126e-01 1.330611287358850207e-28 3.525360510566979860e-24 4.905157035753931116e-04 0.000000000000000000e+00
5.126111923680322091e-01 4.868982919283925126e-01 1.330611287358850207e-28 3.525360510566979860e-24 4.905157035753931116e-04 0.000000000000000000e+00
5.126111923680322091e-01 4.868982919283925126e-01 1.330611287358850207e-28 3.525360510566979860e-24 4.905157035753931116e-04 0.000000000000000000e+00
5.126111923680322091e-01 4.868982919283925126e-01 1.330611287358850207e-28 3.525360510566979860e-24 4.905157035753931116e-04 0.000000000000000000e+00
5.126111923680322091e-01 4.868982919283925126e-01 1.330611287358850207e-28 3.525360510566979860e-24 4.905157035753931116e-04 0.000000000000000000e+00
5.126111923680322091e-01 4.868982919283925126e-01 1.330611287358850207e-28 3.525360510566979860e-24 4.905157035753931116e-04 0.000000000000000000e+00
5.126111923680322091e-01 4.868982919283925126e-01 1.330611287358850207e-28 3.525360510566979860e-24 4.905157035753931116e-04 0.000000000000000000e+00
5.126111923680322091e-01 4.868982919283925126e-01 1.330611287358850207e-28 3.525360510566979860e-24 4.905157035753931116e-04 0.000000000000000000e+00
5.126111923680322091e-01 4.868982919283925126e-01 1.330611287358850207e-28 3.525360510566979860e-24 4.905157035753931116e-04 0.000000000000000000e+00
5.126111923680322091e-01 4.868982919283925126e-01 1.330611287358850207e-28 3.525360510566979860e-24 4.905157035753931116e-04 0.000000000000000000e+00
5.126111923680322091e-01 4.868982919283925126e-01 1.330611287358850207e-28 3.525360510566979860e-24 4.905157035753931116e-04 0.000000000000000000e+00
5.126111923680322091e-01 4.868982919283925126e-01 1.330611287358850207e-28 3.525360510566979860e-24 4.905157035753931116e-04 0.000000000000000000e+00
5.126111923680322091e-01 4.868982919283925126e-01 1.330611287358850207e-28 3.525360510566979860e-24 4.905157035753931116e-04 0.000000000000000000e+00
5.126111923680322091e-01 4.868982919283925126e-01 1.330611287358850207e-28 3.525360510566979860e-24 4.905157035753931116e-04 0.000000000000000000e+00
5.126111923680322091e-01 4.868982919283925126e-01 1.330611287358850207e-28 3.525360510566979860e-24 4.905157035753931116e-04 0.000000000000000000e+00
5.126111923680322091e-01 4.868982919283925126e-01 1.330611287358850207e-28 3.525360510566979860e-24 4.905157035753931116e-04 0.000000000000000000e+00
5.126111923680322091e-01 4.868982919283925126e-01 1.330611287358850207e-28 3.525360510566979860e-24 4.905157035753931116e-04 0.000000000000000000e+00
5.126111923680322091e-01 4.868982919283925126e-01 1.330611287358850207e-28 3.525360510566979860e-24 4.905157035753931116e-04 0.000000000000000000e+00
5.126111923680322091e-01 4.868982919283925126e-01 1.330611287358850207e-28 3.525360510566979860e-24 4.905157035753931116e-04 0.000000000000000000e+00
5.126111923680322091e-01 4.868982919283925126e-01 1.330611287358850207e-28 3.525360510566979860e-24 4.905157035753931116e-04 0.000000000000000000e+00
5.126111923680322091e-01 4.868982919283925126e-01 1.330611287358850207e-28 3.525360510566979860e-24 4.905157035753931116e-04 0.000000000000000000e+00
5.126111923680322091e-01 4.868982919283925126e-01 1.330611287358850207e-28 3.525360510566979860e-24 4.905157035753931116e-04 0.000000000000000000e+00
5.126111923680322091e-01 4.868982919283925126e-01 1.330611287358850207e-28 3.525360510566979860e-24 4.905157035753931116e-04 0.000000000000000000e+00
5.126111923680322091e-01 4.868982919283925126e-01 1.330611287358850207e-28 3.525360510566979860e-24 4.905157035753931116e-04 0.000000000000000000e+00
5.126111923680322091e-01 4.868982919283925126e-01 1.330611287358850207e-28 3.525360510566979860e-24 4.905157035753931116e-04 0.000000000000000000e+00
5.126111923680322091e-01 4.868982919283925126e-01 1.330611287358850207e-28 3.525360510566979860e-24 4.905157035753931116e-04 0.000000000000000000e+00
5.126111923680322091e-01 4.868982919283925126e-01 1.330611287358850207e-28 3.525360510566979860e-24 4.905157035753931116e-04 0.000000000000000000e+00
5.126111923680322091e-01 4.868982919283925126e-01 1.330611287358850207e-28 3.525360510566979860e-24 4.905157035753931116e-04 0.000000000000000000e+00
5.126111923680322091e-01 4.868982919283925126e-01 1.330611287358850207e-28 3.525360510566979860e-24 4.905157035753931116e-04 0.000000000000000000e+00
5.126111923680322091e-01 4.868982919283925126e-01 1.330611287358850207e-28 3.525360510566979860e-24 4.905157035753931116e-04 0.000000000000000000e+00
5.126111923680322091e-01 4.868982919283925126e-01 1.330611287358850207e-28 3.525360510566979860e-24 4.905157035753931116e-04 0.000000000000000000e+00
5.126111923680322091e-01 4.868982919283925126e-01 1.330611287358850207e-28 3.525360510566979860e-24 4.905157035753931116e-04 0.000000000000000000e+00
5.126111923680322091e-01 4.868982919283925126e-01 1.330611287358850207e-28 3.525360510566979860e-24 4.905157035753931116e-04 0.000000000000000000e+00
5.126111923680322091e-01 4.868982919283925126e-01 1.330611287358850207e-28 3.525360510566979860e-24 4.905157035753931116e-04 0.000000000000000000e+00
5.126111923680322091e-01 4.868982919283925126e-01 1.330611287358850207e-28 3.525360510566979860e-24 4.905157035753931116e-04 0.000000000000000000e+00
5.126111923680322091e-01 4.868982919283925126e-01 1.330611287358850207e-28 3.525360510566979860e-24 4.905157035753931116e-04 0.000000000000000000e+00
5.126111923680322091e-01 4.868982919283925126e-01 1.330611287358850207e-28 3.525360510566979860e-24 4.905157035753931116e-04 0.000000000000000000e+00
5.126111923680322091e-01 4.868982919283925126e-01 1.330611287358850207e-28 3.525360510566979860e-24 4.905157035753931116e-04 0.000000000000000000e+00
5.126111923680322091e-01 4.868982919283925126e-01 1.330611287358850207e-28 3.525360510566979860e-24 4.905157035753931116e-04 0.000000000000000000e+00
5.126111923680322091e-01 4.868982919283925126e-01 1.330611287358850207e-28 3.525360510566979860e-24 4.905157035753931116e-04 0.000000000000000000e+00
5.126111923680322091e-01 4.868982919283925126e-01 1.330611287358850207e-28 3.525360510566979860e-24 4.905157035753931116e-04 0.000000000000000000e+00
5.126111923680322091e-01 4.868982919283925126e-01 1.330611287358850207e-28 3.525360510566979860e-24 4.905157035753931116e-04 0.000000000000000000e+00
5.126111923680322091e-01 4.868982919283925126e-01 1.330611287358850207e-28 3.525360510566979860e-24 4.905157035753931116e-04 0.000000000000000000e+00
5.126111923680322091e-01 4.868982919283925126e-01 1.330611287358850207e-28 3.525360510566979860e-24 4.905157035753931116e-04 0.000000000000000000e+00
5.126111923680322091e-01 4.868982919283925126e-01 1.330611287358850207e-28 3.525360510566979860e-24 4.905157035753931116e-04 0.000000000000000000e+00
5.126111923680322091e-01 4.868982919283925126e-01 1.330611287358850207e-28 3.525360510566979860e-24 4.905157035753931116e-04 0.000000000000000000e+00
5.126111923680322091e-01 4.868982919283925126e-01 1.330611287358850207e-28 3.525360510566979860e-24 4.905157035753931116e-04 0.000000000000000000e+00
5.126111923680322091e-01 4.868982919283925126e-01 1.330611287358850207e-28 3.525360510566979860e-24 4.905157035753931116e-04 0.000000000000000000e+00
5.126111923680322091e-01 4.868982919283925126e-01 1.330611287358850207e-28 3.525360510566979860e-24 4.905157035753931116e-04 0.000000000000000000e+00
5.126111923680322091e-01 4.868982919283925126e-01 1.330611287358850207e-28 3.525360510566979860e-24 4.905157035753931116e-04 0.000000000000000000e+00
5.126111923680322091e-01 4.868982919283925126e-01 1.330611287358850207e-28 3.525360510566979860e-24 4.905157035753931116e-04 0.000000000000000000e+00
5.126111923680322091e-01 4.868982919283925126e-01 1.330611287358850207e-28 3.525360510566979860e-24 4.905157035753931116e-04 0.000000000000000000e+00
5.126111923680322091e-01 4.868982919283925126e-01 1.330611287358850207e-28 3.525360510566979860e-24 4.905157035753931116e-04 0.000000000000000000e+00
5.126111923680322091e-01 4.868982919283925126e-01 1.330611287358850207e-28 3.525360510566979860e-24 4.905157035753931116e-04 0.000000000000000000e+00
5.126111923680322091e-01 4.868982919283925126e-01 1.330611287358850207e-28 3.525360510566979860e-24 4.905157035753931116e-04 0.000000000000000000e+00
5.126111923680322091e-01 4.868982919283925126e-01 1.330611287358850207e-28 3.525360510566979860e-24 4.905157035753931116e-04 0.000000000000000000e+00
5.126111923680322091e-01 4.868982919283925126e-01 1.330611287358850207e-28 3.525360510566979860e-24 4.905157035753931116e-04 0.000000000000000000e+00
5.126111923680322091e-01 4.868982919283925126e-01 1.330611287358850207e-28 3.525360510566979860e-24 4.905157035753931116e-04 0.000000000000000000e+00
5.126111923680322091e-01 4.868982919283925126e-01 1.330611287358850207e-28 3.525360510566979860e-24 4.905157035753931116e-04 0.000000000000000000e+00
5.126111923680322091e-01 4.868982919283925126e-01 1.330611287358850207e-28 3.525360510566979860e-24 4.905157035753931116e-04 0.000000000000000000e+00
5.126111923680322091e-01 4.868982919283925126e-01 1.330611287358850207e-28 3.525360510566979860e-24 4.905157035753931116e-04 0.000000000000000000e+00
5.126111923680322091e-01 4.868982919283925126e-01 1.330611287358850207e-28 3.525360510566979860e-24 4.905157035753931116e-04 0.000000000000000000e+00
5.126111923680322091e-01 4.868982919283925126e-01 1.330611287358850207e-28 3.525360510566979860e-24 4.905157035753931116e-04 0.000000000000000000e+00
5.126111923680322091e-01 4.868982919283925126e-01 1.330611287358850207e-28 3.525360510566979860e-24 4.905157035753931116e-04 0.000000000000000000e+00
5.126111923680322091e-01 4.868982919283925126e-01 1.330611287358850207e-28 3.525360510566979860e-24 4.905157035753931116e-04 0.000000000000000000e+00
5.126111923680322091e-01 4.868982919283925126e-01 1.330611287358850207e-28 3.525360510566979860e-24 4.905157035753931116e-04 0.000000000000000000e+00
5.126111923680322091e-01 4.868982919283925126e-01 1.330611287358850207e-28 3.525360510566979860e-24 4.905157035753931116e-04 0.000000000000000000e+00
5.126111923680322091e-01 4.868982919283925126e-01 1.330611287358850207e-28 3.525360510566979860e-24 4.905157035753931116e-04 0.000000000000000000e+00
5.126111923680322091e-01 4.868982919283925126e-01 1.330611287358850207e-28 3.525360510566979860e-24 4.905157035753931116e-04 0.000000000000000000e+00
5.126111923680322091e-01 4.868982919283925126e-01 1.330611287358850207e-28 3.525360510566979860e-24 4.905157035753931116e-04 0.000000000000000000e+00
5.126111923680322091e-01 4.868982919283925126e-01 1.330611287358850207e-28 3.525360510566979860e-24 4.905157035753931116e-04 0.000000000000000000e+00
5.126111923680322091e-01 4.868982919283925126e-01 1.330611287358850207e-28 3.525360510566979860e-24 4.905157035753931116e-04 0.000000000000000000e+00
5.126111923680322091e-01 4.868982919283925126e-01 1.330611287358850207e-28 3.525360510566979860e-24 4.905157035753931116e-04 0.000000000000000000e+00
5.126111923680322091e-01 4.868982919283925126e-01 1.330611287358850207e-28 3.525360510566979860e-24 4.905157035753931116e-04 0.000000000000000000e+00
5.126111923680322091e-01 4.868982919283925126e-01 1.330611287358850207e-28 3.525360510566979860e-24 4.905157035753931116e-04 0.000000000000000000e+00
5.126111923680322091e-01 4.868982919283925126e-01 1.330611287358850207e-28 3.525360510566979860e-24 4.905157035753931116e-04 0.000000000000000000e+00
5.126111923680322091e-01 4.868982919283925126e-01 1.330611287358850207e-28 3.525360510566979860e-24 4.905157035753931116e-04 0.000000000000000000e+00
5.126111923680322091e-01 4.868982919283925126e-01 1.330611287358850207e-28 3.525360510566979860e-24 4.905157035753931116e-04 0.000000000000000000e+00
5.126111923680322091e-01 4.868982919283925126e-01 1.330611287358850207e-28 3.525360510566979860e-24 4.905157035753931116e-04 0.000000000000000000e+00
5.126111923680322091e-01 4.868982919283925126e-01 1.330611287358850207e-28 3.525360510566979860e-24 4.905157035753931116e-04 0.000000000000000000e+00
5.126111923680322091e-01 4.868982919283925126e-01 1.330611287358850207e-28 3.525360510566979860e-24 4.905157035753931116e-04 0.000000000000000000e+00
5.126111923680322091e-01 4.868982919283925126e-01 1.330611287358850207e-28 3.525360510566979860e-24 4.905157035753931116e-04 0.000000000000000000e+00
5.126111923680322091e-01 4.868982919283925126e-01 1.330611287358850207e-28 3.525360510566979860e-24 4.905157035753931116e-04 0.000000000000000000e+00
5.126111923680322091e-01 4.868982919283925126e-01 1.330611287358850207e-28 3.525360510566979860e-24 4.905157035753931116e-04 0.000000000000000000e+00
5.126111923680322091e-01 4.868982919283925126e-01 1.330611287358850207e-28 3.525360510566979860e-24 4.905157035753931116e-04 0.000000000000000000e+00
5.126111923680322091e-01 4.868982919283925126e-01 1.330611287358850207e-28 3.525360510566979860e-24 4.905157035753931116e-04 0.000000000000000000e+00
5.126111923680322091e-01 4.868982919283925126e-01 1.330611287358850207e-28 3.525360510566979860e-24 4.905157035753931116e-04 0.000000000000000000e+00
5.126111923680322091e-01 4.868982919283925126e-01 1.330611287358850207e-28 3.525360510566979860e-24 4.905157035753931116e-04 0.000000000000000000e+00
5.126111923680322091e-01 4.868982919283925126e-01 1.330611287358850207e-28 3.525360510566979860e-24 4.905157035753931116e-04 0.000000000000000000e+00
5.126111923680322091e-01 4.868982919283925126e-01 1.330611287358850207e-28 3.525360510566979860e-24 4.905157035753931116e-04 0.000000000000000000e+00
5.126111923680322091e-01 4.868982919283925126e-01 1.330611287358850207e-28 3.525360510566979860e-24 4.905157035753931116e-04 0.000000000000000000e+00
5.126111923680322091e-01 4.868982919283925126e-01 1.330611287358850207e-28 3.525360510566979860e-24 4.905157035753931116e-04 0.000000000000000000e+00
5.126111923680322091e-01 4.868982919283925126e-01 1.330611287358850207e-28 3.525360510566979860e-24 4.905157035753931116e-04 0.000000000000000000e+00
5.126111923680322091e-01 4.868982919283925126e-01 1.330611287358850207e-28 3.525360510566979860e-24 4.905157035753931116e-04 0.000000000000000000e+00
5.126111923680322091e-01 4.868982919283925126e-01 1.330611287358850207e-28 3.525360510566979860e-24 4.905157035753931116e-04 0.000000000000000000e+00
5.126111923680322091e-01 4.868982919283925126e-01 1.330611287358850207e-28 3.525360510566979860e-24 4.905157035753931116e-04 0.000000000000000000e+00
5.126111923680322091e-01 4.868982919283925126e-01 1.330611287358850207e-28 3.525360510566979860e-24 4.905157035753931116e-04 0.000000000000000000e+00
5.126111923680322091e-01 4.868982919283925126e-01 1.330611287358850207e-28 3.525360510566979860e-24 4.905157035753931116e-04 0.000000000000000000e+00
5.126111923680322091e-01 4.868982919283925126e-01 1.330611287358850207e-28 3.525360510566979860e-24 4.905157035753931116e-04 0.000000000000000000e+00
5.126111923680322091e-01 4.868982919283925126e-01 1.330611287358850207e-28 3.525360510566979860e-24 4.905157035753931116e-04 0.000000000000000000e+00
5.126111923680322091e-01 4.868982919283925126e-01 1.330611287358850207e-28 3.525360510566979860e-24 4.905157035753931116e-04 0.000000000000000000e+00
5.126111923680322091e-01 4.868982919283925126e-01 1.330611287358850207e-28 3.525360510566979860e-24 4.905157035753931116e-04 0.000000000000000000e+00
5.126111923680322091e-01 4.868982919283925126e-01 1.330611287358850207e-28 3.525360510566979860e-24 4.905157035753931116e-04 0.000000000000000000e+00
5.126111923680322091e-01 4.868982919283925126e-01 1.330611287358850207e-28 3.525360510566979860e-24 4.905157035753931116e-04 0.000000000000000000e+00
5.126111923680322091e-01 4.868982919283925126e-01 1.330611287358850207e-28 3.525360510566979860e-24 4.905157035753931116e-04 0.000000000000000000e+00
5.126111923680322091e-01 4.868982919283925126e-01 1.330611287358850207e-28 3.525360510566979860e-24 4.905157035753931116e-04 0.000000000000000000e+00
5.126111923680322091e-01 4.868982919283925126e-01 1.330611287358850207e-28 3.525360510566979860e-24 4.905157035753931116e-04 0.000000000000000000e+00
5.126111923680322091e-01 4.868982919283925126e-01 1.330611287358850207e-28 3.525360510566979860e-24 4.905157035753931116e-04 0.000000000000000000e+00
5.126111923680322091e-01 4.868982919283925126e-01 1.330611287358850207e-28 3.525360510566979860e-24 4.905157035753931116e-04 0.000000000000000000e+00
5.126111923680322091e-01 4.868982919283925126e-01 1.330611287358850207e-28 3.525360510566979860e-24 4.905157035753931116e-04 0.000000000000000000e+00
5.126111923680322091e-01 4.868982919283925126e-01 1.330611287358850207e-28 3.525360510566979860e-24 4.905157035753931116e-04 0.000000000000000000e+00
5.126111923680322091e-01 4.868982919283925126e-01 1.330611287358850207e-28 3.525360510566979860e-24 4.905157035753931116e-04 0.000000000000000000e+00
5.126111923680322091e-01 4.868982919283925126e-01 1.330611287358850207e-28 3.525360510566979860e-24 4.905157035753931116e-04 0.000000000000000000e+00
5.126111923680322091e-01 4.868982919283925126e-01 1.330611287358850207e-28 3.525360510566979860e-24 4.905157035753931116e-04 0.000000000000000000e+00
5.126111923680322091e-01 4.868982919283925126e-01 1.330611287358850207e-28 3.525360510566979860e-24 4.905157035753931116e-04 0.000000000000000000e+00
5.126111923680322091e-01 4.868982919283925126e-01 1.330611287358850207e-28 3.525360510566979860e-24 4.905157035753931116e-04 0.000000000000000000e+00
5.126111923680322091e-01 4.868982919283925126e-01 1.330611287358850207e-28 3.525360510566979860e-24 4.905157035753931116e-04 0.000000000000000000e+00
5.126111923680322091e-01 4.868982919283925126e-01 1.330611287358850207e-28 3.525360510566979860e-24 4.905157035753931116e-04 0.000000000000000000e+00
5.126111923680322091e-01 4.868982919283925126e-01 1.330611287358850207e-28 3.525360510566979860e-24 4.905157035753931116e-04 0.000000000000000000e+00
5.126111923680322091e-01 4.868982919283925126e-01 1.330611287358850207e-28 3.525360510566979860e-24 4.905157035753931116e-04 0.000000000000000000e+00
5.126111923680322091e-01 4.868982919283925126e-01 1.330611287358850207e-28 3.525360510566979860e-24 4.905157035753931116e-04 0.000000000000000000e+00
5.126111923680322091e-01 4.868982919283925126e-01 1.330611287358850207e-28 3.525360510566979860e-24 4.905157035753931116e-04 0.000000000000000000e+00
5.126111923680322091e-01 4.868982919283925126e-01 1.330611287358850207e-28 3.525360510566979860e-24 4.905157035753931116e-04 0.000000000000000000e+00
5.126111923680322091e-01 4.868982919283925126e-01 1.330611287358850207e-28 3.525360510566979860e-24 4.905157035753931116e-04 0.000000000000000000e+00
5.126111923680322091e-01 4.868982919283925126e-01 1.330611287358850207e-28 3.525360510566979860e-24 4.905157035753931116e-04 0.000000000000000000e+00
5.126111923680322091e-01 4.868982919283925126e-01 1.330611287358850207e-28 3.525360510566979860e-24 4.905157035753931116e-04 0.000000000000000000e+00
5.126111923680322091e-01 4.868982919283925126e-01 1.330611287358850207e-28 3.525360510566979860e-24 4.905157035753931116e-04 0.000000000000000000e+00
5.126111923680322091e-01 4.868982919283925126e-01 1.330611287358850207e-28 3.525360510566979860e-24 4.905157035753931116e-04 0.000000000000000000e+00
5.126111923680322091e-01 4.868982919283925126e-01 1.330611287358850207e-28 3.525360510566979860e-24 4.905157035753931116e-04 0.000000000000000000e+00
5.126111923680322091e-01 4.868982919283925126e-01 1.330611287358850207e-28 3.525360510566979860e-24 4.905157035753931116e-04 0.000000000000000000e+00
5.126111923680322091e-01 4.868982919283925126e-01 1.330611287358850207e-28 3.525360510566979860e-24 4.905157035753931116e-04 0.000000000000000000e+00
5.126111923680322091e-01 4.868982919283925126e-01 1.330611287358850207e-28 3.525360510566979860e-24 4.905157035753931116e-04 0.000000000000000000e+00
5.126111923680322091e-01 4.868982919283925126e-01 1.330611287358850207e-28 3.525360510566979860e-24 4.905157035753931116e-04 0.000000000000000000e+00
5.126111923680322091e-01 4.868982919283925126e-01 1.330611287358850207e-28 3.525360510566979860e-24 4.905157035753931116e-04 0.000000000000000000e+00
5.126111923680322091e-01 4.868982919283925126e-01 1.330611287358850207e-28 3.525360510566979860e-24 4.905157035753931116e-04 0.000000000000000000e+00
5.126111923680322091e-01 4.868982919283925126e-01 1.330611287358850207e-28 3.525360510566979860e-24 4.905157035753931116e-04 0.000000000000000000e+00
5.126111923680322091e-01 4.868982919283925126e-01 1.330611287358850207e-28 3.525360510566979860e-24 4.905157035753931116e-04 0.000000000000000000e+00
5.126111923680322091e-01 4.868982919283925126e-01 1.330611287358850207e-28 3.525360510566979860e-24 4.905157035753931116e-04 0.000000000000000000e+00
5.126111923680322091e-01 4.868982919283925126e-01 1.330611287358850207e-28 3.525360510566979860e-24 4.905157035753931116e-04 0.000000000000000000e+00
5.126111923680322091e-01 4.868982919283925126e-01 1.330611287358850207e-28 3.525360510566979860e-24 4.905157035753931116e-04 0.000000000000000000e+00
5.126111923680322091e-01 4.868982919283925126e-01 1.330611287358850207e-28 3.525360510566979860e-24 4.905157035753931116e-04 0.000000000000000000e+00
5.126111923680322091e-01 4.868982919283925126e-01 1.330611287358850207e-28 3.525360510566979860e-24 4.905157035753931116e-04 0.000000000000000000e+00
5.126111923680322091e-01 4.868982919283925126e-01 1.330611287358850207e-28 3.525360510566979860e-24 4.905157035753931116e-04 0.000000000000000000e+00
5.126111923680322091e-01 4.868982919283925126e-01 1.330611287358850207e-28 3.525360510566979860e-24 4.905157035753931116e-04 0.000000000000000000e+00
5.126111923680322091e-01 4.868982919283925126e-01 1.330611287358850207e-28 3.525360510566979860e-24 4.905157035753931116e-04 0.000000000000000000e+00
5.126111923680322091e-01 4.868982919283925126e-01 1.330611287358850207e-28 3.525360510566979860e-24 4.905157035753931116e-04 0.000000000000000000e+00
5.126111923680322091e-01 4.868982919283925126e-01 1.330611287358850207e-28 3.525360510566979860e-24 4.905157035753931116e-04 0.000000000000000000e+00
5.126111923680322091e-01 4.868982919283925126e-01 1.330611287358850207e-28 3.525360510566979860e-24 4.905157035753931116e-04 0.000000000000000000e+00
5.126111923680322091e-01 4.868982919283925126e-01 1.330611287358850207e-28 3.525360510566979860e-24 4.905157035753931116e-04 0.000000000000000000e+00
5.126111923680322091e-01 4.868982919283925126e-01 1.330611287358850207e-28 3.525360510566979860e-24 4.905157035753931116e-04 0.000000000000000000e+00
5.126111923680322091e-01 4.868982919283925126e-01 1.330611287358850207e-28 3.525360510566979860e-24 4.905157035753931116e-04 0.000000000000000000e+00
5.126111923680322091e-01 4.868982919283925126e-01 1.330611287358850207e-28 3.525360510566979860e-24 4.905157035753931116e-04 0.000000000000000000e+00
5.126111923680322091e-01 4.868982919283925126e-01 1.330611287358850207e-28 3.525360510566979860e-24 4.905157035753931116e-04 0.000000000000000000e+00
5.126111923680322091e-01 4.868982919283925126e-01 1.330611287358850207e-28 3.525360510566979860e-24 4.905157035753931116e-04 0.000000000000000000e+00
5.126111923680322091e-01 4.868982919283925126e-01 1.330611287358850207e-28 3.525360510566979860e-24 4.905157035753931116e-04 0.000000000000000000e+00
5.126111923680322091e-01 4.868982919283925126e-01 1.330611287358850207e-28 3.525360510566979860e-24 4.905157035753931116e-04 0.000000000000000000e+00
5.126111923680322091e-01 4.868982919283925126e-01 1.330611287358850207e-28 3.525360510566979860e-24 4.905157035753931116e-04 0.000000000000000000e+00
5.126111923680322091e-01 4.868982919283925126e-01 1.330611287358850207e-28 3.525360510566979860e-24 4.905157035753931116e-04 0.000000000000000000e+00
5.126111923680322091e-01 4.868982919283925126e-01 1.330611287358850207e-28 3.525360510566979860e-24 4.905157035753931116e-04 0.000000000000000000e+00
5.126111923680322091e-01 4.868982919283925126e-01 1.330611287358850207e-28 3.525360510566979860e-24 4.905157035753931116e-04 0.000000000000000000e+00
5.126111923680322091e-01 4.868982919283925126e-01 1.330611287358850207e-28 3.525360510566979860e-24 4.905157035753931116e-04 0.000000000000000000e+00
5.126111923680322091e-01 4.868982919283925126e-01 1.330611287358850207e-28 3.525360510566979860e-24 4.905157035753931116e-04 0.000000000000000000e+00
5.126111923680322091e-01 4.868982919283925126e-01 1.330611287358850207e-28 3.525360510566979860e-24 4.905157035753931116e-04 0.000000000000000000e+00
5.126111923680322091e-01 4.868982919283925126e-01 1.330611287358850207e-28 3.525360510566979860e-24 4.905157035753931116e-04 0.000000000000000000e+00
5.126111923680322091e-01 4.868982919283925126e-01 1.330611287358850207e-28 3.525360510566979860e-24 4.905157035753931116e-04 0.000000000000000000e+00
5.126111923680322091e-01 4.868982919283925126e-01 1.330611287358850207e-28 3.525360510566979860e-24 4.905157035753931116e-04 0.000000000000000000e+00
5.126111923680322091e-01 4.868982919283925126e-01 1.330611287358850207e-28 3.525360510566979860e-24 4.905157035753931116e-04 0.000000000000000000e+00
5.126111923680322091e-01 4.868982919283925126e-01 1.330611287358850207e-28 3.525360510566979860e-24 4.905157035753931116e-04 0.000000000000000000e+00
5.126111923680322091e-01 4.868982919283925126e-01 1.330611287358850207e-28 3.525360510566979860e-24 4.905157035753931116e-04 0.000000000000000000e+00
5.126111923680322091e-01 4.868982919283925126e-01 1.330611287358850207e-28 3.525360510566979860e-24 4.905157035753931116e-04 0.000000000000000000e+00
5.126111923680322091e-01 4.868982919283925126e-01 1.330611287358850207e-28 3.525360510566979860e-24 4.905157035753931116e-04 0.000000000000000000e+00
5.126111923680322091e-01 4.868982919283925126e-01 1.330611287358850207e-28 3.525360510566979860e-24 4.905157035753931116e-04 0.000000000000000000e+00
5.126111923680322091e-01 4.868982919283925126e-01 1.330611287358850207e-28 3.525360510566979860e-24 4.905157035753931116e-04 0.000000000000000000e+00
5.126111923680322091e-01 4.868982919283925126e-01 1.330611287358850207e-28 3.525360510566979860e-24 4.905157035753931116e-04 0.000000000000000000e+00
5.126111923680322091e-01 4.868982919283925126e-01 1.330611287358850207e-28 3.525360510566979860e-24 4.905157035753931116e-04 0.000000000000000000e+00
5.126111923680322091e-01 4.868982919283925126e-01 1.330611287358850207e-28 3.525360510566979860e-24 4.905157035753931116e-04 0.000000000000000000e+00
5.126111923680322091e-01 4.868982919283925126e-01 1.330611287358850207e-28 3.525360510566979860e-24 4.905157035753931116e-04 0.000000000000000000e+00
5.126111923680322091e-01 4.868982919283925126e-01 1.330611287358850207e-28 3.525360510566979860e-24 4.905157035753931116e-04 0.000000000000000000e+00
5.126111923680322091e-01 4.868982919283925126e-01 1.330611287358850207e-28 3.525360510566979860e-24 4.905157035753931116e-04 0.000000000000000000e+00
5.126111923680322091e-01 4.868982919283925126e-01 1.330611287358850207e-28 3.525360510566979860e-24 4.905157035753931116e-04 0.000000000000000000e+00
5.126111923680322091e-01 4.868982919283925126e-01 1.330611287358850207e-28 3.525360510566979860e-24 4.905157035753931116e-04 0.000000000000000000e+00
5.126111923680322091e-01 4.868982919283925126e-01 1.330611287358850207e-28 3.525360510566979860e-24 4.905157035753931116e-04 0.000000000000000000e+00
5.126111923680322091e-01 4.868982919283925126e-01 1.330611287358850207e-28 3.525360510566979860e-24 4.905157035753931116e-04 0.000000000000000000e+00
5.126111923680322091e-01 4.868982919283925126e-01 1.330611287358850207e-28 3.525360510566979860e-24 4.905157035753931116e-04 0.000000000000000000e+00
5.126111923680322091e-01 4.868982919283925126e-01 1.330611287358850207e-28 3.525360510566979860e-24 4.905157035753931116e-04 0.000000000000000000e+00
5.126111923680322091e-01 4.868982919283925126e-01 1.330611287358850207e-28 3.525360510566979860e-24 4.905157035753931116e-04 0.000000000000000000e+00
5.126111923680322091e-01 4.868982919283925126e-01 1.330611287358850207e-28 3.525360510566979860e-24 4.905157035753931116e-04 0.000000000000000000e+00
5.126111923680322091e-01 4.868982919283925126e-01 1.330611287358850207e-28 3.525360510566979860e-24 4.905157035753931116e-04 0.000000000000000000e+00
5.126111923680322091e-01 4.868982919283925126e-01 1.330611287358850207e-28 3.525360510566979860e-24 4.905157035753931116e-04 0.000000000000000000e+00
5.126111923680322091e-01 4.868982919283925126e-01 1.330611287358850207e-28 3.525360510566979860e-24 4.905157035753931116e-04 0.000000000000000000e+00
5.126111923680322091e-01 4.868982919283925126e-01 1.330611287358850207e-28 3.525360510566979860e-24 4.905157035753931116e-04 0.000000000000000000e+00
5.126111923680322091e-01 4.868982919283925126e-01 1.330611287358850207e-28 3.525360510566979860e-24 4.905157035753931116e-04 0.000000000000000000e+00
5.126111923680322091e-01 4.868982919283925126e-01 1.330611287358850207e-28 3.525360510566979860e-24 4.905157035753931116e-04 0.000000000000000000e+00
5.126111923680322091e-01 4.868982919283925126e-01 1.330611287358850207e-28 3.525360510566979860e-24 4.905157035753931116e-04 0.000000000000000000e+00
5.126111923680322091e-01 4.868982919283925126e-01 1.330611287358850207e-28 3.525360510566979860e-24 4.905157035753931116e-04 0.000000000000000000e+00
5.126111923680322091e-01 4.868982919283925126e-01 1.330611287358850207e-28 3.525360510566979860e-24 4.905157035753931116e-04 0.000000000000000000e+00
5.126111923680322091e-01 4.868982919283925126e-01 1.330611287358850207e-28 3.525360510566979860e-24 4.905157035753931116e-04 0.000000000000000000e+00
5.126111923680322091e-01 4.868982919283925126e-01 1.330611287358850207e-28 3.525360510566979860e-24 4.905157035753931116e-04 0.000000000000000000e+00
5.126111923680322091e-01 4.868982919283925126e-01 1.330611287358850207e-28 3.525360510566979860e-24 4.905157035753931116e-04 0.000000000000000000e+00
5.126111923680322091e-01 4.868982919283925126e-01 1.330611287358850207e-28 3.525360510566979860e-24 4.905157035753931116e-04 0.000000000000000000e+00
5.126111923680322091e-01 4.868982919283925126e-01 1.330611287358850207e-28 3.525360510566979860e-24 4.905157035753931116e-04 0.000000000000000000e+00
5.126111923680322091e-01 4.868982919283925126e-01 1.330611287358850207e-28 3.525360510566979860e-24 4.905157035753931116e-04 0.000000000000000000e+00
5.126111923680322091e-01 4.868982919283925126e-01 1.330611287358850207e-28 3.525360510566979860e-24 4.905157035753931116e-04 0.000000000000000000e+00
5.126111923680322091e-01 4.868982919283925126e-01 1.330611287358850207e-28 3.525360510566979860e-24 4.905157035753931116e-04 0.000000000000000000e+00
5.126111923680322091e-01 4.868982919283925126e-01 1.330611287358850207e-28 3.525360510566979860e-24 4.905157035753931116e-04 0.000000000000000000e+00
5.126111923680322091e-01 4.868982919283925126e-01 1.330611287358850207e-28 3.525360510566979860e-24 4.905157035753931116e-04 0.000000000000000000e+00
5.126111923680322091e-01 4.868982919283925126e-01 1.330611287358850207e-28 3.525360510566979860e-24 4.905157035753931116e-04 0.000000000000000000e+00
5.126111923680322091e-01 4.868982919283925126e-01 1.330611287358850207e-28 3.525360510566979860e-24 4.905157035753931116e-04 0.000000000000000000e+00
5.126111923680322091e-01 4.868982919283925126e-01 1.330611287358850207e-28 3.525360510566979860e-24 4.905157035753931116e-04 0.000000000000000000e+00
5.126111923680322091e-01 4.868982919283925126e-01 1.330611287358850207e-28 3.525360510566979860e-24 4.905157035753931116e-04 0.000000000000000000e+00
5.126111923680322091e-01 4.868982919283925126e-01 1.330611287358850207e-28 3.525360510566979860e-24 4.905157035753931116e-04 0.000000000000000000e+00
5.126111923680322091e-01 4.868982919283925126e-01 1.330611287358850207e-28 3.525360510566979860e-24 4.905157035753931116e-04 0.000000000000000000e+00
5.126111923680322091e-01 4.868982919283925126e-01 1.330611287358850207e-28 3.525360510566979860e-24 4.905157035753931116e-04 0.000000000000000000e+00
5.126111923680322091e-01 4.868982919283925126e-01 1.330611287358850207e-28 3.525360510566979860e-24 4.905157035753931116e-04 0.000000000000000000e+00
5.126111923680322091e-01 4.868982919283925126e-01 1.330611287358850207e-28 3.525360510566979860e-24 4.905157035753931116e-04 0.000000000000000000e+00
5.126111923680322091e-01 4.868982919283925126e-01 1.330611287358850207e-28 3.525360510566979860e-24 4.905157035753931116e-04 0.000000000000000000e+00
5.126111923680322091e-01 4.868982919283925126e-01 1.330611287358850207e-28 3.525360510566979860e-24 4.905157035753931116e-04 0.000000000000000000e+00
5.126111923680322091e-01 4.868982919283925126e-01 1.330611287358850207e-28 3.525360510566979860e-24 4.905157035753931116e-04 0.000000000000000000e+00
5.126111923680322091e-01 4.868982919283925126e-01 1.330611287358850207e-28 3.525360510566979860e-24 4.905157035753931116e-04 0.000000000000000000e+00
5.126111923680322091e-01 4.868982919283925126e-01 1.330611287358850207e-28 3.525360510566979860e-24 4.905157035753931116e-04 0.000000000000000000e+00
5.126111923680322091e-01 4.868982919283925126e-01 1.330611287358850207e-28 3.525360510566979860e-24 4.905157035753931116e-04 0.000000000000000000e+00
5.126111923680322091e-01 4.868982919283925126e-01 1.330611287358850207e-28 3.525360510566979860e-24 4.905157035753931116e-04 0.000000000000000000e+00
5.126111923680322091e-01 4.868982919283925126e-01 1.330611287358850207e-28 3.525360510566979860e-24 4.905157035753931116e-04 0.000000000000000000e+00
5.126111923680322091e-01 4.868982919283925126e-01 1.330611287358850207e-28 3.525360510566979860e-24 4.905157035753931116e-04 0.000000000000000000e+00
5.126111923680322091e-01 4.868982919283925126e-01 1.330611287358850207e-28 3.525360510566979860e-24 4.905157035753931116e-04 0.000000000000000000e+00
5.126111923680322091e-01 4.868982919283925126e-01 1.330611287358850207e-28 3.525360510566979860e-24 4.905157035753931116e-04 0.000000000000000000e+00
5.126111923680322091e-01 4.868982919283925126e-01 1.330611287358850207e-28 3.525360510566979860e-24 4.905157035753931116e-04 0.000000000000000000e+00
5.126111923680322091e-01 4.868982919283925126e-01 1.330611287358850207e-28 3.525360510566979860e-24 4.905157035753931116e-04 0.000000000000000000e+00
5.126111923680322091e-01 4.868982919283925126e-01 1.330611287358850207e-28 3.525360510566979860e-24 4.905157035753931116e-04 0.000000000000000000e+00
5.126111923680322091e-01 4.868982919283925126e-01 1.330611287358850207e-28 3.525360510566979860e-24 4.905157035753931116e-04 0.000000000000000000e+00
5.126111923680322091e-01 4.868982919283925126e-01 1.330611287358850207e-28 3.525360510566979860e-24 4.905157035753931116e-04 0.000000000000000000e+00
5.126111923680322091e-01 4.868982919283925126e-01 1.330611287358850207e-28 3.525360510566979860e-24 4.905157035753931116e-04 0.000000000000000000e+00
5.126111923680322091e-01 4.868982919283925126e-01 1.330611287358850207e-28 3.525360510566979860e-24 4.905157035753931116e-04 0.000000000000000000e+00
5.126111923680322091e-01 4.868982919283925126e-01 1.330611287358850207e-28 3.525360510566979860e-24 4.905157035753931116e-04 0.000000000000000000e+00
5.126111923680322091e-01 4.868982919283925126e-01 1.330611287358850207e-28 3.525360510566979860e-24 4.905157035753931116e-04 0.000000000000000000e+00
5.126111923680322091e-01 4.868982919283925126e-01 1.330611287358850207e-28 3.525360510566979860e-24 4.905157035753931116e-04 0.000000000000000000e+00
5.126111923680322091e-01 4.868982919283925126e-01 1.330611287358850207e-28 3.525360510566979860e-24 4.905157035753931116e-04 0.000000000000000000e+00
5.126111923680322091e-01 4.868982919283925126e-01 1.330611287358850207e-28 3.525360510566979860e-24 4.905157035753931116e-04 0.000000000000000000e+00
5.126111923680322091e-01 4.868982919283925126e-01 1.330611287358850207e-28 3.525360510566979860e-24 4.905157035753931116e-04 0.000000000000000000e+00
5.126111923680322091e-01 4.868982919283925126e-01 1.330611287358850207e-28 3.525360510566979860e-24 4.905157035753931116e-04 0.000000000000000000e+00
5.126111923680322091e-01 4.868982919283925126e-01 1.330611287358850207e-28 3.525360510566979860e-24 4.905157035753931116e-04 0.000000000000000000e+00
5.126111923680322091e-01 4.868982919283925126e-01 1.330611287358850207e-28 3.525360510566979860e-24 4.905157035753931116e-04 0.000000000000000000e+00
5.126111923680322091e-01 4.868982919283925126e-01 1.330611287358850207e-28 3.525360510566979860e-24 4.905157035753931116e-04 0.000000000000000000e+00
5.126111923680322091e-01 4.868982919283925126e-01 1.330611287358850207e-28 3.525360510566979860e-24 4.905157035753931116e-04 0.000000000000000000e+00
5.126111923680322091e-01 4.868982919283925126e-01 1.330611287358850207e-28 3.525360510566979860e-24 4.905157035753931116e-04 0.000000000000000000e+00
5.126111923680322091e-01 4.868982919283925126e-01 1.330611287358850207e-28 3.525360510566979860e-24 4.905157035753931116e-04 0.000000000000000000e+00
5.126111923680322091e-01 4.868982919283925126e-01 1.330611287358850207e-28 3.525360510566979860e-24 4.905157035753931116e-04 0.000000000000000000e+00
5.126111923680322091e-01 4.868982919283925126e-01 1.330611287358850207e-28 3.525360510566979860e-24 4.905157035753931116e-04 0.000000000000000000e+00
5.126111923680322091e-01 4.868982919283925126e-01 1.330611287358850207e-28 3.525360510566979860e-24 4.905157035753931116e-04 0.000000000000000000e+00
5.126111923680322091e-01 4.868982919283925126e-01 1.330611287358850207e-28 3.525360510566979860e-24 4.905157035753931116e-04 0.000000000000000000e+00
5.126111923680322091e-01 4.868982919283925126e-01 1.330611287358850207e-28 3.525360510566979860e-24 4.905157035753931116e-04 0.000000000000000000e+00
5.126111923680322091e-01 4.868982919283925126e-01 1.330611287358850207e-28 3.525360510566979860e-24 4.905157035753931116e-04 0.000000000000000000e+00
5.126111923680322091e-01 4.868982919283925126e-01 1.330611287358850207e-28 3.525360510566979860e-24 4.905157035753931116e-04 0.000000000000000000e+00
5.126111923680322091e-01 4.868982919283925126e-01 1.330611287358850207e-28 3.525360510566979860e-24 4.905157035753931116e-04 0.000000000000000000e+00
5.126111923680322091e-01 4.868982919283925126e-01 1.330611287358850207e-28 3.525360510566979860e-24 4.905157035753931116e-04 0.000000000000000000e+00
5.126111923680322091e-01 4.868982919283925126e-01 1.330611287358850207e-28 3.525360510566979860e-24 4.905157035753931116e-04 0.000000000000000000e+00
5.126111923680322091e-01 4.868982919283925126e-01 1.330611287358850207e-28 3.525360510566979860e-24 4.905157035753931116e-04 0.000000000000000000e+00
5.126111923680322091e-01 4.868982919283925126e-01 1.330611287358850207e-28 3.525360510566979860e-24 4.905157035753931116e-04 0.000000000000000000e+00
5.126111923680322091e-01 4.868982919283925126e-01 1.330611287358850207e-28 3.525360510566979860e-24 4.905157035753931116e-04 0.000000000000000000e+00
5.126111923680322091e-01 4.868982919283925126e-01 1.330611287358850207e-28 3.525360510566979860e-24 4.905157035753931116e-04 0.000000000000000000e+00
5.126111923680322091e-01 4.868982919283925126e-01 1.330611287358850207e-28 3.525360510566979860e-24 4.905157035753931116e-04 0.000000000000000000e+00
5.126111923680322091e-01 4.868982919283925126e-01 1.330611287358850207e-28 3.525360510566979860e-24 4.905157035753931116e-04 0.000000000000000000e+00
5.126111923680322091e-01 4.868982919283925126e-01 1.330611287358850207e-28 3.525360510566979860e-24 4.905157035753931116e-04 0.000000000000000000e+00
5.126111923680322091e-01 4.868982919283925126e-01 1.330611287358850207e-28 3.525360510566979860e-24 4.905157035753931116e-04 0.000000000000000000e+00
5.126111923680322091e-01 4.868982919283925126e-01 1.330611287358850207e-28 3.525360510566979860e-24 4.905157035753931116e-04 0.000000000000000000e+00
5.126111923680322091e-01 4.868982919283925126e-01 1.330611287358850207e-28 3.525360510566979860e-24 4.905157035753931116e-04 0.000000000000000000e+00
5.126111923680322091e-01 4.868982919283925126e-01 1.330611287358850207e-28 3.525360510566979860e-24 4.905157035753931116e-04 0.000000000000000000e+00
5.126111923680322091e-01 4.868982919283925126e-01 1.330611287358850207e-28 3.525360510566979860e-24 4.905157035753931116e-04 0.000000000000000000e+00
5.126111923680322091e-01 4.868982919283925126e-01 1.330611287358850207e-28 3.525360510566979860e-24 4.905157035753931116e-04 0.000000000000000000e+00
5.126111923680322091e-01 4.868982919283925126e-01 1.330611287358850207e-28 3.525360510566979860e-24 4.905157035753931116e-04 0.000000000000000000e+00
5.126111923680322091e-01 4.868982919283925126e-01 1.330611287358850207e-28 3.525360510566979860e-24 4.905157035753931116e-04 0.000000000000000000e+00
5.126111923680322091e-01 4.868982919283925126e-01 1.330611287358850207e-28 3.525360510566979860e-24 4.905157035753931116e-04 0.000000000000000000e+00
5.126111923680322091e-01 4.868982919283925126e-01 1.330611287358850207e-28 3.525360510566979860e-24 4.905157035753931116e-04 0.000000000000000000e+00
5.126111923680322091e-01 4.868982919283925126e-01 1.330611287358850207e-28 3.525360510566979860e-24 4.905157035753931116e-04 0.000000000000000000e+00
5.126111923680322091e-01 4.868982919283925126e-01 1.330611287358850207e-28 3.525360510566979860e-24 4.905157035753931116e-04 0.000000000000000000e+00
5.126111923680322091e-01 4.868982919283925126e-01 1.330611287358850207e-28 3.525360510566979860e-24 4.905157035753931116e-04 0.000000000000000000e+00
5.126111923680322091e-01 4.868982919283925126e-01 1.330611287358850207e-28 3.525360510566979860e-24 4.905157035753931116e-04 0.000000000000000000e+00
5.126111923680322091e-01 4.868982919283925126e-01 1.330611287358850207e-28 3.525360510566979860e-24 4.905157035753931116e-04 0.000000000000000000e+00
5.126111923680322091e-01 4.868982919283925126e-01 1.330611287358850207e-28 3.525360510566979860e-24 4.905157035753931116e-04 0.000000000000000000e+00
5.126111923680322091e-01 4.868982919283925126e-01 1.330611287358850207e-28 3.525360510566979860e-24 4.905157035753931116e-04 0.000000000000000000e+00
5.126111923680322091e-01 4.868982919283925126e-01 1.330611287358850207e-28 3.525360510566979860e-24 4.905157035753931116e-04 0.000000000000000000e+00
5.126111923680322091e-01 4.868982919283925126e-01 1.330611287358850207e-28 3.525360510566979860e-24 4.905157035753931116e-04 0.000000000000000000e+00
5.126111923680322091e-01 4.868982919283925126e-01 1.330611287358850207e-28 3.525360510566979860e-24 4.905157035753931116e-04 0.000000000000000000e+00
5.126111923680322091e-01 4.868982919283925126e-01 1.330611287358850207e-28 3.525360510566979860e-24 4.905157035753931116e-04 0.000000000000000000e+00
5.126111923680322091e-01 4.868982919283925126e-01 1.330611287358850207e-28 3.525360510566979860e-24 4.905157035753931116e-04 0.000000000000000000e+00
5.126111923680322091e-01 4.868982919283925126e-01 1.330611287358850207e-28 3.525360510566979860e-24 4.905157035753931116e-04 0.000000000000000000e+00
5.126111923680322091e-01 4.868982919283925126e-01 1.330611287358850207e-28 3.525360510566979860e-24 4.905157035753931116e-04 0.000000000000000000e+00
5.126111923680322091e-01 4.868982919283925126e-01 1.330611287358850207e-28 3.525360510566979860e-24 4.905157035753931116e-04 0.000000000000000000e+00
5.126111923680322091e-01 4.868982919283925126e-01 1.330611287358850207e-28 3.525360510566979860e-24 4.905157035753931116e-04 0.000000000000000000e+00
5.126111923680322091e-01 4.868982919283925126e-01 1.330611287358850207e-28 3.525360510566979860e-24 4.905157035753931116e-04 0.000000000000000000e+00
5.126111923680322091e-01 4.868982919283925126e-01 1.330611287358850207e-28 3.525360510566979860e-24 4.905157035753931116e-04 0.000000000000000000e+00
5.126111923680322091e-01 4.868982919283925126e-01 1.330611287358850207e-28 3.525360510566979860e-24 4.905157035753931116e-04 0.000000000000000000e+00
5.126111923680322091e-01 4.868982919283925126e-01 1.330611287358850207e-28 3.525360510566979860e-24 4.905157035753931116e-04 0.000000000000000000e+00
5.126111923680322091e-01 4.868982919283925126e-01 1.330611287358850207e-28 3.525360510566979860e-24 4.905157035753931116e-04 0.000000000000000000e+00
5.126111923680322091e-01 4.868982919283925126e-01 1.330611287358850207e-28 3.525360510566979860e-24 4.905157035753931116e-04 0.000000000000000000e+00
5.126111923680322091e-01 4.868982919283925126e-01 1.330611287358850207e-28 3.525360510566979860e-24 4.905157035753931116e-04 0.000000000000000000e+00
5.126111923680322091e-01 4.868982919283925126e-01 1.330611287358850207e-28 3.525360510566979860e-24 4.905157035753931116e-04 0.000000000000000000e+00
5.126111923680322091e-01 4.868982919283925126e-01 1.330611287358850207e-28 3.525360510566979860e-24 4.905157035753931116e-04 0.000000000000000000e+00
5.126111923680322091e-01 4.868982919283925126e-01 1.330611287358850207e-28 3.525360510566979860e-24 4.905157035753931116e-04 0.000000000000000000e+00
5.126111923680322091e-01 4.868982919283925126e-01 1.330611287358850207e-28 3.525360510566979860e-24 4.905157035753931116e-04 0.000000000000000000e+00
5.126111923680322091e-01 4.868982919283925126e-01 1.330611287358850207e-28 3.525360510566979860e-24 4.905157035753931116e-04 0.000000000000000000e+00
5.126111923680322091e-01 4.868982919283925126e-01 1.330611287358850207e-28 3.525360510566979860e-24 4.905157035753931116e-04 0.000000000000000000e+00
5.126111923680322091e-01 4.868982919283925126e-01 1.330611287358850207e-28 3.525360510566979860e-24 4.905157035753931116e-04 0.000000000000000000e+00
