5.301259998505939430e-01 4.693776434683999410e-01 1.321809038439424071e-10 9.538057525980313333e-10 4.963555950195259201e-04 0.000000000000000000e+00
5.301259998505939430e-01 4.693776434683999410e-01 1.308623601746024402e-10 9.463230771821723977e-10 4.963556024566942058e-04 0.000000000000000000e+00
5.301259998505939430e-01 4.693776434683999410e-01 9.308950666521326967e-11 7.241644446234763392e-10 4.963558551139586736e-04 0.000000000000000000e+00
5.301259998505938320e-01 4.693776434683998855e-01 6.585214298670321409e-11 5.516706168352505995e-10 4.963560531703794382e-04 0.000000000000000000e+00
5.301259998505938320e-01 4.693776434683998300e-01 4.633875780528894628e-11 4.184720756665558824e-10 4.963562089060824176e-04 0.000000000000000000e+00
5.301259998505938320e-01 4.693776434683998300e-01 3.243802409166294343e-11 3.160979697161501071e-10 4.963563301904529851e-04 0.000000000000000000e+00
5.301259998505937210e-01 4.693776434683996635e-01 2.255512836206621092e-11 2.374739917282861993e-10 4.963564182288929131e-04 0.000000000000000000e+00
5.301259998505938320e-01 4.693776434683998300e-01 1.558165167269155914e-11 1.774710045637926506e-10 4.963564839965729520e-04 0.000000000000000000e+00
5.301259998505938320e-01 4.693776434683998855e-01 1.070700412618913622e-11 1.320588224619077733e-10 4.963565355782552369e-04 0.000000000000000000e+00
5.301259998505938320e-01 4.693776434683998300e-01 7.319020952889153453e-12 9.785248529412709532e-11 4.963565754007539426e-04 0.000000000000000000e+00
5.301259998505938320e-01 4.693776434683998300e-01 4.963137538497210239e-12 7.203775541543205677e-11 4.963566025783730387e-04 0.000000000000000000e+00
5.301259998505938320e-01 4.693776434683998300e-01 3.345361074443701257e-12 5.277545495523191019e-11 4.963566234512907993e-04 0.000000000000000000e+00
5.301259998505938320e-01 4.693776434683998855e-01 2.243088072780740642e-12 3.849965528065861176e-11 4.963566396716348776e-04 0.000000000000000000e+00
5.301259998505938320e-01 4.693776434683998300e-01 1.493622286060685296e-12 2.792851499628137378e-11 4.963566511589500999e-04 0.000000000000000000e+00
5.301259998505938320e-01 4.693776434683998300e-01 9.868859943204449934e-13 2.013326371308169286e-11 4.963566592456233580e-04 0.000000000000000000e+00
5.301259998505938320e-01 4.693776434683998300e-01 6.486730260985183011e-13 1.445261252771851373e-11 4.963566655898283587e-04 0.000000000000000000e+00
5.301259998505938320e-01 4.693776434683998300e-01 4.235687036719279842e-13 1.031963289949461302e-11 4.963566701133692973e-04 0.000000000000000000e+00
5.301259998505938320e-01 4.693776434683998300e-01 2.741936381832462842e-13 7.317069113598246583e-12 4.963566731444929350e-04 0.000000000000000000e+00
5.301259998505938320e-01 4.693776434683998300e-01 1.766041547538443633e-13 5.167002745417522873e-12 4.963566755402675943e-04 0.000000000000000000e+00
5.301259998505938320e-01 4.693776434683998300e-01 1.129343565323407975e-13 3.627587614669342276e-12 4.963566771848265408e-04 0.000000000000000000e+00
5.301259998505938320e-01 4.693776434683998300e-01 7.160195326643248310e-14 2.529198167249867691e-12 4.963566782970705183e-04 0.000000000000000000e+00
5.301259998505938320e-01 4.693776434683998855e-01 4.518029805152537743e-14 1.756586902573449478e-12 4.963566791733524212e-04 0.000000000000000000e+00
5.301259998505938320e-01 4.693776434683998300e-01 2.824833966952922386e-14 1.210978675610180803e-12 4.963566797200732929e-04 0.000000000000000000e+00
5.301259998505938320e-01 4.693776434683998300e-01 1.753634860780182619e-14 8.300369169307344873e-13 4.963566801217157709e-04 0.000000000000000000e+00
5.301259998505938320e-01 4.693776434683998300e-01 1.083414991075379008e-14 5.667180614551854872e-13 4.963566804254435170e-04 0.000000000000000000e+00
5.301259998505938320e-01 4.693776434683998300e-01 6.613829488936968636e-15 3.832054356726056382e-13 4.963566805949898601e-04 0.000000000000000000e+00
5.301259998505938320e-01 4.693776434683998300e-01 4.020157653340678279e-15 2.582169986207697491e-13 4.963566807362200951e-04 0.000000000000000000e+00
5.301259998505938320e-01 4.693776434683998300e-01 2.421390808388248248e-15 1.727138868024505151e-13 4.963566808225199859e-04 0.000000000000000000e+00
5.301259998505938320e-01 4.693776434683998300e-01 1.446732808157324887e-15 1.147727989796845541e-13 4.963566808836103331e-04 0.000000000000000000e+00
5.301259998505938320e-01 4.693776434683998855e-01 8.596787657909804995e-16 7.593263767335278313e-14 4.963566809275815617e-04 0.000000000000000000e+00
5.301259998505938320e-01 4.693776434683998855e-01 5.046623385676478728e-16 4.974424105995465756e-14 4.963566809523500519e-04 0.000000000000000000e+00
5.301259998505938320e-01 4.693776434683998855e-01 2.952789120656617018e-16 3.250105134963862164e-14 4.963566809729910928e-04 0.000000000000000000e+00
5.301259998505938320e-01 4.693776434683998855e-01 1.704768412994968438e-16 2.100679418377231071e-14 4.963566809833096618e-04 0.000000000000000000e+00
5.301259998505938320e-01 4.693776434683998855e-01 9.799724295396586490e-17 1.352998298002431434e-14 4.963566809920415008e-04 0.000000000000000000e+00
5.301259998505938320e-01 4.693776434683998300e-01 5.571966360921085542e-17 8.637498524512291385e-15 4.963566809967703570e-04 0.000000000000000000e+00
5.301259998505938320e-01 4.693776434683998300e-01 3.146049904526992203e-17 5.483029966354440531e-15 4.963566810003425863e-04 0.000000000000000000e+00
5.301259998505937210e-01 4.693776434683998300e-01 1.760398560118245807e-17 3.455315349910475288e-15 4.963566810024244713e-04 0.000000000000000000e+00
5.301259998505938320e-01 4.693776434683998300e-01 9.760149460740605908e-18 2.161312409217090626e-15 4.963566810038452098e-04 0.000000000000000000e+00
5.301259998505938320e-01 4.693776434683998855e-01 5.370558376326700579e-18 1.343664462086867836e-15 4.963566810047222210e-04 0.000000000000000000e+00
5.301259998505938320e-01 4.693776434683998855e-01 2.923195145366450554e-18 8.280186031190014502e-16 4.963566810052754893e-04 0.000000000000000000e+00
5.301259998505938320e-01 4.693776434683998300e-01 1.580449747942550092e-18 5.074924798692636954e-16 4.963566810056287224e-04 0.000000000000000000e+00
5.301259998505938320e-01 4.693776434683998300e-01 8.443799196967606797e-19 3.080616408907745566e-16 4.963566810058418766e-04 0.000000000000000000e+00
5.301259998505938320e-01 4.693776434683998855e-01 4.481461661322958104e-19 1.860021868643370320e-16 4.963566810059774018e-04 0.000000000000000000e+00
5.301259998505938320e-01 4.693776434683998300e-01 2.349980514275648816e-19 1.112138010513588756e-16 4.963566810060591507e-04 0.000000000000000000e+00
5.301259998505938320e-01 4.693776434683997745e-01 1.223167000554702827e-19 6.609826638173091700e-17 4.963566810061078314e-04 0.000000000000000000e+00
5.301259998505938320e-01 4.693776434683997745e-01 6.295703668130124704e-20 3.892999033872987190e-17 4.963566810061392732e-04 0.000000000000000000e+00
5.301259998505938320e-01 4.693776434683997745e-01 3.210380142611965427e-20 2.275634592075533395e-17 4.963566810061560784e-04 0.000000000000000000e+00
5.301259998505938320e-01 4.693776434683997745e-01 1.622262874851020964e-20 1.320457969498723487e-17 4.963566810061676793e-04 0.000000000000000000e+00
5.301259998505938320e-01 4.693776434683998300e-01 8.095402862489247976e-21 7.584655014870030943e-18 4.963566810061733172e-04 0.000000000000000000e+00
5.301259998505938320e-01 4.693776434683998300e-01 4.770475107888463759e-21 4.974394458109050669e-18 4.963566810061773287e-04 0.000000000000000000e+00
5.301259998505938320e-01 4.693776434683998300e-01 4.770475107888463759e-21 4.974394458109050669e-18 4.963566810061773287e-04 0.000000000000000000e+00
5.301259998505938320e-01 4.693776434683998300e-01 4.770475107888463759e-21 4.974394458109050669e-18 4.963566810061773287e-04 0.000000000000000000e+00
5.301259998505938320e-01 4.693776434683998300e-01 4.770475107888463759e-21 4.974394458109050669e-18 4.963566810061773287e-04 0.000000000000000000e+00
5.301259998505938320e-01 4.693776434683998300e-01 4.770475107888463759e-21 4.974394458109050669e-18 4.963566810061773287e-04 0.000000000000000000e+00
5.301259998505938320e-01 4.693776434683998300e-01 4.770475107888463759e-21 4.974394458109050669e-18 4.963566810061773287e-04 0.000000000000000000e+00
5.301259998505938320e-01 4.693776434683998300e-01 4.770475107888463759e-21 4.974394458109050669e-18 4.963566810061773287e-04 0.000000000000000000e+00
5.301259998505938320e-01 4.693776434683998300e-01 4.770475107888463759e-21 4.974394458109050669e-18 4.963566810061773287e-04 0.000000000000000000e+00
5.301259998505938320e-01 4.693776434683998300e-01 4.770475107888463759e-21 4.974394458109050669e-18 4.963566810061773287e-04 0.000000000000000000e+00
5.301259998505938320e-01 4.693776434683998300e-01 4.770475107888463759e-21 4.974394458109050669e-18 4.963566810061773287e-04 0.000000000000000000e+00
5.301259998505938320e-01 4.693776434683998300e-01 4.770475107888463759e-21 4.974394458109050669e-18 4.963566810061773287e-04 0.000000000000000000e+00
5.301259998505938320e-01 4.693776434683998300e-01 4.770475107888463759e-21 4.974394458109050669e-18 4.963566810061773287e-04 0.000000000000000000e+00
5.301259998505938320e-01 4.693776434683998300e-01 4.770475107888463759e-21 4.974394458109050669e-18 4.963566810061773287e-04 0.000000000000000000e+00
5.301259998505938320e-01 4.693776434683998300e-01 4.770475107888463759e-21 4.974394458109050669e-18 4.963566810061773287e-04 0.000000000000000000e+00
5.301259998505938320e-01 4.693776434683998300e-01 4.770475107888463759e-21 4.974394458109050669e-18 4.963566810061773287e-04 0.000000000000000000e+00
5.301259998505938320e-01 4.693776434683998300e-01 4.770475107888463759e-21 4.974394458109050669e-18 4.963566810061773287e-04 0.000000000000000000e+00
5.301259998505938320e-01 4.693776434683998300e-01 4.770475107888463759e-21 4.974394458109050669e-18 4.963566810061773287e-04 0.000000000000000000e+00
5.301259998505938320e-01 4.693776434683998300e-01 4.770475107888463759e-21 4.974394458109050669e-18 4.963566810061773287e-04 0.000000000000000000e+00
5.301259998505938320e-01 4.693776434683998300e-01 4.770475107888463759e-21 4.974394458109050669e-18 4.963566810061773287e-04 0.000000000000000000e+00
5.301259998505938320e-01 4.693776434683998300e-01 4.770475107888463759e-21 4.974394458109050669e-18 4.963566810061773287e-04 0.000000000000000000e+00
5.301259998505938320e-01 4.693776434683998300e-01 4.770475107888463759e-21 4.974394458109050669e-18 4.963566810061773287e-04 0.000000000000000000e+00
5.301259998505938320e-01 4.693776434683998300e-01 4.770475107888463759e-21 4.974394458109050669e-18 4.963566810061773287e-04 0.000000000000000000e+00
5.301259998505938320e-01 4.693776434683998300e-01 4.770475107888463759e-21 4.974394458109050669e-18 4.963566810061773287e-04 0.000000000000000000e+00
5.301259998505938320e-01 4.693776434683998300e-01 4.770475107888463759e-21 4.974394458109050669e-18 4.963566810061773287e-04 0.000000000000000000e+00
5.301259998505938320e-01 4.693776434683998300e-01 4.770475107888463759e-21 4.974394458109050669e-18 4.963566810061773287e-04 0.000000000000000000e+00
5.301259998505938320e-01 4.693776434683998300e-01 4.770475107888463759e-21 4.974394458109050669e-18 4.963566810061773287e-04 0.000000000000000000e+00
5.301259998505938320e-01 4.693776434683998300e-01 4.770475107888463759e-21 4.974394458109050669e-18 4.963566810061773287e-04 0.000000000000000000e+00
5.301259998505938320e-01 4.693776434683998300e-01 4.770475107888463759e-21 4.974394458109050669e-18 4.963566810061773287e-04 0.000000000000000000e+00
5.301259998505938320e-01 4.693776434683998300e-01 4.770475107888463759e-21 4.974394458109050669e-18 4.963566810061773287e-04 0.000000000000000000e+00
5.301259998505938320e-01 4.693776434683998300e-01 4.770475107888463759e-21 4.974394458109050669e-18 4.963566810061773287e-04 0.000000000000000000e+00
5.301259998505938320e-01 4.693776434683998300e-01 4.770475107888463759e-21 4.974394458109050669e-18 4.963566810061773287e-04 0.000000000000000000e+00
5.301259998505938320e-01 4.693776434683998300e-01 4.770475107888463759e-21 4.974394458109050669e-18 4.963566810061773287e-04 0.000000000000000000e+00
5.301259998505938320e-01 4.693776434683998300e-01 4.770475107888463759e-21 4.974394458109050669e-18 4.963566810061773287e-04 0.000000000000000000e+00
5.301259998505938320e-01 4.693776434683998300e-01 4.770475107888463759e-21 4.974394458109050669e-18 4.963566810061773287e-04 0.000000000000000000e+00
5.301259998505938320e-01 4.693776434683998300e-01 4.770475107888463759e-21 4.974394458109050669e-18 4.963566810061773287e-04 0.000000000000000000e+00
5.301259998505938320e-01 4.693776434683998300e-01 4.770475107888463759e-21 4.974394458109050669e-18 4.963566810061773287e-04 0.000000000000000000e+00
5.301259998505938320e-01 4.693776434683998300e-01 4.770475107888463759e-21 4.974394458109050669e-18 4.963566810061773287e-04 0.000000000000000000e+00
5.301259998505938320e-01 4.693776434683998300e-01 4.770475107888463759e-21 4.974394458109050669e-18 4.963566810061773287e-04 0.000000000000000000e+00
5.301259998505938320e-01 4.693776434683998300e-01 4.770475107888463759e-21 4.974394458109050669e-18 4.963566810061773287e-04 0.000000000000000000e+00
5.301259998505938320e-01 4.693776434683998300e-01 4.770475107888463759e-21 4.974394458109050669e-18 4.963566810061773287e-04 0.000000000000000000e+00
5.301259998505938320e-01 4.693776434683998300e-01 4.770475107888463759e-21 4.974394458109050669e-18 4.963566810061773287e-04 0.000000000000000000e+00
5.301259998505938320e-01 4.693776434683998300e-01 4.770475107888463759e-21 4.974394458109050669e-18 4.963566810061773287e-04 0.000000000000000000e+00
5.301259998505938320e-01 4.693776434683998300e-01 4.770475107888463759e-21 4.974394458109050669e-18 4.963566810061773287e-04 0.000000000000000000e+00
5.301259998505938320e-01 4.693776434683998300e-01 4.770475107888463759e-21 4.974394458109050669e-18 4.963566810061773287e-04 0.000000000000000000e+00
5.301259998505938320e-01 4.693776434683998300e-01 4.770475107888463759e-21 4.974394458109050669e-18 4.963566810061773287e-04 0.000000000000000000e+00
5.301259998505938320e-01 4.693776434683998300e-01 4.770475107888463759e-21 4.974394458109050669e-18 4.963566810061773287e-04 0.000000000000000000e+00
5.301259998505938320e-01 4.693776434683998300e-01 4.770475107888463759e-21 4.974394458109050669e-18 4.963566810061773287e-04 0.000000000000000000e+00
5.301259998505938320e-01 4.693776434683998300e-01 4.770475107888463759e-21 4.974394458109050669e-18 4.963566810061773287e-04 0.000000000000000000e+00
5.301259998505938320e-01 4.693776434683998300e-01 4.770475107888463759e-21 4.974394458109050669e-18 4.963566810061773287e-04 0.000000000000000000e+00
5.301259998505938320e-01 4.693776434683998300e-01 4.770475107888463759e-21 4.974394458109050669e-18 4.963566810061773287e-04 0.000000000000000000e+00
5.301259998505938320e-01 4.693776434683998300e-01 4.770475107888463759e-21 4.974394458109050669e-18 4.963566810061773287e-04 0.000000000000000000e+00
5.301259998505938320e-01 4.693776434683998300e-01 4.770475107888463759e-21 4.974394458109050669e-18 4.963566810061773287e-04 0.000000000000000000e+00
5.301259998505938320e-01 4.693776434683998300e-01 4.770475107888463759e-21 4.974394458109050669e-18 4.963566810061773287e-04 0.000000000000000000e+00
5.301259998505938320e-01 4.693776434683998300e-01 4.770475107888463759e-21 4.974394458109050669e-18 4.963566810061773287e-04 0.000000000000000000e+00
5.301259998505938320e-01 4.693776434683998300e-01 4.770475107888463759e-21 4.974394458109050669e-18 4.963566810061773287e-04 0.000000000000000000e+00
5.301259998505938320e-01 4.693776434683998300e-01 4.770475107888463759e-21 4.974394458109050669e-18 4.963566810061773287e-04 0.000000000000000000e+00
5.301259998505938320e-01 4.693776434683998300e-01 4.770475107888463759e-21 4.974394458109050669e-18 4.963566810061773287e-04 0.000000000000000000e+00
5.301259998505938320e-01 4.693776434683998300e-01 4.770475107888463759e-21 4.974394458109050669e-18 4.963566810061773287e-04 0.000000000000000000e+00
5.301259998505938320e-01 4.693776434683998300e-01 4.770475107888463759e-21 4.974394458109050669e-18 4.963566810061773287e-04 0.000000000000000000e+00
5.301259998505938320e-01 4.693776434683998300e-01 4.770475107888463759e-21 4.974394458109050669e-18 4.963566810061773287e-04 0.000000000000000000e+00
5.301259998505938320e-01 4.693776434683998300e-01 4.770475107888463759e-21 4.974394458109050669e-18 4.963566810061773287e-04 0.000000000000000000e+00
5.301259998505938320e-01 4.693776434683998300e-01 4.770475107888463759e-21 4.974394458109050669e-18 4.963566810061773287e-04 0.000000000000000000e+00
5.301259998505938320e-01 4.693776434683998300e-01 4.770475107888463759e-21 4.974394458109050669e-18 4.963566810061773287e-04 0.000000000000000000e+00
5.301259998505938320e-01 4.693776434683998300e-01 4.770475107888463759e-21 4.974394458109050669e-18 4.963566810061773287e-04 0.000000000000000000e+00
5.301259998505938320e-01 4.693776434683998300e-01 4.770475107888463759e-21 4.974394458109050669e-18 4.963566810061773287e-04 0.000000000000000000e+00
5.301259998505938320e-01 4.693776434683998300e-01 4.770475107888463759e-21 4.974394458109050669e-18 4.963566810061773287e-04 0.000000000000000000e+00
5.301259998505938320e-01 4.693776434683998300e-01 4.770475107888463759e-21 4.974394458109050669e-18 4.963566810061773287e-04 0.000000000000000000e+00
5.301259998505938320e-01 4.693776434683998300e-01 4.770475107888463759e-21 4.974394458109050669e-18 4.963566810061773287e-04 0.000000000000000000e+00
5.301259998505938320e-01 4.693776434683998300e-01 4.770475107888463759e-21 4.974394458109050669e-18 4.963566810061773287e-04 0.000000000000000000e+00
5.301259998505938320e-01 4.693776434683998300e-01 4.770475107888463759e-21 4.974394458109050669e-18 4.963566810061773287e-04 0.000000000000000000e+00
5.301259998505938320e-01 4.693776434683998300e-01 4.770475107888463759e-21 4.974394458109050669e-18 4.963566810061773287e-04 0.000000000000000000e+00
5.301259998505938320e-01 4.693776434683998300e-01 4.770475107888463759e-21 4.974394458109050669e-18 4.963566810061773287e-04 0.000000000000000000e+00
5.301259998505938320e-01 4.693776434683998300e-01 4.770475107888463759e-21 4.974394458109050669e-18 4.963566810061773287e-04 0.000000000000000000e+00
5.301259998505938320e-01 4.693776434683998300e-01 4.770475107888463759e-21 4.974394458109050669e-18 4.963566810061773287e-04 0.000000000000000000e+00
5.301259998505938320e-01 4.693776434683998300e-01 4.770475107888463759e-21 4.974394458109050669e-18 4.963566810061773287e-04 0.000000000000000000e+00
5.301259998505938320e-01 4.693776434683998300e-01 4.770475107888463759e-21 4.974394458109050669e-18 4.963566810061773287e-04 0.000000000000000000e+00
5.301259998505938320e-01 4.693776434683998300e-01 4.770475107888463759e-21 4.974394458109050669e-18 4.963566810061773287e-04 0.000000000000000000e+00
5.301259998505938320e-01 4.693776434683998300e-01 4.770475107888463759e-21 4.974394458109050669e-18 4.963566810061773287e-04 0.000000000000000000e+00
5.301259998505938320e-01 4.693776434683998300e-01 4.770475107888463759e-21 4.974394458109050669e-18 4.963566810061773287e-04 0.000000000000000000e+00
5.301259998505938320e-01 4.693776434683998300e-01 4.770475107888463759e-21 4.974394458109050669e-18 4.963566810061773287e-04 0.000000000000000000e+00
5.301259998505938320e-01 4.693776434683998300e-01 4.770475107888463759e-21 4.974394458109050669e-18 4.963566810061773287e-04 0.000000000000000000e+00
5.301259998505938320e-01 4.693776434683998300e-01 4.770475107888463759e-21 4.974394458109050669e-18 4.963566810061773287e-04 0.000000000000000000e+00
5.301259998505938320e-01 4.693776434683998300e-01 4.770475107888463759e-21 4.974394458109050669e-18 4.963566810061773287e-04 0.000000000000000000e+00
5.301259998505938320e-01 4.693776434683998300e-01 4.770475107888463759e-21 4.974394458109050669e-18 4.963566810061773287e-04 0.000000000000000000e+00
5.301259998505938320e-01 4.693776434683998300e-01 4.770475107888463759e-21 4.974394458109050669e-18 4.963566810061773287e-04 0.000000000000000000e+00
5.301259998505938320e-01 4.693776434683998300e-01 4.770475107888463759e-21 4.974394458109050669e-18 4.963566810061773287e-04 0.000000000000000000e+00
5.301259998505938320e-01 4.693776434683998300e-01 4.770475107888463759e-21 4.974394458109050669e-18 4.963566810061773287e-04 0.000000000000000000e+00
5.301259998505938320e-01 4.693776434683998300e-01 4.770475107888463759e-21 4.974394458109050669e-18 4.963566810061773287e-04 0.000000000000000000e+00
5.301259998505938320e-01 4.693776434683998300e-01 4.770475107888463759e-21 4.974394458109050669e-18 4.963566810061773287e-04 0.000000000000000000e+00
5.301259998505938320e-01 4.693776434683998300e-01 4.770475107888463759e-21 4.974394458109050669e-18 4.963566810061773287e-04 0.000000000000000000e+00
5.301259998505938320e-01 4.693776434683998300e-01 4.770475107888463759e-21 4.974394458109050669e-18 4.963566810061773287e-04 0.000000000000000000e+00
5.301259998505938320e-01 4.693776434683998300e-01 4.770475107888463759e-21 4.974394458109050669e-18 4.963566810061773287e-04 0.000000000000000000e+00
5.301259998505938320e-01 4.693776434683998300e-01 4.770475107888463759e-21 4.974394458109050669e-18 4.963566810061773287e-04 0.000000000000000000e+00
5.301259998505938320e-01 4.693776434683998300e-01 4.770475107888463759e-21 4.974394458109050669e-18 4.963566810061773287e-04 0.000000000000000000e+00
5.301259998505938320e-01 4.693776434683998300e-01 4.770475107888463759e-21 4.974394458109050669e-18 4.963566810061773287e-04 0.000000000000000000e+00
5.301259998505938320e-01 4.693776434683998300e-01 4.770475107888463759e-21 4.974394458109050669e-18 4.963566810061773287e-04 0.000000000000000000e+00
5.301259998505938320e-01 4.693776434683998300e-01 4.770475107888463759e-21 4.974394458109050669e-18 4.963566810061773287e-04 0.000000000000000000e+00
5.301259998505938320e-01 4.693776434683998300e-01 4.770475107888463759e-21 4.974394458109050669e-18 4.963566810061773287e-04 0.000000000000000000e+00
5.301259998505938320e-01 4.693776434683998300e-01 4.770475107888463759e-21 4.974394458109050669e-18 4.963566810061773287e-04 0.000000000000000000e+00
5.301259998505938320e-01 4.693776434683998300e-01 4.770475107888463759e-21 4.974394458109050669e-18 4.963566810061773287e-04 0.000000000000000000e+00
5.301259998505938320e-01 4.693776434683998300e-01 4.770475107888463759e-21 4.974394458109050669e-18 4.963566810061773287e-04 0.000000000000000000e+00
5.301259998505938320e-01 4.693776434683998300e-01 4.770475107888463759e-21 4.974394458109050669e-18 4.963566810061773287e-04 0.000000000000000000e+00
5.301259998505938320e-01 4.693776434683998300e-01 4.770475107888463759e-21 4.974394458109050669e-18 4.963566810061773287e-04 0.000000000000000000e+00
5.301259998505938320e-01 4.693776434683998300e-01 4.770475107888463759e-21 4.974394458109050669e-18 4.963566810061773287e-04 0.000000000000000000e+00
5.301259998505938320e-01 4.693776434683998300e-01 4.770475107888463759e-21 4.974394458109050669e-18 4.963566810061773287e-04 0.000000000000000000e+00
5.301259998505938320e-01 4.693776434683998300e-01 4.770475107888463759e-21 4.974394458109050669e-18 4.963566810061773287e-04 0.000000000000000000e+00
5.301259998505938320e-01 4.693776434683998300e-01 4.770475107888463759e-21 4.974394458109050669e-18 4.963566810061773287e-04 0.000000000000000000e+00
5.301259998505938320e-01 4.693776434683998300e-01 4.770475107888463759e-21 4.974394458109050669e-18 4.963566810061773287e-04 0.000000000000000000e+00
5.301259998505938320e-01 4.693776434683998300e-01 4.770475107888463759e-21 4.974394458109050669e-18 4.963566810061773287e-04 0.000000000000000000e+00
5.301259998505938320e-01 4.693776434683998300e-01 4.770475107888463759e-21 4.974394458109050669e-18 4.963566810061773287e-04 0.000000000000000000e+00
5.301259998505938320e-01 4.693776434683998300e-01 4.770475107888463759e-21 4.974394458109050669e-18 4.963566810061773287e-04 0.000000000000000000e+00
5.301259998505938320e-01 4.693776434683998300e-01 4.770475107888463759e-21 4.974394458109050669e-18 4.963566810061773287e-04 0.000000000000000000e+00
5.301259998505938320e-01 4.693776434683998300e-01 4.770475107888463759e-21 4.974394458109050669e-18 4.963566810061773287e-04 0.000000000000000000e+00
5.301259998505938320e-01 4.693776434683998300e-01 4.770475107888463759e-21 4.974394458109050669e-18 4.963566810061773287e-04 0.000000000000000000e+00
5.301259998505938320e-01 4.693776434683998300e-01 4.770475107888463759e-21 4.974394458109050669e-18 4.963566810061773287e-04 0.000000000000000000e+00
5.301259998505938320e-01 4.693776434683998300e-01 4.770475107888463759e-21 4.974394458109050669e-18 4.963566810061773287e-04 0.000000000000000000e+00
5.301259998505938320e-01 4.693776434683998300e-01 4.770475107888463759e-21 4.974394458109050669e-18 4.963566810061773287e-04 0.000000000000000000e+00
5.301259998505938320e-01 4.693776434683998300e-01 4.770475107888463759e-21 4.974394458109050669e-18 4.963566810061773287e-04 0.000000000000000000e+00
5.301259998505938320e-01 4.693776434683998300e-01 4.770475107888463759e-21 4.974394458109050669e-18 4.963566810061773287e-04 0.000000000000000000e+00
5.301259998505938320e-01 4.693776434683998300e-01 4.770475107888463759e-21 4.974394458109050669e-18 4.963566810061773287e-04 0.000000000000000000e+00
5.301259998505938320e-01 4.693776434683998300e-01 4.770475107888463759e-21 4.974394458109050669e-18 4.963566810061773287e-04 0.000000000000000000e+00
5.301259998505938320e-01 4.693776434683998300e-01 4.770475107888463759e-21 4.974394458109050669e-18 4.963566810061773287e-04 0.000000000000000000e+00
5.301259998505938320e-01 4.693776434683998300e-01 4.770475107888463759e-21 4.974394458109050669e-18 4.963566810061773287e-04 0.000000000000000000e+00
5.301259998505938320e-01 4.693776434683998300e-01 4.770475107888463759e-21 4.974394458109050669e-18 4.963566810061773287e-04 0.000000000000000000e+00
5.301259998505938320e-01 4.693776434683998300e-01 4.770475107888463759e-21 4.974394458109050669e-18 4.963566810061773287e-04 0.000000000000000000e+00
5.301259998505938320e-01 4.693776434683998300e-01 4.770475107888463759e-21 4.974394458109050669e-18 4.963566810061773287e-04 0.000000000000000000e+00
5.301259998505938320e-01 4.693776434683998300e-01 4.770475107888463759e-21 4.974394458109050669e-18 4.963566810061773287e-04 0.000000000000000000e+00
5.301259998505938320e-01 4.693776434683998300e-01 4.770475107888463759e-21 4.974394458109050669e-18 4.963566810061773287e-04 0.000000000000000000e+00
5.301259998505938320e-01 4.693776434683998300e-01 4.770475107888463759e-21 4.974394458109050669e-18 4.963566810061773287e-04 0.000000000000000000e+00
5.301259998505938320e-01 4.693776434683998300e-01 4.770475107888463759e-21 4.974394458109050669e-18 4.963566810061773287e-04 0.000000000000000000e+00
5.301259998505938320e-01 4.693776434683998300e-01 4.770475107888463759e-21 4.974394458109050669e-18 4.963566810061773287e-04 0.000000000000000000e+00
5.301259998505938320e-01 4.693776434683998300e-01 4.770475107888463759e-21 4.974394458109050669e-18 4.963566810061773287e-04 0.000000000000000000e+00
5.301259998505938320e-01 4.693776434683998300e-01 4.770475107888463759e-21 4.974394458109050669e-18 4.963566810061773287e-04 0.000000000000000000e+00
5.301259998505938320e-01 4.693776434683998300e-01 4.770475107888463759e-21 4.974394458109050669e-18 4.963566810061773287e-04 0.000000000000000000e+00
5.301259998505938320e-01 4.693776434683998300e-01 4.770475107888463759e-21 4.974394458109050669e-18 4.963566810061773287e-04 0.000000000000000000e+00
5.301259998505938320e-01 4.693776434683998300e-01 4.770475107888463759e-21 4.974394458109050669e-18 4.963566810061773287e-04 0.000000000000000000e+00
5.301259998505938320e-01 4.693776434683998300e-01 4.770475107888463759e-21 4.974394458109050669e-18 4.963566810061773287e-04 0.000000000000000000e+00
5.301259998505938320e-01 4.693776434683998300e-01 4.770475107888463759e-21 4.974394458109050669e-18 4.963566810061773287e-04 0.000000000000000000e+00
5.301259998505938320e-01 4.693776434683998300e-01 4.770475107888463759e-21 4.974394458109050669e-18 4.963566810061773287e-04 0.000000000000000000e+00
5.301259998505938320e-01 4.693776434683998300e-01 4.770475107888463759e-21 4.974394458109050669e-18 4.963566810061773287e-04 0.000000000000000000e+00
5.301259998505938320e-01 4.693776434683998300e-01 4.770475107888463759e-21 4.974394458109050669e-18 4.963566810061773287e-04 0.000000000000000000e+00
5.301259998505938320e-01 4.693776434683998300e-01 4.770475107888463759e-21 4.974394458109050669e-18 4.963566810061773287e-04 0.000000000000000000e+00
5.301259998505938320e-01 4.693776434683998300e-01 4.770475107888463759e-21 4.974394458109050669e-18 4.963566810061773287e-04 0.000000000000000000e+00
5.301259998505938320e-01 4.693776434683998300e-01 4.770475107888463759e-21 4.974394458109050669e-18 4.963566810061773287e-04 0.000000000000000000e+00
5.301259998505938320e-01 4.693776434683998300e-01 4.770475107888463759e-21 4.974394458109050669e-18 4.963566810061773287e-04 0.000000000000000000e+00
5.301259998505938320e-01 4.693776434683998300e-01 4.770475107888463759e-21 4.974394458109050669e-18 4.963566810061773287e-04 0.000000000000000000e+00
5.301259998505938320e-01 4.693776434683998300e-01 4.770475107888463759e-21 4.974394458109050669e-18 4.963566810061773287e-04 0.000000000000000000e+00
5.301259998505938320e-01 4.693776434683998300e-01 4.770475107888463759e-21 4.974394458109050669e-18 4.963566810061773287e-04 0.000000000000000000e+00
5.301259998505938320e-01 4.693776434683998300e-01 4.770475107888463759e-21 4.974394458109050669e-18 4.963566810061773287e-04 0.000000000000000000e+00
5.301259998505938320e-01 4.693776434683998300e-01 4.770475107888463759e-21 4.974394458109050669e-18 4.963566810061773287e-04 0.000000000000000000e+00
5.301259998505938320e-01 4.693776434683998300e-01 4.770475107888463759e-21 4.974394458109050669e-18 4.963566810061773287e-04 0.000000000000000000e+00
5.301259998505938320e-01 4.693776434683998300e-01 4.770475107888463759e-21 4.974394458109050669e-18 4.963566810061773287e-04 0.000000000000000000e+00
5.301259998505938320e-01 4.693776434683998300e-01 4.770475107888463759e-21 4.974394458109050669e-18 4.963566810061773287e-04 0.000000000000000000e+00
5.301259998505938320e-01 4.693776434683998300e-01 4.770475107888463759e-21 4.974394458109050669e-18 4.963566810061773287e-04 0.000000000000000000e+00
5.301259998505938320e-01 4.693776434683998300e-01 4.770475107888463759e-21 4.974394458109050669e-18 4.963566810061773287e-04 0.000000000000000000e+00
5.301259998505938320e-01 4.693776434683998300e-01 4.770475107888463759e-21 4.974394458109050669e-18 4.963566810061773287e-04 0.000000000000000000e+00
5.301259998505938320e-01 4.693776434683998300e-01 4.770475107888463759e-21 4.974394458109050669e-18 4.963566810061773287e-04 0.000000000000000000e+00
5.301259998505938320e-01 4.693776434683998300e-01 4.770475107888463759e-21 4.974394458109050669e-18 4.963566810061773287e-04 0.000000000000000000e+00
5.301259998505938320e-01 4.693776434683998300e-01 4.770475107888463759e-21 4.974394458109050669e-18 4.963566810061773287e-04 0.000000000000000000e+00
5.301259998505938320e-01 4.693776434683998300e-01 4.770475107888463759e-21 4.974394458109050669e-18 4.963566810061773287e-04 0.000000000000000000e+00
5.301259998505938320e-01 4.693776434683998300e-01 4.770475107888463759e-21 4.974394458109050669e-18 4.963566810061773287e-04 0.000000000000000000e+00
5.301259998505938320e-01 4.693776434683998300e-01 4.770475107888463759e-21 4.974394458109050669e-18 4.963566810061773287e-04 0.000000000000000000e+00
5.301259998505938320e-01 4.693776434683998300e-01 4.770475107888463759e-21 4.974394458109050669e-18 4.963566810061773287e-04 0.000000000000000000e+00
5.301259998505938320e-01 4.693776434683998300e-01 4.770475107888463759e-21 4.974394458109050669e-18 4.963566810061773287e-04 0.000000000000000000e+00
5.301259998505938320e-01 4.693776434683998300e-01 4.770475107888463759e-21 4.974394458109050669e-18 4.963566810061773287e-04 0.000000000000000000e+00
5.301259998505938320e-01 4.693776434683998300e-01 4.770475107888463759e-21 4.974394458109050669e-18 4.963566810061773287e-04 0.000000000000000000e+00
5.301259998505938320e-01 4.693776434683998300e-01 4.770475107888463759e-21 4.974394458109050669e-18 4.963566810061773287e-04 0.000000000000000000e+00
5.301259998505938320e-01 4.693776434683998300e-01 4.770475107888463759e-21 4.974394458109050669e-18 4.963566810061773287e-04 0.000000000000000000e+00
5.301259998505938320e-01 4.693776434683998300e-01 4.770475107888463759e-21 4.974394458109050669e-18 4.963566810061773287e-04 0.000000000000000000e+00
5.301259998505938320e-01 4.693776434683998300e-01 4.770475107888463759e-21 4.974394458109050669e-18 4.963566810061773287e-04 0.000000000000000000e+00
5.301259998505938320e-01 4.693776434683998300e-01 4.770475107888463759e-21 4.974394458109050669e-18 4.963566810061773287e-04 0.000000000000000000e+00
5.301259998505938320e-01 4.693776434683998300e-01 4.770475107888463759e-21 4.974394458109050669e-18 4.963566810061773287e-04 0.000000000000000000e+00
5.301259998505938320e-01 4.693776434683998300e-01 4.770475107888463759e-21 4.974394458109050669e-18 4.963566810061773287e-04 0.000000000000000000e+00
5.301259998505938320e-01 4.693776434683998300e-01 4.770475107888463759e-21 4.974394458109050669e-18 4.963566810061773287e-04 0.000000000000000000e+00
5.301259998505938320e-01 4.693776434683998300e-01 4.770475107888463759e-21 4.974394458109050669e-18 4.963566810061773287e-04 0.000000000000000000e+00
5.301259998505938320e-01 4.693776434683998300e-01 4.770475107888463759e-21 4.974394458109050669e-18 4.963566810061773287e-04 0.000000000000000000e+00
5.301259998505938320e-01 4.693776434683998300e-01 4.770475107888463759e-21 4.974394458109050669e-18 4.963566810061773287e-04 0.000000000000000000e+00
5.301259998505938320e-01 4.693776434683998300e-01 4.770475107888463759e-21 4.974394458109050669e-18 4.963566810061773287e-04 0.000000000000000000e+00
5.301259998505938320e-01 4.693776434683998300e-01 4.770475107888463759e-21 4.974394458109050669e-18 4.963566810061773287e-04 0.000000000000000000e+00
5.301259998505938320e-01 4.693776434683998300e-01 4.770475107888463759e-21 4.974394458109050669e-18 4.963566810061773287e-04 0.000000000000000000e+00
5.301259998505938320e-01 4.693776434683998300e-01 4.770475107888463759e-21 4.974394458109050669e-18 4.963566810061773287e-04 0.000000000000000000e+00
5.301259998505938320e-01 4.693776434683998300e-01 4.770475107888463759e-21 4.974394458109050669e-18 4.963566810061773287e-04 0.000000000000000000e+00
5.301259998505938320e-01 4.693776434683998300e-01 4.770475107888463759e-21 4.974394458109050669e-18 4.963566810061773287e-04 0.000000000000000000e+00
5.301259998505938320e-01 4.693776434683998300e-01 4.770475107888463759e-21 4.974394458109050669e-18 4.963566810061773287e-04 0.000000000000000000e+00
5.301259998505938320e-01 4.693776434683998300e-01 4.770475107888463759e-21 4.974394458109050669e-18 4.963566810061773287e-04 0.000000000000000000e+00
5.301259998505938320e-01 4.693776434683998300e-01 4.770475107888463759e-21 4.974394458109050669e-18 4.963566810061773287e-04 0.000000000000000000e+00
5.301259998505938320e-01 4.693776434683998300e-01 4.770475107888463759e-21 4.974394458109050669e-18 4.963566810061773287e-04 0.000000000000000000e+00
5.301259998505938320e-01 4.693776434683998300e-01 4.770475107888463759e-21 4.974394458109050669e-18 4.963566810061773287e-04 0.000000000000000000e+00
5.301259998505938320e-01 4.693776434683998300e-01 4.770475107888463759e-21 4.974394458109050669e-18 4.963566810061773287e-04 0.000000000000000000e+00
5.301259998505938320e-01 4.693776434683998300e-01 4.770475107888463759e-21 4.974394458109050669e-18 4.963566810061773287e-04 0.000000000000000000e+00
5.301259998505938320e-01 4.693776434683998300e-01 4.770475107888463759e-21 4.974394458109050669e-18 4.963566810061773287e-04 0.000000000000000000e+00
5.301259998505938320e-01 4.693776434683998300e-01 4.770475107888463759e-21 4.974394458109050669e-18 4.963566810061773287e-04 0.000000000000000000e+00
5.301259998505938320e-01 4.693776434683998300e-01 4.770475107888463759e-21 4.974394458109050669e-18 4.963566810061773287e-04 0.000000000000000000e+00
5.301259998505938320e-01 4.693776434683998300e-01 4.770475107888463759e-21 4.974394458109050669e-18 4.963566810061773287e-04 0.000000000000000000e+00
5.301259998505938320e-01 4.693776434683998300e-01 4.770475107888463759e-21 4.974394458109050669e-18 4.963566810061773287e-04 0.000000000000000000e+00
5.301259998505938320e-01 4.693776434683998300e-01 4.770475107888463759e-21 4.974394458109050669e-18 4.963566810061773287e-04 0.000000000000000000e+00
5.301259998505938320e-01 4.693776434683998300e-01 4.770475107888463759e-21 4.974394458109050669e-18 4.963566810061773287e-04 0.000000000000000000e+00
5.301259998505938320e-01 4.693776434683998300e-01 4.770475107888463759e-21 4.974394458109050669e-18 4.963566810061773287e-04 0.000000000000000000e+00
5.301259998505938320e-01 4.693776434683998300e-01 4.770475107888463759e-21 4.974394458109050669e-18 4.963566810061773287e-04 0.000000000000000000e+00
5.301259998505938320e-01 4.693776434683998300e-01 4.770475107888463759e-21 4.974394458109050669e-18 4.963566810061773287e-04 0.000000000000000000e+00
5.301259998505938320e-01 4.693776434683998300e-01 4.770475107888463759e-21 4.974394458109050669e-18 4.963566810061773287e-04 0.000000000000000000e+00
5.301259998505938320e-01 4.693776434683998300e-01 4.770475107888463759e-21 4.974394458109050669e-18 4.963566810061773287e-04 0.000000000000000000e+00
5.301259998505938320e-01 4.693776434683998300e-01 4.770475107888463759e-21 4.974394458109050669e-18 4.963566810061773287e-04 0.000000000000000000e+00
5.301259998505938320e-01 4.693776434683998300e-01 4.770475107888463759e-21 4.974394458109050669e-18 4.963566810061773287e-04 0.000000000000000000e+00
5.301259998505938320e-01 4.693776434683998300e-01 4.770475107888463759e-21 4.974394458109050669e-18 4.963566810061773287e-04 0.000000000000000000e+00
5.301259998505938320e-01 4.693776434683998300e-01 4.770475107888463759e-21 4.974394458109050669e-18 4.963566810061773287e-04 0.000000000000000000e+00
5.301259998505938320e-01 4.693776434683998300e-01 4.770475107888463759e-21 4.974394458109050669e-18 4.963566810061773287e-04 0.000000000000000000e+00
5.301259998505938320e-01 4.693776434683998300e-01 4.770475107888463759e-21 4.974394458109050669e-18 4.963566810061773287e-04 0.000000000000000000e+00
5.301259998505938320e-01 4.693776434683998300e-01 4.770475107888463759e-21 4.974394458109050669e-18 4.963566810061773287e-04 0.000000000000000000e+00
5.301259998505938320e-01 4.693776434683998300e-01 4.770475107888463759e-21 4.974394458109050669e-18 4.963566810061773287e-04 0.000000000000000000e+00
5.301259998505938320e-01 4.693776434683998300e-01 4.770475107888463759e-21 4.974394458109050669e-18 4.963566810061773287e-04 0.000000000000000000e+00
5.301259998505938320e-01 4.693776434683998300e-01 4.770475107888463759e-21 4.974394458109050669e-18 4.963566810061773287e-04 0.000000000000000000e+00
5.301259998505938320e-01 4.693776434683998300e-01 4.770475107888463759e-21 4.974394458109050669e-18 4.963566810061773287e-04 0.000000000000000000e+00
5.301259998505938320e-01 4.693776434683998300e-01 4.770475107888463759e-21 4.974394458109050669e-18 4.963566810061773287e-04 0.000000000000000000e+00
5.301259998505938320e-01 4.693776434683998300e-01 4.770475107888463759e-21 4.974394458109050669e-18 4.963566810061773287e-04 0.000000000000000000e+00
5.301259998505938320e-01 4.693776434683998300e-01 4.770475107888463759e-21 4.974394458109050669e-18 4.963566810061773287e-04 0.000000000000000000e+00
5.301259998505938320e-01 4.693776434683998300e-01 4.770475107888463759e-21 4.974394458109050669e-18 4.963566810061773287e-04 0.000000000000000000e+00
5.301259998505938320e-01 4.693776434683998300e-01 4.770475107888463759e-21 4.974394458109050669e-18 4.963566810061773287e-04 0.000000000000000000e+00
5.301259998505938320e-01 4.693776434683998300e-01 4.770475107888463759e-21 4.974394458109050669e-18 4.963566810061773287e-04 0.000000000000000000e+00
5.301259998505938320e-01 4.693776434683998300e-01 4.770475107888463759e-21 4.974394458109050669e-18 4.963566810061773287e-04 0.000000000000000000e+00
5.301259998505938320e-01 4.693776434683998300e-01 4.770475107888463759e-21 4.974394458109050669e-18 4.963566810061773287e-04 0.000000000000000000e+00
5.301259998505938320e-01 4.693776434683998300e-01 4.770475107888463759e-21 4.974394458109050669e-18 4.963566810061773287e-04 0.000000000000000000e+00
5.301259998505938320e-01 4.693776434683998300e-01 4.770475107888463759e-21 4.974394458109050669e-18 4.963566810061773287e-04 0.000000000000000000e+00
5.301259998505938320e-01 4.693776434683998300e-01 4.770475107888463759e-21 4.974394458109050669e-18 4.963566810061773287e-04 0.000000000000000000e+00
5.301259998505938320e-01 4.693776434683998300e-01 4.770475107888463759e-21 4.974394458109050669e-18 4.963566810061773287e-04 0.000000000000000000e+00
5.301259998505938320e-01 4.693776434683998300e-01 4.770475107888463759e-21 4.974394458109050669e-18 4.963566810061773287e-04 0.000000000000000000e+00
5.301259998505938320e-01 4.693776434683998300e-01 4.770475107888463759e-21 4.974394458109050669e-18 4.963566810061773287e-04 0.000000000000000000e+00
5.301259998505938320e-01 4.693776434683998300e-01 4.770475107888463759e-21 4.974394458109050669e-18 4.963566810061773287e-04 0.000000000000000000e+00
5.301259998505938320e-01 4.693776434683998300e-01 4.770475107888463759e-21 4.974394458109050669e-18 4.963566810061773287e-04 0.000000000000000000e+00
5.301259998505938320e-01 4.693776434683998300e-01 4.770475107888463759e-21 4.974394458109050669e-18 4.963566810061773287e-04 0.000000000000000000e+00
5.301259998505938320e-01 4.693776434683998300e-01 4.770475107888463759e-21 4.974394458109050669e-18 4.963566810061773287e-04 0.000000000000000000e+00
5.301259998505938320e-01 4.693776434683998300e-01 4.770475107888463759e-21 4.974394458109050669e-18 4.963566810061773287e-04 0.000000000000000000e+00
5.301259998505938320e-01 4.693776434683998300e-01 4.770475107888463759e-21 4.974394458109050669e-18 4.963566810061773287e-04 0.000000000000000000e+00
5.301259998505938320e-01 4.693776434683998300e-01 4.770475107888463759e-21 4.974394458109050669e-18 4.963566810061773287e-04 0.000000000000000000e+00
5.301259998505938320e-01 4.693776434683998300e-01 4.770475107888463759e-21 4.974394458109050669e-18 4.963566810061773287e-04 0.000000000000000000e+00
5.301259998505938320e-01 4.693776434683998300e-01 4.770475107888463759e-21 4.974394458109050669e-18 4.963566810061773287e-04 0.000000000000000000e+00
5.301259998505938320e-01 4.693776434683998300e-01 4.770475107888463759e-21 4.974394458109050669e-18 4.963566810061773287e-04 0.000000000000000000e+00
5.301259998505938320e-01 4.693776434683998300e-01 4.770475107888463759e-21 4.974394458109050669e-18 4.963566810061773287e-04 0.000000000000000000e+00
5.301259998505938320e-01 4.693776434683998300e-01 4.770475107888463759e-21 4.974394458109050669e-18 4.963566810061773287e-04 0.000000000000000000e+00
5.301259998505938320e-01 4.693776434683998300e-01 4.770475107888463759e-21 4.974394458109050669e-18 4.963566810061773287e-04 0.000000000000000000e+00
5.301259998505938320e-01 4.693776434683998300e-01 4.770475107888463759e-21 4.974394458109050669e-18 4.963566810061773287e-04 0.000000000000000000e+00
5.301259998505938320e-01 4.693776434683998300e-01 4.770475107888463759e-21 4.974394458109050669e-18 4.963566810061773287e-04 0.000000000000000000e+00
5.301259998505938320e-01 4.693776434683998300e-01 4.770475107888463759e-21 4.974394458109050669e-18 4.963566810061773287e-04 0.000000000000000000e+00
5.301259998505938320e-01 4.693776434683998300e-01 4.770475107888463759e-21 4.974394458109050669e-18 4.963566810061773287e-04 0.000000000000000000e+00
5.301259998505938320e-01 4.693776434683998300e-01 4.770475107888463759e-21 4.974394458109050669e-18 4.963566810061773287e-04 0.000000000000000000e+00
5.301259998505938320e-01 4.693776434683998300e-01 4.770475107888463759e-21 4.974394458109050669e-18 4.963566810061773287e-04 0.000000000000000000e+00
5.301259998505938320e-01 4.693776434683998300e-01 4.770475107888463759e-21 4.974394458109050669e-18 4.963566810061773287e-04 0.000000000000000000e+00
5.301259998505938320e-01 4.693776434683998300e-01 4.770475107888463759e-21 4.974394458109050669e-18 4.963566810061773287e-04 0.000000000000000000e+00
5.301259998505938320e-01 4.693776434683998300e-01 4.770475107888463759e-21 4.974394458109050669e-18 4.963566810061773287e-04 0.000000000000000000e+00
5.301259998505938320e-01 4.693776434683998300e-01 4.770475107888463759e-21 4.974394458109050669e-18 4.963566810061773287e-04 0.000000000000000000e+00
5.301259998505938320e-01 4.693776434683998300e-01 4.770475107888463759e-21 4.974394458109050669e-18 4.963566810061773287e-04 0.000000000000000000e+00
5.301259998505938320e-01 4.693776434683998300e-01 4.770475107888463759e-21 4.974394458109050669e-18 4.963566810061773287e-04 0.000000000000000000e+00
5.301259998505938320e-01 4.693776434683998300e-01 4.770475107888463759e-21 4.974394458109050669e-18 4.963566810061773287e-04 0.000000000000000000e+00
5.301259998505938320e-01 4.693776434683998300e-01 4.770475107888463759e-21 4.974394458109050669e-18 4.963566810061773287e-04 0.000000000000000000e+00
5.301259998505938320e-01 4.693776434683998300e-01 4.770475107888463759e-21 4.974394458109050669e-18 4.963566810061773287e-04 0.000000000000000000e+00
5.301259998505938320e-01 4.693776434683998300e-01 4.770475107888463759e-21 4.974394458109050669e-18 4.963566810061773287e-04 0.000000000000000000e+00
5.301259998505938320e-01 4.693776434683998300e-01 4.770475107888463759e-21 4.974394458109050669e-18 4.963566810061773287e-04 0.000000000000000000e+00
5.301259998505938320e-01 4.693776434683998300e-01 4.770475107888463759e-21 4.974394458109050669e-18 4.963566810061773287e-04 0.000000000000000000e+00
5.301259998505938320e-01 4.693776434683998300e-01 4.770475107888463759e-21 4.974394458109050669e-18 4.963566810061773287e-04 0.000000000000000000e+00
5.301259998505938320e-01 4.693776434683998300e-01 4.770475107888463759e-21 4.974394458109050669e-18 4.963566810061773287e-04 0.000000000000000000e+00
5.301259998505938320e-01 4.693776434683998300e-01 4.770475107888463759e-21 4.974394458109050669e-18 4.963566810061773287e-04 0.000000000000000000e+00
5.301259998505938320e-01 4.693776434683998300e-01 4.770475107888463759e-21 4.974394458109050669e-18 4.963566810061773287e-04 0.000000000000000000e+00
5.301259998505938320e-01 4.693776434683998300e-01 4.770475107888463759e-21 4.974394458109050669e-18 4.963566810061773287e-04 0.000000000000000000e+00
5.301259998505938320e-01 4.693776434683998300e-01 4.770475107888463759e-21 4.974394458109050669e-18 4.963566810061773287e-04 0.000000000000000000e+00
5.301259998505938320e-01 4.693776434683998300e-01 4.770475107888463759e-21 4.974394458109050669e-18 4.963566810061773287e-04 0.000000000000000000e+00
5.301259998505938320e-01 4.693776434683998300e-01 4.770475107888463759e-21 4.974394458109050669e-18 4.963566810061773287e-04 0.000000000000000000e+00
5.301259998505938320e-01 4.693776434683998300e-01 4.770475107888463759e-21 4.974394458109050669e-18 4.963566810061773287e-04 0.000000000000000000e+00
5.301259998505938320e-01 4.693776434683998300e-01 4.770475107888463759e-21 4.974394458109050669e-18 4.963566810061773287e-04 0.000000000000000000e+00
5.301259998505938320e-01 4.693776434683998300e-01 4.770475107888463759e-21 4.974394458109050669e-18 4.963566810061773287e-04 0.000000000000000000e+00
5.301259998505938320e-01 4.693776434683998300e-01 4.770475107888463759e-21 4.974394458109050669e-18 4.963566810061773287e-04 0.000000000000000000e+00
5.301259998505938320e-01 4.693776434683998300e-01 4.770475107888463759e-21 4.974394458109050669e-18 4.963566810061773287e-04 0.000000000000000000e+00
5.301259998505938320e-01 4.693776434683998300e-01 4.770475107888463759e-21 4.974394458109050669e-18 4.963566810061773287e-04 0.000000000000000000e+00
5.301259998505938320e-01 4.693776434683998300e-01 4.770475107888463759e-21 4.974394458109050669e-18 4.963566810061773287e-04 0.000000000000000000e+00
5.301259998505938320e-01 4.693776434683998300e-01 4.770475107888463759e-21 4.974394458109050669e-18 4.963566810061773287e-04 0.000000000000000000e+00
5.301259998505938320e-01 4.693776434683998300e-01 4.770475107888463759e-21 4.974394458109050669e-18 4.963566810061773287e-04 0.000000000000000000e+00
5.301259998505938320e-01 4.693776434683998300e-01 4.770475107888463759e-21 4.974394458109050669e-18 4.963566810061773287e-04 0.000000000000000000e+00
5.301259998505938320e-01 4.693776434683998300e-01 4.770475107888463759e-21 4.974394458109050669e-18 4.963566810061773287e-04 0.000000000000000000e+00
5.301259998505938320e-01 4.693776434683998300e-01 4.770475107888463759e-21 4.974394458109050669e-18 4.963566810061773287e-04 0.000000000000000000e+00
5.301259998505938320e-01 4.693776434683998300e-01 4.770475107888463759e-21 4.974394458109050669e-18 4.963566810061773287e-04 0.000000000000000000e+00
5.301259998505938320e-01 4.693776434683998300e-01 4.770475107888463759e-21 4.974394458109050669e-18 4.963566810061773287e-04 0.000000000000000000e+00
5.301259998505938320e-01 4.693776434683998300e-01 4.770475107888463759e-21 4.974394458109050669e-18 4.963566810061773287e-04 0.000000000000000000e+00
5.301259998505938320e-01 4.693776434683998300e-01 4.770475107888463759e-21 4.974394458109050669e-18 4.963566810061773287e-04 0.000000000000000000e+00
5.301259998505938320e-01 4.693776434683998300e-01 4.770475107888463759e-21 4.974394458109050669e-18 4.963566810061773287e-04 0.000000000000000000e+00
5.301259998505938320e-01 4.693776434683998300e-01 4.770475107888463759e-21 4.974394458109050669e-18 4.963566810061773287e-04 0.000000000000000000e+00
5.301259998505938320e-01 4.693776434683998300e-01 4.770475107888463759e-21 4.974394458109050669e-18 4.963566810061773287e-04 0.000000000000000000e+00
5.301259998505938320e-01 4.693776434683998300e-01 4.770475107888463759e-21 4.974394458109050669e-18 4.963566810061773287e-04 0.000000000000000000e+00
5.301259998505938320e-01 4.693776434683998300e-01 4.770475107888463759e-21 4.974394458109050669e-18 4.963566810061773287e-04 0.000000000000000000e+00
5.301259998505938320e-01 4.693776434683998300e-01 4.770475107888463759e-21 4.974394458109050669e-18 4.963566810061773287e-04 0.000000000000000000e+00
5.301259998505938320e-01 4.693776434683998300e-01 4.770475107888463759e-21 4.974394458109050669e-18 4.963566810061773287e-04 0.000000000000000000e+00
5.301259998505938320e-01 4.693776434683998300e-01 4.770475107888463759e-21 4.974394458109050669e-18 4.963566810061773287e-04 0.000000000000000000e+00
5.301259998505938320e-01 4.693776434683998300e-01 4.770475107888463759e-21 4.974394458109050669e-18 4.963566810061773287e-04 0.000000000000000000e+00
5.301259998505938320e-01 4.693776434683998300e-01 4.770475107888463759e-21 4.974394458109050669e-18 4.963566810061773287e-04 0.000000000000000000e+00
5.301259998505938320e-01 4.693776434683998300e-01 4.770475107888463759e-21 4.974394458109050669e-18 4.963566810061773287e-04 0.000000000000000000e+00
5.301259998505938320e-01 4.693776434683998300e-01 4.770475107888463759e-21 4.974394458109050669e-18 4.963566810061773287e-04 0.000000000000000000e+00
5.301259998505938320e-01 4.693776434683998300e-01 4.770475107888463759e-21 4.974394458109050669e-18 4.963566810061773287e-04 0.000000000000000000e+00
5.301259998505938320e-01 4.693776434683998300e-01 4.770475107888463759e-21 4.974394458109050669e-18 4.963566810061773287e-04 0.000000000000000000e+00
5.301259998505938320e-01 4.693776434683998300e-01 4.770475107888463759e-21 4.974394458109050669e-18 4.963566810061773287e-04 0.000000000000000000e+00
5.301259998505938320e-01 4.693776434683998300e-01 4.770475107888463759e-21 4.974394458109050669e-18 4.963566810061773287e-04 0.000000000000000000e+00
5.301259998505938320e-01 4.693776434683998300e-01 4.770475107888463759e-21 4.974394458109050669e-18 4.963566810061773287e-04 0.000000000000000000e+00
5.301259998505938320e-01 4.693776434683998300e-01 4.770475107888463759e-21 4.974394458109050669e-18 4.963566810061773287e-04 0.000000000000000000e+00
5.301259998505938320e-01 4.693776434683998300e-01 4.770475107888463759e-21 4.974394458109050669e-18 4.963566810061773287e-04 0.000000000000000000e+00
5.301259998505938320e-01 4.693776434683998300e-01 4.770475107888463759e-21 4.974394458109050669e-18 4.963566810061773287e-04 0.000000000000000000e+00
5.301259998505938320e-01 4.693776434683998300e-01 4.770475107888463759e-21 4.974394458109050669e-18 4.963566810061773287e-04 0.000000000000000000e+00
5.301259998505938320e-01 4.693776434683998300e-01 4.770475107888463759e-21 4.974394458109050669e-18 4.963566810061773287e-04 0.000000000000000000e+00
5.301259998505938320e-01 4.693776434683998300e-01 4.770475107888463759e-21 4.974394458109050669e-18 4.963566810061773287e-04 0.000000000000000000e+00
5.301259998505938320e-01 4.693776434683998300e-01 4.770475107888463759e-21 4.974394458109050669e-18 4.963566810061773287e-04 0.000000000000000000e+00
5.301259998505938320e-01 4.693776434683998300e-01 4.770475107888463759e-21 4.974394458109050669e-18 4.963566810061773287e-04 0.000000000000000000e+00
5.301259998505938320e-01 4.693776434683998300e-01 4.770475107888463759e-21 4.974394458109050669e-18 4.963566810061773287e-04 0.000000000000000000e+00
5.301259998505938320e-01 4.693776434683998300e-01 4.770475107888463759e-21 4.974394458109050669e-18 4.963566810061773287e-04 0.000000000000000000e+00
5.301259998505938320e-01 4.693776434683998300e-01 4.770475107888463759e-21 4.974394458109050669e-18 4.963566810061773287e-04 0.000000000000000000e+00
5.301259998505938320e-01 4.693776434683998300e-01 4.770475107888463759e-21 4.974394458109050669e-18 4.963566810061773287e-04 0.000000000000000000e+00
5.301259998505938320e-01 4.693776434683998300e-01 4.770475107888463759e-21 4.974394458109050669e-18 4.963566810061773287e-04 0.000000000000000000e+00
5.301259998505938320e-01 4.693776434683998300e-01 4.770475107888463759e-21 4.974394458109050669e-18 4.963566810061773287e-04 0.000000000000000000e+00
5.301259998505938320e-01 4.693776434683998300e-01 4.770475107888463759e-21 4.974394458109050669e-18 4.963566810061773287e-04 0.000000000000000000e+00
5.301259998505938320e-01 4.693776434683998300e-01 4.770475107888463759e-21 4.974394458109050669e-18 4.963566810061773287e-04 0.000000000000000000e+00
5.301259998505938320e-01 4.693776434683998300e-01 4.770475107888463759e-21 4.974394458109050669e-18 4.963566810061773287e-04 0.000000000000000000e+00
5.301259998505938320e-01 4.693776434683998300e-01 4.770475107888463759e-21 4.974394458109050669e-18 4.963566810061773287e-04 0.000000000000000000e+00
5.301259998505938320e-01 4.693776434683998300e-01 4.770475107888463759e-21 4.974394458109050669e-18 4.963566810061773287e-04 0.000000000000000000e+00
5.301259998505938320e-01 4.693776434683998300e-01 4.770475107888463759e-21 4.974394458109050669e-18 4.963566810061773287e-04 0.000000000000000000e+00
5.301259998505938320e-01 4.693776434683998300e-01 4.770475107888463759e-21 4.974394458109050669e-18 4.963566810061773287e-04 0.000000000000000000e+00
5.301259998505938320e-01 4.693776434683998300e-01 4.770475107888463759e-21 4.974394458109050669e-18 4.963566810061773287e-04 0.000000000000000000e+00
5.301259998505938320e-01 4.693776434683998300e-01 4.770475107888463759e-21 4.974394458109050669e-18 4.963566810061773287e-04 0.000000000000000000e+00
5.301259998505938320e-01 4.693776434683998300e-01 4.770475107888463759e-21 4.974394458109050669e-18 4.963566810061773287e-04 0.000000000000000000e+00
5.301259998505938320e-01 4.693776434683998300e-01 4.770475107888463759e-21 4.974394458109050669e-18 4.963566810061773287e-04 0.000000000000000000e+00
5.301259998505938320e-01 4.693776434683998300e-01 4.770475107888463759e-21 4.974394458109050669e-18 4.963566810061773287e-04 0.000000000000000000e+00
5.301259998505938320e-01 4.693776434683998300e-01 4.770475107888463759e-21 4.974394458109050669e-18 4.963566810061773287e-04 0.000000000000000000e+00
5.301259998505938320e-01 4.693776434683998300e-01 4.770475107888463759e-21 4.974394458109050669e-18 4.963566810061773287e-04 0.000000000000000000e+00
5.301259998505938320e-01 4.693776434683998300e-01 4.770475107888463759e-21 4.974394458109050669e-18 4.963566810061773287e-04 0.000000000000000000e+00
5.301259998505938320e-01 4.693776434683998300e-01 4.770475107888463759e-21 4.974394458109050669e-18 4.963566810061773287e-04 0.000000000000000000e+00
5.301259998505938320e-01 4.693776434683998300e-01 4.770475107888463759e-21 4.974394458109050669e-18 4.963566810061773287e-04 0.000000000000000000e+00
5.301259998505938320e-01 4.693776434683998300e-01 4.770475107888463759e-21 4.974394458109050669e-18 4.963566810061773287e-04 0.000000000000000000e+00
5.301259998505938320e-01 4.693776434683998300e-01 4.770475107888463759e-21 4.974394458109050669e-18 4.963566810061773287e-04 0.000000000000000000e+00
5.301259998505938320e-01 4.693776434683998300e-01 4.770475107888463759e-21 4.974394458109050669e-18 4.963566810061773287e-04 0.000000000000000000e+00
5.301259998505938320e-01 4.693776434683998300e-01 4.770475107888463759e-21 4.974394458109050669e-18 4.963566810061773287e-04 0.000000000000000000e+00
5.301259998505938320e-01 4.693776434683998300e-01 4.770475107888463759e-21 4.974394458109050669e-18 4.963566810061773287e-04 0.000000000000000000e+00
5.301259998505938320e-01 4.693776434683998300e-01 4.770475107888463759e-21 4.974394458109050669e-18 4.963566810061773287e-04 0.000000000000000000e+00
5.301259998505938320e-01 4.693776434683998300e-01 4.770475107888463759e-21 4.974394458109050669e-18 4.963566810061773287e-04 0.000000000000000000e+00
5.301259998505938320e-01 4.693776434683998300e-01 4.770475107888463759e-21 4.974394458109050669e-18 4.963566810061773287e-04 0.000000000000000000e+00
5.301259998505938320e-01 4.693776434683998300e-01 4.770475107888463759e-21 4.974394458109050669e-18 4.963566810061773287e-04 0.000000000000000000e+00
5.301259998505938320e-01 4.693776434683998300e-01 4.770475107888463759e-21 4.974394458109050669e-18 4.963566810061773287e-04 0.000000000000000000e+00
5.301259998505938320e-01 4.693776434683998300e-01 4.770475107888463759e-21 4.974394458109050669e-18 4.963566810061773287e-04 0.000000000000000000e+00
5.301259998505938320e-01 4.693776434683998300e-01 4.770475107888463759e-21 4.974394458109050669e-18 4.963566810061773287e-04 0.000000000000000000e+00
5.301259998505938320e-01 4.693776434683998300e-01 4.770475107888463759e-21 4.974394458109050669e-18 4.963566810061773287e-04 0.000000000000000000e+00
5.301259998505938320e-01 4.693776434683998300e-01 4.770475107888463759e-21 4.974394458109050669e-18 4.963566810061773287e-04 0.000000000000000000e+00
5.301259998505938320e-01 4.693776434683998300e-01 4.770475107888463759e-21 4.974394458109050669e-18 4.963566810061773287e-04 0.000000000000000000e+00
5.301259998505938320e-01 4.693776434683998300e-01 4.770475107888463759e-21 4.974394458109050669e-18 4.963566810061773287e-04 0.000000000000000000e+00
5.301259998505938320e-01 4.693776434683998300e-01 4.770475107888463759e-21 4.974394458109050669e-18 4.963566810061773287e-04 0.000000000000000000e+00
5.301259998505938320e-01 4.693776434683998300e-01 4.770475107888463759e-21 4.974394458109050669e-18 4.963566810061773287e-04 0.000000000000000000e+00
5.301259998505938320e-01 4.693776434683998300e-01 4.770475107888463759e-21 4.974394458109050669e-18 4.963566810061773287e-04 0.000000000000000000e+00
5.301259998505938320e-01 4.693776434683998300e-01 4.770475107888463759e-21 4.974394458109050669e-18 4.963566810061773287e-04 0.000000000000000000e+00
5.301259998505938320e-01 4.693776434683998300e-01 4.770475107888463759e-21 4.974394458109050669e-18 4.963566810061773287e-04 0.000000000000000000e+00
5.301259998505938320e-01 4.693776434683998300e-01 4.770475107888463759e-21 4.974394458109050669e-18 4.963566810061773287e-04 0.000000000000000000e+00
5.301259998505938320e-01 4.693776434683998300e-01 4.770475107888463759e-21 4.974394458109050669e-18 4.963566810061773287e-04 0.000000000000000000e+00
5.301259998505938320e-01 4.693776434683998300e-01 4.770475107888463759e-21 4.974394458109050669e-18 4.963566810061773287e-04 0.000000000000000000e+00
5.301259998505938320e-01 4.693776434683998300e-01 4.770475107888463759e-21 4.974394458109050669e-18 4.963566810061773287e-04 0.000000000000000000e+00
5.301259998505938320e-01 4.693776434683998300e-01 4.770475107888463759e-21 4.974394458109050669e-18 4.963566810061773287e-04 0.000000000000000000e+00
5.301259998505938320e-01 4.693776434683998300e-01 4.770475107888463759e-21 4.974394458109050669e-18 4.963566810061773287e-04 0.000000000000000000e+00
5.301259998505938320e-01 4.693776434683998300e-01 4.770475107888463759e-21 4.974394458109050669e-18 4.963566810061773287e-04 0.000000000000000000e+00
5.301259998505938320e-01 4.693776434683998300e-01 4.770475107888463759e-21 4.974394458109050669e-18 4.963566810061773287e-04 0.000000000000000000e+00
5.301259998505938320e-01 4.693776434683998300e-01 4.770475107888463759e-21 4.974394458109050669e-18 4.963566810061773287e-04 0.000000000000000000e+00
5.301259998505938320e-01 4.693776434683998300e-01 4.770475107888463759e-21 4.974394458109050669e-18 4.963566810061773287e-04 0.000000000000000000e+00
5.301259998505938320e-01 4.693776434683998300e-01 4.770475107888463759e-21 4.974394458109050669e-18 4.963566810061773287e-04 0.000000000000000000e+00
5.301259998505938320e-01 4.693776434683998300e-01 4.770475107888463759e-21 4.974394458109050669e-18 4.963566810061773287e-04 0.000000000000000000e+00
5.301259998505938320e-01 4.693776434683998300e-01 4.770475107888463759e-21 4.974394458109050669e-18 4.963566810061773287e-04 0.000000000000000000e+00
5.301259998505938320e-01 4.693776434683998300e-01 4.770475107888463759e-21 4.974394458109050669e-18 4.963566810061773287e-04 0.000000000000000000e+00
5.301259998505938320e-01 4.693776434683998300e-01 4.770475107888463759e-21 4.974394458109050669e-18 4.963566810061773287e-04 0.000000000000000000e+00
5.301259998505938320e-01 4.693776434683998300e-01 4.770475107888463759e-21 4.974394458109050669e-18 4.963566810061773287e-04 0.000000000000000000e+00
5.301259998505938320e-01 4.693776434683998300e-01 4.770475107888463759e-21 4.974394458109050669e-18 4.963566810061773287e-04 0.000000000000000000e+00
5.301259998505938320e-01 4.693776434683998300e-01 4.770475107888463759e-21 4.974394458109050669e-18 4.963566810061773287e-04 0.000000000000000000e+00
5.301259998505938320e-01 4.693776434683998300e-01 4.770475107888463759e-21 4.974394458109050669e-18 4.963566810061773287e-04 0.000000000000000000e+00
5.301259998505938320e-01 4.693776434683998300e-01 4.770475107888463759e-21 4.974394458109050669e-18 4.963566810061773287e-04 0.000000000000000000e+00
5.301259998505938320e-01 4.693776434683998300e-01 4.770475107888463759e-21 4.974394458109050669e-18 4.963566810061773287e-04 0.000000000000000000e+00
5.301259998505938320e-01 4.693776434683998300e-01 4.770475107888463759e-21 4.974394458109050669e-18 4.963566810061773287e-04 0.000000000000000000e+00
5.301259998505938320e-01 4.693776434683998300e-01 4.770475107888463759e-21 4.974394458109050669e-18 4.963566810061773287e-04 0.000000000000000000e+00
5.301259998505938320e-01 4.693776434683998300e-01 4.770475107888463759e-21 4.974394458109050669e-18 4.963566810061773287e-04 0.000000000000000000e+00
5.301259998505938320e-01 4.693776434683998300e-01 4.770475107888463759e-21 4.974394458109050669e-18 4.963566810061773287e-04 0.000000000000000000e+00
5.301259998505938320e-01 4.693776434683998300e-01 4.770475107888463759e-21 4.974394458109050669e-18 4.963566810061773287e-04 0.000000000000000000e+00
5.301259998505938320e-01 4.693776434683998300e-01 4.770475107888463759e-21 4.974394458109050669e-18 4.963566810061773287e-04 0.000000000000000000e+00
5.301259998505938320e-01 4.693776434683998300e-01 4.770475107888463759e-21 4.974394458109050669e-18 4.963566810061773287e-04 0.000000000000000000e+00
5.301259998505938320e-01 4.693776434683998300e-01 4.770475107888463759e-21 4.974394458109050669e-18 4.963566810061773287e-04 0.000000000000000000e+00
5.301259998505938320e-01 4.693776434683998300e-01 4.770475107888463759e-21 4.974394458109050669e-18 4.963566810061773287e-04 0.000000000000000000e+00
5.301259998505938320e-01 4.693776434683998300e-01 4.770475107888463759e-21 4.974394458109050669e-18 4.963566810061773287e-04 0.000000000000000000e+00
5.301259998505938320e-01 4.693776434683998300e-01 4.770475107888463759e-21 4.974394458109050669e-18 4.963566810061773287e-04 0.000000000000000000e+00
5.301259998505938320e-01 4.693776434683998300e-01 4.770475107888463759e-21 4.974394458109050669e-18 4.963566810061773287e-04 0.000000000000000000e+00
5.301259998505938320e-01 4.693776434683998300e-01 4.770475107888463759e-21 4.974394458109050669e-18 4.963566810061773287e-04 0.000000000000000000e+00
5.301259998505938320e-01 4.693776434683998300e-01 4.770475107888463759e-21 4.974394458109050669e-18 4.963566810061773287e-04 0.000000000000000000e+00
5.301259998505938320e-01 4.693776434683998300e-01 4.770475107888463759e-21 4.974394458109050669e-18 4.963566810061773287e-04 0.000000000000000000e+00
5.301259998505938320e-01 4.693776434683998300e-01 4.770475107888463759e-21 4.974394458109050669e-18 4.963566810061773287e-04 0.000000000000000000e+00
5.301259998505938320e-01 4.693776434683998300e-01 4.770475107888463759e-21 4.974394458109050669e-18 4.963566810061773287e-04 0.000000000000000000e+00
5.301259998505938320e-01 4.693776434683998300e-01 4.770475107888463759e-21 4.974394458109050669e-18 4.963566810061773287e-04 0.000000000000000000e+00
5.301259998505938320e-01 4.693776434683998300e-01 4.770475107888463759e-21 4.974394458109050669e-18 4.963566810061773287e-04 0.000000000000000000e+00
5.301259998505938320e-01 4.693776434683998300e-01 4.770475107888463759e-21 4.974394458109050669e-18 4.963566810061773287e-04 0.000000000000000000e+00
5.301259998505938320e-01 4.693776434683998300e-01 4.770475107888463759e-21 4.974394458109050669e-18 4.963566810061773287e-04 0.000000000000000000e+00
5.301259998505938320e-01 4.693776434683998300e-01 4.770475107888463759e-21 4.974394458109050669e-18 4.963566810061773287e-04 0.000000000000000000e+00
5.301259998505938320e-01 4.693776434683998300e-01 4.770475107888463759e-21 4.974394458109050669e-18 4.963566810061773287e-04 0.000000000000000000e+00
5.301259998505938320e-01 4.693776434683998300e-01 4.770475107888463759e-21 4.974394458109050669e-18 4.963566810061773287e-04 0.000000000000000000e+00
5.301259998505938320e-01 4.693776434683998300e-01 4.770475107888463759e-21 4.974394458109050669e-18 4.963566810061773287e-04 0.000000000000000000e+00
5.301259998505938320e-01 4.693776434683998300e-01 4.770475107888463759e-21 4.974394458109050669e-18 4.963566810061773287e-04 0.000000000000000000e+00
5.301259998505938320e-01 4.693776434683998300e-01 4.770475107888463759e-21 4.974394458109050669e-18 4.963566810061773287e-04 0.000000000000000000e+00
5.301259998505938320e-01 4.693776434683998300e-01 4.770475107888463759e-21 4.974394458109050669e-18 4.963566810061773287e-04 0.000000000000000000e+00
5.301259998505938320e-01 4.693776434683998300e-01 4.770475107888463759e-21 4.974394458109050669e-18 4.963566810061773287e-04 0.000000000000000000e+00
5.301259998505938320e-01 4.693776434683998300e-01 4.770475107888463759e-21 4.974394458109050669e-18 4.963566810061773287e-04 0.000000000000000000e+00
5.301259998505938320e-01 4.693776434683998300e-01 4.770475107888463759e-21 4.974394458109050669e-18 4.963566810061773287e-04 0.000000000000000000e+00
5.301259998505938320e-01 4.693776434683998300e-01 4.770475107888463759e-21 4.974394458109050669e-18 4.963566810061773287e-04 0.000000000000000000e+00
5.301259998505938320e-01 4.693776434683998300e-01 4.770475107888463759e-21 4.974394458109050669e-18 4.963566810061773287e-04 0.000000000000000000e+00
5.301259998505938320e-01 4.693776434683998300e-01 4.770475107888463759e-21 4.974394458109050669e-18 4.963566810061773287e-04 0.000000000000000000e+00
5.301259998505938320e-01 4.693776434683998300e-01 4.770475107888463759e-21 4.974394458109050669e-18 4.963566810061773287e-04 0.000000000000000000e+00
5.301259998505938320e-01 4.693776434683998300e-01 4.770475107888463759e-21 4.974394458109050669e-18 4.963566810061773287e-04 0.000000000000000000e+00
5.301259998505938320e-01 4.693776434683998300e-01 4.770475107888463759e-21 4.974394458109050669e-18 4.963566810061773287e-04 0.000000000000000000e+00
5.301259998505938320e-01 4.693776434683998300e-01 4.770475107888463759e-21 4.974394458109050669e-18 4.963566810061773287e-04 0.000000000000000000e+00
5.301259998505938320e-01 4.693776434683998300e-01 4.770475107888463759e-21 4.974394458109050669e-18 4.963566810061773287e-04 0.000000000000000000e+00
5.301259998505938320e-01 4.693776434683998300e-01 4.770475107888463759e-21 4.974394458109050669e-18 4.963566810061773287e-04 0.000000000000000000e+00
5.301259998505938320e-01 4.693776434683998300e-01 4.770475107888463759e-21 4.974394458109050669e-18 4.963566810061773287e-04 0.000000000000000000e+00
5.301259998505938320e-01 4.693776434683998300e-01 4.770475107888463759e-21 4.974394458109050669e-18 4.963566810061773287e-04 0.000000000000000000e+00
5.301259998505938320e-01 4.693776434683998300e-01 4.770475107888463759e-21 4.974394458109050669e-18 4.963566810061773287e-04 0.000000000000000000e+00
5.301259998505938320e-01 4.693776434683998300e-01 4.770475107888463759e-21 4.974394458109050669e-18 4.963566810061773287e-04 0.000000000000000000e+00
5.301259998505938320e-01 4.693776434683998300e-01 4.770475107888463759e-21 4.974394458109050669e-18 4.963566810061773287e-04 0.000000000000000000e+00
5.301259998505938320e-01 4.693776434683998300e-01 4.770475107888463759e-21 4.974394458109050669e-18 4.963566810061773287e-04 0.000000000000000000e+00
5.301259998505938320e-01 4.693776434683998300e-01 4.770475107888463759e-21 4.974394458109050669e-18 4.963566810061773287e-04 0.000000000000000000e+00
5.301259998505938320e-01 4.693776434683998300e-01 4.770475107888463759e-21 4.974394458109050669e-18 4.963566810061773287e-04 0.000000000000000000e+00
5.301259998505938320e-01 4.693776434683998300e-01 4.770475107888463759e-21 4.974394458109050669e-18 4.963566810061773287e-04 0.000000000000000000e+00
5.301259998505938320e-01 4.693776434683998300e-01 4.770475107888463759e-21 4.974394458109050669e-18 4.963566810061773287e-04 0.000000000000000000e+00
5.301259998505938320e-01 4.693776434683998300e-01 4.770475107888463759e-21 4.974394458109050669e-18 4.963566810061773287e-04 0.000000000000000000e+00
5.301259998505938320e-01 4.693776434683998300e-01 4.770475107888463759e-21 4.974394458109050669e-18 4.963566810061773287e-04 0.000000000000000000e+00
5.301259998505938320e-01 4.693776434683998300e-01 4.770475107888463759e-21 4.974394458109050669e-18 4.963566810061773287e-04 0.000000000000000000e+00
5.301259998505938320e-01 4.693776434683998300e-01 4.770475107888463759e-21 4.974394458109050669e-18 4.963566810061773287e-04 0.000000000000000000e+00
5.301259998505938320e-01 4.693776434683998300e-01 4.770475107888463759e-21 4.974394458109050669e-18 4.963566810061773287e-04 0.000000000000000000e+00
5.301259998505938320e-01 4.693776434683998300e-01 4.770475107888463759e-21 4.974394458109050669e-18 4.963566810061773287e-04 0.000000000000000000e+00
5.301259998505938320e-01 4.693776434683998300e-01 4.770475107888463759e-21 4.974394458109050669e-18 4.963566810061773287e-04 0.000000000000000000e+00
5.301259998505938320e-01 4.693776434683998300e-01 4.770475107888463759e-21 4.974394458109050669e-18 4.963566810061773287e-04 0.000000000000000000e+00
5.301259998505938320e-01 4.693776434683998300e-01 4.770475107888463759e-21 4.974394458109050669e-18 4.963566810061773287e-04 0.000000000000000000e+00
5.301259998505938320e-01 4.693776434683998300e-01 4.770475107888463759e-21 4.974394458109050669e-18 4.963566810061773287e-04 0.000000000000000000e+00
5.301259998505938320e-01 4.693776434683998300e-01 4.770475107888463759e-21 4.974394458109050669e-18 4.963566810061773287e-04 0.000000000000000000e+00
5.301259998505938320e-01 4.693776434683998300e-01 4.770475107888463759e-21 4.974394458109050669e-18 4.963566810061773287e-04 0.000000000000000000e+00
5.301259998505938320e-01 4.693776434683998300e-01 4.770475107888463759e-21 4.974394458109050669e-18 4.963566810061773287e-04 0.000000000000000000e+00
5.301259998505938320e-01 4.693776434683998300e-01 4.770475107888463759e-21 4.974394458109050669e-18 4.963566810061773287e-04 0.000000000000000000e+00
5.301259998505938320e-01 4.693776434683998300e-01 4.770475107888463759e-21 4.974394458109050669e-18 4.963566810061773287e-04 0.000000000000000000e+00
5.301259998505938320e-01 4.693776434683998300e-01 4.770475107888463759e-21 4.974394458109050669e-18 4.963566810061773287e-04 0.000000000000000000e+00
5.301259998505938320e-01 4.693776434683998300e-01 4.770475107888463759e-21 4.974394458109050669e-18 4.963566810061773287e-04 0.000000000000000000e+00
5.301259998505938320e-01 4.693776434683998300e-01 4.770475107888463759e-21 4.974394458109050669e-18 4.963566810061773287e-04 0.000000000000000000e+00
5.301259998505938320e-01 4.693776434683998300e-01 4.770475107888463759e-21 4.974394458109050669e-18 4.963566810061773287e-04 0.000000000000000000e+00
5.301259998505938320e-01 4.693776434683998300e-01 4.770475107888463759e-21 4.974394458109050669e-18 4.963566810061773287e-04 0.000000000000000000e+00
5.301259998505938320e-01 4.693776434683998300e-01 4.770475107888463759e-21 4.974394458109050669e-18 4.963566810061773287e-04 0.000000000000000000e+00
5.301259998505938320e-01 4.693776434683998300e-01 4.770475107888463759e-21 4.974394458109050669e-18 4.963566810061773287e-04 0.000000000000000000e+00
5.301259998505938320e-01 4.693776434683998300e-01 4.770475107888463759e-21 4.974394458109050669e-18 4.963566810061773287e-04 0.000000000000000000e+00
5.301259998505938320e-01 4.693776434683998300e-01 4.770475107888463759e-21 4.974394458109050669e-18 4.963566810061773287e-04 0.000000000000000000e+00
5.301259998505938320e-01 4.693776434683998300e-01 4.770475107888463759e-21 4.974394458109050669e-18 4.963566810061773287e-04 0.000000000000000000e+00
5.301259998505938320e-01 4.693776434683998300e-01 4.770475107888463759e-21 4.974394458109050669e-18 4.963566810061773287e-04 0.000000000000000000e+00
5.301259998505938320e-01 4.693776434683998300e-01 4.770475107888463759e-21 4.974394458109050669e-18 4.963566810061773287e-04 0.000000000000000000e+00
5.301259998505938320e-01 4.693776434683998300e-01 4.770475107888463759e-21 4.974394458109050669e-18 4.963566810061773287e-04 0.000000000000000000e+00
5.301259998505938320e-01 4.693776434683998300e-01 4.770475107888463759e-21 4.974394458109050669e-18 4.963566810061773287e-04 0.000000000000000000e+00
