8.251058198432716928e-01 1.741810903507191866e-01 2.600230300827302882e-13 9.136379487410997303e-13 7.130898048354598635e-04 0.000000000000000000e+00
8.251058198432716928e-01 1.741810903507192143e-01 1.849120401328498087e-13 6.974505490551491449e-13 7.130898051138570689e-04 0.000000000000000000e+00
8.251058198432716928e-01 1.741810903507192143e-01 1.196031139585809377e-13 4.938574150865764066e-13 7.130898053849888188e-04 0.000000000000000000e+00
8.251058198432716928e-01 1.741810903507192143e-01 7.681678469916960967e-14 3.477080179724968814e-13 7.130898055761552374e-04 0.000000000000000000e+00
8.251058198432716928e-01 1.741810903507192143e-01 4.898634224805243056e-14 2.434038997672119507e-13 7.130898057104191482e-04 0.000000000000000000e+00
8.251058198432715818e-01 1.741810903507192143e-01 3.101490525468967453e-14 1.694012962289803543e-13 7.130898058043139837e-04 0.000000000000000000e+00
8.251058198432715818e-01 1.741810903507192143e-01 1.949499221978392910e-14 1.172105212117057941e-13 7.130898058696609086e-04 0.000000000000000000e+00
8.251058198432715818e-01 1.741810903507191866e-01 1.216531970449170329e-14 8.062499759071850008e-14 7.130898059148885106e-04 0.000000000000000000e+00
8.251058198432716928e-01 1.741810903507192143e-01 7.536408358209161129e-15 5.513408109014957723e-14 7.130898059459950299e-04 0.000000000000000000e+00
8.251058198432718038e-01 1.741810903507192143e-01 4.632145342093048543e-15 3.746318847147186371e-14 7.130898059667538152e-04 0.000000000000000000e+00
8.251058198432716928e-01 1.741810903507192143e-01 2.823232929748786644e-15 2.528351046392852695e-14 7.130898059804381814e-04 0.000000000000000000e+00
8.251058198432716928e-01 1.741810903507192143e-01 1.707695262107356303e-15 1.695909092385440659e-14 7.130898059899035916e-04 0.000000000000000000e+00
8.251058198432716928e-01 1.741810903507192143e-01 1.025096259055980129e-15 1.130559112334108287e-14 7.130898059963968784e-04 0.000000000000000000e+00
8.251058198432716928e-01 1.741810903507192143e-01 6.106709855311729245e-16 7.490443151348936878e-15 7.130898060008076297e-04 0.000000000000000000e+00
8.251058198432715818e-01 1.741810903507191866e-01 3.610299535824723999e-16 4.932295963250904503e-15 7.130898060037680437e-04 0.000000000000000000e+00
8.251058198432716928e-01 1.741810903507192143e-01 2.115447068165236862e-16 3.224459594205576061e-15 7.130898060056311367e-04 0.000000000000000000e+00
8.251058198432715818e-01 1.741810903507191866e-01 1.228257845886596095e-16 2.092446091532484409e-15 7.130898060068247349e-04 0.000000000000000000e+00
8.251058198432715818e-01 1.741810903507191866e-01 7.075485011162504363e-17 1.349230738774749427e-15 7.130898060076414644e-04 0.000000000000000000e+00
8.251058198432715818e-01 1.741810903507192143e-01 4.044158359419283645e-17 8.645172262067612526e-16 7.130898060081883360e-04 0.000000000000000000e+00
8.251058198432716928e-01 1.741810903507192143e-01 2.293734891337211908e-17 5.504869574847514695e-16 7.130898060085463395e-04 0.000000000000000000e+00
8.251058198432715818e-01 1.741810903507191866e-01 1.286032066569049184e-17 3.472740334553359322e-16 7.130898060087461580e-04 0.000000000000000000e+00
8.251058198432715818e-01 1.741810903507191866e-01 7.152725563683309100e-18 2.176589743602896256e-16 7.130898060088839601e-04 0.000000000000000000e+00
8.251058198432715818e-01 1.741810903507191866e-01 3.947147741582617412e-18 1.355579926193354456e-16 7.130898060089757920e-04 0.000000000000000000e+00
8.251058198432715818e-01 1.741810903507191866e-01 2.159967564410033135e-18 8.385399778984253855e-17 7.130898060090334716e-04 0.000000000000000000e+00
8.251058198432716928e-01 1.741810903507191866e-01 1.167818469903438140e-18 5.136747280467787929e-17 7.130898060090648050e-04 0.000000000000000000e+00
8.251058198432716928e-01 1.741810903507191866e-01 6.264180948122242929e-19 3.126591241528180248e-17 7.130898060090867059e-04 0.000000000000000000e+00
8.251058198432716928e-01 1.741810903507191866e-01 3.334414808996442367e-19 1.891288467747459187e-17 7.130898060091004752e-04 0.000000000000000000e+00
8.251058198432715818e-01 1.741810903507191866e-01 1.753513001221721614e-19 1.132882891565689546e-17 7.130898060091084983e-04 0.000000000000000000e+00
8.251058198432715818e-01 1.741810903507191866e-01 9.134145113497174362e-20 6.733967482708902570e-18 7.130898060091129436e-04 0.000000000000000000e+00
8.251058198432716928e-01 1.741810903507191866e-01 4.722146929378152257e-20 3.978301017356748885e-18 7.130898060091165214e-04 0.000000000000000000e+00
8.251058198432716928e-01 1.741810903507191866e-01 2.412014428918403866e-20 2.327512177316987715e-18 7.130898060091180393e-04 0.000000000000000000e+00
8.251058198432716928e-01 1.741810903507191866e-01 1.219055521826949162e-20 1.350102882845164296e-18 7.130898060091187983e-04 0.000000000000000000e+00
8.251058198432716928e-01 1.741810903507192143e-01 6.116392397662891927e-21 7.785300059102169006e-19 7.130898060091194488e-04 0.000000000000000000e+00
8.251058198432716928e-01 1.741810903507191866e-01 3.027204708890673021e-21 4.440061825647001030e-19 7.130898060091202077e-04 0.000000000000000000e+00
8.251058198432716928e-01 1.741810903507191866e-01 1.483595736208535585e-21 2.512146390278079167e-19 7.130898060091202077e-04 0.000000000000000000e+00
8.251058198432716928e-01 1.741810903507192143e-01 7.220951078677989235e-22 1.413439227608621525e-19 7.130898060091202077e-04 0.000000000000000000e+00
8.251058198432716928e-01 1.741810903507192143e-01 3.454230644100909238e-22 7.841904832708517565e-20 7.130898060091202077e-04 0.000000000000000000e+00
8.251058198432716928e-01 1.741810903507192143e-01 1.641207097327294055e-22 4.326954978440508963e-20 7.130898060091202077e-04 0.000000000000000000e+00
8.251058198432716928e-01 1.741810903507192143e-01 7.708569519628006322e-23 2.365346589847713158e-20 7.130898060091202077e-04 0.000000000000000000e+00
8.251058198432716928e-01 1.741810903507192143e-01 3.572239707726466944e-23 1.279017889206243175e-20 7.130898060091202077e-04 0.000000000000000000e+00
8.251058198432716928e-01 1.741810903507192143e-01 1.645833003824788800e-23 6.883623557617904825e-21 7.130898060091202077e-04 0.000000000000000000e+00
8.251058198432716928e-01 1.741810903507192143e-01 7.434875062578639717e-24 3.646109094948906863e-21 7.130898060091202077e-04 0.000000000000000000e+00
8.251058198432716928e-01 1.741810903507192143e-01 3.339261088597073449e-24 1.922246008647398444e-21 7.130898060091202077e-04 0.000000000000000000e+00
8.251058198432716928e-01 1.741810903507192143e-01 1.477394501144494961e-24 1.001153504594340847e-21 7.130898060091202077e-04 0.000000000000000000e+00
8.251058198432716928e-01 1.741810903507192143e-01 6.464674718101935337e-25 5.167838980659265987e-22 7.130898060091202077e-04 0.000000000000000000e+00
8.251058198432715818e-01 1.741810903507191866e-01 2.798515576968744142e-25 2.644456998845151543e-22 7.130898060091202077e-04 0.000000000000000000e+00
8.251058198432715818e-01 1.741810903507191866e-01 1.192371058663993813e-25 1.335914189532161061e-22 7.130898060091202077e-04 0.000000000000000000e+00
8.251058198432716928e-01 1.741810903507192143e-01 5.045146451641045208e-26 6.710794305802668021e-23 7.130898060091202077e-04 0.000000000000000000e+00
8.251058198432715818e-01 1.741810903507192143e-01 2.091825613248743282e-26 3.316143738030160168e-23 7.130898060091202077e-04 0.000000000000000000e+00
8.251058198432715818e-01 1.741810903507191866e-01 8.640172630678927703e-27 1.633625645460300779e-23 7.130898060091202077e-04 0.000000000000000000e+00
8.251058198432715818e-01 1.741810903507191866e-01 8.223541253965320998e-27 1.570240405472880760e-23 7.130898060091202077e-04 0.000000000000000000e+00
8.251058198432715818e-01 1.741810903507191866e-01 8.223541253965320998e-27 1.570240405472880760e-23 7.130898060091202077e-04 0.000000000000000000e+00
8.251058198432715818e-01 1.741810903507191866e-01 8.223541253965320998e-27 1.570240405472880760e-23 7.130898060091202077e-04 0.000000000000000000e+00
8.251058198432715818e-01 1.741810903507191866e-01 8.223541253965320998e-27 1.570240405472880760e-23 7.130898060091202077e-04 0.000000000000000000e+00
8.251058198432715818e-01 1.741810903507191866e-01 8.223541253965320998e-27 1.570240405472880760e-23 7.130898060091202077e-04 0.000000000000000000e+00
8.251058198432715818e-01 1.741810903507191866e-01 8.223541253965320998e-27 1.570240405472880760e-23 7.130898060091202077e-04 0.000000000000000000e+00
8.251058198432715818e-01 1.741810903507191866e-01 8.223541253965320998e-27 1.570240405472880760e-23 7.130898060091202077e-04 0.000000000000000000e+00
8.251058198432715818e-01 1.741810903507191866e-01 8.223541253965320998e-27 1.570240405472880760e-23 7.130898060091202077e-04 0.000000000000000000e+00
8.251058198432715818e-01 1.741810903507191866e-01 8.223541253965320998e-27 1.570240405472880760e-23 7.130898060091202077e-04 0.000000000000000000e+00
8.251058198432715818e-01 1.741810903507191866e-01 8.223541253965320998e-27 1.570240405472880760e-23 7.130898060091202077e-04 0.000000000000000000e+00
8.251058198432715818e-01 1.741810903507191866e-01 8.223541253965320998e-27 1.570240405472880760e-23 7.130898060091202077e-04 0.000000000000000000e+00
8.251058198432715818e-01 1.741810903507191866e-01 8.223541253965320998e-27 1.570240405472880760e-23 7.130898060091202077e-04 0.000000000000000000e+00
8.251058198432715818e-01 1.741810903507191866e-01 8.223541253965320998e-27 1.570240405472880760e-23 7.130898060091202077e-04 0.000000000000000000e+00
8.251058198432715818e-01 1.741810903507191866e-01 8.223541253965320998e-27 1.570240405472880760e-23 7.130898060091202077e-04 0.000000000000000000e+00
8.251058198432715818e-01 1.741810903507191866e-01 8.223541253965320998e-27 1.570240405472880760e-23 7.130898060091202077e-04 0.000000000000000000e+00
8.251058198432715818e-01 1.741810903507191866e-01 8.223541253965320998e-27 1.570240405472880760e-23 7.130898060091202077e-04 0.000000000000000000e+00
8.251058198432715818e-01 1.741810903507191866e-01 8.223541253965320998e-27 1.570240405472880760e-23 7.130898060091202077e-04 0.000000000000000000e+00
8.251058198432715818e-01 1.741810903507191866e-01 8.223541253965320998e-27 1.570240405472880760e-23 7.130898060091202077e-04 0.000000000000000000e+00
8.251058198432715818e-01 1.741810903507191866e-01 8.223541253965320998e-27 1.570240405472880760e-23 7.130898060091202077e-04 0.000000000000000000e+00
8.251058198432715818e-01 1.741810903507191866e-01 8.223541253965320998e-27 1.570240405472880760e-23 7.130898060091202077e-04 0.000000000000000000e+00
8.251058198432715818e-01 1.741810903507191866e-01 8.223541253965320998e-27 1.570240405472880760e-23 7.130898060091202077e-04 0.000000000000000000e+00
8.251058198432715818e-01 1.741810903507191866e-01 8.223541253965320998e-27 1.570240405472880760e-23 7.130898060091202077e-04 0.000000000000000000e+00
8.251058198432715818e-01 1.741810903507191866e-01 8.223541253965320998e-27 1.570240405472880760e-23 7.130898060091202077e-04 0.000000000000000000e+00
8.251058198432715818e-01 1.741810903507191866e-01 8.223541253965320998e-27 1.570240405472880760e-23 7.130898060091202077e-04 0.000000000000000000e+00
8.251058198432715818e-01 1.741810903507191866e-01 8.223541253965320998e-27 1.570240405472880760e-23 7.130898060091202077e-04 0.000000000000000000e+00
8.251058198432715818e-01 1.741810903507191866e-01 8.223541253965320998e-27 1.570240405472880760e-23 7.130898060091202077e-04 0.000000000000000000e+00
8.251058198432715818e-01 1.741810903507191866e-01 8.223541253965320998e-27 1.570240405472880760e-23 7.130898060091202077e-04 0.000000000000000000e+00
8.251058198432715818e-01 1.741810903507191866e-01 8.223541253965320998e-27 1.570240405472880760e-23 7.130898060091202077e-04 0.000000000000000000e+00
8.251058198432715818e-01 1.741810903507191866e-01 8.223541253965320998e-27 1.570240405472880760e-23 7.130898060091202077e-04 0.000000000000000000e+00
8.251058198432715818e-01 1.741810903507191866e-01 8.223541253965320998e-27 1.570240405472880760e-23 7.130898060091202077e-04 0.000000000000000000e+00
8.251058198432715818e-01 1.741810903507191866e-01 8.223541253965320998e-27 1.570240405472880760e-23 7.130898060091202077e-04 0.000000000000000000e+00
8.251058198432715818e-01 1.741810903507191866e-01 8.223541253965320998e-27 1.570240405472880760e-23 7.130898060091202077e-04 0.000000000000000000e+00
8.251058198432715818e-01 1.741810903507191866e-01 8.223541253965320998e-27 1.570240405472880760e-23 7.130898060091202077e-04 0.000000000000000000e+00
8.251058198432715818e-01 1.741810903507191866e-01 8.223541253965320998e-27 1.570240405472880760e-23 7.130898060091202077e-04 0.000000000000000000e+00
8.251058198432715818e-01 1.741810903507191866e-01 8.223541253965320998e-27 1.570240405472880760e-23 7.130898060091202077e-04 0.000000000000000000e+00
8.251058198432715818e-01 1.741810903507191866e-01 8.223541253965320998e-27 1.570240405472880760e-23 7.130898060091202077e-04 0.000000000000000000e+00
8.251058198432715818e-01 1.741810903507191866e-01 8.223541253965320998e-27 1.570240405472880760e-23 7.130898060091202077e-04 0.000000000000000000e+00
8.251058198432715818e-01 1.741810903507191866e-01 8.223541253965320998e-27 1.570240405472880760e-23 7.130898060091202077e-04 0.000000000000000000e+00
8.251058198432715818e-01 1.741810903507191866e-01 8.223541253965320998e-27 1.570240405472880760e-23 7.130898060091202077e-04 0.000000000000000000e+00
8.251058198432715818e-01 1.741810903507191866e-01 8.223541253965320998e-27 1.570240405472880760e-23 7.130898060091202077e-04 0.000000000000000000e+00
8.251058198432715818e-01 1.741810903507191866e-01 8.223541253965320998e-27 1.570240405472880760e-23 7.130898060091202077e-04 0.000000000000000000e+00
8.251058198432715818e-01 1.741810903507191866e-01 8.223541253965320998e-27 1.570240405472880760e-23 7.130898060091202077e-04 0.000000000000000000e+00
8.251058198432715818e-01 1.741810903507191866e-01 8.223541253965320998e-27 1.570240405472880760e-23 7.130898060091202077e-04 0.000000000000000000e+00
8.251058198432715818e-01 1.741810903507191866e-01 8.223541253965320998e-27 1.570240405472880760e-23 7.130898060091202077e-04 0.000000000000000000e+00
8.251058198432715818e-01 1.741810903507191866e-01 8.223541253965320998e-27 1.570240405472880760e-23 7.130898060091202077e-04 0.000000000000000000e+00
8.251058198432715818e-01 1.741810903507191866e-01 8.223541253965320998e-27 1.570240405472880760e-23 7.130898060091202077e-04 0.000000000000000000e+00
8.251058198432715818e-01 1.741810903507191866e-01 8.223541253965320998e-27 1.570240405472880760e-23 7.130898060091202077e-04 0.000000000000000000e+00
8.251058198432715818e-01 1.741810903507191866e-01 8.223541253965320998e-27 1.570240405472880760e-23 7.130898060091202077e-04 0.000000000000000000e+00
8.251058198432715818e-01 1.741810903507191866e-01 8.223541253965320998e-27 1.570240405472880760e-23 7.130898060091202077e-04 0.000000000000000000e+00
8.251058198432715818e-01 1.741810903507191866e-01 8.223541253965320998e-27 1.570240405472880760e-23 7.130898060091202077e-04 0.000000000000000000e+00
8.251058198432715818e-01 1.741810903507191866e-01 8.223541253965320998e-27 1.570240405472880760e-23 7.130898060091202077e-04 0.000000000000000000e+00
8.251058198432715818e-01 1.741810903507191866e-01 8.223541253965320998e-27 1.570240405472880760e-23 7.130898060091202077e-04 0.000000000000000000e+00
8.251058198432715818e-01 1.741810903507191866e-01 8.223541253965320998e-27 1.570240405472880760e-23 7.130898060091202077e-04 0.000000000000000000e+00
8.251058198432715818e-01 1.741810903507191866e-01 8.223541253965320998e-27 1.570240405472880760e-23 7.130898060091202077e-04 0.000000000000000000e+00
8.251058198432715818e-01 1.741810903507191866e-01 8.223541253965320998e-27 1.570240405472880760e-23 7.130898060091202077e-04 0.000000000000000000e+00
8.251058198432715818e-01 1.741810903507191866e-01 8.223541253965320998e-27 1.570240405472880760e-23 7.130898060091202077e-04 0.000000000000000000e+00
8.251058198432715818e-01 1.741810903507191866e-01 8.223541253965320998e-27 1.570240405472880760e-23 7.130898060091202077e-04 0.000000000000000000e+00
8.251058198432715818e-01 1.741810903507191866e-01 8.223541253965320998e-27 1.570240405472880760e-23 7.130898060091202077e-04 0.000000000000000000e+00
8.251058198432715818e-01 1.741810903507191866e-01 8.223541253965320998e-27 1.570240405472880760e-23 7.130898060091202077e-04 0.000000000000000000e+00
8.251058198432715818e-01 1.741810903507191866e-01 8.223541253965320998e-27 1.570240405472880760e-23 7.130898060091202077e-04 0.000000000000000000e+00
8.251058198432715818e-01 1.741810903507191866e-01 8.223541253965320998e-27 1.570240405472880760e-23 7.130898060091202077e-04 0.000000000000000000e+00
8.251058198432715818e-01 1.741810903507191866e-01 8.223541253965320998e-27 1.570240405472880760e-23 7.130898060091202077e-04 0.000000000000000000e+00
8.251058198432715818e-01 1.741810903507191866e-01 8.223541253965320998e-27 1.570240405472880760e-23 7.130898060091202077e-04 0.000000000000000000e+00
8.251058198432715818e-01 1.741810903507191866e-01 8.223541253965320998e-27 1.570240405472880760e-23 7.130898060091202077e-04 0.000000000000000000e+00
8.251058198432715818e-01 1.741810903507191866e-01 8.223541253965320998e-27 1.570240405472880760e-23 7.130898060091202077e-04 0.000000000000000000e+00
8.251058198432715818e-01 1.741810903507191866e-01 8.223541253965320998e-27 1.570240405472880760e-23 7.130898060091202077e-04 0.000000000000000000e+00
8.251058198432715818e-01 1.741810903507191866e-01 8.223541253965320998e-27 1.570240405472880760e-23 7.130898060091202077e-04 0.000000000000000000e+00
8.251058198432715818e-01 1.741810903507191866e-01 8.223541253965320998e-27 1.570240405472880760e-23 7.130898060091202077e-04 0.000000000000000000e+00
8.251058198432715818e-01 1.741810903507191866e-01 8.223541253965320998e-27 1.570240405472880760e-23 7.130898060091202077e-04 0.000000000000000000e+00
8.251058198432715818e-01 1.741810903507191866e-01 8.223541253965320998e-27 1.570240405472880760e-23 7.130898060091202077e-04 0.000000000000000000e+00
8.251058198432715818e-01 1.741810903507191866e-01 8.223541253965320998e-27 1.570240405472880760e-23 7.130898060091202077e-04 0.000000000000000000e+00
8.251058198432715818e-01 1.741810903507191866e-01 8.223541253965320998e-27 1.570240405472880760e-23 7.130898060091202077e-04 0.000000000000000000e+00
8.251058198432715818e-01 1.741810903507191866e-01 8.223541253965320998e-27 1.570240405472880760e-23 7.130898060091202077e-04 0.000000000000000000e+00
8.251058198432715818e-01 1.741810903507191866e-01 8.223541253965320998e-27 1.570240405472880760e-23 7.130898060091202077e-04 0.000000000000000000e+00
8.251058198432715818e-01 1.741810903507191866e-01 8.223541253965320998e-27 1.570240405472880760e-23 7.130898060091202077e-04 0.000000000000000000e+00
8.251058198432715818e-01 1.741810903507191866e-01 8.223541253965320998e-27 1.570240405472880760e-23 7.130898060091202077e-04 0.000000000000000000e+00
8.251058198432715818e-01 1.741810903507191866e-01 8.223541253965320998e-27 1.570240405472880760e-23 7.130898060091202077e-04 0.000000000000000000e+00
8.251058198432715818e-01 1.741810903507191866e-01 8.223541253965320998e-27 1.570240405472880760e-23 7.130898060091202077e-04 0.000000000000000000e+00
8.251058198432715818e-01 1.741810903507191866e-01 8.223541253965320998e-27 1.570240405472880760e-23 7.130898060091202077e-04 0.000000000000000000e+00
8.251058198432715818e-01 1.741810903507191866e-01 8.223541253965320998e-27 1.570240405472880760e-23 7.130898060091202077e-04 0.000000000000000000e+00
8.251058198432715818e-01 1.741810903507191866e-01 8.223541253965320998e-27 1.570240405472880760e-23 7.130898060091202077e-04 0.000000000000000000e+00
8.251058198432715818e-01 1.741810903507191866e-01 8.223541253965320998e-27 1.570240405472880760e-23 7.130898060091202077e-04 0.000000000000000000e+00
8.251058198432715818e-01 1.741810903507191866e-01 8.223541253965320998e-27 1.570240405472880760e-23 7.130898060091202077e-04 0.000000000000000000e+00
8.251058198432715818e-01 1.741810903507191866e-01 8.223541253965320998e-27 1.570240405472880760e-23 7.130898060091202077e-04 0.000000000000000000e+00
8.251058198432715818e-01 1.741810903507191866e-01 8.223541253965320998e-27 1.570240405472880760e-23 7.130898060091202077e-04 0.000000000000000000e+00
8.251058198432715818e-01 1.741810903507191866e-01 8.223541253965320998e-27 1.570240405472880760e-23 7.130898060091202077e-04 0.000000000000000000e+00
8.251058198432715818e-01 1.741810903507191866e-01 8.223541253965320998e-27 1.570240405472880760e-23 7.130898060091202077e-04 0.000000000000000000e+00
8.251058198432715818e-01 1.741810903507191866e-01 8.223541253965320998e-27 1.570240405472880760e-23 7.130898060091202077e-04 0.000000000000000000e+00
8.251058198432715818e-01 1.741810903507191866e-01 8.223541253965320998e-27 1.570240405472880760e-23 7.130898060091202077e-04 0.000000000000000000e+00
8.251058198432715818e-01 1.741810903507191866e-01 8.223541253965320998e-27 1.570240405472880760e-23 7.130898060091202077e-04 0.000000000000000000e+00
8.251058198432715818e-01 1.741810903507191866e-01 8.223541253965320998e-27 1.570240405472880760e-23 7.130898060091202077e-04 0.000000000000000000e+00
8.251058198432715818e-01 1.741810903507191866e-01 8.223541253965320998e-27 1.570240405472880760e-23 7.130898060091202077e-04 0.000000000000000000e+00
8.251058198432715818e-01 1.741810903507191866e-01 8.223541253965320998e-27 1.570240405472880760e-23 7.130898060091202077e-04 0.000000000000000000e+00
8.251058198432715818e-01 1.741810903507191866e-01 8.223541253965320998e-27 1.570240405472880760e-23 7.130898060091202077e-04 0.000000000000000000e+00
8.251058198432715818e-01 1.741810903507191866e-01 8.223541253965320998e-27 1.570240405472880760e-23 7.130898060091202077e-04 0.000000000000000000e+00
8.251058198432715818e-01 1.741810903507191866e-01 8.223541253965320998e-27 1.570240405472880760e-23 7.130898060091202077e-04 0.000000000000000000e+00
8.251058198432715818e-01 1.741810903507191866e-01 8.223541253965320998e-27 1.570240405472880760e-23 7.130898060091202077e-04 0.000000000000000000e+00
8.251058198432715818e-01 1.741810903507191866e-01 8.223541253965320998e-27 1.570240405472880760e-23 7.130898060091202077e-04 0.000000000000000000e+00
8.251058198432715818e-01 1.741810903507191866e-01 8.223541253965320998e-27 1.570240405472880760e-23 7.130898060091202077e-04 0.000000000000000000e+00
8.251058198432715818e-01 1.741810903507191866e-01 8.223541253965320998e-27 1.570240405472880760e-23 7.130898060091202077e-04 0.000000000000000000e+00
8.251058198432715818e-01 1.741810903507191866e-01 8.223541253965320998e-27 1.570240405472880760e-23 7.130898060091202077e-04 0.000000000000000000e+00
8.251058198432715818e-01 1.741810903507191866e-01 8.223541253965320998e-27 1.570240405472880760e-23 7.130898060091202077e-04 0.000000000000000000e+00
8.251058198432715818e-01 1.741810903507191866e-01 8.223541253965320998e-27 1.570240405472880760e-23 7.130898060091202077e-04 0.000000000000000000e+00
8.251058198432715818e-01 1.741810903507191866e-01 8.223541253965320998e-27 1.570240405472880760e-23 7.130898060091202077e-04 0.000000000000000000e+00
8.251058198432715818e-01 1.741810903507191866e-01 8.223541253965320998e-27 1.570240405472880760e-23 7.130898060091202077e-04 0.000000000000000000e+00
8.251058198432715818e-01 1.741810903507191866e-01 8.223541253965320998e-27 1.570240405472880760e-23 7.130898060091202077e-04 0.000000000000000000e+00
8.251058198432715818e-01 1.741810903507191866e-01 8.223541253965320998e-27 1.570240405472880760e-23 7.130898060091202077e-04 0.000000000000000000e+00
8.251058198432715818e-01 1.741810903507191866e-01 8.223541253965320998e-27 1.570240405472880760e-23 7.130898060091202077e-04 0.000000000000000000e+00
8.251058198432715818e-01 1.741810903507191866e-01 8.223541253965320998e-27 1.570240405472880760e-23 7.130898060091202077e-04 0.000000000000000000e+00
8.251058198432715818e-01 1.741810903507191866e-01 8.223541253965320998e-27 1.570240405472880760e-23 7.130898060091202077e-04 0.000000000000000000e+00
8.251058198432715818e-01 1.741810903507191866e-01 8.223541253965320998e-27 1.570240405472880760e-23 7.130898060091202077e-04 0.000000000000000000e+00
8.251058198432715818e-01 1.741810903507191866e-01 8.223541253965320998e-27 1.570240405472880760e-23 7.130898060091202077e-04 0.000000000000000000e+00
8.251058198432715818e-01 1.741810903507191866e-01 8.223541253965320998e-27 1.570240405472880760e-23 7.130898060091202077e-04 0.000000000000000000e+00
8.251058198432715818e-01 1.741810903507191866e-01 8.223541253965320998e-27 1.570240405472880760e-23 7.130898060091202077e-04 0.000000000000000000e+00
8.251058198432715818e-01 1.741810903507191866e-01 8.223541253965320998e-27 1.570240405472880760e-23 7.130898060091202077e-04 0.000000000000000000e+00
8.251058198432715818e-01 1.741810903507191866e-01 8.223541253965320998e-27 1.570240405472880760e-23 7.130898060091202077e-04 0.000000000000000000e+00
8.251058198432715818e-01 1.741810903507191866e-01 8.223541253965320998e-27 1.570240405472880760e-23 7.130898060091202077e-04 0.000000000000000000e+00
8.251058198432715818e-01 1.741810903507191866e-01 8.223541253965320998e-27 1.570240405472880760e-23 7.130898060091202077e-04 0.000000000000000000e+00
8.251058198432715818e-01 1.741810903507191866e-01 8.223541253965320998e-27 1.570240405472880760e-23 7.130898060091202077e-04 0.000000000000000000e+00
8.251058198432715818e-01 1.741810903507191866e-01 8.223541253965320998e-27 1.570240405472880760e-23 7.130898060091202077e-04 0.000000000000000000e+00
8.251058198432715818e-01 1.741810903507191866e-01 8.223541253965320998e-27 1.570240405472880760e-23 7.130898060091202077e-04 0.000000000000000000e+00
8.251058198432715818e-01 1.741810903507191866e-01 8.223541253965320998e-27 1.570240405472880760e-23 7.130898060091202077e-04 0.000000000000000000e+00
8.251058198432715818e-01 1.741810903507191866e-01 8.223541253965320998e-27 1.570240405472880760e-23 7.130898060091202077e-04 0.000000000000000000e+00
8.251058198432715818e-01 1.741810903507191866e-01 8.223541253965320998e-27 1.570240405472880760e-23 7.130898060091202077e-04 0.000000000000000000e+00
8.251058198432715818e-01 1.741810903507191866e-01 8.223541253965320998e-27 1.570240405472880760e-23 7.130898060091202077e-04 0.000000000000000000e+00
8.251058198432715818e-01 1.741810903507191866e-01 8.223541253965320998e-27 1.570240405472880760e-23 7.130898060091202077e-04 0.000000000000000000e+00
8.251058198432715818e-01 1.741810903507191866e-01 8.223541253965320998e-27 1.570240405472880760e-23 7.130898060091202077e-04 0.000000000000000000e+00
8.251058198432715818e-01 1.741810903507191866e-01 8.223541253965320998e-27 1.570240405472880760e-23 7.130898060091202077e-04 0.000000000000000000e+00
8.251058198432715818e-01 1.741810903507191866e-01 8.223541253965320998e-27 1.570240405472880760e-23 7.130898060091202077e-04 0.000000000000000000e+00
8.251058198432715818e-01 1.741810903507191866e-01 8.223541253965320998e-27 1.570240405472880760e-23 7.130898060091202077e-04 0.000000000000000000e+00
8.251058198432715818e-01 1.741810903507191866e-01 8.223541253965320998e-27 1.570240405472880760e-23 7.130898060091202077e-04 0.000000000000000000e+00
8.251058198432715818e-01 1.741810903507191866e-01 8.223541253965320998e-27 1.570240405472880760e-23 7.130898060091202077e-04 0.000000000000000000e+00
8.251058198432715818e-01 1.741810903507191866e-01 8.223541253965320998e-27 1.570240405472880760e-23 7.130898060091202077e-04 0.000000000000000000e+00
8.251058198432715818e-01 1.741810903507191866e-01 8.223541253965320998e-27 1.570240405472880760e-23 7.130898060091202077e-04 0.000000000000000000e+00
8.251058198432715818e-01 1.741810903507191866e-01 8.223541253965320998e-27 1.570240405472880760e-23 7.130898060091202077e-04 0.000000000000000000e+00
8.251058198432715818e-01 1.741810903507191866e-01 8.223541253965320998e-27 1.570240405472880760e-23 7.130898060091202077e-04 0.000000000000000000e+00
8.251058198432715818e-01 1.741810903507191866e-01 8.223541253965320998e-27 1.570240405472880760e-23 7.130898060091202077e-04 0.000000000000000000e+00
8.251058198432715818e-01 1.741810903507191866e-01 8.223541253965320998e-27 1.570240405472880760e-23 7.130898060091202077e-04 0.000000000000000000e+00
8.251058198432715818e-01 1.741810903507191866e-01 8.223541253965320998e-27 1.570240405472880760e-23 7.130898060091202077e-04 0.000000000000000000e+00
8.251058198432715818e-01 1.741810903507191866e-01 8.223541253965320998e-27 1.570240405472880760e-23 7.130898060091202077e-04 0.000000000000000000e+00
8.251058198432715818e-01 1.741810903507191866e-01 8.223541253965320998e-27 1.570240405472880760e-23 7.130898060091202077e-04 0.000000000000000000e+00
8.251058198432715818e-01 1.741810903507191866e-01 8.223541253965320998e-27 1.570240405472880760e-23 7.130898060091202077e-04 0.000000000000000000e+00
8.251058198432715818e-01 1.741810903507191866e-01 8.223541253965320998e-27 1.570240405472880760e-23 7.130898060091202077e-04 0.000000000000000000e+00
8.251058198432715818e-01 1.741810903507191866e-01 8.223541253965320998e-27 1.570240405472880760e-23 7.130898060091202077e-04 0.000000000000000000e+00
8.251058198432715818e-01 1.741810903507191866e-01 8.223541253965320998e-27 1.570240405472880760e-23 7.130898060091202077e-04 0.000000000000000000e+00
8.251058198432715818e-01 1.741810903507191866e-01 8.223541253965320998e-27 1.570240405472880760e-23 7.130898060091202077e-04 0.000000000000000000e+00
8.251058198432715818e-01 1.741810903507191866e-01 8.223541253965320998e-27 1.570240405472880760e-23 7.130898060091202077e-04 0.000000000000000000e+00
8.251058198432715818e-01 1.741810903507191866e-01 8.223541253965320998e-27 1.570240405472880760e-23 7.130898060091202077e-04 0.000000000000000000e+00
8.251058198432715818e-01 1.741810903507191866e-01 8.223541253965320998e-27 1.570240405472880760e-23 7.130898060091202077e-04 0.000000000000000000e+00
8.251058198432715818e-01 1.741810903507191866e-01 8.223541253965320998e-27 1.570240405472880760e-23 7.130898060091202077e-04 0.000000000000000000e+00
8.251058198432715818e-01 1.741810903507191866e-01 8.223541253965320998e-27 1.570240405472880760e-23 7.130898060091202077e-04 0.000000000000000000e+00
8.251058198432715818e-01 1.741810903507191866e-01 8.223541253965320998e-27 1.570240405472880760e-23 7.130898060091202077e-04 0.000000000000000000e+00
8.251058198432715818e-01 1.741810903507191866e-01 8.223541253965320998e-27 1.570240405472880760e-23 7.130898060091202077e-04 0.000000000000000000e+00
8.251058198432715818e-01 1.741810903507191866e-01 8.223541253965320998e-27 1.570240405472880760e-23 7.130898060091202077e-04 0.000000000000000000e+00
8.251058198432715818e-01 1.741810903507191866e-01 8.223541253965320998e-27 1.570240405472880760e-23 7.130898060091202077e-04 0.000000000000000000e+00
8.251058198432715818e-01 1.741810903507191866e-01 8.223541253965320998e-27 1.570240405472880760e-23 7.130898060091202077e-04 0.000000000000000000e+00
8.251058198432715818e-01 1.741810903507191866e-01 8.223541253965320998e-27 1.570240405472880760e-23 7.130898060091202077e-04 0.000000000000000000e+00
8.251058198432715818e-01 1.741810903507191866e-01 8.223541253965320998e-27 1.570240405472880760e-23 7.130898060091202077e-04 0.000000000000000000e+00
8.251058198432715818e-01 1.741810903507191866e-01 8.223541253965320998e-27 1.570240405472880760e-23 7.130898060091202077e-04 0.000000000000000000e+00
8.251058198432715818e-01 1.741810903507191866e-01 8.223541253965320998e-27 1.570240405472880760e-23 7.130898060091202077e-04 0.000000000000000000e+00
8.251058198432715818e-01 1.741810903507191866e-01 8.223541253965320998e-27 1.570240405472880760e-23 7.130898060091202077e-04 0.000000000000000000e+00
8.251058198432715818e-01 1.741810903507191866e-01 8.223541253965320998e-27 1.570240405472880760e-23 7.130898060091202077e-04 0.000000000000000000e+00
8.251058198432715818e-01 1.741810903507191866e-01 8.223541253965320998e-27 1.570240405472880760e-23 7.130898060091202077e-04 0.000000000000000000e+00
8.251058198432715818e-01 1.741810903507191866e-01 8.223541253965320998e-27 1.570240405472880760e-23 7.130898060091202077e-04 0.000000000000000000e+00
8.251058198432715818e-01 1.741810903507191866e-01 8.223541253965320998e-27 1.570240405472880760e-23 7.130898060091202077e-04 0.000000000000000000e+00
8.251058198432715818e-01 1.741810903507191866e-01 8.223541253965320998e-27 1.570240405472880760e-23 7.130898060091202077e-04 0.000000000000000000e+00
8.251058198432715818e-01 1.741810903507191866e-01 8.223541253965320998e-27 1.570240405472880760e-23 7.130898060091202077e-04 0.000000000000000000e+00
8.251058198432715818e-01 1.741810903507191866e-01 8.223541253965320998e-27 1.570240405472880760e-23 7.130898060091202077e-04 0.000000000000000000e+00
8.251058198432715818e-01 1.741810903507191866e-01 8.223541253965320998e-27 1.570240405472880760e-23 7.130898060091202077e-04 0.000000000000000000e+00
8.251058198432715818e-01 1.741810903507191866e-01 8.223541253965320998e-27 1.570240405472880760e-23 7.130898060091202077e-04 0.000000000000000000e+00
8.251058198432715818e-01 1.741810903507191866e-01 8.223541253965320998e-27 1.570240405472880760e-23 7.130898060091202077e-04 0.000000000000000000e+00
8.251058198432715818e-01 1.741810903507191866e-01 8.223541253965320998e-27 1.570240405472880760e-23 7.130898060091202077e-04 0.000000000000000000e+00
8.251058198432715818e-01 1.741810903507191866e-01 8.223541253965320998e-27 1.570240405472880760e-23 7.130898060091202077e-04 0.000000000000000000e+00
8.251058198432715818e-01 1.741810903507191866e-01 8.223541253965320998e-27 1.570240405472880760e-23 7.130898060091202077e-04 0.000000000000000000e+00
8.251058198432715818e-01 1.741810903507191866e-01 8.223541253965320998e-27 1.570240405472880760e-23 7.130898060091202077e-04 0.000000000000000000e+00
8.251058198432715818e-01 1.741810903507191866e-01 8.223541253965320998e-27 1.570240405472880760e-23 7.130898060091202077e-04 0.000000000000000000e+00
8.251058198432715818e-01 1.741810903507191866e-01 8.223541253965320998e-27 1.570240405472880760e-23 7.130898060091202077e-04 0.000000000000000000e+00
8.251058198432715818e-01 1.741810903507191866e-01 8.223541253965320998e-27 1.570240405472880760e-23 7.130898060091202077e-04 0.000000000000000000e+00
8.251058198432715818e-01 1.741810903507191866e-01 8.223541253965320998e-27 1.570240405472880760e-23 7.130898060091202077e-04 0.000000000000000000e+00
8.251058198432715818e-01 1.741810903507191866e-01 8.223541253965320998e-27 1.570240405472880760e-23 7.130898060091202077e-04 0.000000000000000000e+00
8.251058198432715818e-01 1.741810903507191866e-01 8.223541253965320998e-27 1.570240405472880760e-23 7.130898060091202077e-04 0.000000000000000000e+00
8.251058198432715818e-01 1.741810903507191866e-01 8.223541253965320998e-27 1.570240405472880760e-23 7.130898060091202077e-04 0.000000000000000000e+00
8.251058198432715818e-01 1.741810903507191866e-01 8.223541253965320998e-27 1.570240405472880760e-23 7.130898060091202077e-04 0.000000000000000000e+00
8.251058198432715818e-01 1.741810903507191866e-01 8.223541253965320998e-27 1.570240405472880760e-23 7.130898060091202077e-04 0.000000000000000000e+00
8.251058198432715818e-01 1.741810903507191866e-01 8.223541253965320998e-27 1.570240405472880760e-23 7.130898060091202077e-04 0.000000000000000000e+00
8.251058198432715818e-01 1.741810903507191866e-01 8.223541253965320998e-27 1.570240405472880760e-23 7.130898060091202077e-04 0.000000000000000000e+00
8.251058198432715818e-01 1.741810903507191866e-01 8.223541253965320998e-27 1.570240405472880760e-23 7.130898060091202077e-04 0.000000000000000000e+00
8.251058198432715818e-01 1.741810903507191866e-01 8.223541253965320998e-27 1.570240405472880760e-23 7.130898060091202077e-04 0.000000000000000000e+00
8.251058198432715818e-01 1.741810903507191866e-01 8.223541253965320998e-27 1.570240405472880760e-23 7.130898060091202077e-04 0.000000000000000000e+00
8.251058198432715818e-01 1.741810903507191866e-01 8.223541253965320998e-27 1.570240405472880760e-23 7.130898060091202077e-04 0.000000000000000000e+00
8.251058198432715818e-01 1.741810903507191866e-01 8.223541253965320998e-27 1.570240405472880760e-23 7.130898060091202077e-04 0.000000000000000000e+00
8.251058198432715818e-01 1.741810903507191866e-01 8.223541253965320998e-27 1.570240405472880760e-23 7.130898060091202077e-04 0.000000000000000000e+00
8.251058198432715818e-01 1.741810903507191866e-01 8.223541253965320998e-27 1.570240405472880760e-23 7.130898060091202077e-04 0.000000000000000000e+00
8.251058198432715818e-01 1.741810903507191866e-01 8.223541253965320998e-27 1.570240405472880760e-23 7.130898060091202077e-04 0.000000000000000000e+00
8.251058198432715818e-01 1.741810903507191866e-01 8.223541253965320998e-27 1.570240405472880760e-23 7.130898060091202077e-04 0.000000000000000000e+00
8.251058198432715818e-01 1.741810903507191866e-01 8.223541253965320998e-27 1.570240405472880760e-23 7.130898060091202077e-04 0.000000000000000000e+00
8.251058198432715818e-01 1.741810903507191866e-01 8.223541253965320998e-27 1.570240405472880760e-23 7.130898060091202077e-04 0.000000000000000000e+00
8.251058198432715818e-01 1.741810903507191866e-01 8.223541253965320998e-27 1.570240405472880760e-23 7.130898060091202077e-04 0.000000000000000000e+00
8.251058198432715818e-01 1.741810903507191866e-01 8.223541253965320998e-27 1.570240405472880760e-23 7.130898060091202077e-04 0.000000000000000000e+00
8.251058198432715818e-01 1.741810903507191866e-01 8.223541253965320998e-27 1.570240405472880760e-23 7.130898060091202077e-04 0.000000000000000000e+00
8.251058198432715818e-01 1.741810903507191866e-01 8.223541253965320998e-27 1.570240405472880760e-23 7.130898060091202077e-04 0.000000000000000000e+00
8.251058198432715818e-01 1.741810903507191866e-01 8.223541253965320998e-27 1.570240405472880760e-23 7.130898060091202077e-04 0.000000000000000000e+00
8.251058198432715818e-01 1.741810903507191866e-01 8.223541253965320998e-27 1.570240405472880760e-23 7.130898060091202077e-04 0.000000000000000000e+00
8.251058198432715818e-01 1.741810903507191866e-01 8.223541253965320998e-27 1.570240405472880760e-23 7.130898060091202077e-04 0.000000000000000000e+00
8.251058198432715818e-01 1.741810903507191866e-01 8.223541253965320998e-27 1.570240405472880760e-23 7.130898060091202077e-04 0.000000000000000000e+00
8.251058198432715818e-01 1.741810903507191866e-01 8.223541253965320998e-27 1.570240405472880760e-23 7.130898060091202077e-04 0.000000000000000000e+00
8.251058198432715818e-01 1.741810903507191866e-01 8.223541253965320998e-27 1.570240405472880760e-23 7.130898060091202077e-04 0.000000000000000000e+00
8.251058198432715818e-01 1.741810903507191866e-01 8.223541253965320998e-27 1.570240405472880760e-23 7.130898060091202077e-04 0.000000000000000000e+00
8.251058198432715818e-01 1.741810903507191866e-01 8.223541253965320998e-27 1.570240405472880760e-23 7.130898060091202077e-04 0.000000000000000000e+00
8.251058198432715818e-01 1.741810903507191866e-01 8.223541253965320998e-27 1.570240405472880760e-23 7.130898060091202077e-04 0.000000000000000000e+00
8.251058198432715818e-01 1.741810903507191866e-01 8.223541253965320998e-27 1.570240405472880760e-23 7.130898060091202077e-04 0.000000000000000000e+00
8.251058198432715818e-01 1.741810903507191866e-01 8.223541253965320998e-27 1.570240405472880760e-23 7.130898060091202077e-04 0.000000000000000000e+00
8.251058198432715818e-01 1.741810903507191866e-01 8.223541253965320998e-27 1.570240405472880760e-23 7.130898060091202077e-04 0.000000000000000000e+00
8.251058198432715818e-01 1.741810903507191866e-01 8.223541253965320998e-27 1.570240405472880760e-23 7.130898060091202077e-04 0.000000000000000000e+00
8.251058198432715818e-01 1.741810903507191866e-01 8.223541253965320998e-27 1.570240405472880760e-23 7.130898060091202077e-04 0.000000000000000000e+00
8.251058198432715818e-01 1.741810903507191866e-01 8.223541253965320998e-27 1.570240405472880760e-23 7.130898060091202077e-04 0.000000000000000000e+00
8.251058198432715818e-01 1.741810903507191866e-01 8.223541253965320998e-27 1.570240405472880760e-23 7.130898060091202077e-04 0.000000000000000000e+00
8.251058198432715818e-01 1.741810903507191866e-01 8.223541253965320998e-27 1.570240405472880760e-23 7.130898060091202077e-04 0.000000000000000000e+00
8.251058198432715818e-01 1.741810903507191866e-01 8.223541253965320998e-27 1.570240405472880760e-23 7.130898060091202077e-04 0.000000000000000000e+00
8.251058198432715818e-01 1.741810903507191866e-01 8.223541253965320998e-27 1.570240405472880760e-23 7.130898060091202077e-04 0.000000000000000000e+00
8.251058198432715818e-01 1.741810903507191866e-01 8.223541253965320998e-27 1.570240405472880760e-23 7.130898060091202077e-04 0.000000000000000000e+00
8.251058198432715818e-01 1.741810903507191866e-01 8.223541253965320998e-27 1.570240405472880760e-23 7.130898060091202077e-04 0.000000000000000000e+00
8.251058198432715818e-01 1.741810903507191866e-01 8.223541253965320998e-27 1.570240405472880760e-23 7.130898060091202077e-04 0.000000000000000000e+00
8.251058198432715818e-01 1.741810903507191866e-01 8.223541253965320998e-27 1.570240405472880760e-23 7.130898060091202077e-04 0.000000000000000000e+00
8.251058198432715818e-01 1.741810903507191866e-01 8.223541253965320998e-27 1.570240405472880760e-23 7.130898060091202077e-04 0.000000000000000000e+00
8.251058198432715818e-01 1.741810903507191866e-01 8.223541253965320998e-27 1.570240405472880760e-23 7.130898060091202077e-04 0.000000000000000000e+00
8.251058198432715818e-01 1.741810903507191866e-01 8.223541253965320998e-27 1.570240405472880760e-23 7.130898060091202077e-04 0.000000000000000000e+00
8.251058198432715818e-01 1.741810903507191866e-01 8.223541253965320998e-27 1.570240405472880760e-23 7.130898060091202077e-04 0.000000000000000000e+00
8.251058198432715818e-01 1.741810903507191866e-01 8.223541253965320998e-27 1.570240405472880760e-23 7.130898060091202077e-04 0.000000000000000000e+00
8.251058198432715818e-01 1.741810903507191866e-01 8.223541253965320998e-27 1.570240405472880760e-23 7.130898060091202077e-04 0.000000000000000000e+00
8.251058198432715818e-01 1.741810903507191866e-01 8.223541253965320998e-27 1.570240405472880760e-23 7.130898060091202077e-04 0.000000000000000000e+00
8.251058198432715818e-01 1.741810903507191866e-01 8.223541253965320998e-27 1.570240405472880760e-23 7.130898060091202077e-04 0.000000000000000000e+00
8.251058198432715818e-01 1.741810903507191866e-01 8.223541253965320998e-27 1.570240405472880760e-23 7.130898060091202077e-04 0.000000000000000000e+00
8.251058198432715818e-01 1.741810903507191866e-01 8.223541253965320998e-27 1.570240405472880760e-23 7.130898060091202077e-04 0.000000000000000000e+00
8.251058198432715818e-01 1.741810903507191866e-01 8.223541253965320998e-27 1.570240405472880760e-23 7.130898060091202077e-04 0.000000000000000000e+00
8.251058198432715818e-01 1.741810903507191866e-01 8.223541253965320998e-27 1.570240405472880760e-23 7.130898060091202077e-04 0.000000000000000000e+00
8.251058198432715818e-01 1.741810903507191866e-01 8.223541253965320998e-27 1.570240405472880760e-23 7.130898060091202077e-04 0.000000000000000000e+00
8.251058198432715818e-01 1.741810903507191866e-01 8.223541253965320998e-27 1.570240405472880760e-23 7.130898060091202077e-04 0.000000000000000000e+00
8.251058198432715818e-01 1.741810903507191866e-01 8.223541253965320998e-27 1.570240405472880760e-23 7.130898060091202077e-04 0.000000000000000000e+00
8.251058198432715818e-01 1.741810903507191866e-01 8.223541253965320998e-27 1.570240405472880760e-23 7.130898060091202077e-04 0.000000000000000000e+00
8.251058198432715818e-01 1.741810903507191866e-01 8.223541253965320998e-27 1.570240405472880760e-23 7.130898060091202077e-04 0.000000000000000000e+00
8.251058198432715818e-01 1.741810903507191866e-01 8.223541253965320998e-27 1.570240405472880760e-23 7.130898060091202077e-04 0.000000000000000000e+00
8.251058198432715818e-01 1.741810903507191866e-01 8.223541253965320998e-27 1.570240405472880760e-23 7.130898060091202077e-04 0.000000000000000000e+00
8.251058198432715818e-01 1.741810903507191866e-01 8.223541253965320998e-27 1.570240405472880760e-23 7.130898060091202077e-04 0.000000000000000000e+00
8.251058198432715818e-01 1.741810903507191866e-01 8.223541253965320998e-27 1.570240405472880760e-23 7.130898060091202077e-04 0.000000000000000000e+00
8.251058198432715818e-01 1.741810903507191866e-01 8.223541253965320998e-27 1.570240405472880760e-23 7.130898060091202077e-04 0.000000000000000000e+00
8.251058198432715818e-01 1.741810903507191866e-01 8.223541253965320998e-27 1.570240405472880760e-23 7.130898060091202077e-04 0.000000000000000000e+00
8.251058198432715818e-01 1.741810903507191866e-01 8.223541253965320998e-27 1.570240405472880760e-23 7.130898060091202077e-04 0.000000000000000000e+00
8.251058198432715818e-01 1.741810903507191866e-01 8.223541253965320998e-27 1.570240405472880760e-23 7.130898060091202077e-04 0.000000000000000000e+00
8.251058198432715818e-01 1.741810903507191866e-01 8.223541253965320998e-27 1.570240405472880760e-23 7.130898060091202077e-04 0.000000000000000000e+00
8.251058198432715818e-01 1.741810903507191866e-01 8.223541253965320998e-27 1.570240405472880760e-23 7.130898060091202077e-04 0.000000000000000000e+00
8.251058198432715818e-01 1.741810903507191866e-01 8.223541253965320998e-27 1.570240405472880760e-23 7.130898060091202077e-04 0.000000000000000000e+00
8.251058198432715818e-01 1.741810903507191866e-01 8.223541253965320998e-27 1.570240405472880760e-23 7.130898060091202077e-04 0.000000000000000000e+00
8.251058198432715818e-01 1.741810903507191866e-01 8.223541253965320998e-27 1.570240405472880760e-23 7.130898060091202077e-04 0.000000000000000000e+00
8.251058198432715818e-01 1.741810903507191866e-01 8.223541253965320998e-27 1.570240405472880760e-23 7.130898060091202077e-04 0.000000000000000000e+00
8.251058198432715818e-01 1.741810903507191866e-01 8.223541253965320998e-27 1.570240405472880760e-23 7.130898060091202077e-04 0.000000000000000000e+00
8.251058198432715818e-01 1.741810903507191866e-01 8.223541253965320998e-27 1.570240405472880760e-23 7.130898060091202077e-04 0.000000000000000000e+00
8.251058198432715818e-01 1.741810903507191866e-01 8.223541253965320998e-27 1.570240405472880760e-23 7.130898060091202077e-04 0.000000000000000000e+00
8.251058198432715818e-01 1.741810903507191866e-01 8.223541253965320998e-27 1.570240405472880760e-23 7.130898060091202077e-04 0.000000000000000000e+00
8.251058198432715818e-01 1.741810903507191866e-01 8.223541253965320998e-27 1.570240405472880760e-23 7.130898060091202077e-04 0.000000000000000000e+00
8.251058198432715818e-01 1.741810903507191866e-01 8.223541253965320998e-27 1.570240405472880760e-23 7.130898060091202077e-04 0.000000000000000000e+00
8.251058198432715818e-01 1.741810903507191866e-01 8.223541253965320998e-27 1.570240405472880760e-23 7.130898060091202077e-04 0.000000000000000000e+00
8.251058198432715818e-01 1.741810903507191866e-01 8.223541253965320998e-27 1.570240405472880760e-23 7.130898060091202077e-04 0.000000000000000000e+00
8.251058198432715818e-01 1.741810903507191866e-01 8.223541253965320998e-27 1.570240405472880760e-23 7.130898060091202077e-04 0.000000000000000000e+00
8.251058198432715818e-01 1.741810903507191866e-01 8.223541253965320998e-27 1.570240405472880760e-23 7.130898060091202077e-04 0.000000000000000000e+00
8.251058198432715818e-01 1.741810903507191866e-01 8.223541253965320998e-27 1.570240405472880760e-23 7.130898060091202077e-04 0.000000000000000000e+00
8.251058198432715818e-01 1.741810903507191866e-01 8.223541253965320998e-27 1.570240405472880760e-23 7.130898060091202077e-04 0.000000000000000000e+00
8.251058198432715818e-01 1.741810903507191866e-01 8.223541253965320998e-27 1.570240405472880760e-23 7.130898060091202077e-04 0.000000000000000000e+00
8.251058198432715818e-01 1.741810903507191866e-01 8.223541253965320998e-27 1.570240405472880760e-23 7.130898060091202077e-04 0.000000000000000000e+00
8.251058198432715818e-01 1.741810903507191866e-01 8.223541253965320998e-27 1.570240405472880760e-23 7.130898060091202077e-04 0.000000000000000000e+00
8.251058198432715818e-01 1.741810903507191866e-01 8.223541253965320998e-27 1.570240405472880760e-23 7.130898060091202077e-04 0.000000000000000000e+00
8.251058198432715818e-01 1.741810903507191866e-01 8.223541253965320998e-27 1.570240405472880760e-23 7.130898060091202077e-04 0.000000000000000000e+00
8.251058198432715818e-01 1.741810903507191866e-01 8.223541253965320998e-27 1.570240405472880760e-23 7.130898060091202077e-04 0.000000000000000000e+00
8.251058198432715818e-01 1.741810903507191866e-01 8.223541253965320998e-27 1.570240405472880760e-23 7.130898060091202077e-04 0.000000000000000000e+00
8.251058198432715818e-01 1.741810903507191866e-01 8.223541253965320998e-27 1.570240405472880760e-23 7.130898060091202077e-04 0.000000000000000000e+00
8.251058198432715818e-01 1.741810903507191866e-01 8.223541253965320998e-27 1.570240405472880760e-23 7.130898060091202077e-04 0.000000000000000000e+00
8.251058198432715818e-01 1.741810903507191866e-01 8.223541253965320998e-27 1.570240405472880760e-23 7.130898060091202077e-04 0.000000000000000000e+00
8.251058198432715818e-01 1.741810903507191866e-01 8.223541253965320998e-27 1.570240405472880760e-23 7.130898060091202077e-04 0.000000000000000000e+00
8.251058198432715818e-01 1.741810903507191866e-01 8.223541253965320998e-27 1.570240405472880760e-23 7.130898060091202077e-04 0.000000000000000000e+00
8.251058198432715818e-01 1.741810903507191866e-01 8.223541253965320998e-27 1.570240405472880760e-23 7.130898060091202077e-04 0.000000000000000000e+00
8.251058198432715818e-01 1.741810903507191866e-01 8.223541253965320998e-27 1.570240405472880760e-23 7.130898060091202077e-04 0.000000000000000000e+00
8.251058198432715818e-01 1.741810903507191866e-01 8.223541253965320998e-27 1.570240405472880760e-23 7.130898060091202077e-04 0.000000000000000000e+00
8.251058198432715818e-01 1.741810903507191866e-01 8.223541253965320998e-27 1.570240405472880760e-23 7.130898060091202077e-04 0.000000000000000000e+00
8.251058198432715818e-01 1.741810903507191866e-01 8.223541253965320998e-27 1.570240405472880760e-23 7.130898060091202077e-04 0.000000000000000000e+00
8.251058198432715818e-01 1.741810903507191866e-01 8.223541253965320998e-27 1.570240405472880760e-23 7.130898060091202077e-04 0.000000000000000000e+00
8.251058198432715818e-01 1.741810903507191866e-01 8.223541253965320998e-27 1.570240405472880760e-23 7.130898060091202077e-04 0.000000000000000000e+00
8.251058198432715818e-01 1.741810903507191866e-01 8.223541253965320998e-27 1.570240405472880760e-23 7.130898060091202077e-04 0.000000000000000000e+00
8.251058198432715818e-01 1.741810903507191866e-01 8.223541253965320998e-27 1.570240405472880760e-23 7.130898060091202077e-04 0.000000000000000000e+00
8.251058198432715818e-01 1.741810903507191866e-01 8.223541253965320998e-27 1.570240405472880760e-23 7.130898060091202077e-04 0.000000000000000000e+00
8.251058198432715818e-01 1.741810903507191866e-01 8.223541253965320998e-27 1.570240405472880760e-23 7.130898060091202077e-04 0.000000000000000000e+00
8.251058198432715818e-01 1.741810903507191866e-01 8.223541253965320998e-27 1.570240405472880760e-23 7.130898060091202077e-04 0.000000000000000000e+00
8.251058198432715818e-01 1.741810903507191866e-01 8.223541253965320998e-27 1.570240405472880760e-23 7.130898060091202077e-04 0.000000000000000000e+00
8.251058198432715818e-01 1.741810903507191866e-01 8.223541253965320998e-27 1.570240405472880760e-23 7.130898060091202077e-04 0.000000000000000000e+00
8.251058198432715818e-01 1.741810903507191866e-01 8.223541253965320998e-27 1.570240405472880760e-23 7.130898060091202077e-04 0.000000000000000000e+00
8.251058198432715818e-01 1.741810903507191866e-01 8.223541253965320998e-27 1.570240405472880760e-23 7.130898060091202077e-04 0.000000000000000000e+00
8.251058198432715818e-01 1.741810903507191866e-01 8.223541253965320998e-27 1.570240405472880760e-23 7.130898060091202077e-04 0.000000000000000000e+00
8.251058198432715818e-01 1.741810903507191866e-01 8.223541253965320998e-27 1.570240405472880760e-23 7.130898060091202077e-04 0.000000000000000000e+00
8.251058198432715818e-01 1.741810903507191866e-01 8.223541253965320998e-27 1.570240405472880760e-23 7.130898060091202077e-04 0.000000000000000000e+00
8.251058198432715818e-01 1.741810903507191866e-01 8.223541253965320998e-27 1.570240405472880760e-23 7.130898060091202077e-04 0.000000000000000000e+00
8.251058198432715818e-01 1.741810903507191866e-01 8.223541253965320998e-27 1.570240405472880760e-23 7.130898060091202077e-04 0.000000000000000000e+00
8.251058198432715818e-01 1.741810903507191866e-01 8.223541253965320998e-27 1.570240405472880760e-23 7.130898060091202077e-04 0.000000000000000000e+00
8.251058198432715818e-01 1.741810903507191866e-01 8.223541253965320998e-27 1.570240405472880760e-23 7.130898060091202077e-04 0.000000000000000000e+00
8.251058198432715818e-01 1.741810903507191866e-01 8.223541253965320998e-27 1.570240405472880760e-23 7.130898060091202077e-04 0.000000000000000000e+00
8.251058198432715818e-01 1.741810903507191866e-01 8.223541253965320998e-27 1.570240405472880760e-23 7.130898060091202077e-04 0.000000000000000000e+00
8.251058198432715818e-01 1.741810903507191866e-01 8.223541253965320998e-27 1.570240405472880760e-23 7.130898060091202077e-04 0.000000000000000000e+00
8.251058198432715818e-01 1.741810903507191866e-01 8.223541253965320998e-27 1.570240405472880760e-23 7.130898060091202077e-04 0.000000000000000000e+00
8.251058198432715818e-01 1.741810903507191866e-01 8.223541253965320998e-27 1.570240405472880760e-23 7.130898060091202077e-04 0.000000000000000000e+00
8.251058198432715818e-01 1.741810903507191866e-01 8.223541253965320998e-27 1.570240405472880760e-23 7.130898060091202077e-04 0.000000000000000000e+00
8.251058198432715818e-01 1.741810903507191866e-01 8.223541253965320998e-27 1.570240405472880760e-23 7.130898060091202077e-04 0.000000000000000000e+00
8.251058198432715818e-01 1.741810903507191866e-01 8.223541253965320998e-27 1.570240405472880760e-23 7.130898060091202077e-04 0.000000000000000000e+00
8.251058198432715818e-01 1.741810903507191866e-01 8.223541253965320998e-27 1.570240405472880760e-23 7.130898060091202077e-04 0.000000000000000000e+00
8.251058198432715818e-01 1.741810903507191866e-01 8.223541253965320998e-27 1.570240405472880760e-23 7.130898060091202077e-04 0.000000000000000000e+00
8.251058198432715818e-01 1.741810903507191866e-01 8.223541253965320998e-27 1.570240405472880760e-23 7.130898060091202077e-04 0.000000000000000000e+00
8.251058198432715818e-01 1.741810903507191866e-01 8.223541253965320998e-27 1.570240405472880760e-23 7.130898060091202077e-04 0.000000000000000000e+00
8.251058198432715818e-01 1.741810903507191866e-01 8.223541253965320998e-27 1.570240405472880760e-23 7.130898060091202077e-04 0.000000000000000000e+00
8.251058198432715818e-01 1.741810903507191866e-01 8.223541253965320998e-27 1.570240405472880760e-23 7.130898060091202077e-04 0.000000000000000000e+00
8.251058198432715818e-01 1.741810903507191866e-01 8.223541253965320998e-27 1.570240405472880760e-23 7.130898060091202077e-04 0.000000000000000000e+00
8.251058198432715818e-01 1.741810903507191866e-01 8.223541253965320998e-27 1.570240405472880760e-23 7.130898060091202077e-04 0.000000000000000000e+00
8.251058198432715818e-01 1.741810903507191866e-01 8.223541253965320998e-27 1.570240405472880760e-23 7.130898060091202077e-04 0.000000000000000000e+00
8.251058198432715818e-01 1.741810903507191866e-01 8.223541253965320998e-27 1.570240405472880760e-23 7.130898060091202077e-04 0.000000000000000000e+00
8.251058198432715818e-01 1.741810903507191866e-01 8.223541253965320998e-27 1.570240405472880760e-23 7.130898060091202077e-04 0.000000000000000000e+00
8.251058198432715818e-01 1.741810903507191866e-01 8.223541253965320998e-27 1.570240405472880760e-23 7.130898060091202077e-04 0.000000000000000000e+00
8.251058198432715818e-01 1.741810903507191866e-01 8.223541253965320998e-27 1.570240405472880760e-23 7.130898060091202077e-04 0.000000000000000000e+00
8.251058198432715818e-01 1.741810903507191866e-01 8.223541253965320998e-27 1.570240405472880760e-23 7.130898060091202077e-04 0.000000000000000000e+00
8.251058198432715818e-01 1.741810903507191866e-01 8.223541253965320998e-27 1.570240405472880760e-23 7.130898060091202077e-04 0.000000000000000000e+00
8.251058198432715818e-01 1.741810903507191866e-01 8.223541253965320998e-27 1.570240405472880760e-23 7.130898060091202077e-04 0.000000000000000000e+00
8.251058198432715818e-01 1.741810903507191866e-01 8.223541253965320998e-27 1.570240405472880760e-23 7.130898060091202077e-04 0.000000000000000000e+00
8.251058198432715818e-01 1.741810903507191866e-01 8.223541253965320998e-27 1.570240405472880760e-23 7.130898060091202077e-04 0.000000000000000000e+00
8.251058198432715818e-01 1.741810903507191866e-01 8.223541253965320998e-27 1.570240405472880760e-23 7.130898060091202077e-04 0.000000000000000000e+00
8.251058198432715818e-01 1.741810903507191866e-01 8.223541253965320998e-27 1.570240405472880760e-23 7.130898060091202077e-04 0.000000000000000000e+00
8.251058198432715818e-01 1.741810903507191866e-01 8.223541253965320998e-27 1.570240405472880760e-23 7.130898060091202077e-04 0.000000000000000000e+00
8.251058198432715818e-01 1.741810903507191866e-01 8.223541253965320998e-27 1.570240405472880760e-23 7.130898060091202077e-04 0.000000000000000000e+00
8.251058198432715818e-01 1.741810903507191866e-01 8.223541253965320998e-27 1.570240405472880760e-23 7.130898060091202077e-04 0.000000000000000000e+00
8.251058198432715818e-01 1.741810903507191866e-01 8.223541253965320998e-27 1.570240405472880760e-23 7.130898060091202077e-04 0.000000000000000000e+00
8.251058198432715818e-01 1.741810903507191866e-01 8.223541253965320998e-27 1.570240405472880760e-23 7.130898060091202077e-04 0.000000000000000000e+00
8.251058198432715818e-01 1.741810903507191866e-01 8.223541253965320998e-27 1.570240405472880760e-23 7.130898060091202077e-04 0.000000000000000000e+00
8.251058198432715818e-01 1.741810903507191866e-01 8.223541253965320998e-27 1.570240405472880760e-23 7.130898060091202077e-04 0.000000000000000000e+00
8.251058198432715818e-01 1.741810903507191866e-01 8.223541253965320998e-27 1.570240405472880760e-23 7.130898060091202077e-04 0.000000000000000000e+00
8.251058198432715818e-01 1.741810903507191866e-01 8.223541253965320998e-27 1.570240405472880760e-23 7.130898060091202077e-04 0.000000000000000000e+00
8.251058198432715818e-01 1.741810903507191866e-01 8.223541253965320998e-27 1.570240405472880760e-23 7.130898060091202077e-04 0.000000000000000000e+00
8.251058198432715818e-01 1.741810903507191866e-01 8.223541253965320998e-27 1.570240405472880760e-23 7.130898060091202077e-04 0.000000000000000000e+00
8.251058198432715818e-01 1.741810903507191866e-01 8.223541253965320998e-27 1.570240405472880760e-23 7.130898060091202077e-04 0.000000000000000000e+00
8.251058198432715818e-01 1.741810903507191866e-01 8.223541253965320998e-27 1.570240405472880760e-23 7.130898060091202077e-04 0.000000000000000000e+00
8.251058198432715818e-01 1.741810903507191866e-01 8.223541253965320998e-27 1.570240405472880760e-23 7.130898060091202077e-04 0.000000000000000000e+00
8.251058198432715818e-01 1.741810903507191866e-01 8.223541253965320998e-27 1.570240405472880760e-23 7.130898060091202077e-04 0.000000000000000000e+00
8.251058198432715818e-01 1.741810903507191866e-01 8.223541253965320998e-27 1.570240405472880760e-23 7.130898060091202077e-04 0.000000000000000000e+00
8.251058198432715818e-01 1.741810903507191866e-01 8.223541253965320998e-27 1.570240405472880760e-23 7.130898060091202077e-04 0.000000000000000000e+00
8.251058198432715818e-01 1.741810903507191866e-01 8.223541253965320998e-27 1.570240405472880760e-23 7.130898060091202077e-04 0.000000000000000000e+00
8.251058198432715818e-01 1.741810903507191866e-01 8.223541253965320998e-27 1.570240405472880760e-23 7.130898060091202077e-04 0.000000000000000000e+00
8.251058198432715818e-01 1.741810903507191866e-01 8.223541253965320998e-27 1.570240405472880760e-23 7.130898060091202077e-04 0.000000000000000000e+00
8.251058198432715818e-01 1.741810903507191866e-01 8.223541253965320998e-27 1.570240405472880760e-23 7.130898060091202077e-04 0.000000000000000000e+00
8.251058198432715818e-01 1.741810903507191866e-01 8.223541253965320998e-27 1.570240405472880760e-23 7.130898060091202077e-04 0.000000000000000000e+00
8.251058198432715818e-01 1.741810903507191866e-01 8.223541253965320998e-27 1.570240405472880760e-23 7.130898060091202077e-04 0.000000000000000000e+00
8.251058198432715818e-01 1.741810903507191866e-01 8.223541253965320998e-27 1.570240405472880760e-23 7.130898060091202077e-04 0.000000000000000000e+00
8.251058198432715818e-01 1.741810903507191866e-01 8.223541253965320998e-27 1.570240405472880760e-23 7.130898060091202077e-04 0.000000000000000000e+00
8.251058198432715818e-01 1.741810903507191866e-01 8.223541253965320998e-27 1.570240405472880760e-23 7.130898060091202077e-04 0.000000000000000000e+00
8.251058198432715818e-01 1.741810903507191866e-01 8.223541253965320998e-27 1.570240405472880760e-23 7.130898060091202077e-04 0.000000000000000000e+00
8.251058198432715818e-01 1.741810903507191866e-01 8.223541253965320998e-27 1.570240405472880760e-23 7.130898060091202077e-04 0.000000000000000000e+00
8.251058198432715818e-01 1.741810903507191866e-01 8.223541253965320998e-27 1.570240405472880760e-23 7.130898060091202077e-04 0.000000000000000000e+00
8.251058198432715818e-01 1.741810903507191866e-01 8.223541253965320998e-27 1.570240405472880760e-23 7.130898060091202077e-04 0.000000000000000000e+00
8.251058198432715818e-01 1.741810903507191866e-01 8.223541253965320998e-27 1.570240405472880760e-23 7.130898060091202077e-04 0.000000000000000000e+00
8.251058198432715818e-01 1.741810903507191866e-01 8.223541253965320998e-27 1.570240405472880760e-23 7.130898060091202077e-04 0.000000000000000000e+00
8.251058198432715818e-01 1.741810903507191866e-01 8.223541253965320998e-27 1.570240405472880760e-23 7.130898060091202077e-04 0.000000000000000000e+00
8.251058198432715818e-01 1.741810903507191866e-01 8.223541253965320998e-27 1.570240405472880760e-23 7.130898060091202077e-04 0.000000000000000000e+00
8.251058198432715818e-01 1.741810903507191866e-01 8.223541253965320998e-27 1.570240405472880760e-23 7.130898060091202077e-04 0.000000000000000000e+00
8.251058198432715818e-01 1.741810903507191866e-01 8.223541253965320998e-27 1.570240405472880760e-23 7.130898060091202077e-04 0.000000000000000000e+00
8.251058198432715818e-01 1.741810903507191866e-01 8.223541253965320998e-27 1.570240405472880760e-23 7.130898060091202077e-04 0.000000000000000000e+00
8.251058198432715818e-01 1.741810903507191866e-01 8.223541253965320998e-27 1.570240405472880760e-23 7.130898060091202077e-04 0.000000000000000000e+00
8.251058198432715818e-01 1.741810903507191866e-01 8.223541253965320998e-27 1.570240405472880760e-23 7.130898060091202077e-04 0.000000000000000000e+00
8.251058198432715818e-01 1.741810903507191866e-01 8.223541253965320998e-27 1.570240405472880760e-23 7.130898060091202077e-04 0.000000000000000000e+00
8.251058198432715818e-01 1.741810903507191866e-01 8.223541253965320998e-27 1.570240405472880760e-23 7.130898060091202077e-04 0.000000000000000000e+00
8.251058198432715818e-01 1.741810903507191866e-01 8.223541253965320998e-27 1.570240405472880760e-23 7.130898060091202077e-04 0.000000000000000000e+00
8.251058198432715818e-01 1.741810903507191866e-01 8.223541253965320998e-27 1.570240405472880760e-23 7.130898060091202077e-04 0.000000000000000000e+00
8.251058198432715818e-01 1.741810903507191866e-01 8.223541253965320998e-27 1.570240405472880760e-23 7.130898060091202077e-04 0.000000000000000000e+00
8.251058198432715818e-01 1.741810903507191866e-01 8.223541253965320998e-27 1.570240405472880760e-23 7.130898060091202077e-04 0.000000000000000000e+00
8.251058198432715818e-01 1.741810903507191866e-01 8.223541253965320998e-27 1.570240405472880760e-23 7.130898060091202077e-04 0.000000000000000000e+00
8.251058198432715818e-01 1.741810903507191866e-01 8.223541253965320998e-27 1.570240405472880760e-23 7.130898060091202077e-04 0.000000000000000000e+00
8.251058198432715818e-01 1.741810903507191866e-01 8.223541253965320998e-27 1.570240405472880760e-23 7.130898060091202077e-04 0.000000000000000000e+00
8.251058198432715818e-01 1.741810903507191866e-01 8.223541253965320998e-27 1.570240405472880760e-23 7.130898060091202077e-04 0.000000000000000000e+00
8.251058198432715818e-01 1.741810903507191866e-01 8.223541253965320998e-27 1.570240405472880760e-23 7.130898060091202077e-04 0.000000000000000000e+00
8.251058198432715818e-01 1.741810903507191866e-01 8.223541253965320998e-27 1.570240405472880760e-23 7.130898060091202077e-04 0.000000000000000000e+00
8.251058198432715818e-01 1.741810903507191866e-01 8.223541253965320998e-27 1.570240405472880760e-23 7.130898060091202077e-04 0.000000000000000000e+00
8.251058198432715818e-01 1.741810903507191866e-01 8.223541253965320998e-27 1.570240405472880760e-23 7.130898060091202077e-04 0.000000000000000000e+00
8.251058198432715818e-01 1.741810903507191866e-01 8.223541253965320998e-27 1.570240405472880760e-23 7.130898060091202077e-04 0.000000000000000000e+00
8.251058198432715818e-01 1.741810903507191866e-01 8.223541253965320998e-27 1.570240405472880760e-23 7.130898060091202077e-04 0.000000000000000000e+00
8.251058198432715818e-01 1.741810903507191866e-01 8.223541253965320998e-27 1.570240405472880760e-23 7.130898060091202077e-04 0.000000000000000000e+00
8.251058198432715818e-01 1.741810903507191866e-01 8.223541253965320998e-27 1.570240405472880760e-23 7.130898060091202077e-04 0.000000000000000000e+00
8.251058198432715818e-01 1.741810903507191866e-01 8.223541253965320998e-27 1.570240405472880760e-23 7.130898060091202077e-04 0.000000000000000000e+00
8.251058198432715818e-01 1.741810903507191866e-01 8.223541253965320998e-27 1.570240405472880760e-23 7.130898060091202077e-04 0.000000000000000000e+00
8.251058198432715818e-01 1.741810903507191866e-01 8.223541253965320998e-27 1.570240405472880760e-23 7.130898060091202077e-04 0.000000000000000000e+00
8.251058198432715818e-01 1.741810903507191866e-01 8.223541253965320998e-27 1.570240405472880760e-23 7.130898060091202077e-04 0.000000000000000000e+00
8.251058198432715818e-01 1.741810903507191866e-01 8.223541253965320998e-27 1.570240405472880760e-23 7.130898060091202077e-04 0.000000000000000000e+00
8.251058198432715818e-01 1.741810903507191866e-01 8.223541253965320998e-27 1.570240405472880760e-23 7.130898060091202077e-04 0.000000000000000000e+00
8.251058198432715818e-01 1.741810903507191866e-01 8.223541253965320998e-27 1.570240405472880760e-23 7.130898060091202077e-04 0.000000000000000000e+00
8.251058198432715818e-01 1.741810903507191866e-01 8.223541253965320998e-27 1.570240405472880760e-23 7.130898060091202077e-04 0.000000000000000000e+00
8.251058198432715818e-01 1.741810903507191866e-01 8.223541253965320998e-27 1.570240405472880760e-23 7.130898060091202077e-04 0.000000000000000000e+00
8.251058198432715818e-01 1.741810903507191866e-01 8.223541253965320998e-27 1.570240405472880760e-23 7.130898060091202077e-04 0.000000000000000000e+00
8.251058198432715818e-01 1.741810903507191866e-01 8.223541253965320998e-27 1.570240405472880760e-23 7.130898060091202077e-04 0.000000000000000000e+00
8.251058198432715818e-01 1.741810903507191866e-01 8.223541253965320998e-27 1.570240405472880760e-23 7.130898060091202077e-04 0.000000000000000000e+00
8.251058198432715818e-01 1.741810903507191866e-01 8.223541253965320998e-27 1.570240405472880760e-23 7.130898060091202077e-04 0.000000000000000000e+00
8.251058198432715818e-01 1.741810903507191866e-01 8.223541253965320998e-27 1.570240405472880760e-23 7.130898060091202077e-04 0.000000000000000000e+00
8.251058198432715818e-01 1.741810903507191866e-01 8.223541253965320998e-27 1.570240405472880760e-23 7.130898060091202077e-04 0.000000000000000000e+00
8.251058198432715818e-01 1.741810903507191866e-01 8.223541253965320998e-27 1.570240405472880760e-23 7.130898060091202077e-04 0.000000000000000000e+00
8.251058198432715818e-01 1.741810903507191866e-01 8.223541253965320998e-27 1.570240405472880760e-23 7.130898060091202077e-04 0.000000000000000000e+00
8.251058198432715818e-01 1.741810903507191866e-01 8.223541253965320998e-27 1.570240405472880760e-23 7.130898060091202077e-04 0.000000000000000000e+00
8.251058198432715818e-01 1.741810903507191866e-01 8.223541253965320998e-27 1.570240405472880760e-23 7.130898060091202077e-04 0.000000000000000000e+00
8.251058198432715818e-01 1.741810903507191866e-01 8.223541253965320998e-27 1.570240405472880760e-23 7.130898060091202077e-04 0.000000000000000000e+00
8.251058198432715818e-01 1.741810903507191866e-01 8.223541253965320998e-27 1.570240405472880760e-23 7.130898060091202077e-04 0.000000000000000000e+00
8.251058198432715818e-01 1.741810903507191866e-01 8.223541253965320998e-27 1.570240405472880760e-23 7.130898060091202077e-04 0.000000000000000000e+00
8.251058198432715818e-01 1.741810903507191866e-01 8.223541253965320998e-27 1.570240405472880760e-23 7.130898060091202077e-04 0.000000000000000000e+00
8.251058198432715818e-01 1.741810903507191866e-01 8.223541253965320998e-27 1.570240405472880760e-23 7.130898060091202077e-04 0.000000000000000000e+00
8.251058198432715818e-01 1.741810903507191866e-01 8.223541253965320998e-27 1.570240405472880760e-23 7.130898060091202077e-04 0.000000000000000000e+00
8.251058198432715818e-01 1.741810903507191866e-01 8.223541253965320998e-27 1.570240405472880760e-23 7.130898060091202077e-04 0.000000000000000000e+00
8.251058198432715818e-01 1.741810903507191866e-01 8.223541253965320998e-27 1.570240405472880760e-23 7.130898060091202077e-04 0.000000000000000000e+00
8.251058198432715818e-01 1.741810903507191866e-01 8.223541253965320998e-27 1.570240405472880760e-23 7.130898060091202077e-04 0.000000000000000000e+00
8.251058198432715818e-01 1.741810903507191866e-01 8.223541253965320998e-27 1.570240405472880760e-23 7.130898060091202077e-04 0.000000000000000000e+00
8.251058198432715818e-01 1.741810903507191866e-01 8.223541253965320998e-27 1.570240405472880760e-23 7.130898060091202077e-04 0.000000000000000000e+00
8.251058198432715818e-01 1.741810903507191866e-01 8.223541253965320998e-27 1.570240405472880760e-23 7.130898060091202077e-04 0.000000000000000000e+00
8.251058198432715818e-01 1.741810903507191866e-01 8.223541253965320998e-27 1.570240405472880760e-23 7.130898060091202077e-04 0.000000000000000000e+00
8.251058198432715818e-01 1.741810903507191866e-01 8.223541253965320998e-27 1.570240405472880760e-23 7.130898060091202077e-04 0.000000000000000000e+00
8.251058198432715818e-01 1.741810903507191866e-01 8.223541253965320998e-27 1.570240405472880760e-23 7.130898060091202077e-04 0.000000000000000000e+00
8.251058198432715818e-01 1.741810903507191866e-01 8.223541253965320998e-27 1.570240405472880760e-23 7.130898060091202077e-04 0.000000000000000000e+00
8.251058198432715818e-01 1.741810903507191866e-01 8.223541253965320998e-27 1.570240405472880760e-23 7.130898060091202077e-04 0.000000000000000000e+00
8.251058198432715818e-01 1.741810903507191866e-01 8.223541253965320998e-27 1.570240405472880760e-23 7.130898060091202077e-04 0.000000000000000000e+00
8.251058198432715818e-01 1.741810903507191866e-01 8.223541253965320998e-27 1.570240405472880760e-23 7.130898060091202077e-04 0.000000000000000000e+00
8.251058198432715818e-01 1.741810903507191866e-01 8.223541253965320998e-27 1.570240405472880760e-23 7.130898060091202077e-04 0.000000000000000000e+00
8.251058198432715818e-01 1.741810903507191866e-01 8.223541253965320998e-27 1.570240405472880760e-23 7.130898060091202077e-04 0.000000000000000000e+00
8.251058198432715818e-01 1.741810903507191866e-01 8.223541253965320998e-27 1.570240405472880760e-23 7.130898060091202077e-04 0.000000000000000000e+00
8.251058198432715818e-01 1.741810903507191866e-01 8.223541253965320998e-27 1.570240405472880760e-23 7.130898060091202077e-04 0.000000000000000000e+00
8.251058198432715818e-01 1.741810903507191866e-01 8.223541253965320998e-27 1.570240405472880760e-23 7.130898060091202077e-04 0.000000000000000000e+00
8.251058198432715818e-01 1.741810903507191866e-01 8.223541253965320998e-27 1.570240405472880760e-23 7.130898060091202077e-04 0.000000000000000000e+00
8.251058198432715818e-01 1.741810903507191866e-01 8.223541253965320998e-27 1.570240405472880760e-23 7.130898060091202077e-04 0.000000000000000000e+00
8.251058198432715818e-01 1.741810903507191866e-01 8.223541253965320998e-27 1.570240405472880760e-23 7.130898060091202077e-04 0.000000000000000000e+00
8.251058198432715818e-01 1.741810903507191866e-01 8.223541253965320998e-27 1.570240405472880760e-23 7.130898060091202077e-04 0.000000000000000000e+00
8.251058198432715818e-01 1.741810903507191866e-01 8.223541253965320998e-27 1.570240405472880760e-23 7.130898060091202077e-04 0.000000000000000000e+00
8.251058198432715818e-01 1.741810903507191866e-01 8.223541253965320998e-27 1.570240405472880760e-23 7.130898060091202077e-04 0.000000000000000000e+00
8.251058198432715818e-01 1.741810903507191866e-01 8.223541253965320998e-27 1.570240405472880760e-23 7.130898060091202077e-04 0.000000000000000000e+00
8.251058198432715818e-01 1.741810903507191866e-01 8.223541253965320998e-27 1.570240405472880760e-23 7.130898060091202077e-04 0.000000000000000000e+00
8.251058198432715818e-01 1.741810903507191866e-01 8.223541253965320998e-27 1.570240405472880760e-23 7.130898060091202077e-04 0.000000000000000000e+00
8.251058198432715818e-01 1.741810903507191866e-01 8.223541253965320998e-27 1.570240405472880760e-23 7.130898060091202077e-04 0.000000000000000000e+00
8.251058198432715818e-01 1.741810903507191866e-01 8.223541253965320998e-27 1.570240405472880760e-23 7.130898060091202077e-04 0.000000000000000000e+00
8.251058198432715818e-01 1.741810903507191866e-01 8.223541253965320998e-27 1.570240405472880760e-23 7.130898060091202077e-04 0.000000000000000000e+00
8.251058198432715818e-01 1.741810903507191866e-01 8.223541253965320998e-27 1.570240405472880760e-23 7.130898060091202077e-04 0.000000000000000000e+00
8.251058198432715818e-01 1.741810903507191866e-01 8.223541253965320998e-27 1.570240405472880760e-23 7.130898060091202077e-04 0.000000000000000000e+00
8.251058198432715818e-01 1.741810903507191866e-01 8.223541253965320998e-27 1.570240405472880760e-23 7.130898060091202077e-04 0.000000000000000000e+00
8.251058198432715818e-01 1.741810903507191866e-01 8.223541253965320998e-27 1.570240405472880760e-23 7.130898060091202077e-04 0.000000000000000000e+00
8.251058198432715818e-01 1.741810903507191866e-01 8.223541253965320998e-27 1.570240405472880760e-23 7.130898060091202077e-04 0.000000000000000000e+00
8.251058198432715818e-01 1.741810903507191866e-01 8.223541253965320998e-27 1.570240405472880760e-23 7.130898060091202077e-04 0.000000000000000000e+00
8.251058198432715818e-01 1.741810903507191866e-01 8.223541253965320998e-27 1.570240405472880760e-23 7.130898060091202077e-04 0.000000000000000000e+00
8.251058198432715818e-01 1.741810903507191866e-01 8.223541253965320998e-27 1.570240405472880760e-23 7.130898060091202077e-04 0.000000000000000000e+00
