9.600272353307089945e-01 3.925258018715353792e-02 3.129174689446699257e-12 1.003349976991900540e-12 7.201844780048830864e-04 0.000000000000000000e+00
9.600272297715690684e-01 3.925258571521792611e-02 2.199761269482350126e-12 7.591455583388973267e-13 7.201845102384727988e-04 0.000000000000000000e+00
9.600272297715689573e-01 3.925258571521792611e-02 1.483670227030059759e-12 5.558073697714347981e-13 7.201845111625921952e-04 0.000000000000000000e+00
9.600272297715690684e-01 3.925258571521794693e-02 9.942289436373855913e-13 4.048120817642466945e-13 7.201845118106611418e-04 0.000000000000000000e+00
9.600272297715690684e-01 3.925258571521792611e-02 6.617132796870237447e-13 2.932174765483333143e-13 7.201845122545131282e-04 0.000000000000000000e+00
9.600272297715689573e-01 3.925258571521792611e-02 4.374169019183873871e-13 2.112222762399721708e-13 7.201845125599992334e-04 0.000000000000000000e+00
9.600272297715689573e-01 3.925258571521792611e-02 2.872524634217988570e-13 1.513504646025265811e-13 7.201845127724392165e-04 0.000000000000000000e+00
9.600272297715689573e-01 3.925258571521792611e-02 1.873346758415219202e-13 1.078439221258242596e-13 7.201845129167502120e-04 0.000000000000000000e+00
9.600272297715689573e-01 3.925258571521792611e-02 1.212914957881706162e-13 7.639617154510246553e-14 7.201845130137774159e-04 0.000000000000000000e+00
9.600272297715690684e-01 3.925258571521792611e-02 7.800534837745001819e-14 5.382600976874780638e-14 7.201845130807355737e-04 0.000000000000000000e+00
9.600272297715690684e-01 3.925258571521794693e-02 4.979163013894862043e-14 3.769464443237409256e-14 7.201845131248931766e-04 0.000000000000000000e+00
9.600272297715689573e-01 3.925258571521792611e-02 3.155553648328004798e-14 2.624546725043070442e-14 7.201845131547788843e-04 0.000000000000000000e+00
9.600272297715690684e-01 3.925258571521792611e-02 1.985444159170908189e-14 1.816754698199187034e-14 7.201845131747986774e-04 0.000000000000000000e+00
9.600272297715688463e-01 3.925258571521792611e-02 1.239497853688747788e-14 1.249677555863419494e-14 7.201845131878776250e-04 0.000000000000000000e+00
9.600272297715689573e-01 3.925258571521792611e-02 7.683353120724787190e-15 8.546930740405652088e-15 7.201845131967221127e-04 0.000000000000000000e+00
9.600272297715689573e-01 3.925258571521792611e-02 4.723563962431164253e-15 5.806664943719499155e-15 7.201845132023601808e-04 0.000000000000000000e+00
9.600272297715689573e-01 3.925258571521792611e-02 2.883380285007408069e-15 3.922391801417014173e-15 7.201845132061703925e-04 0.000000000000000000e+00
9.600272297715689573e-01 3.925258571521792611e-02 1.745326457168998451e-15 2.631612492865081006e-15 7.201845132085755866e-04 0.000000000000000000e+00
9.600272297715688463e-01 3.925258571521792611e-02 1.048647317431010446e-15 1.755056191902761357e-15 7.201845132101766279e-04 0.000000000000000000e+00
9.600272297715690684e-01 3.925258571521792611e-02 6.248154690021722977e-16 1.162594082882229021e-15 7.201845132111950190e-04 0.000000000000000000e+00
9.600272297715689573e-01 3.925258571521792611e-02 3.693086202310723788e-16 7.651572588582795344e-16 7.201845132118519371e-04 0.000000000000000000e+00
9.600272297715690684e-01 3.925258571521794693e-02 2.165590391574801971e-16 5.003638397791470578e-16 7.201845132122805223e-04 0.000000000000000000e+00
9.600272297715689573e-01 3.925258571521792611e-02 1.258526956627959990e-16 3.248404527557013604e-16 7.201845132125426823e-04 0.000000000000000000e+00
9.600272297715690684e-01 3.925258571521792611e-02 7.256814931911021733e-17 2.095585203160616256e-16 7.201845132127150705e-04 0.000000000000000000e+00
9.600272297715690684e-01 3.925258571521794693e-02 4.147302545523309294e-17 1.342204643135145836e-16 7.201845132128232739e-04 0.000000000000000000e+00
9.600272297715690684e-01 3.925258571521792611e-02 2.349277283925729965e-17 8.535331385875962825e-17 7.201845132128896270e-04 0.000000000000000000e+00
9.600272297715690684e-01 3.925258571521794693e-02 1.319801921091992516e-17 5.391600759839356733e-17 7.201845132129323446e-04 0.000000000000000000e+00
9.600272297715689573e-01 3.925258571521792611e-02 7.346664844676464503e-18 3.380556019496273809e-17 7.201845132129587991e-04 0.000000000000000000e+00
9.600272297715689573e-01 3.925258571521792611e-02 4.051229286505121208e-18 2.103570671767454380e-17 7.201845132129749538e-04 0.000000000000000000e+00
9.600272297715690684e-01 3.925258571521794693e-02 2.214589066197258743e-18 1.299758102153364178e-17 7.201845132129846032e-04 0.000000000000000000e+00
9.600272297715691794e-01 3.925258571521794693e-02 1.199904245459944782e-18 7.973585126464405702e-18 7.201845132129912168e-04 0.000000000000000000e+00
9.600272297715689573e-01 3.925258571521792611e-02 6.435216751921592131e-19 4.851299830714606421e-18 7.201845132129949031e-04 0.000000000000000000e+00
9.600272297715689573e-01 3.925258571521792611e-02 3.418736735206499944e-19 2.929116212167358657e-18 7.201845132129970715e-04 0.000000000000000000e+00
9.600272297715689573e-01 3.925258571521792611e-02 1.799333548642557545e-19 1.755235760282216788e-18 7.201845132129985894e-04 0.000000000000000000e+00
9.600272297715689573e-01 3.925258571521792611e-02 9.380617045068145126e-20 1.043753613274263551e-18 7.201845132129993483e-04 0.000000000000000000e+00
9.600272297715689573e-01 3.925258571521792611e-02 4.843440477043799465e-20 6.158382440095837819e-19 7.201845132129993483e-04 0.000000000000000000e+00
9.600272297715688463e-01 3.925258571521792611e-02 2.473333290105717523e-20 3.601294515912045180e-19 7.201845132129993483e-04 0.000000000000000000e+00
9.600272297715689573e-01 3.925258571521792611e-02 1.250434778973154183e-20 2.088970673923306287e-19 7.201845132129999988e-04 0.000000000000000000e+00
9.600272297715689573e-01 3.925258571521792611e-02 6.257718269234643679e-21 1.201788751279953093e-19 7.201845132129999988e-04 0.000000000000000000e+00
9.600272297715689573e-01 3.925258571521792611e-02 3.099371106414472502e-21 6.856239053604153092e-20 7.201845132129999988e-04 0.000000000000000000e+00
9.600272297715689573e-01 3.925258571521794693e-02 1.519007698877776040e-21 3.878339877607979412e-20 7.201845132129999988e-04 0.000000000000000000e+00
9.600272297715690684e-01 3.925258571521792611e-02 7.365476900041944286e-22 2.174941171519071227e-20 7.201845132129999988e-04 0.000000000000000000e+00
9.600272297715689573e-01 3.925258571521792611e-02 3.532820153834946698e-22 1.209010823713353264e-20 7.201845132129999988e-04 0.000000000000000000e+00
9.600272297715690684e-01 3.925258571521794693e-02 1.675895407418072844e-22 6.660900336271926471e-21 7.201845132129999988e-04 0.000000000000000000e+00
9.600272297715690684e-01 3.925258571521794693e-02 7.861435013492567870e-23 3.636592792864976180e-21 7.201845132129999988e-04 0.000000000000000000e+00
9.600272297715689573e-01 3.925258571521792611e-02 3.645308082122717391e-23 1.966944558272884175e-21 7.201845132129999988e-04 0.000000000000000000e+00
9.600272297715689573e-01 3.925258571521792611e-02 1.670589816823017743e-23 1.053815908975866789e-21 7.201845132129999988e-04 0.000000000000000000e+00
9.600272297715689573e-01 3.925258571521792611e-02 7.566640719532909978e-24 5.592517110913950695e-22 7.201845132129999988e-04 0.000000000000000000e+00
9.600272297715690684e-01 3.925258571521792611e-02 3.386603910429044091e-24 2.939430552382979680e-22 7.201845132129999988e-04 0.000000000000000000e+00
9.600272297715689573e-01 3.925258571521792611e-02 1.568439736199268020e-24 1.587633343369012628e-22 7.201845132129999988e-04 0.000000000000000000e+00
9.600272297715689573e-01 3.925258571521792611e-02 1.568439736199268020e-24 1.587633343369012628e-22 7.201845132129999988e-04 0.000000000000000000e+00
9.600272297715689573e-01 3.925258571521792611e-02 1.568439736199268020e-24 1.587633343369012628e-22 7.201845132129999988e-04 0.000000000000000000e+00
9.600272297715689573e-01 3.925258571521792611e-02 1.568439736199268020e-24 1.587633343369012628e-22 7.201845132129999988e-04 0.000000000000000000e+00
9.600272297715689573e-01 3.925258571521792611e-02 1.568439736199268020e-24 1.587633343369012628e-22 7.201845132129999988e-04 0.000000000000000000e+00
9.600272297715689573e-01 3.925258571521792611e-02 1.568439736199268020e-24 1.587633343369012628e-22 7.201845132129999988e-04 0.000000000000000000e+00
9.600272297715689573e-01 3.925258571521792611e-02 1.568439736199268020e-24 1.587633343369012628e-22 7.201845132129999988e-04 0.000000000000000000e+00
9.600272297715689573e-01 3.925258571521792611e-02 1.568439736199268020e-24 1.587633343369012628e-22 7.201845132129999988e-04 0.000000000000000000e+00
9.600272297715689573e-01 3.925258571521792611e-02 1.568439736199268020e-24 1.587633343369012628e-22 7.201845132129999988e-04 0.000000000000000000e+00
9.600272297715689573e-01 3.925258571521792611e-02 1.568439736199268020e-24 1.587633343369012628e-22 7.201845132129999988e-04 0.000000000000000000e+00
9.600272297715689573e-01 3.925258571521792611e-02 1.568439736199268020e-24 1.587633343369012628e-22 7.201845132129999988e-04 0.000000000000000000e+00
9.600272297715689573e-01 3.925258571521792611e-02 1.568439736199268020e-24 1.587633343369012628e-22 7.201845132129999988e-04 0.000000000000000000e+00
9.600272297715689573e-01 3.925258571521792611e-02 1.568439736199268020e-24 1.587633343369012628e-22 7.201845132129999988e-04 0.000000000000000000e+00
9.600272297715689573e-01 3.925258571521792611e-02 1.568439736199268020e-24 1.587633343369012628e-22 7.201845132129999988e-04 0.000000000000000000e+00
9.600272297715689573e-01 3.925258571521792611e-02 1.568439736199268020e-24 1.587633343369012628e-22 7.201845132129999988e-04 0.000000000000000000e+00
9.600272297715689573e-01 3.925258571521792611e-02 1.568439736199268020e-24 1.587633343369012628e-22 7.201845132129999988e-04 0.000000000000000000e+00
9.600272297715689573e-01 3.925258571521792611e-02 1.568439736199268020e-24 1.587633343369012628e-22 7.201845132129999988e-04 0.000000000000000000e+00
9.600272297715689573e-01 3.925258571521792611e-02 1.568439736199268020e-24 1.587633343369012628e-22 7.201845132129999988e-04 0.000000000000000000e+00
9.600272297715689573e-01 3.925258571521792611e-02 1.568439736199268020e-24 1.587633343369012628e-22 7.201845132129999988e-04 0.000000000000000000e+00
9.600272297715689573e-01 3.925258571521792611e-02 1.568439736199268020e-24 1.587633343369012628e-22 7.201845132129999988e-04 0.000000000000000000e+00
9.600272297715689573e-01 3.925258571521792611e-02 1.568439736199268020e-24 1.587633343369012628e-22 7.201845132129999988e-04 0.000000000000000000e+00
9.600272297715689573e-01 3.925258571521792611e-02 1.568439736199268020e-24 1.587633343369012628e-22 7.201845132129999988e-04 0.000000000000000000e+00
9.600272297715689573e-01 3.925258571521792611e-02 1.568439736199268020e-24 1.587633343369012628e-22 7.201845132129999988e-04 0.000000000000000000e+00
9.600272297715689573e-01 3.925258571521792611e-02 1.568439736199268020e-24 1.587633343369012628e-22 7.201845132129999988e-04 0.000000000000000000e+00
9.600272297715689573e-01 3.925258571521792611e-02 1.568439736199268020e-24 1.587633343369012628e-22 7.201845132129999988e-04 0.000000000000000000e+00
9.600272297715689573e-01 3.925258571521792611e-02 1.568439736199268020e-24 1.587633343369012628e-22 7.201845132129999988e-04 0.000000000000000000e+00
9.600272297715689573e-01 3.925258571521792611e-02 1.568439736199268020e-24 1.587633343369012628e-22 7.201845132129999988e-04 0.000000000000000000e+00
9.600272297715689573e-01 3.925258571521792611e-02 1.568439736199268020e-24 1.587633343369012628e-22 7.201845132129999988e-04 0.000000000000000000e+00
9.600272297715689573e-01 3.925258571521792611e-02 1.568439736199268020e-24 1.587633343369012628e-22 7.201845132129999988e-04 0.000000000000000000e+00
9.600272297715689573e-01 3.925258571521792611e-02 1.568439736199268020e-24 1.587633343369012628e-22 7.201845132129999988e-04 0.000000000000000000e+00
9.600272297715689573e-01 3.925258571521792611e-02 1.568439736199268020e-24 1.587633343369012628e-22 7.201845132129999988e-04 0.000000000000000000e+00
9.600272297715689573e-01 3.925258571521792611e-02 1.568439736199268020e-24 1.587633343369012628e-22 7.201845132129999988e-04 0.000000000000000000e+00
9.600272297715689573e-01 3.925258571521792611e-02 1.568439736199268020e-24 1.587633343369012628e-22 7.201845132129999988e-04 0.000000000000000000e+00
9.600272297715689573e-01 3.925258571521792611e-02 1.568439736199268020e-24 1.587633343369012628e-22 7.201845132129999988e-04 0.000000000000000000e+00
9.600272297715689573e-01 3.925258571521792611e-02 1.568439736199268020e-24 1.587633343369012628e-22 7.201845132129999988e-04 0.000000000000000000e+00
9.600272297715689573e-01 3.925258571521792611e-02 1.568439736199268020e-24 1.587633343369012628e-22 7.201845132129999988e-04 0.000000000000000000e+00
9.600272297715689573e-01 3.925258571521792611e-02 1.568439736199268020e-24 1.587633343369012628e-22 7.201845132129999988e-04 0.000000000000000000e+00
9.600272297715689573e-01 3.925258571521792611e-02 1.568439736199268020e-24 1.587633343369012628e-22 7.201845132129999988e-04 0.000000000000000000e+00
9.600272297715689573e-01 3.925258571521792611e-02 1.568439736199268020e-24 1.587633343369012628e-22 7.201845132129999988e-04 0.000000000000000000e+00
9.600272297715689573e-01 3.925258571521792611e-02 1.568439736199268020e-24 1.587633343369012628e-22 7.201845132129999988e-04 0.000000000000000000e+00
9.600272297715689573e-01 3.925258571521792611e-02 1.568439736199268020e-24 1.587633343369012628e-22 7.201845132129999988e-04 0.000000000000000000e+00
9.600272297715689573e-01 3.925258571521792611e-02 1.568439736199268020e-24 1.587633343369012628e-22 7.201845132129999988e-04 0.000000000000000000e+00
9.600272297715689573e-01 3.925258571521792611e-02 1.568439736199268020e-24 1.587633343369012628e-22 7.201845132129999988e-04 0.000000000000000000e+00
9.600272297715689573e-01 3.925258571521792611e-02 1.568439736199268020e-24 1.587633343369012628e-22 7.201845132129999988e-04 0.000000000000000000e+00
9.600272297715689573e-01 3.925258571521792611e-02 1.568439736199268020e-24 1.587633343369012628e-22 7.201845132129999988e-04 0.000000000000000000e+00
9.600272297715689573e-01 3.925258571521792611e-02 1.568439736199268020e-24 1.587633343369012628e-22 7.201845132129999988e-04 0.000000000000000000e+00
9.600272297715689573e-01 3.925258571521792611e-02 1.568439736199268020e-24 1.587633343369012628e-22 7.201845132129999988e-04 0.000000000000000000e+00
9.600272297715689573e-01 3.925258571521792611e-02 1.568439736199268020e-24 1.587633343369012628e-22 7.201845132129999988e-04 0.000000000000000000e+00
9.600272297715689573e-01 3.925258571521792611e-02 1.568439736199268020e-24 1.587633343369012628e-22 7.201845132129999988e-04 0.000000000000000000e+00
9.600272297715689573e-01 3.925258571521792611e-02 1.568439736199268020e-24 1.587633343369012628e-22 7.201845132129999988e-04 0.000000000000000000e+00
9.600272297715689573e-01 3.925258571521792611e-02 1.568439736199268020e-24 1.587633343369012628e-22 7.201845132129999988e-04 0.000000000000000000e+00
9.600272297715689573e-01 3.925258571521792611e-02 1.568439736199268020e-24 1.587633343369012628e-22 7.201845132129999988e-04 0.000000000000000000e+00
9.600272297715689573e-01 3.925258571521792611e-02 1.568439736199268020e-24 1.587633343369012628e-22 7.201845132129999988e-04 0.000000000000000000e+00
9.600272297715689573e-01 3.925258571521792611e-02 1.568439736199268020e-24 1.587633343369012628e-22 7.201845132129999988e-04 0.000000000000000000e+00
9.600272297715689573e-01 3.925258571521792611e-02 1.568439736199268020e-24 1.587633343369012628e-22 7.201845132129999988e-04 0.000000000000000000e+00
9.600272297715689573e-01 3.925258571521792611e-02 1.568439736199268020e-24 1.587633343369012628e-22 7.201845132129999988e-04 0.000000000000000000e+00
9.600272297715689573e-01 3.925258571521792611e-02 1.568439736199268020e-24 1.587633343369012628e-22 7.201845132129999988e-04 0.000000000000000000e+00
9.600272297715689573e-01 3.925258571521792611e-02 1.568439736199268020e-24 1.587633343369012628e-22 7.201845132129999988e-04 0.000000000000000000e+00
9.600272297715689573e-01 3.925258571521792611e-02 1.568439736199268020e-24 1.587633343369012628e-22 7.201845132129999988e-04 0.000000000000000000e+00
9.600272297715689573e-01 3.925258571521792611e-02 1.568439736199268020e-24 1.587633343369012628e-22 7.201845132129999988e-04 0.000000000000000000e+00
9.600272297715689573e-01 3.925258571521792611e-02 1.568439736199268020e-24 1.587633343369012628e-22 7.201845132129999988e-04 0.000000000000000000e+00
9.600272297715689573e-01 3.925258571521792611e-02 1.568439736199268020e-24 1.587633343369012628e-22 7.201845132129999988e-04 0.000000000000000000e+00
9.600272297715689573e-01 3.925258571521792611e-02 1.568439736199268020e-24 1.587633343369012628e-22 7.201845132129999988e-04 0.000000000000000000e+00
9.600272297715689573e-01 3.925258571521792611e-02 1.568439736199268020e-24 1.587633343369012628e-22 7.201845132129999988e-04 0.000000000000000000e+00
9.600272297715689573e-01 3.925258571521792611e-02 1.568439736199268020e-24 1.587633343369012628e-22 7.201845132129999988e-04 0.000000000000000000e+00
9.600272297715689573e-01 3.925258571521792611e-02 1.568439736199268020e-24 1.587633343369012628e-22 7.201845132129999988e-04 0.000000000000000000e+00
9.600272297715689573e-01 3.925258571521792611e-02 1.568439736199268020e-24 1.587633343369012628e-22 7.201845132129999988e-04 0.000000000000000000e+00
9.600272297715689573e-01 3.925258571521792611e-02 1.568439736199268020e-24 1.587633343369012628e-22 7.201845132129999988e-04 0.000000000000000000e+00
9.600272297715689573e-01 3.925258571521792611e-02 1.568439736199268020e-24 1.587633343369012628e-22 7.201845132129999988e-04 0.000000000000000000e+00
9.600272297715689573e-01 3.925258571521792611e-02 1.568439736199268020e-24 1.587633343369012628e-22 7.201845132129999988e-04 0.000000000000000000e+00
9.600272297715689573e-01 3.925258571521792611e-02 1.568439736199268020e-24 1.587633343369012628e-22 7.201845132129999988e-04 0.000000000000000000e+00
9.600272297715689573e-01 3.925258571521792611e-02 1.568439736199268020e-24 1.587633343369012628e-22 7.201845132129999988e-04 0.000000000000000000e+00
9.600272297715689573e-01 3.925258571521792611e-02 1.568439736199268020e-24 1.587633343369012628e-22 7.201845132129999988e-04 0.000000000000000000e+00
9.600272297715689573e-01 3.925258571521792611e-02 1.568439736199268020e-24 1.587633343369012628e-22 7.201845132129999988e-04 0.000000000000000000e+00
9.600272297715689573e-01 3.925258571521792611e-02 1.568439736199268020e-24 1.587633343369012628e-22 7.201845132129999988e-04 0.000000000000000000e+00
9.600272297715689573e-01 3.925258571521792611e-02 1.568439736199268020e-24 1.587633343369012628e-22 7.201845132129999988e-04 0.000000000000000000e+00
9.600272297715689573e-01 3.925258571521792611e-02 1.568439736199268020e-24 1.587633343369012628e-22 7.201845132129999988e-04 0.000000000000000000e+00
9.600272297715689573e-01 3.925258571521792611e-02 1.568439736199268020e-24 1.587633343369012628e-22 7.201845132129999988e-04 0.000000000000000000e+00
9.600272297715689573e-01 3.925258571521792611e-02 1.568439736199268020e-24 1.587633343369012628e-22 7.201845132129999988e-04 0.000000000000000000e+00
9.600272297715689573e-01 3.925258571521792611e-02 1.568439736199268020e-24 1.587633343369012628e-22 7.201845132129999988e-04 0.000000000000000000e+00
9.600272297715689573e-01 3.925258571521792611e-02 1.568439736199268020e-24 1.587633343369012628e-22 7.201845132129999988e-04 0.000000000000000000e+00
9.600272297715689573e-01 3.925258571521792611e-02 1.568439736199268020e-24 1.587633343369012628e-22 7.201845132129999988e-04 0.000000000000000000e+00
9.600272297715689573e-01 3.925258571521792611e-02 1.568439736199268020e-24 1.587633343369012628e-22 7.201845132129999988e-04 0.000000000000000000e+00
9.600272297715689573e-01 3.925258571521792611e-02 1.568439736199268020e-24 1.587633343369012628e-22 7.201845132129999988e-04 0.000000000000000000e+00
9.600272297715689573e-01 3.925258571521792611e-02 1.568439736199268020e-24 1.587633343369012628e-22 7.201845132129999988e-04 0.000000000000000000e+00
9.600272297715689573e-01 3.925258571521792611e-02 1.568439736199268020e-24 1.587633343369012628e-22 7.201845132129999988e-04 0.000000000000000000e+00
9.600272297715689573e-01 3.925258571521792611e-02 1.568439736199268020e-24 1.587633343369012628e-22 7.201845132129999988e-04 0.000000000000000000e+00
9.600272297715689573e-01 3.925258571521792611e-02 1.568439736199268020e-24 1.587633343369012628e-22 7.201845132129999988e-04 0.000000000000000000e+00
9.600272297715689573e-01 3.925258571521792611e-02 1.568439736199268020e-24 1.587633343369012628e-22 7.201845132129999988e-04 0.000000000000000000e+00
9.600272297715689573e-01 3.925258571521792611e-02 1.568439736199268020e-24 1.587633343369012628e-22 7.201845132129999988e-04 0.000000000000000000e+00
9.600272297715689573e-01 3.925258571521792611e-02 1.568439736199268020e-24 1.587633343369012628e-22 7.201845132129999988e-04 0.000000000000000000e+00
9.600272297715689573e-01 3.925258571521792611e-02 1.568439736199268020e-24 1.587633343369012628e-22 7.201845132129999988e-04 0.000000000000000000e+00
9.600272297715689573e-01 3.925258571521792611e-02 1.568439736199268020e-24 1.587633343369012628e-22 7.201845132129999988e-04 0.000000000000000000e+00
9.600272297715689573e-01 3.925258571521792611e-02 1.568439736199268020e-24 1.587633343369012628e-22 7.201845132129999988e-04 0.000000000000000000e+00
9.600272297715689573e-01 3.925258571521792611e-02 1.568439736199268020e-24 1.587633343369012628e-22 7.201845132129999988e-04 0.000000000000000000e+00
9.600272297715689573e-01 3.925258571521792611e-02 1.568439736199268020e-24 1.587633343369012628e-22 7.201845132129999988e-04 0.000000000000000000e+00
9.600272297715689573e-01 3.925258571521792611e-02 1.568439736199268020e-24 1.587633343369012628e-22 7.201845132129999988e-04 0.000000000000000000e+00
9.600272297715689573e-01 3.925258571521792611e-02 1.568439736199268020e-24 1.587633343369012628e-22 7.201845132129999988e-04 0.000000000000000000e+00
9.600272297715689573e-01 3.925258571521792611e-02 1.568439736199268020e-24 1.587633343369012628e-22 7.201845132129999988e-04 0.000000000000000000e+00
9.600272297715689573e-01 3.925258571521792611e-02 1.568439736199268020e-24 1.587633343369012628e-22 7.201845132129999988e-04 0.000000000000000000e+00
9.600272297715689573e-01 3.925258571521792611e-02 1.568439736199268020e-24 1.587633343369012628e-22 7.201845132129999988e-04 0.000000000000000000e+00
9.600272297715689573e-01 3.925258571521792611e-02 1.568439736199268020e-24 1.587633343369012628e-22 7.201845132129999988e-04 0.000000000000000000e+00
9.600272297715689573e-01 3.925258571521792611e-02 1.568439736199268020e-24 1.587633343369012628e-22 7.201845132129999988e-04 0.000000000000000000e+00
9.600272297715689573e-01 3.925258571521792611e-02 1.568439736199268020e-24 1.587633343369012628e-22 7.201845132129999988e-04 0.000000000000000000e+00
9.600272297715689573e-01 3.925258571521792611e-02 1.568439736199268020e-24 1.587633343369012628e-22 7.201845132129999988e-04 0.000000000000000000e+00
9.600272297715689573e-01 3.925258571521792611e-02 1.568439736199268020e-24 1.587633343369012628e-22 7.201845132129999988e-04 0.000000000000000000e+00
9.600272297715689573e-01 3.925258571521792611e-02 1.568439736199268020e-24 1.587633343369012628e-22 7.201845132129999988e-04 0.000000000000000000e+00
9.600272297715689573e-01 3.925258571521792611e-02 1.568439736199268020e-24 1.587633343369012628e-22 7.201845132129999988e-04 0.000000000000000000e+00
9.600272297715689573e-01 3.925258571521792611e-02 1.568439736199268020e-24 1.587633343369012628e-22 7.201845132129999988e-04 0.000000000000000000e+00
9.600272297715689573e-01 3.925258571521792611e-02 1.568439736199268020e-24 1.587633343369012628e-22 7.201845132129999988e-04 0.000000000000000000e+00
9.600272297715689573e-01 3.925258571521792611e-02 1.568439736199268020e-24 1.587633343369012628e-22 7.201845132129999988e-04 0.000000000000000000e+00
9.600272297715689573e-01 3.925258571521792611e-02 1.568439736199268020e-24 1.587633343369012628e-22 7.201845132129999988e-04 0.000000000000000000e+00
9.600272297715689573e-01 3.925258571521792611e-02 1.568439736199268020e-24 1.587633343369012628e-22 7.201845132129999988e-04 0.000000000000000000e+00
9.600272297715689573e-01 3.925258571521792611e-02 1.568439736199268020e-24 1.587633343369012628e-22 7.201845132129999988e-04 0.000000000000000000e+00
9.600272297715689573e-01 3.925258571521792611e-02 1.568439736199268020e-24 1.587633343369012628e-22 7.201845132129999988e-04 0.000000000000000000e+00
9.600272297715689573e-01 3.925258571521792611e-02 1.568439736199268020e-24 1.587633343369012628e-22 7.201845132129999988e-04 0.000000000000000000e+00
9.600272297715689573e-01 3.925258571521792611e-02 1.568439736199268020e-24 1.587633343369012628e-22 7.201845132129999988e-04 0.000000000000000000e+00
9.600272297715689573e-01 3.925258571521792611e-02 1.568439736199268020e-24 1.587633343369012628e-22 7.201845132129999988e-04 0.000000000000000000e+00
9.600272297715689573e-01 3.925258571521792611e-02 1.568439736199268020e-24 1.587633343369012628e-22 7.201845132129999988e-04 0.000000000000000000e+00
9.600272297715689573e-01 3.925258571521792611e-02 1.568439736199268020e-24 1.587633343369012628e-22 7.201845132129999988e-04 0.000000000000000000e+00
9.600272297715689573e-01 3.925258571521792611e-02 1.568439736199268020e-24 1.587633343369012628e-22 7.201845132129999988e-04 0.000000000000000000e+00
9.600272297715689573e-01 3.925258571521792611e-02 1.568439736199268020e-24 1.587633343369012628e-22 7.201845132129999988e-04 0.000000000000000000e+00
9.600272297715689573e-01 3.925258571521792611e-02 1.568439736199268020e-24 1.587633343369012628e-22 7.201845132129999988e-04 0.000000000000000000e+00
9.600272297715689573e-01 3.925258571521792611e-02 1.568439736199268020e-24 1.587633343369012628e-22 7.201845132129999988e-04 0.000000000000000000e+00
9.600272297715689573e-01 3.925258571521792611e-02 1.568439736199268020e-24 1.587633343369012628e-22 7.201845132129999988e-04 0.000000000000000000e+00
9.600272297715689573e-01 3.925258571521792611e-02 1.568439736199268020e-24 1.587633343369012628e-22 7.201845132129999988e-04 0.000000000000000000e+00
9.600272297715689573e-01 3.925258571521792611e-02 1.568439736199268020e-24 1.587633343369012628e-22 7.201845132129999988e-04 0.000000000000000000e+00
9.600272297715689573e-01 3.925258571521792611e-02 1.568439736199268020e-24 1.587633343369012628e-22 7.201845132129999988e-04 0.000000000000000000e+00
9.600272297715689573e-01 3.925258571521792611e-02 1.568439736199268020e-24 1.587633343369012628e-22 7.201845132129999988e-04 0.000000000000000000e+00
9.600272297715689573e-01 3.925258571521792611e-02 1.568439736199268020e-24 1.587633343369012628e-22 7.201845132129999988e-04 0.000000000000000000e+00
9.600272297715689573e-01 3.925258571521792611e-02 1.568439736199268020e-24 1.587633343369012628e-22 7.201845132129999988e-04 0.000000000000000000e+00
9.600272297715689573e-01 3.925258571521792611e-02 1.568439736199268020e-24 1.587633343369012628e-22 7.201845132129999988e-04 0.000000000000000000e+00
9.600272297715689573e-01 3.925258571521792611e-02 1.568439736199268020e-24 1.587633343369012628e-22 7.201845132129999988e-04 0.000000000000000000e+00
9.600272297715689573e-01 3.925258571521792611e-02 1.568439736199268020e-24 1.587633343369012628e-22 7.201845132129999988e-04 0.000000000000000000e+00
9.600272297715689573e-01 3.925258571521792611e-02 1.568439736199268020e-24 1.587633343369012628e-22 7.201845132129999988e-04 0.000000000000000000e+00
9.600272297715689573e-01 3.925258571521792611e-02 1.568439736199268020e-24 1.587633343369012628e-22 7.201845132129999988e-04 0.000000000000000000e+00
9.600272297715689573e-01 3.925258571521792611e-02 1.568439736199268020e-24 1.587633343369012628e-22 7.201845132129999988e-04 0.000000000000000000e+00
9.600272297715689573e-01 3.925258571521792611e-02 1.568439736199268020e-24 1.587633343369012628e-22 7.201845132129999988e-04 0.000000000000000000e+00
9.600272297715689573e-01 3.925258571521792611e-02 1.568439736199268020e-24 1.587633343369012628e-22 7.201845132129999988e-04 0.000000000000000000e+00
9.600272297715689573e-01 3.925258571521792611e-02 1.568439736199268020e-24 1.587633343369012628e-22 7.201845132129999988e-04 0.000000000000000000e+00
9.600272297715689573e-01 3.925258571521792611e-02 1.568439736199268020e-24 1.587633343369012628e-22 7.201845132129999988e-04 0.000000000000000000e+00
9.600272297715689573e-01 3.925258571521792611e-02 1.568439736199268020e-24 1.587633343369012628e-22 7.201845132129999988e-04 0.000000000000000000e+00
9.600272297715689573e-01 3.925258571521792611e-02 1.568439736199268020e-24 1.587633343369012628e-22 7.201845132129999988e-04 0.000000000000000000e+00
9.600272297715689573e-01 3.925258571521792611e-02 1.568439736199268020e-24 1.587633343369012628e-22 7.201845132129999988e-04 0.000000000000000000e+00
9.600272297715689573e-01 3.925258571521792611e-02 1.568439736199268020e-24 1.587633343369012628e-22 7.201845132129999988e-04 0.000000000000000000e+00
9.600272297715689573e-01 3.925258571521792611e-02 1.568439736199268020e-24 1.587633343369012628e-22 7.201845132129999988e-04 0.000000000000000000e+00
9.600272297715689573e-01 3.925258571521792611e-02 1.568439736199268020e-24 1.587633343369012628e-22 7.201845132129999988e-04 0.000000000000000000e+00
9.600272297715689573e-01 3.925258571521792611e-02 1.568439736199268020e-24 1.587633343369012628e-22 7.201845132129999988e-04 0.000000000000000000e+00
9.600272297715689573e-01 3.925258571521792611e-02 1.568439736199268020e-24 1.587633343369012628e-22 7.201845132129999988e-04 0.000000000000000000e+00
9.600272297715689573e-01 3.925258571521792611e-02 1.568439736199268020e-24 1.587633343369012628e-22 7.201845132129999988e-04 0.000000000000000000e+00
9.600272297715689573e-01 3.925258571521792611e-02 1.568439736199268020e-24 1.587633343369012628e-22 7.201845132129999988e-04 0.000000000000000000e+00
9.600272297715689573e-01 3.925258571521792611e-02 1.568439736199268020e-24 1.587633343369012628e-22 7.201845132129999988e-04 0.000000000000000000e+00
9.600272297715689573e-01 3.925258571521792611e-02 1.568439736199268020e-24 1.587633343369012628e-22 7.201845132129999988e-04 0.000000000000000000e+00
9.600272297715689573e-01 3.925258571521792611e-02 1.568439736199268020e-24 1.587633343369012628e-22 7.201845132129999988e-04 0.000000000000000000e+00
9.600272297715689573e-01 3.925258571521792611e-02 1.568439736199268020e-24 1.587633343369012628e-22 7.201845132129999988e-04 0.000000000000000000e+00
9.600272297715689573e-01 3.925258571521792611e-02 1.568439736199268020e-24 1.587633343369012628e-22 7.201845132129999988e-04 0.000000000000000000e+00
9.600272297715689573e-01 3.925258571521792611e-02 1.568439736199268020e-24 1.587633343369012628e-22 7.201845132129999988e-04 0.000000000000000000e+00
9.600272297715689573e-01 3.925258571521792611e-02 1.568439736199268020e-24 1.587633343369012628e-22 7.201845132129999988e-04 0.000000000000000000e+00
9.600272297715689573e-01 3.925258571521792611e-02 1.568439736199268020e-24 1.587633343369012628e-22 7.201845132129999988e-04 0.000000000000000000e+00
9.600272297715689573e-01 3.925258571521792611e-02 1.568439736199268020e-24 1.587633343369012628e-22 7.201845132129999988e-04 0.000000000000000000e+00
9.600272297715689573e-01 3.925258571521792611e-02 1.568439736199268020e-24 1.587633343369012628e-22 7.201845132129999988e-04 0.000000000000000000e+00
9.600272297715689573e-01 3.925258571521792611e-02 1.568439736199268020e-24 1.587633343369012628e-22 7.201845132129999988e-04 0.000000000000000000e+00
9.600272297715689573e-01 3.925258571521792611e-02 1.568439736199268020e-24 1.587633343369012628e-22 7.201845132129999988e-04 0.000000000000000000e+00
9.600272297715689573e-01 3.925258571521792611e-02 1.568439736199268020e-24 1.587633343369012628e-22 7.201845132129999988e-04 0.000000000000000000e+00
9.600272297715689573e-01 3.925258571521792611e-02 1.568439736199268020e-24 1.587633343369012628e-22 7.201845132129999988e-04 0.000000000000000000e+00
9.600272297715689573e-01 3.925258571521792611e-02 1.568439736199268020e-24 1.587633343369012628e-22 7.201845132129999988e-04 0.000000000000000000e+00
9.600272297715689573e-01 3.925258571521792611e-02 1.568439736199268020e-24 1.587633343369012628e-22 7.201845132129999988e-04 0.000000000000000000e+00
9.600272297715689573e-01 3.925258571521792611e-02 1.568439736199268020e-24 1.587633343369012628e-22 7.201845132129999988e-04 0.000000000000000000e+00
9.600272297715689573e-01 3.925258571521792611e-02 1.568439736199268020e-24 1.587633343369012628e-22 7.201845132129999988e-04 0.000000000000000000e+00
9.600272297715689573e-01 3.925258571521792611e-02 1.568439736199268020e-24 1.587633343369012628e-22 7.201845132129999988e-04 0.000000000000000000e+00
9.600272297715689573e-01 3.925258571521792611e-02 1.568439736199268020e-24 1.587633343369012628e-22 7.201845132129999988e-04 0.000000000000000000e+00
9.600272297715689573e-01 3.925258571521792611e-02 1.568439736199268020e-24 1.587633343369012628e-22 7.201845132129999988e-04 0.000000000000000000e+00
9.600272297715689573e-01 3.925258571521792611e-02 1.568439736199268020e-24 1.587633343369012628e-22 7.201845132129999988e-04 0.000000000000000000e+00
9.600272297715689573e-01 3.925258571521792611e-02 1.568439736199268020e-24 1.587633343369012628e-22 7.201845132129999988e-04 0.000000000000000000e+00
9.600272297715689573e-01 3.925258571521792611e-02 1.568439736199268020e-24 1.587633343369012628e-22 7.201845132129999988e-04 0.000000000000000000e+00
9.600272297715689573e-01 3.925258571521792611e-02 1.568439736199268020e-24 1.587633343369012628e-22 7.201845132129999988e-04 0.000000000000000000e+00
9.600272297715689573e-01 3.925258571521792611e-02 1.568439736199268020e-24 1.587633343369012628e-22 7.201845132129999988e-04 0.000000000000000000e+00
9.600272297715689573e-01 3.925258571521792611e-02 1.568439736199268020e-24 1.587633343369012628e-22 7.201845132129999988e-04 0.000000000000000000e+00
9.600272297715689573e-01 3.925258571521792611e-02 1.568439736199268020e-24 1.587633343369012628e-22 7.201845132129999988e-04 0.000000000000000000e+00
9.600272297715689573e-01 3.925258571521792611e-02 1.568439736199268020e-24 1.587633343369012628e-22 7.201845132129999988e-04 0.000000000000000000e+00
9.600272297715689573e-01 3.925258571521792611e-02 1.568439736199268020e-24 1.587633343369012628e-22 7.201845132129999988e-04 0.000000000000000000e+00
9.600272297715689573e-01 3.925258571521792611e-02 1.568439736199268020e-24 1.587633343369012628e-22 7.201845132129999988e-04 0.000000000000000000e+00
9.600272297715689573e-01 3.925258571521792611e-02 1.568439736199268020e-24 1.587633343369012628e-22 7.201845132129999988e-04 0.000000000000000000e+00
9.600272297715689573e-01 3.925258571521792611e-02 1.568439736199268020e-24 1.587633343369012628e-22 7.201845132129999988e-04 0.000000000000000000e+00
9.600272297715689573e-01 3.925258571521792611e-02 1.568439736199268020e-24 1.587633343369012628e-22 7.201845132129999988e-04 0.000000000000000000e+00
9.600272297715689573e-01 3.925258571521792611e-02 1.568439736199268020e-24 1.587633343369012628e-22 7.201845132129999988e-04 0.000000000000000000e+00
9.600272297715689573e-01 3.925258571521792611e-02 1.568439736199268020e-24 1.587633343369012628e-22 7.201845132129999988e-04 0.000000000000000000e+00
9.600272297715689573e-01 3.925258571521792611e-02 1.568439736199268020e-24 1.587633343369012628e-22 7.201845132129999988e-04 0.000000000000000000e+00
9.600272297715689573e-01 3.925258571521792611e-02 1.568439736199268020e-24 1.587633343369012628e-22 7.201845132129999988e-04 0.000000000000000000e+00
9.600272297715689573e-01 3.925258571521792611e-02 1.568439736199268020e-24 1.587633343369012628e-22 7.201845132129999988e-04 0.000000000000000000e+00
9.600272297715689573e-01 3.925258571521792611e-02 1.568439736199268020e-24 1.587633343369012628e-22 7.201845132129999988e-04 0.000000000000000000e+00
9.600272297715689573e-01 3.925258571521792611e-02 1.568439736199268020e-24 1.587633343369012628e-22 7.201845132129999988e-04 0.000000000000000000e+00
9.600272297715689573e-01 3.925258571521792611e-02 1.568439736199268020e-24 1.587633343369012628e-22 7.201845132129999988e-04 0.000000000000000000e+00
9.600272297715689573e-01 3.925258571521792611e-02 1.568439736199268020e-24 1.587633343369012628e-22 7.201845132129999988e-04 0.000000000000000000e+00
9.600272297715689573e-01 3.925258571521792611e-02 1.568439736199268020e-24 1.587633343369012628e-22 7.201845132129999988e-04 0.000000000000000000e+00
9.600272297715689573e-01 3.925258571521792611e-02 1.568439736199268020e-24 1.587633343369012628e-22 7.201845132129999988e-04 0.000000000000000000e+00
9.600272297715689573e-01 3.925258571521792611e-02 1.568439736199268020e-24 1.587633343369012628e-22 7.201845132129999988e-04 0.000000000000000000e+00
9.600272297715689573e-01 3.925258571521792611e-02 1.568439736199268020e-24 1.587633343369012628e-22 7.201845132129999988e-04 0.000000000000000000e+00
9.600272297715689573e-01 3.925258571521792611e-02 1.568439736199268020e-24 1.587633343369012628e-22 7.201845132129999988e-04 0.000000000000000000e+00
9.600272297715689573e-01 3.925258571521792611e-02 1.568439736199268020e-24 1.587633343369012628e-22 7.201845132129999988e-04 0.000000000000000000e+00
9.600272297715689573e-01 3.925258571521792611e-02 1.568439736199268020e-24 1.587633343369012628e-22 7.201845132129999988e-04 0.000000000000000000e+00
9.600272297715689573e-01 3.925258571521792611e-02 1.568439736199268020e-24 1.587633343369012628e-22 7.201845132129999988e-04 0.000000000000000000e+00
9.600272297715689573e-01 3.925258571521792611e-02 1.568439736199268020e-24 1.587633343369012628e-22 7.201845132129999988e-04 0.000000000000000000e+00
9.600272297715689573e-01 3.925258571521792611e-02 1.568439736199268020e-24 1.587633343369012628e-22 7.201845132129999988e-04 0.000000000000000000e+00
9.600272297715689573e-01 3.925258571521792611e-02 1.568439736199268020e-24 1.587633343369012628e-22 7.201845132129999988e-04 0.000000000000000000e+00
9.600272297715689573e-01 3.925258571521792611e-02 1.568439736199268020e-24 1.587633343369012628e-22 7.201845132129999988e-04 0.000000000000000000e+00
9.600272297715689573e-01 3.925258571521792611e-02 1.568439736199268020e-24 1.587633343369012628e-22 7.201845132129999988e-04 0.000000000000000000e+00
9.600272297715689573e-01 3.925258571521792611e-02 1.568439736199268020e-24 1.587633343369012628e-22 7.201845132129999988e-04 0.000000000000000000e+00
9.600272297715689573e-01 3.925258571521792611e-02 1.568439736199268020e-24 1.587633343369012628e-22 7.201845132129999988e-04 0.000000000000000000e+00
9.600272297715689573e-01 3.925258571521792611e-02 1.568439736199268020e-24 1.587633343369012628e-22 7.201845132129999988e-04 0.000000000000000000e+00
9.600272297715689573e-01 3.925258571521792611e-02 1.568439736199268020e-24 1.587633343369012628e-22 7.201845132129999988e-04 0.000000000000000000e+00
9.600272297715689573e-01 3.925258571521792611e-02 1.568439736199268020e-24 1.587633343369012628e-22 7.201845132129999988e-04 0.000000000000000000e+00
9.600272297715689573e-01 3.925258571521792611e-02 1.568439736199268020e-24 1.587633343369012628e-22 7.201845132129999988e-04 0.000000000000000000e+00
9.600272297715689573e-01 3.925258571521792611e-02 1.568439736199268020e-24 1.587633343369012628e-22 7.201845132129999988e-04 0.000000000000000000e+00
9.600272297715689573e-01 3.925258571521792611e-02 1.568439736199268020e-24 1.587633343369012628e-22 7.201845132129999988e-04 0.000000000000000000e+00
9.600272297715689573e-01 3.925258571521792611e-02 1.568439736199268020e-24 1.587633343369012628e-22 7.201845132129999988e-04 0.000000000000000000e+00
9.600272297715689573e-01 3.925258571521792611e-02 1.568439736199268020e-24 1.587633343369012628e-22 7.201845132129999988e-04 0.000000000000000000e+00
9.600272297715689573e-01 3.925258571521792611e-02 1.568439736199268020e-24 1.587633343369012628e-22 7.201845132129999988e-04 0.000000000000000000e+00
9.600272297715689573e-01 3.925258571521792611e-02 1.568439736199268020e-24 1.587633343369012628e-22 7.201845132129999988e-04 0.000000000000000000e+00
9.600272297715689573e-01 3.925258571521792611e-02 1.568439736199268020e-24 1.587633343369012628e-22 7.201845132129999988e-04 0.000000000000000000e+00
9.600272297715689573e-01 3.925258571521792611e-02 1.568439736199268020e-24 1.587633343369012628e-22 7.201845132129999988e-04 0.000000000000000000e+00
9.600272297715689573e-01 3.925258571521792611e-02 1.568439736199268020e-24 1.587633343369012628e-22 7.201845132129999988e-04 0.000000000000000000e+00
9.600272297715689573e-01 3.925258571521792611e-02 1.568439736199268020e-24 1.587633343369012628e-22 7.201845132129999988e-04 0.000000000000000000e+00
9.600272297715689573e-01 3.925258571521792611e-02 1.568439736199268020e-24 1.587633343369012628e-22 7.201845132129999988e-04 0.000000000000000000e+00
9.600272297715689573e-01 3.925258571521792611e-02 1.568439736199268020e-24 1.587633343369012628e-22 7.201845132129999988e-04 0.000000000000000000e+00
9.600272297715689573e-01 3.925258571521792611e-02 1.568439736199268020e-24 1.587633343369012628e-22 7.201845132129999988e-04 0.000000000000000000e+00
9.600272297715689573e-01 3.925258571521792611e-02 1.568439736199268020e-24 1.587633343369012628e-22 7.201845132129999988e-04 0.000000000000000000e+00
9.600272297715689573e-01 3.925258571521792611e-02 1.568439736199268020e-24 1.587633343369012628e-22 7.201845132129999988e-04 0.000000000000000000e+00
9.600272297715689573e-01 3.925258571521792611e-02 1.568439736199268020e-24 1.587633343369012628e-22 7.201845132129999988e-04 0.000000000000000000e+00
9.600272297715689573e-01 3.925258571521792611e-02 1.568439736199268020e-24 1.587633343369012628e-22 7.201845132129999988e-04 0.000000000000000000e+00
9.600272297715689573e-01 3.925258571521792611e-02 1.568439736199268020e-24 1.587633343369012628e-22 7.201845132129999988e-04 0.000000000000000000e+00
9.600272297715689573e-01 3.925258571521792611e-02 1.568439736199268020e-24 1.587633343369012628e-22 7.201845132129999988e-04 0.000000000000000000e+00
9.600272297715689573e-01 3.925258571521792611e-02 1.568439736199268020e-24 1.587633343369012628e-22 7.201845132129999988e-04 0.000000000000000000e+00
9.600272297715689573e-01 3.925258571521792611e-02 1.568439736199268020e-24 1.587633343369012628e-22 7.201845132129999988e-04 0.000000000000000000e+00
9.600272297715689573e-01 3.925258571521792611e-02 1.568439736199268020e-24 1.587633343369012628e-22 7.201845132129999988e-04 0.000000000000000000e+00
9.600272297715689573e-01 3.925258571521792611e-02 1.568439736199268020e-24 1.587633343369012628e-22 7.201845132129999988e-04 0.000000000000000000e+00
9.600272297715689573e-01 3.925258571521792611e-02 1.568439736199268020e-24 1.587633343369012628e-22 7.201845132129999988e-04 0.000000000000000000e+00
9.600272297715689573e-01 3.925258571521792611e-02 1.568439736199268020e-24 1.587633343369012628e-22 7.201845132129999988e-04 0.000000000000000000e+00
9.600272297715689573e-01 3.925258571521792611e-02 1.568439736199268020e-24 1.587633343369012628e-22 7.201845132129999988e-04 0.000000000000000000e+00
9.600272297715689573e-01 3.925258571521792611e-02 1.568439736199268020e-24 1.587633343369012628e-22 7.201845132129999988e-04 0.000000000000000000e+00
9.600272297715689573e-01 3.925258571521792611e-02 1.568439736199268020e-24 1.587633343369012628e-22 7.201845132129999988e-04 0.000000000000000000e+00
9.600272297715689573e-01 3.925258571521792611e-02 1.568439736199268020e-24 1.587633343369012628e-22 7.201845132129999988e-04 0.000000000000000000e+00
9.600272297715689573e-01 3.925258571521792611e-02 1.568439736199268020e-24 1.587633343369012628e-22 7.201845132129999988e-04 0.000000000000000000e+00
9.600272297715689573e-01 3.925258571521792611e-02 1.568439736199268020e-24 1.587633343369012628e-22 7.201845132129999988e-04 0.000000000000000000e+00
9.600272297715689573e-01 3.925258571521792611e-02 1.568439736199268020e-24 1.587633343369012628e-22 7.201845132129999988e-04 0.000000000000000000e+00
9.600272297715689573e-01 3.925258571521792611e-02 1.568439736199268020e-24 1.587633343369012628e-22 7.201845132129999988e-04 0.000000000000000000e+00
9.600272297715689573e-01 3.925258571521792611e-02 1.568439736199268020e-24 1.587633343369012628e-22 7.201845132129999988e-04 0.000000000000000000e+00
9.600272297715689573e-01 3.925258571521792611e-02 1.568439736199268020e-24 1.587633343369012628e-22 7.201845132129999988e-04 0.000000000000000000e+00
9.600272297715689573e-01 3.925258571521792611e-02 1.568439736199268020e-24 1.587633343369012628e-22 7.201845132129999988e-04 0.000000000000000000e+00
9.600272297715689573e-01 3.925258571521792611e-02 1.568439736199268020e-24 1.587633343369012628e-22 7.201845132129999988e-04 0.000000000000000000e+00
9.600272297715689573e-01 3.925258571521792611e-02 1.568439736199268020e-24 1.587633343369012628e-22 7.201845132129999988e-04 0.000000000000000000e+00
9.600272297715689573e-01 3.925258571521792611e-02 1.568439736199268020e-24 1.587633343369012628e-22 7.201845132129999988e-04 0.000000000000000000e+00
9.600272297715689573e-01 3.925258571521792611e-02 1.568439736199268020e-24 1.587633343369012628e-22 7.201845132129999988e-04 0.000000000000000000e+00
9.600272297715689573e-01 3.925258571521792611e-02 1.568439736199268020e-24 1.587633343369012628e-22 7.201845132129999988e-04 0.000000000000000000e+00
9.600272297715689573e-01 3.925258571521792611e-02 1.568439736199268020e-24 1.587633343369012628e-22 7.201845132129999988e-04 0.000000000000000000e+00
9.600272297715689573e-01 3.925258571521792611e-02 1.568439736199268020e-24 1.587633343369012628e-22 7.201845132129999988e-04 0.000000000000000000e+00
9.600272297715689573e-01 3.925258571521792611e-02 1.568439736199268020e-24 1.587633343369012628e-22 7.201845132129999988e-04 0.000000000000000000e+00
9.600272297715689573e-01 3.925258571521792611e-02 1.568439736199268020e-24 1.587633343369012628e-22 7.201845132129999988e-04 0.000000000000000000e+00
9.600272297715689573e-01 3.925258571521792611e-02 1.568439736199268020e-24 1.587633343369012628e-22 7.201845132129999988e-04 0.000000000000000000e+00
9.600272297715689573e-01 3.925258571521792611e-02 1.568439736199268020e-24 1.587633343369012628e-22 7.201845132129999988e-04 0.000000000000000000e+00
9.600272297715689573e-01 3.925258571521792611e-02 1.568439736199268020e-24 1.587633343369012628e-22 7.201845132129999988e-04 0.000000000000000000e+00
9.600272297715689573e-01 3.925258571521792611e-02 1.568439736199268020e-24 1.587633343369012628e-22 7.201845132129999988e-04 0.000000000000000000e+00
9.600272297715689573e-01 3.925258571521792611e-02 1.568439736199268020e-24 1.587633343369012628e-22 7.201845132129999988e-04 0.000000000000000000e+00
9.600272297715689573e-01 3.925258571521792611e-02 1.568439736199268020e-24 1.587633343369012628e-22 7.201845132129999988e-04 0.000000000000000000e+00
9.600272297715689573e-01 3.925258571521792611e-02 1.568439736199268020e-24 1.587633343369012628e-22 7.201845132129999988e-04 0.000000000000000000e+00
9.600272297715689573e-01 3.925258571521792611e-02 1.568439736199268020e-24 1.587633343369012628e-22 7.201845132129999988e-04 0.000000000000000000e+00
9.600272297715689573e-01 3.925258571521792611e-02 1.568439736199268020e-24 1.587633343369012628e-22 7.201845132129999988e-04 0.000000000000000000e+00
9.600272297715689573e-01 3.925258571521792611e-02 1.568439736199268020e-24 1.587633343369012628e-22 7.201845132129999988e-04 0.000000000000000000e+00
9.600272297715689573e-01 3.925258571521792611e-02 1.568439736199268020e-24 1.587633343369012628e-22 7.201845132129999988e-04 0.000000000000000000e+00
9.600272297715689573e-01 3.925258571521792611e-02 1.568439736199268020e-24 1.587633343369012628e-22 7.201845132129999988e-04 0.000000000000000000e+00
9.600272297715689573e-01 3.925258571521792611e-02 1.568439736199268020e-24 1.587633343369012628e-22 7.201845132129999988e-04 0.000000000000000000e+00
9.600272297715689573e-01 3.925258571521792611e-02 1.568439736199268020e-24 1.587633343369012628e-22 7.201845132129999988e-04 0.000000000000000000e+00
9.600272297715689573e-01 3.925258571521792611e-02 1.568439736199268020e-24 1.587633343369012628e-22 7.201845132129999988e-04 0.000000000000000000e+00
9.600272297715689573e-01 3.925258571521792611e-02 1.568439736199268020e-24 1.587633343369012628e-22 7.201845132129999988e-04 0.000000000000000000e+00
9.600272297715689573e-01 3.925258571521792611e-02 1.568439736199268020e-24 1.587633343369012628e-22 7.201845132129999988e-04 0.000000000000000000e+00
9.600272297715689573e-01 3.925258571521792611e-02 1.568439736199268020e-24 1.587633343369012628e-22 7.201845132129999988e-04 0.000000000000000000e+00
9.600272297715689573e-01 3.925258571521792611e-02 1.568439736199268020e-24 1.587633343369012628e-22 7.201845132129999988e-04 0.000000000000000000e+00
9.600272297715689573e-01 3.925258571521792611e-02 1.568439736199268020e-24 1.587633343369012628e-22 7.201845132129999988e-04 0.000000000000000000e+00
9.600272297715689573e-01 3.925258571521792611e-02 1.568439736199268020e-24 1.587633343369012628e-22 7.201845132129999988e-04 0.000000000000000000e+00
9.600272297715689573e-01 3.925258571521792611e-02 1.568439736199268020e-24 1.587633343369012628e-22 7.201845132129999988e-04 0.000000000000000000e+00
9.600272297715689573e-01 3.925258571521792611e-02 1.568439736199268020e-24 1.587633343369012628e-22 7.201845132129999988e-04 0.000000000000000000e+00
9.600272297715689573e-01 3.925258571521792611e-02 1.568439736199268020e-24 1.587633343369012628e-22 7.201845132129999988e-04 0.000000000000000000e+00
9.600272297715689573e-01 3.925258571521792611e-02 1.568439736199268020e-24 1.587633343369012628e-22 7.201845132129999988e-04 0.000000000000000000e+00
9.600272297715689573e-01 3.925258571521792611e-02 1.568439736199268020e-24 1.587633343369012628e-22 7.201845132129999988e-04 0.000000000000000000e+00
9.600272297715689573e-01 3.925258571521792611e-02 1.568439736199268020e-24 1.587633343369012628e-22 7.201845132129999988e-04 0.000000000000000000e+00
9.600272297715689573e-01 3.925258571521792611e-02 1.568439736199268020e-24 1.587633343369012628e-22 7.201845132129999988e-04 0.000000000000000000e+00
9.600272297715689573e-01 3.925258571521792611e-02 1.568439736199268020e-24 1.587633343369012628e-22 7.201845132129999988e-04 0.000000000000000000e+00
9.600272297715689573e-01 3.925258571521792611e-02 1.568439736199268020e-24 1.587633343369012628e-22 7.201845132129999988e-04 0.000000000000000000e+00
9.600272297715689573e-01 3.925258571521792611e-02 1.568439736199268020e-24 1.587633343369012628e-22 7.201845132129999988e-04 0.000000000000000000e+00
9.600272297715689573e-01 3.925258571521792611e-02 1.568439736199268020e-24 1.587633343369012628e-22 7.201845132129999988e-04 0.000000000000000000e+00
9.600272297715689573e-01 3.925258571521792611e-02 1.568439736199268020e-24 1.587633343369012628e-22 7.201845132129999988e-04 0.000000000000000000e+00
9.600272297715689573e-01 3.925258571521792611e-02 1.568439736199268020e-24 1.587633343369012628e-22 7.201845132129999988e-04 0.000000000000000000e+00
9.600272297715689573e-01 3.925258571521792611e-02 1.568439736199268020e-24 1.587633343369012628e-22 7.201845132129999988e-04 0.000000000000000000e+00
9.600272297715689573e-01 3.925258571521792611e-02 1.568439736199268020e-24 1.587633343369012628e-22 7.201845132129999988e-04 0.000000000000000000e+00
9.600272297715689573e-01 3.925258571521792611e-02 1.568439736199268020e-24 1.587633343369012628e-22 7.201845132129999988e-04 0.000000000000000000e+00
9.600272297715689573e-01 3.925258571521792611e-02 1.568439736199268020e-24 1.587633343369012628e-22 7.201845132129999988e-04 0.000000000000000000e+00
9.600272297715689573e-01 3.925258571521792611e-02 1.568439736199268020e-24 1.587633343369012628e-22 7.201845132129999988e-04 0.000000000000000000e+00
9.600272297715689573e-01 3.925258571521792611e-02 1.568439736199268020e-24 1.587633343369012628e-22 7.201845132129999988e-04 0.000000000000000000e+00
9.600272297715689573e-01 3.925258571521792611e-02 1.568439736199268020e-24 1.587633343369012628e-22 7.201845132129999988e-04 0.000000000000000000e+00
9.600272297715689573e-01 3.925258571521792611e-02 1.568439736199268020e-24 1.587633343369012628e-22 7.201845132129999988e-04 0.000000000000000000e+00
9.600272297715689573e-01 3.925258571521792611e-02 1.568439736199268020e-24 1.587633343369012628e-22 7.201845132129999988e-04 0.000000000000000000e+00
9.600272297715689573e-01 3.925258571521792611e-02 1.568439736199268020e-24 1.587633343369012628e-22 7.201845132129999988e-04 0.000000000000000000e+00
9.600272297715689573e-01 3.925258571521792611e-02 1.568439736199268020e-24 1.587633343369012628e-22 7.201845132129999988e-04 0.000000000000000000e+00
9.600272297715689573e-01 3.925258571521792611e-02 1.568439736199268020e-24 1.587633343369012628e-22 7.201845132129999988e-04 0.000000000000000000e+00
9.600272297715689573e-01 3.925258571521792611e-02 1.568439736199268020e-24 1.587633343369012628e-22 7.201845132129999988e-04 0.000000000000000000e+00
9.600272297715689573e-01 3.925258571521792611e-02 1.568439736199268020e-24 1.587633343369012628e-22 7.201845132129999988e-04 0.000000000000000000e+00
9.600272297715689573e-01 3.925258571521792611e-02 1.568439736199268020e-24 1.587633343369012628e-22 7.201845132129999988e-04 0.000000000000000000e+00
9.600272297715689573e-01 3.925258571521792611e-02 1.568439736199268020e-24 1.587633343369012628e-22 7.201845132129999988e-04 0.000000000000000000e+00
9.600272297715689573e-01 3.925258571521792611e-02 1.568439736199268020e-24 1.587633343369012628e-22 7.201845132129999988e-04 0.000000000000000000e+00
9.600272297715689573e-01 3.925258571521792611e-02 1.568439736199268020e-24 1.587633343369012628e-22 7.201845132129999988e-04 0.000000000000000000e+00
9.600272297715689573e-01 3.925258571521792611e-02 1.568439736199268020e-24 1.587633343369012628e-22 7.201845132129999988e-04 0.000000000000000000e+00
9.600272297715689573e-01 3.925258571521792611e-02 1.568439736199268020e-24 1.587633343369012628e-22 7.201845132129999988e-04 0.000000000000000000e+00
9.600272297715689573e-01 3.925258571521792611e-02 1.568439736199268020e-24 1.587633343369012628e-22 7.201845132129999988e-04 0.000000000000000000e+00
9.600272297715689573e-01 3.925258571521792611e-02 1.568439736199268020e-24 1.587633343369012628e-22 7.201845132129999988e-04 0.000000000000000000e+00
9.600272297715689573e-01 3.925258571521792611e-02 1.568439736199268020e-24 1.587633343369012628e-22 7.201845132129999988e-04 0.000000000000000000e+00
9.600272297715689573e-01 3.925258571521792611e-02 1.568439736199268020e-24 1.587633343369012628e-22 7.201845132129999988e-04 0.000000000000000000e+00
9.600272297715689573e-01 3.925258571521792611e-02 1.568439736199268020e-24 1.587633343369012628e-22 7.201845132129999988e-04 0.000000000000000000e+00
9.600272297715689573e-01 3.925258571521792611e-02 1.568439736199268020e-24 1.587633343369012628e-22 7.201845132129999988e-04 0.000000000000000000e+00
9.600272297715689573e-01 3.925258571521792611e-02 1.568439736199268020e-24 1.587633343369012628e-22 7.201845132129999988e-04 0.000000000000000000e+00
9.600272297715689573e-01 3.925258571521792611e-02 1.568439736199268020e-24 1.587633343369012628e-22 7.201845132129999988e-04 0.000000000000000000e+00
9.600272297715689573e-01 3.925258571521792611e-02 1.568439736199268020e-24 1.587633343369012628e-22 7.201845132129999988e-04 0.000000000000000000e+00
9.600272297715689573e-01 3.925258571521792611e-02 1.568439736199268020e-24 1.587633343369012628e-22 7.201845132129999988e-04 0.000000000000000000e+00
9.600272297715689573e-01 3.925258571521792611e-02 1.568439736199268020e-24 1.587633343369012628e-22 7.201845132129999988e-04 0.000000000000000000e+00
9.600272297715689573e-01 3.925258571521792611e-02 1.568439736199268020e-24 1.587633343369012628e-22 7.201845132129999988e-04 0.000000000000000000e+00
9.600272297715689573e-01 3.925258571521792611e-02 1.568439736199268020e-24 1.587633343369012628e-22 7.201845132129999988e-04 0.000000000000000000e+00
9.600272297715689573e-01 3.925258571521792611e-02 1.568439736199268020e-24 1.587633343369012628e-22 7.201845132129999988e-04 0.000000000000000000e+00
9.600272297715689573e-01 3.925258571521792611e-02 1.568439736199268020e-24 1.587633343369012628e-22 7.201845132129999988e-04 0.000000000000000000e+00
9.600272297715689573e-01 3.925258571521792611e-02 1.568439736199268020e-24 1.587633343369012628e-22 7.201845132129999988e-04 0.000000000000000000e+00
9.600272297715689573e-01 3.925258571521792611e-02 1.568439736199268020e-24 1.587633343369012628e-22 7.201845132129999988e-04 0.000000000000000000e+00
9.600272297715689573e-01 3.925258571521792611e-02 1.568439736199268020e-24 1.587633343369012628e-22 7.201845132129999988e-04 0.000000000000000000e+00
9.600272297715689573e-01 3.925258571521792611e-02 1.568439736199268020e-24 1.587633343369012628e-22 7.201845132129999988e-04 0.000000000000000000e+00
9.600272297715689573e-01 3.925258571521792611e-02 1.568439736199268020e-24 1.587633343369012628e-22 7.201845132129999988e-04 0.000000000000000000e+00
9.600272297715689573e-01 3.925258571521792611e-02 1.568439736199268020e-24 1.587633343369012628e-22 7.201845132129999988e-04 0.000000000000000000e+00
9.600272297715689573e-01 3.925258571521792611e-02 1.568439736199268020e-24 1.587633343369012628e-22 7.201845132129999988e-04 0.000000000000000000e+00
9.600272297715689573e-01 3.925258571521792611e-02 1.568439736199268020e-24 1.587633343369012628e-22 7.201845132129999988e-04 0.000000000000000000e+00
9.600272297715689573e-01 3.925258571521792611e-02 1.568439736199268020e-24 1.587633343369012628e-22 7.201845132129999988e-04 0.000000000000000000e+00
9.600272297715689573e-01 3.925258571521792611e-02 1.568439736199268020e-24 1.587633343369012628e-22 7.201845132129999988e-04 0.000000000000000000e+00
9.600272297715689573e-01 3.925258571521792611e-02 1.568439736199268020e-24 1.587633343369012628e-22 7.201845132129999988e-04 0.000000000000000000e+00
9.600272297715689573e-01 3.925258571521792611e-02 1.568439736199268020e-24 1.587633343369012628e-22 7.201845132129999988e-04 0.000000000000000000e+00
9.600272297715689573e-01 3.925258571521792611e-02 1.568439736199268020e-24 1.587633343369012628e-22 7.201845132129999988e-04 0.000000000000000000e+00
9.600272297715689573e-01 3.925258571521792611e-02 1.568439736199268020e-24 1.587633343369012628e-22 7.201845132129999988e-04 0.000000000000000000e+00
9.600272297715689573e-01 3.925258571521792611e-02 1.568439736199268020e-24 1.587633343369012628e-22 7.201845132129999988e-04 0.000000000000000000e+00
9.600272297715689573e-01 3.925258571521792611e-02 1.568439736199268020e-24 1.587633343369012628e-22 7.201845132129999988e-04 0.000000000000000000e+00
9.600272297715689573e-01 3.925258571521792611e-02 1.568439736199268020e-24 1.587633343369012628e-22 7.201845132129999988e-04 0.000000000000000000e+00
9.600272297715689573e-01 3.925258571521792611e-02 1.568439736199268020e-24 1.587633343369012628e-22 7.201845132129999988e-04 0.000000000000000000e+00
9.600272297715689573e-01 3.925258571521792611e-02 1.568439736199268020e-24 1.587633343369012628e-22 7.201845132129999988e-04 0.000000000000000000e+00
9.600272297715689573e-01 3.925258571521792611e-02 1.568439736199268020e-24 1.587633343369012628e-22 7.201845132129999988e-04 0.000000000000000000e+00
9.600272297715689573e-01 3.925258571521792611e-02 1.568439736199268020e-24 1.587633343369012628e-22 7.201845132129999988e-04 0.000000000000000000e+00
9.600272297715689573e-01 3.925258571521792611e-02 1.568439736199268020e-24 1.587633343369012628e-22 7.201845132129999988e-04 0.000000000000000000e+00
9.600272297715689573e-01 3.925258571521792611e-02 1.568439736199268020e-24 1.587633343369012628e-22 7.201845132129999988e-04 0.000000000000000000e+00
9.600272297715689573e-01 3.925258571521792611e-02 1.568439736199268020e-24 1.587633343369012628e-22 7.201845132129999988e-04 0.000000000000000000e+00
9.600272297715689573e-01 3.925258571521792611e-02 1.568439736199268020e-24 1.587633343369012628e-22 7.201845132129999988e-04 0.000000000000000000e+00
9.600272297715689573e-01 3.925258571521792611e-02 1.568439736199268020e-24 1.587633343369012628e-22 7.201845132129999988e-04 0.000000000000000000e+00
9.600272297715689573e-01 3.925258571521792611e-02 1.568439736199268020e-24 1.587633343369012628e-22 7.201845132129999988e-04 0.000000000000000000e+00
9.600272297715689573e-01 3.925258571521792611e-02 1.568439736199268020e-24 1.587633343369012628e-22 7.201845132129999988e-04 0.000000000000000000e+00
9.600272297715689573e-01 3.925258571521792611e-02 1.568439736199268020e-24 1.587633343369012628e-22 7.201845132129999988e-04 0.000000000000000000e+00
9.600272297715689573e-01 3.925258571521792611e-02 1.568439736199268020e-24 1.587633343369012628e-22 7.201845132129999988e-04 0.000000000000000000e+00
9.600272297715689573e-01 3.925258571521792611e-02 1.568439736199268020e-24 1.587633343369012628e-22 7.201845132129999988e-04 0.000000000000000000e+00
9.600272297715689573e-01 3.925258571521792611e-02 1.568439736199268020e-24 1.587633343369012628e-22 7.201845132129999988e-04 0.000000000000000000e+00
9.600272297715689573e-01 3.925258571521792611e-02 1.568439736199268020e-24 1.587633343369012628e-22 7.201845132129999988e-04 0.000000000000000000e+00
9.600272297715689573e-01 3.925258571521792611e-02 1.568439736199268020e-24 1.587633343369012628e-22 7.201845132129999988e-04 0.000000000000000000e+00
9.600272297715689573e-01 3.925258571521792611e-02 1.568439736199268020e-24 1.587633343369012628e-22 7.201845132129999988e-04 0.000000000000000000e+00
9.600272297715689573e-01 3.925258571521792611e-02 1.568439736199268020e-24 1.587633343369012628e-22 7.201845132129999988e-04 0.000000000000000000e+00
9.600272297715689573e-01 3.925258571521792611e-02 1.568439736199268020e-24 1.587633343369012628e-22 7.201845132129999988e-04 0.000000000000000000e+00
9.600272297715689573e-01 3.925258571521792611e-02 1.568439736199268020e-24 1.587633343369012628e-22 7.201845132129999988e-04 0.000000000000000000e+00
9.600272297715689573e-01 3.925258571521792611e-02 1.568439736199268020e-24 1.587633343369012628e-22 7.201845132129999988e-04 0.000000000000000000e+00
9.600272297715689573e-01 3.925258571521792611e-02 1.568439736199268020e-24 1.587633343369012628e-22 7.201845132129999988e-04 0.000000000000000000e+00
9.600272297715689573e-01 3.925258571521792611e-02 1.568439736199268020e-24 1.587633343369012628e-22 7.201845132129999988e-04 0.000000000000000000e+00
9.600272297715689573e-01 3.925258571521792611e-02 1.568439736199268020e-24 1.587633343369012628e-22 7.201845132129999988e-04 0.000000000000000000e+00
9.600272297715689573e-01 3.925258571521792611e-02 1.568439736199268020e-24 1.587633343369012628e-22 7.201845132129999988e-04 0.000000000000000000e+00
9.600272297715689573e-01 3.925258571521792611e-02 1.568439736199268020e-24 1.587633343369012628e-22 7.201845132129999988e-04 0.000000000000000000e+00
9.600272297715689573e-01 3.925258571521792611e-02 1.568439736199268020e-24 1.587633343369012628e-22 7.201845132129999988e-04 0.000000000000000000e+00
9.600272297715689573e-01 3.925258571521792611e-02 1.568439736199268020e-24 1.587633343369012628e-22 7.201845132129999988e-04 0.000000000000000000e+00
9.600272297715689573e-01 3.925258571521792611e-02 1.568439736199268020e-24 1.587633343369012628e-22 7.201845132129999988e-04 0.000000000000000000e+00
9.600272297715689573e-01 3.925258571521792611e-02 1.568439736199268020e-24 1.587633343369012628e-22 7.201845132129999988e-04 0.000000000000000000e+00
9.600272297715689573e-01 3.925258571521792611e-02 1.568439736199268020e-24 1.587633343369012628e-22 7.201845132129999988e-04 0.000000000000000000e+00
9.600272297715689573e-01 3.925258571521792611e-02 1.568439736199268020e-24 1.587633343369012628e-22 7.201845132129999988e-04 0.000000000000000000e+00
9.600272297715689573e-01 3.925258571521792611e-02 1.568439736199268020e-24 1.587633343369012628e-22 7.201845132129999988e-04 0.000000000000000000e+00
9.600272297715689573e-01 3.925258571521792611e-02 1.568439736199268020e-24 1.587633343369012628e-22 7.201845132129999988e-04 0.000000000000000000e+00
9.600272297715689573e-01 3.925258571521792611e-02 1.568439736199268020e-24 1.587633343369012628e-22 7.201845132129999988e-04 0.000000000000000000e+00
9.600272297715689573e-01 3.925258571521792611e-02 1.568439736199268020e-24 1.587633343369012628e-22 7.201845132129999988e-04 0.000000000000000000e+00
9.600272297715689573e-01 3.925258571521792611e-02 1.568439736199268020e-24 1.587633343369012628e-22 7.201845132129999988e-04 0.000000000000000000e+00
9.600272297715689573e-01 3.925258571521792611e-02 1.568439736199268020e-24 1.587633343369012628e-22 7.201845132129999988e-04 0.000000000000000000e+00
9.600272297715689573e-01 3.925258571521792611e-02 1.568439736199268020e-24 1.587633343369012628e-22 7.201845132129999988e-04 0.000000000000000000e+00
9.600272297715689573e-01 3.925258571521792611e-02 1.568439736199268020e-24 1.587633343369012628e-22 7.201845132129999988e-04 0.000000000000000000e+00
9.600272297715689573e-01 3.925258571521792611e-02 1.568439736199268020e-24 1.587633343369012628e-22 7.201845132129999988e-04 0.000000000000000000e+00
9.600272297715689573e-01 3.925258571521792611e-02 1.568439736199268020e-24 1.587633343369012628e-22 7.201845132129999988e-04 0.000000000000000000e+00
9.600272297715689573e-01 3.925258571521792611e-02 1.568439736199268020e-24 1.587633343369012628e-22 7.201845132129999988e-04 0.000000000000000000e+00
9.600272297715689573e-01 3.925258571521792611e-02 1.568439736199268020e-24 1.587633343369012628e-22 7.201845132129999988e-04 0.000000000000000000e+00
9.600272297715689573e-01 3.925258571521792611e-02 1.568439736199268020e-24 1.587633343369012628e-22 7.201845132129999988e-04 0.000000000000000000e+00
9.600272297715689573e-01 3.925258571521792611e-02 1.568439736199268020e-24 1.587633343369012628e-22 7.201845132129999988e-04 0.000000000000000000e+00
9.600272297715689573e-01 3.925258571521792611e-02 1.568439736199268020e-24 1.587633343369012628e-22 7.201845132129999988e-04 0.000000000000000000e+00
9.600272297715689573e-01 3.925258571521792611e-02 1.568439736199268020e-24 1.587633343369012628e-22 7.201845132129999988e-04 0.000000000000000000e+00
9.600272297715689573e-01 3.925258571521792611e-02 1.568439736199268020e-24 1.587633343369012628e-22 7.201845132129999988e-04 0.000000000000000000e+00
9.600272297715689573e-01 3.925258571521792611e-02 1.568439736199268020e-24 1.587633343369012628e-22 7.201845132129999988e-04 0.000000000000000000e+00
9.600272297715689573e-01 3.925258571521792611e-02 1.568439736199268020e-24 1.587633343369012628e-22 7.201845132129999988e-04 0.000000000000000000e+00
9.600272297715689573e-01 3.925258571521792611e-02 1.568439736199268020e-24 1.587633343369012628e-22 7.201845132129999988e-04 0.000000000000000000e+00
9.600272297715689573e-01 3.925258571521792611e-02 1.568439736199268020e-24 1.587633343369012628e-22 7.201845132129999988e-04 0.000000000000000000e+00
9.600272297715689573e-01 3.925258571521792611e-02 1.568439736199268020e-24 1.587633343369012628e-22 7.201845132129999988e-04 0.000000000000000000e+00
9.600272297715689573e-01 3.925258571521792611e-02 1.568439736199268020e-24 1.587633343369012628e-22 7.201845132129999988e-04 0.000000000000000000e+00
9.600272297715689573e-01 3.925258571521792611e-02 1.568439736199268020e-24 1.587633343369012628e-22 7.201845132129999988e-04 0.000000000000000000e+00
9.600272297715689573e-01 3.925258571521792611e-02 1.568439736199268020e-24 1.587633343369012628e-22 7.201845132129999988e-04 0.000000000000000000e+00
9.600272297715689573e-01 3.925258571521792611e-02 1.568439736199268020e-24 1.587633343369012628e-22 7.201845132129999988e-04 0.000000000000000000e+00
9.600272297715689573e-01 3.925258571521792611e-02 1.568439736199268020e-24 1.587633343369012628e-22 7.201845132129999988e-04 0.000000000000000000e+00
9.600272297715689573e-01 3.925258571521792611e-02 1.568439736199268020e-24 1.587633343369012628e-22 7.201845132129999988e-04 0.000000000000000000e+00
9.600272297715689573e-01 3.925258571521792611e-02 1.568439736199268020e-24 1.587633343369012628e-22 7.201845132129999988e-04 0.000000000000000000e+00
9.600272297715689573e-01 3.925258571521792611e-02 1.568439736199268020e-24 1.587633343369012628e-22 7.201845132129999988e-04 0.000000000000000000e+00
9.600272297715689573e-01 3.925258571521792611e-02 1.568439736199268020e-24 1.587633343369012628e-22 7.201845132129999988e-04 0.000000000000000000e+00
9.600272297715689573e-01 3.925258571521792611e-02 1.568439736199268020e-24 1.587633343369012628e-22 7.201845132129999988e-04 0.000000000000000000e+00
9.600272297715689573e-01 3.925258571521792611e-02 1.568439736199268020e-24 1.587633343369012628e-22 7.201845132129999988e-04 0.000000000000000000e+00
9.600272297715689573e-01 3.925258571521792611e-02 1.568439736199268020e-24 1.587633343369012628e-22 7.201845132129999988e-04 0.000000000000000000e+00
9.600272297715689573e-01 3.925258571521792611e-02 1.568439736199268020e-24 1.587633343369012628e-22 7.201845132129999988e-04 0.000000000000000000e+00
9.600272297715689573e-01 3.925258571521792611e-02 1.568439736199268020e-24 1.587633343369012628e-22 7.201845132129999988e-04 0.000000000000000000e+00
9.600272297715689573e-01 3.925258571521792611e-02 1.568439736199268020e-24 1.587633343369012628e-22 7.201845132129999988e-04 0.000000000000000000e+00
9.600272297715689573e-01 3.925258571521792611e-02 1.568439736199268020e-24 1.587633343369012628e-22 7.201845132129999988e-04 0.000000000000000000e+00
9.600272297715689573e-01 3.925258571521792611e-02 1.568439736199268020e-24 1.587633343369012628e-22 7.201845132129999988e-04 0.000000000000000000e+00
9.600272297715689573e-01 3.925258571521792611e-02 1.568439736199268020e-24 1.587633343369012628e-22 7.201845132129999988e-04 0.000000000000000000e+00
9.600272297715689573e-01 3.925258571521792611e-02 1.568439736199268020e-24 1.587633343369012628e-22 7.201845132129999988e-04 0.000000000000000000e+00
9.600272297715689573e-01 3.925258571521792611e-02 1.568439736199268020e-24 1.587633343369012628e-22 7.201845132129999988e-04 0.000000000000000000e+00
9.600272297715689573e-01 3.925258571521792611e-02 1.568439736199268020e-24 1.587633343369012628e-22 7.201845132129999988e-04 0.000000000000000000e+00
9.600272297715689573e-01 3.925258571521792611e-02 1.568439736199268020e-24 1.587633343369012628e-22 7.201845132129999988e-04 0.000000000000000000e+00
9.600272297715689573e-01 3.925258571521792611e-02 1.568439736199268020e-24 1.587633343369012628e-22 7.201845132129999988e-04 0.000000000000000000e+00
9.600272297715689573e-01 3.925258571521792611e-02 1.568439736199268020e-24 1.587633343369012628e-22 7.201845132129999988e-04 0.000000000000000000e+00
9.600272297715689573e-01 3.925258571521792611e-02 1.568439736199268020e-24 1.587633343369012628e-22 7.201845132129999988e-04 0.000000000000000000e+00
9.600272297715689573e-01 3.925258571521792611e-02 1.568439736199268020e-24 1.587633343369012628e-22 7.201845132129999988e-04 0.000000000000000000e+00
9.600272297715689573e-01 3.925258571521792611e-02 1.568439736199268020e-24 1.587633343369012628e-22 7.201845132129999988e-04 0.000000000000000000e+00
9.600272297715689573e-01 3.925258571521792611e-02 1.568439736199268020e-24 1.587633343369012628e-22 7.201845132129999988e-04 0.000000000000000000e+00
9.600272297715689573e-01 3.925258571521792611e-02 1.568439736199268020e-24 1.587633343369012628e-22 7.201845132129999988e-04 0.000000000000000000e+00
9.600272297715689573e-01 3.925258571521792611e-02 1.568439736199268020e-24 1.587633343369012628e-22 7.201845132129999988e-04 0.000000000000000000e+00
9.600272297715689573e-01 3.925258571521792611e-02 1.568439736199268020e-24 1.587633343369012628e-22 7.201845132129999988e-04 0.000000000000000000e+00
9.600272297715689573e-01 3.925258571521792611e-02 1.568439736199268020e-24 1.587633343369012628e-22 7.201845132129999988e-04 0.000000000000000000e+00
9.600272297715689573e-01 3.925258571521792611e-02 1.568439736199268020e-24 1.587633343369012628e-22 7.201845132129999988e-04 0.000000000000000000e+00
9.600272297715689573e-01 3.925258571521792611e-02 1.568439736199268020e-24 1.587633343369012628e-22 7.201845132129999988e-04 0.000000000000000000e+00
9.600272297715689573e-01 3.925258571521792611e-02 1.568439736199268020e-24 1.587633343369012628e-22 7.201845132129999988e-04 0.000000000000000000e+00
9.600272297715689573e-01 3.925258571521792611e-02 1.568439736199268020e-24 1.587633343369012628e-22 7.201845132129999988e-04 0.000000000000000000e+00
9.600272297715689573e-01 3.925258571521792611e-02 1.568439736199268020e-24 1.587633343369012628e-22 7.201845132129999988e-04 0.000000000000000000e+00
9.600272297715689573e-01 3.925258571521792611e-02 1.568439736199268020e-24 1.587633343369012628e-22 7.201845132129999988e-04 0.000000000000000000e+00
9.600272297715689573e-01 3.925258571521792611e-02 1.568439736199268020e-24 1.587633343369012628e-22 7.201845132129999988e-04 0.000000000000000000e+00
9.600272297715689573e-01 3.925258571521792611e-02 1.568439736199268020e-24 1.587633343369012628e-22 7.201845132129999988e-04 0.000000000000000000e+00
9.600272297715689573e-01 3.925258571521792611e-02 1.568439736199268020e-24 1.587633343369012628e-22 7.201845132129999988e-04 0.000000000000000000e+00
9.600272297715689573e-01 3.925258571521792611e-02 1.568439736199268020e-24 1.587633343369012628e-22 7.201845132129999988e-04 0.000000000000000000e+00
9.600272297715689573e-01 3.925258571521792611e-02 1.568439736199268020e-24 1.587633343369012628e-22 7.201845132129999988e-04 0.000000000000000000e+00
9.600272297715689573e-01 3.925258571521792611e-02 1.568439736199268020e-24 1.587633343369012628e-22 7.201845132129999988e-04 0.000000000000000000e+00
9.600272297715689573e-01 3.925258571521792611e-02 1.568439736199268020e-24 1.587633343369012628e-22 7.201845132129999988e-04 0.000000000000000000e+00
9.600272297715689573e-01 3.925258571521792611e-02 1.568439736199268020e-24 1.587633343369012628e-22 7.201845132129999988e-04 0.000000000000000000e+00
9.600272297715689573e-01 3.925258571521792611e-02 1.568439736199268020e-24 1.587633343369012628e-22 7.201845132129999988e-04 0.000000000000000000e+00
9.600272297715689573e-01 3.925258571521792611e-02 1.568439736199268020e-24 1.587633343369012628e-22 7.201845132129999988e-04 0.000000000000000000e+00
9.600272297715689573e-01 3.925258571521792611e-02 1.568439736199268020e-24 1.587633343369012628e-22 7.201845132129999988e-04 0.000000000000000000e+00
9.600272297715689573e-01 3.925258571521792611e-02 1.568439736199268020e-24 1.587633343369012628e-22 7.201845132129999988e-04 0.000000000000000000e+00
9.600272297715689573e-01 3.925258571521792611e-02 1.568439736199268020e-24 1.587633343369012628e-22 7.201845132129999988e-04 0.000000000000000000e+00
9.600272297715689573e-01 3.925258571521792611e-02 1.568439736199268020e-24 1.587633343369012628e-22 7.201845132129999988e-04 0.000000000000000000e+00
