8.621629911284923731e-01 1.367314620542575687e-01 2.609528170931140606e-15 1.542940721931368125e-14 1.105546817231928183e-03 0.000000000000000000e+00
8.621629942328475904e-01 1.367314588195376324e-01 1.919042036724142429e-15 1.208711612845581639e-14 1.105546947600675447e-03 0.000000000000000000e+00
8.621629999222238938e-01 1.367314531085346840e-01 1.161496727879119686e-15 8.110880240674468704e-15 1.105546969232151138e-03 0.000000000000000000e+00
8.621629999222238938e-01 1.367314531085346840e-01 6.974882394343374677e-16 5.408219809838133812e-15 1.105546969235332187e-03 0.000000000000000000e+00
8.621629999222237828e-01 1.367314531085346563e-01 4.155179105929734569e-16 3.582943411067879406e-15 1.105546969237450718e-03 0.000000000000000000e+00
8.621629999222237828e-01 1.367314531085346563e-01 2.455416630662243292e-16 2.358213476687500365e-15 1.105546969238853676e-03 0.000000000000000000e+00
8.621629999222238938e-01 1.367314531085346563e-01 1.439103446685048876e-16 1.541850450410579141e-15 1.105546969239776115e-03 0.000000000000000000e+00
8.621629999222238938e-01 1.367314531085346563e-01 8.364486919344000207e-17 1.001327192517074850e-15 1.105546969240378714e-03 0.000000000000000000e+00
8.621629999222237828e-01 1.367314531085346563e-01 4.820772475350454797e-17 6.458674822107776986e-16 1.105546969240770979e-03 0.000000000000000000e+00
8.621629999222237828e-01 1.367314531085346563e-01 2.754699352756898068e-17 4.137176271099812311e-16 1.105546969241024248e-03 0.000000000000000000e+00
8.621629999222238938e-01 1.367314531085346563e-01 1.560497514369181319e-17 2.631588956428195516e-16 1.105546969241187096e-03 0.000000000000000000e+00
8.621629999222238938e-01 1.367314531085346563e-01 8.762648577862614465e-18 1.662059651722497554e-16 1.105546969241292046e-03 0.000000000000000000e+00
8.621629999222238938e-01 1.367314531085346840e-01 4.876908684258359577e-18 1.042201888026572035e-16 1.105546969241356665e-03 0.000000000000000000e+00
8.621629999222237828e-01 1.367314531085346563e-01 2.690011338986018664e-18 6.487898973186540479e-17 1.105546969241399599e-03 0.000000000000000000e+00
8.621629999222237828e-01 1.367314531085346563e-01 1.470372486436812309e-18 4.009347089529472663e-17 1.105546969241425620e-03 0.000000000000000000e+00
8.621629999222238938e-01 1.367314531085346563e-01 7.963871079782865858e-19 2.459392740877107842e-17 1.105546969241442534e-03 0.000000000000000000e+00
8.621629999222238938e-01 1.367314531085346840e-01 4.273730955509935447e-19 1.497394537417636692e-17 1.105546969241451424e-03 0.000000000000000000e+00
8.621629999222238938e-01 1.367314531085346563e-01 2.271450693036168544e-19 9.046043306007637769e-18 1.105546969241458363e-03 0.000000000000000000e+00
8.621629999222238938e-01 1.367314531085346840e-01 1.195529683738069401e-19 5.421914189292587341e-18 1.105546969241461615e-03 0.000000000000000000e+00
8.621629999222237828e-01 1.367314531085346840e-01 6.232441067747114128e-20 3.224649675061499394e-18 1.105546969241464001e-03 0.000000000000000000e+00
8.621629999222238938e-01 1.367314531085346563e-01 3.217881320692292728e-20 1.902946260579871060e-18 1.105546969241465085e-03 0.000000000000000000e+00
8.621629999222237828e-01 1.367314531085346563e-01 1.644819646142228408e-20 1.113885705360633899e-18 1.105546969241466169e-03 0.000000000000000000e+00
8.621629999222237828e-01 1.367314531085346563e-01 8.319513172924542607e-21 6.464851715771182259e-19 1.105546969241466169e-03 0.000000000000000000e+00
8.621629999222238938e-01 1.367314531085346563e-01 4.166320115170363388e-21 3.722008043446054691e-19 1.105546969241467253e-03 0.000000000000000000e+00
8.621629999222237828e-01 1.367314531085346563e-01 2.065266798594556239e-21 2.125253092739851476e-19 1.105546969241467253e-03 0.000000000000000000e+00
8.621629999222238938e-01 1.367314531085346840e-01 1.012341773247320617e-21 1.202544826915080642e-19 1.105546969241467253e-03 0.000000000000000000e+00
8.621629999222238938e-01 1.367314531085346563e-01 4.912017806991083012e-22 6.748644788368580805e-20 1.105546969241467253e-03 0.000000000000000000e+00
8.621629999222238938e-01 1.367314531085346563e-01 2.357331642151781381e-22 3.753790506538962150e-20 1.105546969241467253e-03 0.000000000000000000e+00
8.621629999222238938e-01 1.367314531085346840e-01 1.118713690833170510e-22 2.069132089621155609e-20 1.105546969241467253e-03 0.000000000000000000e+00
8.621629999222238938e-01 1.367314531085346563e-01 5.253599814974425265e-23 1.130877464882948638e-20 1.105546969241467253e-03 0.000000000000000000e+00
8.621629999222238938e-01 1.367314531085346840e-01 2.437117624723357952e-23 6.119810339305731163e-21 1.105546969241467253e-03 0.000000000000000000e+00
8.621629999222237828e-01 1.367314531085346563e-01 1.118800911891655465e-23 3.283844615082254747e-21 1.105546969241467253e-03 0.000000000000000000e+00
8.621629999222237828e-01 1.367314531085346563e-01 5.070810652742241069e-24 1.743944978050775936e-21 1.105546969241467253e-03 0.000000000000000000e+00
8.621629999222238938e-01 1.367314531085346840e-01 2.273892572985238802e-24 9.181906569801650762e-22 1.105546969241467253e-03 0.000000000000000000e+00
8.621629999222238938e-01 1.367314531085346563e-01 1.006323320440784382e-24 4.782971748178103791e-22 1.105546969241467253e-03 0.000000000000000000e+00
8.621629999222238938e-01 1.367314531085346840e-01 4.405173518631659768e-25 2.469580454742506553e-22 1.105546969241467253e-03 0.000000000000000000e+00
8.621629999222237828e-01 1.367314531085346563e-01 1.902483967663904454e-25 1.261239409375028374e-22 1.105546969241467253e-03 0.000000000000000000e+00
8.621629999222237828e-01 1.367314531085346563e-01 8.121675040479325747e-26 6.381107746868937770e-23 1.105546969241467253e-03 0.000000000000000000e+00
8.621629999222238938e-01 1.367314531085346840e-01 3.422353027810851807e-26 3.194648031245934592e-23 1.105546969241467253e-03 0.000000000000000000e+00
8.621629999222238938e-01 1.367314531085346563e-01 1.423582181956354549e-26 1.582696100134324579e-23 1.105546969241467253e-03 0.000000000000000000e+00
8.621629999222238938e-01 1.367314531085346563e-01 5.851008077420083696e-27 7.765206105566124225e-24 1.105546969241467253e-03 0.000000000000000000e+00
8.621629999222238938e-01 1.367314531085346563e-01 2.369099968964019941e-27 3.763972686148352389e-24 1.105546969241467253e-03 0.000000000000000000e+00
8.621629999222238938e-01 1.367314531085346563e-01 9.469312978891454684e-28 1.805463439149688481e-24 1.105546969241467253e-03 0.000000000000000000e+00
8.621629999222238938e-01 1.367314531085346563e-01 3.735945164961340905e-28 8.569408018384245473e-25 1.105546969241467253e-03 0.000000000000000000e+00
8.621629999222237828e-01 1.367314531085346563e-01 1.450912051389087284e-28 4.015779138019405184e-25 1.105546969241467253e-03 0.000000000000000000e+00
8.621629999222237828e-01 1.367314531085346563e-01 5.558845585552864801e-29 1.861275516700527893e-25 1.105546969241467253e-03 0.000000000000000000e+00
8.621629999222237828e-01 1.367314531085346285e-01 2.100648329917530078e-29 8.531202406356920171e-26 1.105546969241467253e-03 0.000000000000000000e+00
8.621629999222238938e-01 1.367314531085346840e-01 7.819001369471762805e-30 3.862650702070758781e-26 1.105546969241467253e-03 0.000000000000000000e+00
8.621629999222237828e-01 1.367314531085346563e-01 2.865487917329402128e-30 1.726992010291397746e-26 1.105546969241467253e-03 0.000000000000000000e+00
8.621629999222238938e-01 1.367314531085346840e-01 1.035001166937247322e-30 7.631077213891705837e-27 1.105546969241467253e-03 0.000000000000000000e+00
8.621629999222240048e-01 1.367314531085346840e-01 7.325353007753614684e-31 5.783400793330771892e-27 1.105546969241467253e-03 0.000000000000000000e+00
8.621629999222240048e-01 1.367314531085346840e-01 7.325353007753614684e-31 5.783400793330771892e-27 1.105546969241467253e-03 0.000000000000000000e+00
8.621629999222240048e-01 1.367314531085346840e-01 7.325353007753614684e-31 5.783400793330771892e-27 1.105546969241467253e-03 0.000000000000000000e+00
8.621629999222240048e-01 1.367314531085346840e-01 7.325353007753614684e-31 5.783400793330771892e-27 1.105546969241467253e-03 0.000000000000000000e+00
8.621629999222240048e-01 1.367314531085346840e-01 7.325353007753614684e-31 5.783400793330771892e-27 1.105546969241467253e-03 0.000000000000000000e+00
8.621629999222240048e-01 1.367314531085346840e-01 7.325353007753614684e-31 5.783400793330771892e-27 1.105546969241467253e-03 0.000000000000000000e+00
8.621629999222240048e-01 1.367314531085346840e-01 7.325353007753614684e-31 5.783400793330771892e-27 1.105546969241467253e-03 0.000000000000000000e+00
8.621629999222240048e-01 1.367314531085346840e-01 7.325353007753614684e-31 5.783400793330771892e-27 1.105546969241467253e-03 0.000000000000000000e+00
8.621629999222240048e-01 1.367314531085346840e-01 7.325353007753614684e-31 5.783400793330771892e-27 1.105546969241467253e-03 0.000000000000000000e+00
8.621629999222240048e-01 1.367314531085346840e-01 7.325353007753614684e-31 5.783400793330771892e-27 1.105546969241467253e-03 0.000000000000000000e+00
8.621629999222240048e-01 1.367314531085346840e-01 7.325353007753614684e-31 5.783400793330771892e-27 1.105546969241467253e-03 0.000000000000000000e+00
8.621629999222240048e-01 1.367314531085346840e-01 7.325353007753614684e-31 5.783400793330771892e-27 1.105546969241467253e-03 0.000000000000000000e+00
8.621629999222240048e-01 1.367314531085346840e-01 7.325353007753614684e-31 5.783400793330771892e-27 1.105546969241467253e-03 0.000000000000000000e+00
8.621629999222240048e-01 1.367314531085346840e-01 7.325353007753614684e-31 5.783400793330771892e-27 1.105546969241467253e-03 0.000000000000000000e+00
8.621629999222240048e-01 1.367314531085346840e-01 7.325353007753614684e-31 5.783400793330771892e-27 1.105546969241467253e-03 0.000000000000000000e+00
8.621629999222240048e-01 1.367314531085346840e-01 7.325353007753614684e-31 5.783400793330771892e-27 1.105546969241467253e-03 0.000000000000000000e+00
8.621629999222240048e-01 1.367314531085346840e-01 7.325353007753614684e-31 5.783400793330771892e-27 1.105546969241467253e-03 0.000000000000000000e+00
8.621629999222240048e-01 1.367314531085346840e-01 7.325353007753614684e-31 5.783400793330771892e-27 1.105546969241467253e-03 0.000000000000000000e+00
8.621629999222240048e-01 1.367314531085346840e-01 7.325353007753614684e-31 5.783400793330771892e-27 1.105546969241467253e-03 0.000000000000000000e+00
8.621629999222240048e-01 1.367314531085346840e-01 7.325353007753614684e-31 5.783400793330771892e-27 1.105546969241467253e-03 0.000000000000000000e+00
8.621629999222240048e-01 1.367314531085346840e-01 7.325353007753614684e-31 5.783400793330771892e-27 1.105546969241467253e-03 0.000000000000000000e+00
8.621629999222240048e-01 1.367314531085346840e-01 7.325353007753614684e-31 5.783400793330771892e-27 1.105546969241467253e-03 0.000000000000000000e+00
8.621629999222240048e-01 1.367314531085346840e-01 7.325353007753614684e-31 5.783400793330771892e-27 1.105546969241467253e-03 0.000000000000000000e+00
8.621629999222240048e-01 1.367314531085346840e-01 7.325353007753614684e-31 5.783400793330771892e-27 1.105546969241467253e-03 0.000000000000000000e+00
8.621629999222240048e-01 1.367314531085346840e-01 7.325353007753614684e-31 5.783400793330771892e-27 1.105546969241467253e-03 0.000000000000000000e+00
8.621629999222240048e-01 1.367314531085346840e-01 7.325353007753614684e-31 5.783400793330771892e-27 1.105546969241467253e-03 0.000000000000000000e+00
8.621629999222240048e-01 1.367314531085346840e-01 7.325353007753614684e-31 5.783400793330771892e-27 1.105546969241467253e-03 0.000000000000000000e+00
8.621629999222240048e-01 1.367314531085346840e-01 7.325353007753614684e-31 5.783400793330771892e-27 1.105546969241467253e-03 0.000000000000000000e+00
8.621629999222240048e-01 1.367314531085346840e-01 7.325353007753614684e-31 5.783400793330771892e-27 1.105546969241467253e-03 0.000000000000000000e+00
8.621629999222240048e-01 1.367314531085346840e-01 7.325353007753614684e-31 5.783400793330771892e-27 1.105546969241467253e-03 0.000000000000000000e+00
8.621629999222240048e-01 1.367314531085346840e-01 7.325353007753614684e-31 5.783400793330771892e-27 1.105546969241467253e-03 0.000000000000000000e+00
8.621629999222240048e-01 1.367314531085346840e-01 7.325353007753614684e-31 5.783400793330771892e-27 1.105546969241467253e-03 0.000000000000000000e+00
8.621629999222240048e-01 1.367314531085346840e-01 7.325353007753614684e-31 5.783400793330771892e-27 1.105546969241467253e-03 0.000000000000000000e+00
8.621629999222240048e-01 1.367314531085346840e-01 7.325353007753614684e-31 5.783400793330771892e-27 1.105546969241467253e-03 0.000000000000000000e+00
8.621629999222240048e-01 1.367314531085346840e-01 7.325353007753614684e-31 5.783400793330771892e-27 1.105546969241467253e-03 0.000000000000000000e+00
8.621629999222240048e-01 1.367314531085346840e-01 7.325353007753614684e-31 5.783400793330771892e-27 1.105546969241467253e-03 0.000000000000000000e+00
8.621629999222240048e-01 1.367314531085346840e-01 7.325353007753614684e-31 5.783400793330771892e-27 1.105546969241467253e-03 0.000000000000000000e+00
8.621629999222240048e-01 1.367314531085346840e-01 7.325353007753614684e-31 5.783400793330771892e-27 1.105546969241467253e-03 0.000000000000000000e+00
8.621629999222240048e-01 1.367314531085346840e-01 7.325353007753614684e-31 5.783400793330771892e-27 1.105546969241467253e-03 0.000000000000000000e+00
8.621629999222240048e-01 1.367314531085346840e-01 7.325353007753614684e-31 5.783400793330771892e-27 1.105546969241467253e-03 0.000000000000000000e+00
8.621629999222240048e-01 1.367314531085346840e-01 7.325353007753614684e-31 5.783400793330771892e-27 1.105546969241467253e-03 0.000000000000000000e+00
8.621629999222240048e-01 1.367314531085346840e-01 7.325353007753614684e-31 5.783400793330771892e-27 1.105546969241467253e-03 0.000000000000000000e+00
8.621629999222240048e-01 1.367314531085346840e-01 7.325353007753614684e-31 5.783400793330771892e-27 1.105546969241467253e-03 0.000000000000000000e+00
8.621629999222240048e-01 1.367314531085346840e-01 7.325353007753614684e-31 5.783400793330771892e-27 1.105546969241467253e-03 0.000000000000000000e+00
8.621629999222240048e-01 1.367314531085346840e-01 7.325353007753614684e-31 5.783400793330771892e-27 1.105546969241467253e-03 0.000000000000000000e+00
8.621629999222240048e-01 1.367314531085346840e-01 7.325353007753614684e-31 5.783400793330771892e-27 1.105546969241467253e-03 0.000000000000000000e+00
8.621629999222240048e-01 1.367314531085346840e-01 7.325353007753614684e-31 5.783400793330771892e-27 1.105546969241467253e-03 0.000000000000000000e+00
8.621629999222240048e-01 1.367314531085346840e-01 7.325353007753614684e-31 5.783400793330771892e-27 1.105546969241467253e-03 0.000000000000000000e+00
8.621629999222240048e-01 1.367314531085346840e-01 7.325353007753614684e-31 5.783400793330771892e-27 1.105546969241467253e-03 0.000000000000000000e+00
8.621629999222240048e-01 1.367314531085346840e-01 7.325353007753614684e-31 5.783400793330771892e-27 1.105546969241467253e-03 0.000000000000000000e+00
8.621629999222240048e-01 1.367314531085346840e-01 7.325353007753614684e-31 5.783400793330771892e-27 1.105546969241467253e-03 0.000000000000000000e+00
8.621629999222240048e-01 1.367314531085346840e-01 7.325353007753614684e-31 5.783400793330771892e-27 1.105546969241467253e-03 0.000000000000000000e+00
8.621629999222240048e-01 1.367314531085346840e-01 7.325353007753614684e-31 5.783400793330771892e-27 1.105546969241467253e-03 0.000000000000000000e+00
8.621629999222240048e-01 1.367314531085346840e-01 7.325353007753614684e-31 5.783400793330771892e-27 1.105546969241467253e-03 0.000000000000000000e+00
8.621629999222240048e-01 1.367314531085346840e-01 7.325353007753614684e-31 5.783400793330771892e-27 1.105546969241467253e-03 0.000000000000000000e+00
8.621629999222240048e-01 1.367314531085346840e-01 7.325353007753614684e-31 5.783400793330771892e-27 1.105546969241467253e-03 0.000000000000000000e+00
8.621629999222240048e-01 1.367314531085346840e-01 7.325353007753614684e-31 5.783400793330771892e-27 1.105546969241467253e-03 0.000000000000000000e+00
8.621629999222240048e-01 1.367314531085346840e-01 7.325353007753614684e-31 5.783400793330771892e-27 1.105546969241467253e-03 0.000000000000000000e+00
8.621629999222240048e-01 1.367314531085346840e-01 7.325353007753614684e-31 5.783400793330771892e-27 1.105546969241467253e-03 0.000000000000000000e+00
8.621629999222240048e-01 1.367314531085346840e-01 7.325353007753614684e-31 5.783400793330771892e-27 1.105546969241467253e-03 0.000000000000000000e+00
8.621629999222240048e-01 1.367314531085346840e-01 7.325353007753614684e-31 5.783400793330771892e-27 1.105546969241467253e-03 0.000000000000000000e+00
8.621629999222240048e-01 1.367314531085346840e-01 7.325353007753614684e-31 5.783400793330771892e-27 1.105546969241467253e-03 0.000000000000000000e+00
8.621629999222240048e-01 1.367314531085346840e-01 7.325353007753614684e-31 5.783400793330771892e-27 1.105546969241467253e-03 0.000000000000000000e+00
8.621629999222240048e-01 1.367314531085346840e-01 7.325353007753614684e-31 5.783400793330771892e-27 1.105546969241467253e-03 0.000000000000000000e+00
8.621629999222240048e-01 1.367314531085346840e-01 7.325353007753614684e-31 5.783400793330771892e-27 1.105546969241467253e-03 0.000000000000000000e+00
8.621629999222240048e-01 1.367314531085346840e-01 7.325353007753614684e-31 5.783400793330771892e-27 1.105546969241467253e-03 0.000000000000000000e+00
8.621629999222240048e-01 1.367314531085346840e-01 7.325353007753614684e-31 5.783400793330771892e-27 1.105546969241467253e-03 0.000000000000000000e+00
8.621629999222240048e-01 1.367314531085346840e-01 7.325353007753614684e-31 5.783400793330771892e-27 1.105546969241467253e-03 0.000000000000000000e+00
8.621629999222240048e-01 1.367314531085346840e-01 7.325353007753614684e-31 5.783400793330771892e-27 1.105546969241467253e-03 0.000000000000000000e+00
8.621629999222240048e-01 1.367314531085346840e-01 7.325353007753614684e-31 5.783400793330771892e-27 1.105546969241467253e-03 0.000000000000000000e+00
8.621629999222240048e-01 1.367314531085346840e-01 7.325353007753614684e-31 5.783400793330771892e-27 1.105546969241467253e-03 0.000000000000000000e+00
8.621629999222240048e-01 1.367314531085346840e-01 7.325353007753614684e-31 5.783400793330771892e-27 1.105546969241467253e-03 0.000000000000000000e+00
8.621629999222240048e-01 1.367314531085346840e-01 7.325353007753614684e-31 5.783400793330771892e-27 1.105546969241467253e-03 0.000000000000000000e+00
8.621629999222240048e-01 1.367314531085346840e-01 7.325353007753614684e-31 5.783400793330771892e-27 1.105546969241467253e-03 0.000000000000000000e+00
8.621629999222240048e-01 1.367314531085346840e-01 7.325353007753614684e-31 5.783400793330771892e-27 1.105546969241467253e-03 0.000000000000000000e+00
8.621629999222240048e-01 1.367314531085346840e-01 7.325353007753614684e-31 5.783400793330771892e-27 1.105546969241467253e-03 0.000000000000000000e+00
8.621629999222240048e-01 1.367314531085346840e-01 7.325353007753614684e-31 5.783400793330771892e-27 1.105546969241467253e-03 0.000000000000000000e+00
8.621629999222240048e-01 1.367314531085346840e-01 7.325353007753614684e-31 5.783400793330771892e-27 1.105546969241467253e-03 0.000000000000000000e+00
8.621629999222240048e-01 1.367314531085346840e-01 7.325353007753614684e-31 5.783400793330771892e-27 1.105546969241467253e-03 0.000000000000000000e+00
8.621629999222240048e-01 1.367314531085346840e-01 7.325353007753614684e-31 5.783400793330771892e-27 1.105546969241467253e-03 0.000000000000000000e+00
8.621629999222240048e-01 1.367314531085346840e-01 7.325353007753614684e-31 5.783400793330771892e-27 1.105546969241467253e-03 0.000000000000000000e+00
8.621629999222240048e-01 1.367314531085346840e-01 7.325353007753614684e-31 5.783400793330771892e-27 1.105546969241467253e-03 0.000000000000000000e+00
8.621629999222240048e-01 1.367314531085346840e-01 7.325353007753614684e-31 5.783400793330771892e-27 1.105546969241467253e-03 0.000000000000000000e+00
8.621629999222240048e-01 1.367314531085346840e-01 7.325353007753614684e-31 5.783400793330771892e-27 1.105546969241467253e-03 0.000000000000000000e+00
8.621629999222240048e-01 1.367314531085346840e-01 7.325353007753614684e-31 5.783400793330771892e-27 1.105546969241467253e-03 0.000000000000000000e+00
8.621629999222240048e-01 1.367314531085346840e-01 7.325353007753614684e-31 5.783400793330771892e-27 1.105546969241467253e-03 0.000000000000000000e+00
8.621629999222240048e-01 1.367314531085346840e-01 7.325353007753614684e-31 5.783400793330771892e-27 1.105546969241467253e-03 0.000000000000000000e+00
8.621629999222240048e-01 1.367314531085346840e-01 7.325353007753614684e-31 5.783400793330771892e-27 1.105546969241467253e-03 0.000000000000000000e+00
8.621629999222240048e-01 1.367314531085346840e-01 7.325353007753614684e-31 5.783400793330771892e-27 1.105546969241467253e-03 0.000000000000000000e+00
8.621629999222240048e-01 1.367314531085346840e-01 7.325353007753614684e-31 5.783400793330771892e-27 1.105546969241467253e-03 0.000000000000000000e+00
8.621629999222240048e-01 1.367314531085346840e-01 7.325353007753614684e-31 5.783400793330771892e-27 1.105546969241467253e-03 0.000000000000000000e+00
8.621629999222240048e-01 1.367314531085346840e-01 7.325353007753614684e-31 5.783400793330771892e-27 1.105546969241467253e-03 0.000000000000000000e+00
8.621629999222240048e-01 1.367314531085346840e-01 7.325353007753614684e-31 5.783400793330771892e-27 1.105546969241467253e-03 0.000000000000000000e+00
8.621629999222240048e-01 1.367314531085346840e-01 7.325353007753614684e-31 5.783400793330771892e-27 1.105546969241467253e-03 0.000000000000000000e+00
8.621629999222240048e-01 1.367314531085346840e-01 7.325353007753614684e-31 5.783400793330771892e-27 1.105546969241467253e-03 0.000000000000000000e+00
8.621629999222240048e-01 1.367314531085346840e-01 7.325353007753614684e-31 5.783400793330771892e-27 1.105546969241467253e-03 0.000000000000000000e+00
8.621629999222240048e-01 1.367314531085346840e-01 7.325353007753614684e-31 5.783400793330771892e-27 1.105546969241467253e-03 0.000000000000000000e+00
8.621629999222240048e-01 1.367314531085346840e-01 7.325353007753614684e-31 5.783400793330771892e-27 1.105546969241467253e-03 0.000000000000000000e+00
8.621629999222240048e-01 1.367314531085346840e-01 7.325353007753614684e-31 5.783400793330771892e-27 1.105546969241467253e-03 0.000000000000000000e+00
8.621629999222240048e-01 1.367314531085346840e-01 7.325353007753614684e-31 5.783400793330771892e-27 1.105546969241467253e-03 0.000000000000000000e+00
8.621629999222240048e-01 1.367314531085346840e-01 7.325353007753614684e-31 5.783400793330771892e-27 1.105546969241467253e-03 0.000000000000000000e+00
8.621629999222240048e-01 1.367314531085346840e-01 7.325353007753614684e-31 5.783400793330771892e-27 1.105546969241467253e-03 0.000000000000000000e+00
8.621629999222240048e-01 1.367314531085346840e-01 7.325353007753614684e-31 5.783400793330771892e-27 1.105546969241467253e-03 0.000000000000000000e+00
8.621629999222240048e-01 1.367314531085346840e-01 7.325353007753614684e-31 5.783400793330771892e-27 1.105546969241467253e-03 0.000000000000000000e+00
8.621629999222240048e-01 1.367314531085346840e-01 7.325353007753614684e-31 5.783400793330771892e-27 1.105546969241467253e-03 0.000000000000000000e+00
8.621629999222240048e-01 1.367314531085346840e-01 7.325353007753614684e-31 5.783400793330771892e-27 1.105546969241467253e-03 0.000000000000000000e+00
8.621629999222240048e-01 1.367314531085346840e-01 7.325353007753614684e-31 5.783400793330771892e-27 1.105546969241467253e-03 0.000000000000000000e+00
8.621629999222240048e-01 1.367314531085346840e-01 7.325353007753614684e-31 5.783400793330771892e-27 1.105546969241467253e-03 0.000000000000000000e+00
8.621629999222240048e-01 1.367314531085346840e-01 7.325353007753614684e-31 5.783400793330771892e-27 1.105546969241467253e-03 0.000000000000000000e+00
8.621629999222240048e-01 1.367314531085346840e-01 7.325353007753614684e-31 5.783400793330771892e-27 1.105546969241467253e-03 0.000000000000000000e+00
8.621629999222240048e-01 1.367314531085346840e-01 7.325353007753614684e-31 5.783400793330771892e-27 1.105546969241467253e-03 0.000000000000000000e+00
8.621629999222240048e-01 1.367314531085346840e-01 7.325353007753614684e-31 5.783400793330771892e-27 1.105546969241467253e-03 0.000000000000000000e+00
8.621629999222240048e-01 1.367314531085346840e-01 7.325353007753614684e-31 5.783400793330771892e-27 1.105546969241467253e-03 0.000000000000000000e+00
8.621629999222240048e-01 1.367314531085346840e-01 7.325353007753614684e-31 5.783400793330771892e-27 1.105546969241467253e-03 0.000000000000000000e+00
8.621629999222240048e-01 1.367314531085346840e-01 7.325353007753614684e-31 5.783400793330771892e-27 1.105546969241467253e-03 0.000000000000000000e+00
8.621629999222240048e-01 1.367314531085346840e-01 7.325353007753614684e-31 5.783400793330771892e-27 1.105546969241467253e-03 0.000000000000000000e+00
8.621629999222240048e-01 1.367314531085346840e-01 7.325353007753614684e-31 5.783400793330771892e-27 1.105546969241467253e-03 0.000000000000000000e+00
8.621629999222240048e-01 1.367314531085346840e-01 7.325353007753614684e-31 5.783400793330771892e-27 1.105546969241467253e-03 0.000000000000000000e+00
8.621629999222240048e-01 1.367314531085346840e-01 7.325353007753614684e-31 5.783400793330771892e-27 1.105546969241467253e-03 0.000000000000000000e+00
8.621629999222240048e-01 1.367314531085346840e-01 7.325353007753614684e-31 5.783400793330771892e-27 1.105546969241467253e-03 0.000000000000000000e+00
8.621629999222240048e-01 1.367314531085346840e-01 7.325353007753614684e-31 5.783400793330771892e-27 1.105546969241467253e-03 0.000000000000000000e+00
8.621629999222240048e-01 1.367314531085346840e-01 7.325353007753614684e-31 5.783400793330771892e-27 1.105546969241467253e-03 0.000000000000000000e+00
8.621629999222240048e-01 1.367314531085346840e-01 7.325353007753614684e-31 5.783400793330771892e-27 1.105546969241467253e-03 0.000000000000000000e+00
8.621629999222240048e-01 1.367314531085346840e-01 7.325353007753614684e-31 5.783400793330771892e-27 1.105546969241467253e-03 0.000000000000000000e+00
8.621629999222240048e-01 1.367314531085346840e-01 7.325353007753614684e-31 5.783400793330771892e-27 1.105546969241467253e-03 0.000000000000000000e+00
8.621629999222240048e-01 1.367314531085346840e-01 7.325353007753614684e-31 5.783400793330771892e-27 1.105546969241467253e-03 0.000000000000000000e+00
8.621629999222240048e-01 1.367314531085346840e-01 7.325353007753614684e-31 5.783400793330771892e-27 1.105546969241467253e-03 0.000000000000000000e+00
8.621629999222240048e-01 1.367314531085346840e-01 7.325353007753614684e-31 5.783400793330771892e-27 1.105546969241467253e-03 0.000000000000000000e+00
8.621629999222240048e-01 1.367314531085346840e-01 7.325353007753614684e-31 5.783400793330771892e-27 1.105546969241467253e-03 0.000000000000000000e+00
8.621629999222240048e-01 1.367314531085346840e-01 7.325353007753614684e-31 5.783400793330771892e-27 1.105546969241467253e-03 0.000000000000000000e+00
8.621629999222240048e-01 1.367314531085346840e-01 7.325353007753614684e-31 5.783400793330771892e-27 1.105546969241467253e-03 0.000000000000000000e+00
8.621629999222240048e-01 1.367314531085346840e-01 7.325353007753614684e-31 5.783400793330771892e-27 1.105546969241467253e-03 0.000000000000000000e+00
8.621629999222240048e-01 1.367314531085346840e-01 7.325353007753614684e-31 5.783400793330771892e-27 1.105546969241467253e-03 0.000000000000000000e+00
8.621629999222240048e-01 1.367314531085346840e-01 7.325353007753614684e-31 5.783400793330771892e-27 1.105546969241467253e-03 0.000000000000000000e+00
8.621629999222240048e-01 1.367314531085346840e-01 7.325353007753614684e-31 5.783400793330771892e-27 1.105546969241467253e-03 0.000000000000000000e+00
8.621629999222240048e-01 1.367314531085346840e-01 7.325353007753614684e-31 5.783400793330771892e-27 1.105546969241467253e-03 0.000000000000000000e+00
8.621629999222240048e-01 1.367314531085346840e-01 7.325353007753614684e-31 5.783400793330771892e-27 1.105546969241467253e-03 0.000000000000000000e+00
8.621629999222240048e-01 1.367314531085346840e-01 7.325353007753614684e-31 5.783400793330771892e-27 1.105546969241467253e-03 0.000000000000000000e+00
8.621629999222240048e-01 1.367314531085346840e-01 7.325353007753614684e-31 5.783400793330771892e-27 1.105546969241467253e-03 0.000000000000000000e+00
8.621629999222240048e-01 1.367314531085346840e-01 7.325353007753614684e-31 5.783400793330771892e-27 1.105546969241467253e-03 0.000000000000000000e+00
8.621629999222240048e-01 1.367314531085346840e-01 7.325353007753614684e-31 5.783400793330771892e-27 1.105546969241467253e-03 0.000000000000000000e+00
8.621629999222240048e-01 1.367314531085346840e-01 7.325353007753614684e-31 5.783400793330771892e-27 1.105546969241467253e-03 0.000000000000000000e+00
8.621629999222240048e-01 1.367314531085346840e-01 7.325353007753614684e-31 5.783400793330771892e-27 1.105546969241467253e-03 0.000000000000000000e+00
8.621629999222240048e-01 1.367314531085346840e-01 7.325353007753614684e-31 5.783400793330771892e-27 1.105546969241467253e-03 0.000000000000000000e+00
8.621629999222240048e-01 1.367314531085346840e-01 7.325353007753614684e-31 5.783400793330771892e-27 1.105546969241467253e-03 0.000000000000000000e+00
8.621629999222240048e-01 1.367314531085346840e-01 7.325353007753614684e-31 5.783400793330771892e-27 1.105546969241467253e-03 0.000000000000000000e+00
8.621629999222240048e-01 1.367314531085346840e-01 7.325353007753614684e-31 5.783400793330771892e-27 1.105546969241467253e-03 0.000000000000000000e+00
8.621629999222240048e-01 1.367314531085346840e-01 7.325353007753614684e-31 5.783400793330771892e-27 1.105546969241467253e-03 0.000000000000000000e+00
8.621629999222240048e-01 1.367314531085346840e-01 7.325353007753614684e-31 5.783400793330771892e-27 1.105546969241467253e-03 0.000000000000000000e+00
8.621629999222240048e-01 1.367314531085346840e-01 7.325353007753614684e-31 5.783400793330771892e-27 1.105546969241467253e-03 0.000000000000000000e+00
8.621629999222240048e-01 1.367314531085346840e-01 7.325353007753614684e-31 5.783400793330771892e-27 1.105546969241467253e-03 0.000000000000000000e+00
8.621629999222240048e-01 1.367314531085346840e-01 7.325353007753614684e-31 5.783400793330771892e-27 1.105546969241467253e-03 0.000000000000000000e+00
8.621629999222240048e-01 1.367314531085346840e-01 7.325353007753614684e-31 5.783400793330771892e-27 1.105546969241467253e-03 0.000000000000000000e+00
8.621629999222240048e-01 1.367314531085346840e-01 7.325353007753614684e-31 5.783400793330771892e-27 1.105546969241467253e-03 0.000000000000000000e+00
8.621629999222240048e-01 1.367314531085346840e-01 7.325353007753614684e-31 5.783400793330771892e-27 1.105546969241467253e-03 0.000000000000000000e+00
8.621629999222240048e-01 1.367314531085346840e-01 7.325353007753614684e-31 5.783400793330771892e-27 1.105546969241467253e-03 0.000000000000000000e+00
8.621629999222240048e-01 1.367314531085346840e-01 7.325353007753614684e-31 5.783400793330771892e-27 1.105546969241467253e-03 0.000000000000000000e+00
8.621629999222240048e-01 1.367314531085346840e-01 7.325353007753614684e-31 5.783400793330771892e-27 1.105546969241467253e-03 0.000000000000000000e+00
8.621629999222240048e-01 1.367314531085346840e-01 7.325353007753614684e-31 5.783400793330771892e-27 1.105546969241467253e-03 0.000000000000000000e+00
8.621629999222240048e-01 1.367314531085346840e-01 7.325353007753614684e-31 5.783400793330771892e-27 1.105546969241467253e-03 0.000000000000000000e+00
8.621629999222240048e-01 1.367314531085346840e-01 7.325353007753614684e-31 5.783400793330771892e-27 1.105546969241467253e-03 0.000000000000000000e+00
8.621629999222240048e-01 1.367314531085346840e-01 7.325353007753614684e-31 5.783400793330771892e-27 1.105546969241467253e-03 0.000000000000000000e+00
8.621629999222240048e-01 1.367314531085346840e-01 7.325353007753614684e-31 5.783400793330771892e-27 1.105546969241467253e-03 0.000000000000000000e+00
8.621629999222240048e-01 1.367314531085346840e-01 7.325353007753614684e-31 5.783400793330771892e-27 1.105546969241467253e-03 0.000000000000000000e+00
8.621629999222240048e-01 1.367314531085346840e-01 7.325353007753614684e-31 5.783400793330771892e-27 1.105546969241467253e-03 0.000000000000000000e+00
8.621629999222240048e-01 1.367314531085346840e-01 7.325353007753614684e-31 5.783400793330771892e-27 1.105546969241467253e-03 0.000000000000000000e+00
8.621629999222240048e-01 1.367314531085346840e-01 7.325353007753614684e-31 5.783400793330771892e-27 1.105546969241467253e-03 0.000000000000000000e+00
8.621629999222240048e-01 1.367314531085346840e-01 7.325353007753614684e-31 5.783400793330771892e-27 1.105546969241467253e-03 0.000000000000000000e+00
8.621629999222240048e-01 1.367314531085346840e-01 7.325353007753614684e-31 5.783400793330771892e-27 1.105546969241467253e-03 0.000000000000000000e+00
8.621629999222240048e-01 1.367314531085346840e-01 7.325353007753614684e-31 5.783400793330771892e-27 1.105546969241467253e-03 0.000000000000000000e+00
8.621629999222240048e-01 1.367314531085346840e-01 7.325353007753614684e-31 5.783400793330771892e-27 1.105546969241467253e-03 0.000000000000000000e+00
8.621629999222240048e-01 1.367314531085346840e-01 7.325353007753614684e-31 5.783400793330771892e-27 1.105546969241467253e-03 0.000000000000000000e+00
8.621629999222240048e-01 1.367314531085346840e-01 7.325353007753614684e-31 5.783400793330771892e-27 1.105546969241467253e-03 0.000000000000000000e+00
8.621629999222240048e-01 1.367314531085346840e-01 7.325353007753614684e-31 5.783400793330771892e-27 1.105546969241467253e-03 0.000000000000000000e+00
8.621629999222240048e-01 1.367314531085346840e-01 7.325353007753614684e-31 5.783400793330771892e-27 1.105546969241467253e-03 0.000000000000000000e+00
8.621629999222240048e-01 1.367314531085346840e-01 7.325353007753614684e-31 5.783400793330771892e-27 1.105546969241467253e-03 0.000000000000000000e+00
8.621629999222240048e-01 1.367314531085346840e-01 7.325353007753614684e-31 5.783400793330771892e-27 1.105546969241467253e-03 0.000000000000000000e+00
8.621629999222240048e-01 1.367314531085346840e-01 7.325353007753614684e-31 5.783400793330771892e-27 1.105546969241467253e-03 0.000000000000000000e+00
8.621629999222240048e-01 1.367314531085346840e-01 7.325353007753614684e-31 5.783400793330771892e-27 1.105546969241467253e-03 0.000000000000000000e+00
8.621629999222240048e-01 1.367314531085346840e-01 7.325353007753614684e-31 5.783400793330771892e-27 1.105546969241467253e-03 0.000000000000000000e+00
8.621629999222240048e-01 1.367314531085346840e-01 7.325353007753614684e-31 5.783400793330771892e-27 1.105546969241467253e-03 0.000000000000000000e+00
8.621629999222240048e-01 1.367314531085346840e-01 7.325353007753614684e-31 5.783400793330771892e-27 1.105546969241467253e-03 0.000000000000000000e+00
8.621629999222240048e-01 1.367314531085346840e-01 7.325353007753614684e-31 5.783400793330771892e-27 1.105546969241467253e-03 0.000000000000000000e+00
8.621629999222240048e-01 1.367314531085346840e-01 7.325353007753614684e-31 5.783400793330771892e-27 1.105546969241467253e-03 0.000000000000000000e+00
8.621629999222240048e-01 1.367314531085346840e-01 7.325353007753614684e-31 5.783400793330771892e-27 1.105546969241467253e-03 0.000000000000000000e+00
8.621629999222240048e-01 1.367314531085346840e-01 7.325353007753614684e-31 5.783400793330771892e-27 1.105546969241467253e-03 0.000000000000000000e+00
8.621629999222240048e-01 1.367314531085346840e-01 7.325353007753614684e-31 5.783400793330771892e-27 1.105546969241467253e-03 0.000000000000000000e+00
8.621629999222240048e-01 1.367314531085346840e-01 7.325353007753614684e-31 5.783400793330771892e-27 1.105546969241467253e-03 0.000000000000000000e+00
8.621629999222240048e-01 1.367314531085346840e-01 7.325353007753614684e-31 5.783400793330771892e-27 1.105546969241467253e-03 0.000000000000000000e+00
8.621629999222240048e-01 1.367314531085346840e-01 7.325353007753614684e-31 5.783400793330771892e-27 1.105546969241467253e-03 0.000000000000000000e+00
8.621629999222240048e-01 1.367314531085346840e-01 7.325353007753614684e-31 5.783400793330771892e-27 1.105546969241467253e-03 0.000000000000000000e+00
8.621629999222240048e-01 1.367314531085346840e-01 7.325353007753614684e-31 5.783400793330771892e-27 1.105546969241467253e-03 0.000000000000000000e+00
8.621629999222240048e-01 1.367314531085346840e-01 7.325353007753614684e-31 5.783400793330771892e-27 1.105546969241467253e-03 0.000000000000000000e+00
8.621629999222240048e-01 1.367314531085346840e-01 7.325353007753614684e-31 5.783400793330771892e-27 1.105546969241467253e-03 0.000000000000000000e+00
8.621629999222240048e-01 1.367314531085346840e-01 7.325353007753614684e-31 5.783400793330771892e-27 1.105546969241467253e-03 0.000000000000000000e+00
8.621629999222240048e-01 1.367314531085346840e-01 7.325353007753614684e-31 5.783400793330771892e-27 1.105546969241467253e-03 0.000000000000000000e+00
8.621629999222240048e-01 1.367314531085346840e-01 7.325353007753614684e-31 5.783400793330771892e-27 1.105546969241467253e-03 0.000000000000000000e+00
8.621629999222240048e-01 1.367314531085346840e-01 7.325353007753614684e-31 5.783400793330771892e-27 1.105546969241467253e-03 0.000000000000000000e+00
8.621629999222240048e-01 1.367314531085346840e-01 7.325353007753614684e-31 5.783400793330771892e-27 1.105546969241467253e-03 0.000000000000000000e+00
8.621629999222240048e-01 1.367314531085346840e-01 7.325353007753614684e-31 5.783400793330771892e-27 1.105546969241467253e-03 0.000000000000000000e+00
8.621629999222240048e-01 1.367314531085346840e-01 7.325353007753614684e-31 5.783400793330771892e-27 1.105546969241467253e-03 0.000000000000000000e+00
8.621629999222240048e-01 1.367314531085346840e-01 7.325353007753614684e-31 5.783400793330771892e-27 1.105546969241467253e-03 0.000000000000000000e+00
8.621629999222240048e-01 1.367314531085346840e-01 7.325353007753614684e-31 5.783400793330771892e-27 1.105546969241467253e-03 0.000000000000000000e+00
8.621629999222240048e-01 1.367314531085346840e-01 7.325353007753614684e-31 5.783400793330771892e-27 1.105546969241467253e-03 0.000000000000000000e+00
8.621629999222240048e-01 1.367314531085346840e-01 7.325353007753614684e-31 5.783400793330771892e-27 1.105546969241467253e-03 0.000000000000000000e+00
8.621629999222240048e-01 1.367314531085346840e-01 7.325353007753614684e-31 5.783400793330771892e-27 1.105546969241467253e-03 0.000000000000000000e+00
8.621629999222240048e-01 1.367314531085346840e-01 7.325353007753614684e-31 5.783400793330771892e-27 1.105546969241467253e-03 0.000000000000000000e+00
8.621629999222240048e-01 1.367314531085346840e-01 7.325353007753614684e-31 5.783400793330771892e-27 1.105546969241467253e-03 0.000000000000000000e+00
8.621629999222240048e-01 1.367314531085346840e-01 7.325353007753614684e-31 5.783400793330771892e-27 1.105546969241467253e-03 0.000000000000000000e+00
8.621629999222240048e-01 1.367314531085346840e-01 7.325353007753614684e-31 5.783400793330771892e-27 1.105546969241467253e-03 0.000000000000000000e+00
8.621629999222240048e-01 1.367314531085346840e-01 7.325353007753614684e-31 5.783400793330771892e-27 1.105546969241467253e-03 0.000000000000000000e+00
8.621629999222240048e-01 1.367314531085346840e-01 7.325353007753614684e-31 5.783400793330771892e-27 1.105546969241467253e-03 0.000000000000000000e+00
8.621629999222240048e-01 1.367314531085346840e-01 7.325353007753614684e-31 5.783400793330771892e-27 1.105546969241467253e-03 0.000000000000000000e+00
8.621629999222240048e-01 1.367314531085346840e-01 7.325353007753614684e-31 5.783400793330771892e-27 1.105546969241467253e-03 0.000000000000000000e+00
8.621629999222240048e-01 1.367314531085346840e-01 7.325353007753614684e-31 5.783400793330771892e-27 1.105546969241467253e-03 0.000000000000000000e+00
8.621629999222240048e-01 1.367314531085346840e-01 7.325353007753614684e-31 5.783400793330771892e-27 1.105546969241467253e-03 0.000000000000000000e+00
8.621629999222240048e-01 1.367314531085346840e-01 7.325353007753614684e-31 5.783400793330771892e-27 1.105546969241467253e-03 0.000000000000000000e+00
8.621629999222240048e-01 1.367314531085346840e-01 7.325353007753614684e-31 5.783400793330771892e-27 1.105546969241467253e-03 0.000000000000000000e+00
8.621629999222240048e-01 1.367314531085346840e-01 7.325353007753614684e-31 5.783400793330771892e-27 1.105546969241467253e-03 0.000000000000000000e+00
8.621629999222240048e-01 1.367314531085346840e-01 7.325353007753614684e-31 5.783400793330771892e-27 1.105546969241467253e-03 0.000000000000000000e+00
8.621629999222240048e-01 1.367314531085346840e-01 7.325353007753614684e-31 5.783400793330771892e-27 1.105546969241467253e-03 0.000000000000000000e+00
8.621629999222240048e-01 1.367314531085346840e-01 7.325353007753614684e-31 5.783400793330771892e-27 1.105546969241467253e-03 0.000000000000000000e+00
8.621629999222240048e-01 1.367314531085346840e-01 7.325353007753614684e-31 5.783400793330771892e-27 1.105546969241467253e-03 0.000000000000000000e+00
8.621629999222240048e-01 1.367314531085346840e-01 7.325353007753614684e-31 5.783400793330771892e-27 1.105546969241467253e-03 0.000000000000000000e+00
8.621629999222240048e-01 1.367314531085346840e-01 7.325353007753614684e-31 5.783400793330771892e-27 1.105546969241467253e-03 0.000000000000000000e+00
8.621629999222240048e-01 1.367314531085346840e-01 7.325353007753614684e-31 5.783400793330771892e-27 1.105546969241467253e-03 0.000000000000000000e+00
8.621629999222240048e-01 1.367314531085346840e-01 7.325353007753614684e-31 5.783400793330771892e-27 1.105546969241467253e-03 0.000000000000000000e+00
8.621629999222240048e-01 1.367314531085346840e-01 7.325353007753614684e-31 5.783400793330771892e-27 1.105546969241467253e-03 0.000000000000000000e+00
8.621629999222240048e-01 1.367314531085346840e-01 7.325353007753614684e-31 5.783400793330771892e-27 1.105546969241467253e-03 0.000000000000000000e+00
8.621629999222240048e-01 1.367314531085346840e-01 7.325353007753614684e-31 5.783400793330771892e-27 1.105546969241467253e-03 0.000000000000000000e+00
8.621629999222240048e-01 1.367314531085346840e-01 7.325353007753614684e-31 5.783400793330771892e-27 1.105546969241467253e-03 0.000000000000000000e+00
8.621629999222240048e-01 1.367314531085346840e-01 7.325353007753614684e-31 5.783400793330771892e-27 1.105546969241467253e-03 0.000000000000000000e+00
8.621629999222240048e-01 1.367314531085346840e-01 7.325353007753614684e-31 5.783400793330771892e-27 1.105546969241467253e-03 0.000000000000000000e+00
8.621629999222240048e-01 1.367314531085346840e-01 7.325353007753614684e-31 5.783400793330771892e-27 1.105546969241467253e-03 0.000000000000000000e+00
8.621629999222240048e-01 1.367314531085346840e-01 7.325353007753614684e-31 5.783400793330771892e-27 1.105546969241467253e-03 0.000000000000000000e+00
8.621629999222240048e-01 1.367314531085346840e-01 7.325353007753614684e-31 5.783400793330771892e-27 1.105546969241467253e-03 0.000000000000000000e+00
8.621629999222240048e-01 1.367314531085346840e-01 7.325353007753614684e-31 5.783400793330771892e-27 1.105546969241467253e-03 0.000000000000000000e+00
8.621629999222240048e-01 1.367314531085346840e-01 7.325353007753614684e-31 5.783400793330771892e-27 1.105546969241467253e-03 0.000000000000000000e+00
8.621629999222240048e-01 1.367314531085346840e-01 7.325353007753614684e-31 5.783400793330771892e-27 1.105546969241467253e-03 0.000000000000000000e+00
8.621629999222240048e-01 1.367314531085346840e-01 7.325353007753614684e-31 5.783400793330771892e-27 1.105546969241467253e-03 0.000000000000000000e+00
8.621629999222240048e-01 1.367314531085346840e-01 7.325353007753614684e-31 5.783400793330771892e-27 1.105546969241467253e-03 0.000000000000000000e+00
8.621629999222240048e-01 1.367314531085346840e-01 7.325353007753614684e-31 5.783400793330771892e-27 1.105546969241467253e-03 0.000000000000000000e+00
8.621629999222240048e-01 1.367314531085346840e-01 7.325353007753614684e-31 5.783400793330771892e-27 1.105546969241467253e-03 0.000000000000000000e+00
8.621629999222240048e-01 1.367314531085346840e-01 7.325353007753614684e-31 5.783400793330771892e-27 1.105546969241467253e-03 0.000000000000000000e+00
8.621629999222240048e-01 1.367314531085346840e-01 7.325353007753614684e-31 5.783400793330771892e-27 1.105546969241467253e-03 0.000000000000000000e+00
8.621629999222240048e-01 1.367314531085346840e-01 7.325353007753614684e-31 5.783400793330771892e-27 1.105546969241467253e-03 0.000000000000000000e+00
8.621629999222240048e-01 1.367314531085346840e-01 7.325353007753614684e-31 5.783400793330771892e-27 1.105546969241467253e-03 0.000000000000000000e+00
8.621629999222240048e-01 1.367314531085346840e-01 7.325353007753614684e-31 5.783400793330771892e-27 1.105546969241467253e-03 0.000000000000000000e+00
8.621629999222240048e-01 1.367314531085346840e-01 7.325353007753614684e-31 5.783400793330771892e-27 1.105546969241467253e-03 0.000000000000000000e+00
8.621629999222240048e-01 1.367314531085346840e-01 7.325353007753614684e-31 5.783400793330771892e-27 1.105546969241467253e-03 0.000000000000000000e+00
8.621629999222240048e-01 1.367314531085346840e-01 7.325353007753614684e-31 5.783400793330771892e-27 1.105546969241467253e-03 0.000000000000000000e+00
8.621629999222240048e-01 1.367314531085346840e-01 7.325353007753614684e-31 5.783400793330771892e-27 1.105546969241467253e-03 0.000000000000000000e+00
8.621629999222240048e-01 1.367314531085346840e-01 7.325353007753614684e-31 5.783400793330771892e-27 1.105546969241467253e-03 0.000000000000000000e+00
8.621629999222240048e-01 1.367314531085346840e-01 7.325353007753614684e-31 5.783400793330771892e-27 1.105546969241467253e-03 0.000000000000000000e+00
8.621629999222240048e-01 1.367314531085346840e-01 7.325353007753614684e-31 5.783400793330771892e-27 1.105546969241467253e-03 0.000000000000000000e+00
8.621629999222240048e-01 1.367314531085346840e-01 7.325353007753614684e-31 5.783400793330771892e-27 1.105546969241467253e-03 0.000000000000000000e+00
8.621629999222240048e-01 1.367314531085346840e-01 7.325353007753614684e-31 5.783400793330771892e-27 1.105546969241467253e-03 0.000000000000000000e+00
8.621629999222240048e-01 1.367314531085346840e-01 7.325353007753614684e-31 5.783400793330771892e-27 1.105546969241467253e-03 0.000000000000000000e+00
8.621629999222240048e-01 1.367314531085346840e-01 7.325353007753614684e-31 5.783400793330771892e-27 1.105546969241467253e-03 0.000000000000000000e+00
8.621629999222240048e-01 1.367314531085346840e-01 7.325353007753614684e-31 5.783400793330771892e-27 1.105546969241467253e-03 0.000000000000000000e+00
8.621629999222240048e-01 1.367314531085346840e-01 7.325353007753614684e-31 5.783400793330771892e-27 1.105546969241467253e-03 0.000000000000000000e+00
8.621629999222240048e-01 1.367314531085346840e-01 7.325353007753614684e-31 5.783400793330771892e-27 1.105546969241467253e-03 0.000000000000000000e+00
8.621629999222240048e-01 1.367314531085346840e-01 7.325353007753614684e-31 5.783400793330771892e-27 1.105546969241467253e-03 0.000000000000000000e+00
8.621629999222240048e-01 1.367314531085346840e-01 7.325353007753614684e-31 5.783400793330771892e-27 1.105546969241467253e-03 0.000000000000000000e+00
8.621629999222240048e-01 1.367314531085346840e-01 7.325353007753614684e-31 5.783400793330771892e-27 1.105546969241467253e-03 0.000000000000000000e+00
8.621629999222240048e-01 1.367314531085346840e-01 7.325353007753614684e-31 5.783400793330771892e-27 1.105546969241467253e-03 0.000000000000000000e+00
8.621629999222240048e-01 1.367314531085346840e-01 7.325353007753614684e-31 5.783400793330771892e-27 1.105546969241467253e-03 0.000000000000000000e+00
8.621629999222240048e-01 1.367314531085346840e-01 7.325353007753614684e-31 5.783400793330771892e-27 1.105546969241467253e-03 0.000000000000000000e+00
8.621629999222240048e-01 1.367314531085346840e-01 7.325353007753614684e-31 5.783400793330771892e-27 1.105546969241467253e-03 0.000000000000000000e+00
8.621629999222240048e-01 1.367314531085346840e-01 7.325353007753614684e-31 5.783400793330771892e-27 1.105546969241467253e-03 0.000000000000000000e+00
8.621629999222240048e-01 1.367314531085346840e-01 7.325353007753614684e-31 5.783400793330771892e-27 1.105546969241467253e-03 0.000000000000000000e+00
8.621629999222240048e-01 1.367314531085346840e-01 7.325353007753614684e-31 5.783400793330771892e-27 1.105546969241467253e-03 0.000000000000000000e+00
8.621629999222240048e-01 1.367314531085346840e-01 7.325353007753614684e-31 5.783400793330771892e-27 1.105546969241467253e-03 0.000000000000000000e+00
8.621629999222240048e-01 1.367314531085346840e-01 7.325353007753614684e-31 5.783400793330771892e-27 1.105546969241467253e-03 0.000000000000000000e+00
8.621629999222240048e-01 1.367314531085346840e-01 7.325353007753614684e-31 5.783400793330771892e-27 1.105546969241467253e-03 0.000000000000000000e+00
8.621629999222240048e-01 1.367314531085346840e-01 7.325353007753614684e-31 5.783400793330771892e-27 1.105546969241467253e-03 0.000000000000000000e+00
8.621629999222240048e-01 1.367314531085346840e-01 7.325353007753614684e-31 5.783400793330771892e-27 1.105546969241467253e-03 0.000000000000000000e+00
8.621629999222240048e-01 1.367314531085346840e-01 7.325353007753614684e-31 5.783400793330771892e-27 1.105546969241467253e-03 0.000000000000000000e+00
8.621629999222240048e-01 1.367314531085346840e-01 7.325353007753614684e-31 5.783400793330771892e-27 1.105546969241467253e-03 0.000000000000000000e+00
8.621629999222240048e-01 1.367314531085346840e-01 7.325353007753614684e-31 5.783400793330771892e-27 1.105546969241467253e-03 0.000000000000000000e+00
8.621629999222240048e-01 1.367314531085346840e-01 7.325353007753614684e-31 5.783400793330771892e-27 1.105546969241467253e-03 0.000000000000000000e+00
8.621629999222240048e-01 1.367314531085346840e-01 7.325353007753614684e-31 5.783400793330771892e-27 1.105546969241467253e-03 0.000000000000000000e+00
8.621629999222240048e-01 1.367314531085346840e-01 7.325353007753614684e-31 5.783400793330771892e-27 1.105546969241467253e-03 0.000000000000000000e+00
8.621629999222240048e-01 1.367314531085346840e-01 7.325353007753614684e-31 5.783400793330771892e-27 1.105546969241467253e-03 0.000000000000000000e+00
8.621629999222240048e-01 1.367314531085346840e-01 7.325353007753614684e-31 5.783400793330771892e-27 1.105546969241467253e-03 0.000000000000000000e+00
8.621629999222240048e-01 1.367314531085346840e-01 7.325353007753614684e-31 5.783400793330771892e-27 1.105546969241467253e-03 0.000000000000000000e+00
8.621629999222240048e-01 1.367314531085346840e-01 7.325353007753614684e-31 5.783400793330771892e-27 1.105546969241467253e-03 0.000000000000000000e+00
8.621629999222240048e-01 1.367314531085346840e-01 7.325353007753614684e-31 5.783400793330771892e-27 1.105546969241467253e-03 0.000000000000000000e+00
8.621629999222240048e-01 1.367314531085346840e-01 7.325353007753614684e-31 5.783400793330771892e-27 1.105546969241467253e-03 0.000000000000000000e+00
8.621629999222240048e-01 1.367314531085346840e-01 7.325353007753614684e-31 5.783400793330771892e-27 1.105546969241467253e-03 0.000000000000000000e+00
8.621629999222240048e-01 1.367314531085346840e-01 7.325353007753614684e-31 5.783400793330771892e-27 1.105546969241467253e-03 0.000000000000000000e+00
8.621629999222240048e-01 1.367314531085346840e-01 7.325353007753614684e-31 5.783400793330771892e-27 1.105546969241467253e-03 0.000000000000000000e+00
8.621629999222240048e-01 1.367314531085346840e-01 7.325353007753614684e-31 5.783400793330771892e-27 1.105546969241467253e-03 0.000000000000000000e+00
8.621629999222240048e-01 1.367314531085346840e-01 7.325353007753614684e-31 5.783400793330771892e-27 1.105546969241467253e-03 0.000000000000000000e+00
8.621629999222240048e-01 1.367314531085346840e-01 7.325353007753614684e-31 5.783400793330771892e-27 1.105546969241467253e-03 0.000000000000000000e+00
8.621629999222240048e-01 1.367314531085346840e-01 7.325353007753614684e-31 5.783400793330771892e-27 1.105546969241467253e-03 0.000000000000000000e+00
8.621629999222240048e-01 1.367314531085346840e-01 7.325353007753614684e-31 5.783400793330771892e-27 1.105546969241467253e-03 0.000000000000000000e+00
8.621629999222240048e-01 1.367314531085346840e-01 7.325353007753614684e-31 5.783400793330771892e-27 1.105546969241467253e-03 0.000000000000000000e+00
8.621629999222240048e-01 1.367314531085346840e-01 7.325353007753614684e-31 5.783400793330771892e-27 1.105546969241467253e-03 0.000000000000000000e+00
8.621629999222240048e-01 1.367314531085346840e-01 7.325353007753614684e-31 5.783400793330771892e-27 1.105546969241467253e-03 0.000000000000000000e+00
8.621629999222240048e-01 1.367314531085346840e-01 7.325353007753614684e-31 5.783400793330771892e-27 1.105546969241467253e-03 0.000000000000000000e+00
8.621629999222240048e-01 1.367314531085346840e-01 7.325353007753614684e-31 5.783400793330771892e-27 1.105546969241467253e-03 0.000000000000000000e+00
8.621629999222240048e-01 1.367314531085346840e-01 7.325353007753614684e-31 5.783400793330771892e-27 1.105546969241467253e-03 0.000000000000000000e+00
8.621629999222240048e-01 1.367314531085346840e-01 7.325353007753614684e-31 5.783400793330771892e-27 1.105546969241467253e-03 0.000000000000000000e+00
8.621629999222240048e-01 1.367314531085346840e-01 7.325353007753614684e-31 5.783400793330771892e-27 1.105546969241467253e-03 0.000000000000000000e+00
8.621629999222240048e-01 1.367314531085346840e-01 7.325353007753614684e-31 5.783400793330771892e-27 1.105546969241467253e-03 0.000000000000000000e+00
8.621629999222240048e-01 1.367314531085346840e-01 7.325353007753614684e-31 5.783400793330771892e-27 1.105546969241467253e-03 0.000000000000000000e+00
8.621629999222240048e-01 1.367314531085346840e-01 7.325353007753614684e-31 5.783400793330771892e-27 1.105546969241467253e-03 0.000000000000000000e+00
8.621629999222240048e-01 1.367314531085346840e-01 7.325353007753614684e-31 5.783400793330771892e-27 1.105546969241467253e-03 0.000000000000000000e+00
8.621629999222240048e-01 1.367314531085346840e-01 7.325353007753614684e-31 5.783400793330771892e-27 1.105546969241467253e-03 0.000000000000000000e+00
8.621629999222240048e-01 1.367314531085346840e-01 7.325353007753614684e-31 5.783400793330771892e-27 1.105546969241467253e-03 0.000000000000000000e+00
8.621629999222240048e-01 1.367314531085346840e-01 7.325353007753614684e-31 5.783400793330771892e-27 1.105546969241467253e-03 0.000000000000000000e+00
8.621629999222240048e-01 1.367314531085346840e-01 7.325353007753614684e-31 5.783400793330771892e-27 1.105546969241467253e-03 0.000000000000000000e+00
8.621629999222240048e-01 1.367314531085346840e-01 7.325353007753614684e-31 5.783400793330771892e-27 1.105546969241467253e-03 0.000000000000000000e+00
8.621629999222240048e-01 1.367314531085346840e-01 7.325353007753614684e-31 5.783400793330771892e-27 1.105546969241467253e-03 0.000000000000000000e+00
8.621629999222240048e-01 1.367314531085346840e-01 7.325353007753614684e-31 5.783400793330771892e-27 1.105546969241467253e-03 0.000000000000000000e+00
8.621629999222240048e-01 1.367314531085346840e-01 7.325353007753614684e-31 5.783400793330771892e-27 1.105546969241467253e-03 0.000000000000000000e+00
8.621629999222240048e-01 1.367314531085346840e-01 7.325353007753614684e-31 5.783400793330771892e-27 1.105546969241467253e-03 0.000000000000000000e+00
8.621629999222240048e-01 1.367314531085346840e-01 7.325353007753614684e-31 5.783400793330771892e-27 1.105546969241467253e-03 0.000000000000000000e+00
8.621629999222240048e-01 1.367314531085346840e-01 7.325353007753614684e-31 5.783400793330771892e-27 1.105546969241467253e-03 0.000000000000000000e+00
8.621629999222240048e-01 1.367314531085346840e-01 7.325353007753614684e-31 5.783400793330771892e-27 1.105546969241467253e-03 0.000000000000000000e+00
8.621629999222240048e-01 1.367314531085346840e-01 7.325353007753614684e-31 5.783400793330771892e-27 1.105546969241467253e-03 0.000000000000000000e+00
8.621629999222240048e-01 1.367314531085346840e-01 7.325353007753614684e-31 5.783400793330771892e-27 1.105546969241467253e-03 0.000000000000000000e+00
8.621629999222240048e-01 1.367314531085346840e-01 7.325353007753614684e-31 5.783400793330771892e-27 1.105546969241467253e-03 0.000000000000000000e+00
8.621629999222240048e-01 1.367314531085346840e-01 7.325353007753614684e-31 5.783400793330771892e-27 1.105546969241467253e-03 0.000000000000000000e+00
8.621629999222240048e-01 1.367314531085346840e-01 7.325353007753614684e-31 5.783400793330771892e-27 1.105546969241467253e-03 0.000000000000000000e+00
8.621629999222240048e-01 1.367314531085346840e-01 7.325353007753614684e-31 5.783400793330771892e-27 1.105546969241467253e-03 0.000000000000000000e+00
8.621629999222240048e-01 1.367314531085346840e-01 7.325353007753614684e-31 5.783400793330771892e-27 1.105546969241467253e-03 0.000000000000000000e+00
8.621629999222240048e-01 1.367314531085346840e-01 7.325353007753614684e-31 5.783400793330771892e-27 1.105546969241467253e-03 0.000000000000000000e+00
8.621629999222240048e-01 1.367314531085346840e-01 7.325353007753614684e-31 5.783400793330771892e-27 1.105546969241467253e-03 0.000000000000000000e+00
8.621629999222240048e-01 1.367314531085346840e-01 7.325353007753614684e-31 5.783400793330771892e-27 1.105546969241467253e-03 0.000000000000000000e+00
8.621629999222240048e-01 1.367314531085346840e-01 7.325353007753614684e-31 5.783400793330771892e-27 1.105546969241467253e-03 0.000000000000000000e+00
8.621629999222240048e-01 1.367314531085346840e-01 7.325353007753614684e-31 5.783400793330771892e-27 1.105546969241467253e-03 0.000000000000000000e+00
8.621629999222240048e-01 1.367314531085346840e-01 7.325353007753614684e-31 5.783400793330771892e-27 1.105546969241467253e-03 0.000000000000000000e+00
8.621629999222240048e-01 1.367314531085346840e-01 7.325353007753614684e-31 5.783400793330771892e-27 1.105546969241467253e-03 0.000000000000000000e+00
8.621629999222240048e-01 1.367314531085346840e-01 7.325353007753614684e-31 5.783400793330771892e-27 1.105546969241467253e-03 0.000000000000000000e+00
8.621629999222240048e-01 1.367314531085346840e-01 7.325353007753614684e-31 5.783400793330771892e-27 1.105546969241467253e-03 0.000000000000000000e+00
8.621629999222240048e-01 1.367314531085346840e-01 7.325353007753614684e-31 5.783400793330771892e-27 1.105546969241467253e-03 0.000000000000000000e+00
8.621629999222240048e-01 1.367314531085346840e-01 7.325353007753614684e-31 5.783400793330771892e-27 1.105546969241467253e-03 0.000000000000000000e+00
8.621629999222240048e-01 1.367314531085346840e-01 7.325353007753614684e-31 5.783400793330771892e-27 1.105546969241467253e-03 0.000000000000000000e+00
8.621629999222240048e-01 1.367314531085346840e-01 7.325353007753614684e-31 5.783400793330771892e-27 1.105546969241467253e-03 0.000000000000000000e+00
8.621629999222240048e-01 1.367314531085346840e-01 7.325353007753614684e-31 5.783400793330771892e-27 1.105546969241467253e-03 0.000000000000000000e+00
8.621629999222240048e-01 1.367314531085346840e-01 7.325353007753614684e-31 5.783400793330771892e-27 1.105546969241467253e-03 0.000000000000000000e+00
8.621629999222240048e-01 1.367314531085346840e-01 7.325353007753614684e-31 5.783400793330771892e-27 1.105546969241467253e-03 0.000000000000000000e+00
8.621629999222240048e-01 1.367314531085346840e-01 7.325353007753614684e-31 5.783400793330771892e-27 1.105546969241467253e-03 0.000000000000000000e+00
8.621629999222240048e-01 1.367314531085346840e-01 7.325353007753614684e-31 5.783400793330771892e-27 1.105546969241467253e-03 0.000000000000000000e+00
8.621629999222240048e-01 1.367314531085346840e-01 7.325353007753614684e-31 5.783400793330771892e-27 1.105546969241467253e-03 0.000000000000000000e+00
8.621629999222240048e-01 1.367314531085346840e-01 7.325353007753614684e-31 5.783400793330771892e-27 1.105546969241467253e-03 0.000000000000000000e+00
8.621629999222240048e-01 1.367314531085346840e-01 7.325353007753614684e-31 5.783400793330771892e-27 1.105546969241467253e-03 0.000000000000000000e+00
8.621629999222240048e-01 1.367314531085346840e-01 7.325353007753614684e-31 5.783400793330771892e-27 1.105546969241467253e-03 0.000000000000000000e+00
8.621629999222240048e-01 1.367314531085346840e-01 7.325353007753614684e-31 5.783400793330771892e-27 1.105546969241467253e-03 0.000000000000000000e+00
8.621629999222240048e-01 1.367314531085346840e-01 7.325353007753614684e-31 5.783400793330771892e-27 1.105546969241467253e-03 0.000000000000000000e+00
8.621629999222240048e-01 1.367314531085346840e-01 7.325353007753614684e-31 5.783400793330771892e-27 1.105546969241467253e-03 0.000000000000000000e+00
8.621629999222240048e-01 1.367314531085346840e-01 7.325353007753614684e-31 5.783400793330771892e-27 1.105546969241467253e-03 0.000000000000000000e+00
8.621629999222240048e-01 1.367314531085346840e-01 7.325353007753614684e-31 5.783400793330771892e-27 1.105546969241467253e-03 0.000000000000000000e+00
8.621629999222240048e-01 1.367314531085346840e-01 7.325353007753614684e-31 5.783400793330771892e-27 1.105546969241467253e-03 0.000000000000000000e+00
8.621629999222240048e-01 1.367314531085346840e-01 7.325353007753614684e-31 5.783400793330771892e-27 1.105546969241467253e-03 0.000000000000000000e+00
8.621629999222240048e-01 1.367314531085346840e-01 7.325353007753614684e-31 5.783400793330771892e-27 1.105546969241467253e-03 0.000000000000000000e+00
8.621629999222240048e-01 1.367314531085346840e-01 7.325353007753614684e-31 5.783400793330771892e-27 1.105546969241467253e-03 0.000000000000000000e+00
8.621629999222240048e-01 1.367314531085346840e-01 7.325353007753614684e-31 5.783400793330771892e-27 1.105546969241467253e-03 0.000000000000000000e+00
8.621629999222240048e-01 1.367314531085346840e-01 7.325353007753614684e-31 5.783400793330771892e-27 1.105546969241467253e-03 0.000000000000000000e+00
8.621629999222240048e-01 1.367314531085346840e-01 7.325353007753614684e-31 5.783400793330771892e-27 1.105546969241467253e-03 0.000000000000000000e+00
8.621629999222240048e-01 1.367314531085346840e-01 7.325353007753614684e-31 5.783400793330771892e-27 1.105546969241467253e-03 0.000000000000000000e+00
8.621629999222240048e-01 1.367314531085346840e-01 7.325353007753614684e-31 5.783400793330771892e-27 1.105546969241467253e-03 0.000000000000000000e+00
8.621629999222240048e-01 1.367314531085346840e-01 7.325353007753614684e-31 5.783400793330771892e-27 1.105546969241467253e-03 0.000000000000000000e+00
8.621629999222240048e-01 1.367314531085346840e-01 7.325353007753614684e-31 5.783400793330771892e-27 1.105546969241467253e-03 0.000000000000000000e+00
8.621629999222240048e-01 1.367314531085346840e-01 7.325353007753614684e-31 5.783400793330771892e-27 1.105546969241467253e-03 0.000000000000000000e+00
8.621629999222240048e-01 1.367314531085346840e-01 7.325353007753614684e-31 5.783400793330771892e-27 1.105546969241467253e-03 0.000000000000000000e+00
8.621629999222240048e-01 1.367314531085346840e-01 7.325353007753614684e-31 5.783400793330771892e-27 1.105546969241467253e-03 0.000000000000000000e+00
8.621629999222240048e-01 1.367314531085346840e-01 7.325353007753614684e-31 5.783400793330771892e-27 1.105546969241467253e-03 0.000000000000000000e+00
8.621629999222240048e-01 1.367314531085346840e-01 7.325353007753614684e-31 5.783400793330771892e-27 1.105546969241467253e-03 0.000000000000000000e+00
8.621629999222240048e-01 1.367314531085346840e-01 7.325353007753614684e-31 5.783400793330771892e-27 1.105546969241467253e-03 0.000000000000000000e+00
8.621629999222240048e-01 1.367314531085346840e-01 7.325353007753614684e-31 5.783400793330771892e-27 1.105546969241467253e-03 0.000000000000000000e+00
8.621629999222240048e-01 1.367314531085346840e-01 7.325353007753614684e-31 5.783400793330771892e-27 1.105546969241467253e-03 0.000000000000000000e+00
8.621629999222240048e-01 1.367314531085346840e-01 7.325353007753614684e-31 5.783400793330771892e-27 1.105546969241467253e-03 0.000000000000000000e+00
8.621629999222240048e-01 1.367314531085346840e-01 7.325353007753614684e-31 5.783400793330771892e-27 1.105546969241467253e-03 0.000000000000000000e+00
8.621629999222240048e-01 1.367314531085346840e-01 7.325353007753614684e-31 5.783400793330771892e-27 1.105546969241467253e-03 0.000000000000000000e+00
8.621629999222240048e-01 1.367314531085346840e-01 7.325353007753614684e-31 5.783400793330771892e-27 1.105546969241467253e-03 0.000000000000000000e+00
8.621629999222240048e-01 1.367314531085346840e-01 7.325353007753614684e-31 5.783400793330771892e-27 1.105546969241467253e-03 0.000000000000000000e+00
8.621629999222240048e-01 1.367314531085346840e-01 7.325353007753614684e-31 5.783400793330771892e-27 1.105546969241467253e-03 0.000000000000000000e+00
8.621629999222240048e-01 1.367314531085346840e-01 7.325353007753614684e-31 5.783400793330771892e-27 1.105546969241467253e-03 0.000000000000000000e+00
8.621629999222240048e-01 1.367314531085346840e-01 7.325353007753614684e-31 5.783400793330771892e-27 1.105546969241467253e-03 0.000000000000000000e+00
8.621629999222240048e-01 1.367314531085346840e-01 7.325353007753614684e-31 5.783400793330771892e-27 1.105546969241467253e-03 0.000000000000000000e+00
8.621629999222240048e-01 1.367314531085346840e-01 7.325353007753614684e-31 5.783400793330771892e-27 1.105546969241467253e-03 0.000000000000000000e+00
8.621629999222240048e-01 1.367314531085346840e-01 7.325353007753614684e-31 5.783400793330771892e-27 1.105546969241467253e-03 0.000000000000000000e+00
8.621629999222240048e-01 1.367314531085346840e-01 7.325353007753614684e-31 5.783400793330771892e-27 1.105546969241467253e-03 0.000000000000000000e+00
8.621629999222240048e-01 1.367314531085346840e-01 7.325353007753614684e-31 5.783400793330771892e-27 1.105546969241467253e-03 0.000000000000000000e+00
8.621629999222240048e-01 1.367314531085346840e-01 7.325353007753614684e-31 5.783400793330771892e-27 1.105546969241467253e-03 0.000000000000000000e+00
8.621629999222240048e-01 1.367314531085346840e-01 7.325353007753614684e-31 5.783400793330771892e-27 1.105546969241467253e-03 0.000000000000000000e+00
8.621629999222240048e-01 1.367314531085346840e-01 7.325353007753614684e-31 5.783400793330771892e-27 1.105546969241467253e-03 0.000000000000000000e+00
8.621629999222240048e-01 1.367314531085346840e-01 7.325353007753614684e-31 5.783400793330771892e-27 1.105546969241467253e-03 0.000000000000000000e+00
8.621629999222240048e-01 1.367314531085346840e-01 7.325353007753614684e-31 5.783400793330771892e-27 1.105546969241467253e-03 0.000000000000000000e+00
8.621629999222240048e-01 1.367314531085346840e-01 7.325353007753614684e-31 5.783400793330771892e-27 1.105546969241467253e-03 0.000000000000000000e+00
8.621629999222240048e-01 1.367314531085346840e-01 7.325353007753614684e-31 5.783400793330771892e-27 1.105546969241467253e-03 0.000000000000000000e+00
8.621629999222240048e-01 1.367314531085346840e-01 7.325353007753614684e-31 5.783400793330771892e-27 1.105546969241467253e-03 0.000000000000000000e+00
8.621629999222240048e-01 1.367314531085346840e-01 7.325353007753614684e-31 5.783400793330771892e-27 1.105546969241467253e-03 0.000000000000000000e+00
8.621629999222240048e-01 1.367314531085346840e-01 7.325353007753614684e-31 5.783400793330771892e-27 1.105546969241467253e-03 0.000000000000000000e+00
8.621629999222240048e-01 1.367314531085346840e-01 7.325353007753614684e-31 5.783400793330771892e-27 1.105546969241467253e-03 0.000000000000000000e+00
8.621629999222240048e-01 1.367314531085346840e-01 7.325353007753614684e-31 5.783400793330771892e-27 1.105546969241467253e-03 0.000000000000000000e+00
8.621629999222240048e-01 1.367314531085346840e-01 7.325353007753614684e-31 5.783400793330771892e-27 1.105546969241467253e-03 0.000000000000000000e+00
8.621629999222240048e-01 1.367314531085346840e-01 7.325353007753614684e-31 5.783400793330771892e-27 1.105546969241467253e-03 0.000000000000000000e+00
8.621629999222240048e-01 1.367314531085346840e-01 7.325353007753614684e-31 5.783400793330771892e-27 1.105546969241467253e-03 0.000000000000000000e+00
8.621629999222240048e-01 1.367314531085346840e-01 7.325353007753614684e-31 5.783400793330771892e-27 1.105546969241467253e-03 0.000000000000000000e+00
8.621629999222240048e-01 1.367314531085346840e-01 7.325353007753614684e-31 5.783400793330771892e-27 1.105546969241467253e-03 0.000000000000000000e+00
8.621629999222240048e-01 1.367314531085346840e-01 7.325353007753614684e-31 5.783400793330771892e-27 1.105546969241467253e-03 0.000000000000000000e+00
8.621629999222240048e-01 1.367314531085346840e-01 7.325353007753614684e-31 5.783400793330771892e-27 1.105546969241467253e-03 0.000000000000000000e+00
8.621629999222240048e-01 1.367314531085346840e-01 7.325353007753614684e-31 5.783400793330771892e-27 1.105546969241467253e-03 0.000000000000000000e+00
8.621629999222240048e-01 1.367314531085346840e-01 7.325353007753614684e-31 5.783400793330771892e-27 1.105546969241467253e-03 0.000000000000000000e+00
8.621629999222240048e-01 1.367314531085346840e-01 7.325353007753614684e-31 5.783400793330771892e-27 1.105546969241467253e-03 0.000000000000000000e+00
8.621629999222240048e-01 1.367314531085346840e-01 7.325353007753614684e-31 5.783400793330771892e-27 1.105546969241467253e-03 0.000000000000000000e+00
8.621629999222240048e-01 1.367314531085346840e-01 7.325353007753614684e-31 5.783400793330771892e-27 1.105546969241467253e-03 0.000000000000000000e+00
8.621629999222240048e-01 1.367314531085346840e-01 7.325353007753614684e-31 5.783400793330771892e-27 1.105546969241467253e-03 0.000000000000000000e+00
8.621629999222240048e-01 1.367314531085346840e-01 7.325353007753614684e-31 5.783400793330771892e-27 1.105546969241467253e-03 0.000000000000000000e+00
8.621629999222240048e-01 1.367314531085346840e-01 7.325353007753614684e-31 5.783400793330771892e-27 1.105546969241467253e-03 0.000000000000000000e+00
8.621629999222240048e-01 1.367314531085346840e-01 7.325353007753614684e-31 5.783400793330771892e-27 1.105546969241467253e-03 0.000000000000000000e+00
8.621629999222240048e-01 1.367314531085346840e-01 7.325353007753614684e-31 5.783400793330771892e-27 1.105546969241467253e-03 0.000000000000000000e+00
8.621629999222240048e-01 1.367314531085346840e-01 7.325353007753614684e-31 5.783400793330771892e-27 1.105546969241467253e-03 0.000000000000000000e+00
8.621629999222240048e-01 1.367314531085346840e-01 7.325353007753614684e-31 5.783400793330771892e-27 1.105546969241467253e-03 0.000000000000000000e+00
8.621629999222240048e-01 1.367314531085346840e-01 7.325353007753614684e-31 5.783400793330771892e-27 1.105546969241467253e-03 0.000000000000000000e+00
8.621629999222240048e-01 1.367314531085346840e-01 7.325353007753614684e-31 5.783400793330771892e-27 1.105546969241467253e-03 0.000000000000000000e+00
8.621629999222240048e-01 1.367314531085346840e-01 7.325353007753614684e-31 5.783400793330771892e-27 1.105546969241467253e-03 0.000000000000000000e+00
8.621629999222240048e-01 1.367314531085346840e-01 7.325353007753614684e-31 5.783400793330771892e-27 1.105546969241467253e-03 0.000000000000000000e+00
8.621629999222240048e-01 1.367314531085346840e-01 7.325353007753614684e-31 5.783400793330771892e-27 1.105546969241467253e-03 0.000000000000000000e+00
8.621629999222240048e-01 1.367314531085346840e-01 7.325353007753614684e-31 5.783400793330771892e-27 1.105546969241467253e-03 0.000000000000000000e+00
8.621629999222240048e-01 1.367314531085346840e-01 7.325353007753614684e-31 5.783400793330771892e-27 1.105546969241467253e-03 0.000000000000000000e+00
8.621629999222240048e-01 1.367314531085346840e-01 7.325353007753614684e-31 5.783400793330771892e-27 1.105546969241467253e-03 0.000000000000000000e+00
8.621629999222240048e-01 1.367314531085346840e-01 7.325353007753614684e-31 5.783400793330771892e-27 1.105546969241467253e-03 0.000000000000000000e+00
8.621629999222240048e-01 1.367314531085346840e-01 7.325353007753614684e-31 5.783400793330771892e-27 1.105546969241467253e-03 0.000000000000000000e+00
8.621629999222240048e-01 1.367314531085346840e-01 7.325353007753614684e-31 5.783400793330771892e-27 1.105546969241467253e-03 0.000000000000000000e+00
8.621629999222240048e-01 1.367314531085346840e-01 7.325353007753614684e-31 5.783400793330771892e-27 1.105546969241467253e-03 0.000000000000000000e+00
8.621629999222240048e-01 1.367314531085346840e-01 7.325353007753614684e-31 5.783400793330771892e-27 1.105546969241467253e-03 0.000000000000000000e+00
8.621629999222240048e-01 1.367314531085346840e-01 7.325353007753614684e-31 5.783400793330771892e-27 1.105546969241467253e-03 0.000000000000000000e+00
8.621629999222240048e-01 1.367314531085346840e-01 7.325353007753614684e-31 5.783400793330771892e-27 1.105546969241467253e-03 0.000000000000000000e+00
8.621629999222240048e-01 1.367314531085346840e-01 7.325353007753614684e-31 5.783400793330771892e-27 1.105546969241467253e-03 0.000000000000000000e+00
8.621629999222240048e-01 1.367314531085346840e-01 7.325353007753614684e-31 5.783400793330771892e-27 1.105546969241467253e-03 0.000000000000000000e+00
8.621629999222240048e-01 1.367314531085346840e-01 7.325353007753614684e-31 5.783400793330771892e-27 1.105546969241467253e-03 0.000000000000000000e+00
8.621629999222240048e-01 1.367314531085346840e-01 7.325353007753614684e-31 5.783400793330771892e-27 1.105546969241467253e-03 0.000000000000000000e+00
8.621629999222240048e-01 1.367314531085346840e-01 7.325353007753614684e-31 5.783400793330771892e-27 1.105546969241467253e-03 0.000000000000000000e+00
8.621629999222240048e-01 1.367314531085346840e-01 7.325353007753614684e-31 5.783400793330771892e-27 1.105546969241467253e-03 0.000000000000000000e+00
8.621629999222240048e-01 1.367314531085346840e-01 7.325353007753614684e-31 5.783400793330771892e-27 1.105546969241467253e-03 0.000000000000000000e+00
8.621629999222240048e-01 1.367314531085346840e-01 7.325353007753614684e-31 5.783400793330771892e-27 1.105546969241467253e-03 0.000000000000000000e+00
8.621629999222240048e-01 1.367314531085346840e-01 7.325353007753614684e-31 5.783400793330771892e-27 1.105546969241467253e-03 0.000000000000000000e+00
8.621629999222240048e-01 1.367314531085346840e-01 7.325353007753614684e-31 5.783400793330771892e-27 1.105546969241467253e-03 0.000000000000000000e+00
8.621629999222240048e-01 1.367314531085346840e-01 7.325353007753614684e-31 5.783400793330771892e-27 1.105546969241467253e-03 0.000000000000000000e+00
8.621629999222240048e-01 1.367314531085346840e-01 7.325353007753614684e-31 5.783400793330771892e-27 1.105546969241467253e-03 0.000000000000000000e+00
8.621629999222240048e-01 1.367314531085346840e-01 7.325353007753614684e-31 5.783400793330771892e-27 1.105546969241467253e-03 0.000000000000000000e+00
8.621629999222240048e-01 1.367314531085346840e-01 7.325353007753614684e-31 5.783400793330771892e-27 1.105546969241467253e-03 0.000000000000000000e+00
8.621629999222240048e-01 1.367314531085346840e-01 7.325353007753614684e-31 5.783400793330771892e-27 1.105546969241467253e-03 0.000000000000000000e+00
8.621629999222240048e-01 1.367314531085346840e-01 7.325353007753614684e-31 5.783400793330771892e-27 1.105546969241467253e-03 0.000000000000000000e+00
8.621629999222240048e-01 1.367314531085346840e-01 7.325353007753614684e-31 5.783400793330771892e-27 1.105546969241467253e-03 0.000000000000000000e+00
