9.331607687709360111e-01 6.589214535064721878e-02 9.783181749538920492e-15 1.683847736196137042e-14 9.470858783899424507e-04 0.000000000000000000e+00
9.331607597144384592e-01 6.589215460916725275e-02 6.716435584343312681e-15 1.249094329628768328e-14 9.470856763749771479e-04 0.000000000000000000e+00
9.331607675343274177e-01 6.589214682400025558e-02 4.155973958986456166e-15 8.531319868736072836e-15 9.470856416595542287e-04 0.000000000000000000e+00
9.331607675343273067e-01 6.589214682400021394e-02 2.552088277523130916e-15 5.791131765367057345e-15 9.470856416639257319e-04 0.000000000000000000e+00
9.331607675343274177e-01 6.589214682400025558e-02 1.555177778644775190e-15 3.906741151554168637e-15 9.470856416668300927e-04 0.000000000000000000e+00
9.331607675343274177e-01 6.589214682400025558e-02 9.403540850406920487e-16 2.619037734096088927e-15 9.470856416687495642e-04 0.000000000000000000e+00
9.331607675343273067e-01 6.589214682400021394e-02 5.640538703917042068e-16 1.744441281612733793e-15 9.470856416700036608e-04 0.000000000000000000e+00
9.331607675343274177e-01 6.589214682400025558e-02 3.355684986020780508e-16 1.154219589185571445e-15 9.470856416708182219e-04 0.000000000000000000e+00
9.331607675343274177e-01 6.589214682400025558e-02 1.980336919500550479e-16 7.587365089872970680e-16 9.470856416713527336e-04 0.000000000000000000e+00
9.331607675343274177e-01 6.589214682400025558e-02 1.159224898868771131e-16 4.954984318691105139e-16 9.470856416717014130e-04 0.000000000000000000e+00
9.331607675343273067e-01 6.589214682400021394e-02 6.730454291234646949e-17 3.214576950668927642e-16 9.470856416719280113e-04 0.000000000000000000e+00
9.331607675343274177e-01 6.589214682400025558e-02 3.873029183008747954e-17 2.070513871299090160e-16 9.470856416720693912e-04 0.000000000000000000e+00
9.331607675343274177e-01 6.589214682400025558e-02 2.209878327177515014e-17 1.324499014605276294e-16 9.470856416721614400e-04 0.000000000000000000e+00
9.331607675343274177e-01 6.589214682400025558e-02 1.250351251447038740e-17 8.415351794423779103e-17 9.470856416722205290e-04 0.000000000000000000e+00
9.331607675343274177e-01 6.589214682400025558e-02 7.010903405981638340e-18 5.307908135183516058e-17 9.470856416722563077e-04 0.000000000000000000e+00
9.331607675343274177e-01 6.589214682400025558e-02 3.895606072906236410e-18 3.323450752053969006e-17 9.470856416722795096e-04 0.000000000000000000e+00
9.331607675343274177e-01 6.589214682400025558e-02 2.146075152452843773e-18 2.066517741891652609e-17 9.470856416722950137e-04 0.000000000000000000e+00
9.331607675343273067e-01 6.589214682400025558e-02 1.170852057247512633e-18 1.274921939224170091e-17 9.470856416723028200e-04 0.000000000000000000e+00
9.331607675343274177e-01 6.589214682400025558e-02 6.330620276467437943e-19 7.808450664062807491e-18 9.470856416723085662e-04 0.000000000000000000e+00
9.331607675343274177e-01 6.589214682400025558e-02 3.391187313423596597e-19 4.746581980554929361e-18 9.470856416723124694e-04 0.000000000000000000e+00
9.331607675343274177e-01 6.589214682400025558e-02 1.798770246545001516e-19 2.862432944684668832e-18 9.470856416723134451e-04 0.000000000000000000e+00
9.331607675343274177e-01 6.589214682400025558e-02 9.454580772305610581e-20 1.713522578366875953e-18 9.470856416723153967e-04 0.000000000000000000e+00
9.331607675343273067e-01 6.589214682400021394e-02 4.917689696655386572e-20 1.017107496875661266e-18 9.470856416723163725e-04 0.000000000000000000e+00
9.331607675343273067e-01 6.589214682400021394e-02 2.534512876119934123e-20 5.992676689138018452e-19 9.470856416723163725e-04 0.000000000000000000e+00
9.331607675343273067e-01 6.589214682400021394e-02 1.292233056195839121e-20 3.500129930631832878e-19 9.470856416723163725e-04 0.000000000000000000e+00
9.331607675343274177e-01 6.589214682400025558e-02 6.525727672894143918e-21 2.028542479372457942e-19 9.470856416723173483e-04 0.000000000000000000e+00
9.331607675343274177e-01 6.589214682400025558e-02 3.260081739247176400e-21 1.165443824134793131e-19 9.470856416723173483e-04 0.000000000000000000e+00
9.331607675343274177e-01 6.589214682400025558e-02 1.611891782856531550e-21 6.639945686207585205e-20 9.470856416723173483e-04 0.000000000000000000e+00
9.331607675343274177e-01 6.589214682400025558e-02 7.888063762173944092e-22 3.751621613071469990e-20 9.470856416723173483e-04 0.000000000000000000e+00
9.331607675343273067e-01 6.589214682400025558e-02 3.815840915037610062e-22 2.099985250357181233e-20 9.470856416723173483e-04 0.000000000000000000e+00
9.331607675343275288e-01 6.589214682400025558e-02 1.827342427297646311e-22 1.165899812883585957e-20 9.470856416723173483e-04 0.000000000000000000e+00
9.331607675343274177e-01 6.589214682400025558e-02 8.650125493808857315e-23 6.412661281145178087e-21 9.470856416723173483e-04 0.000000000000000000e+00
9.331607675343274177e-01 6.589214682400021394e-02 4.048486592628812796e-23 3.494814304468837026e-21 9.470856416723173483e-04 0.000000000000000000e+00
9.331607675343273067e-01 6.589214682400021394e-02 1.874669226592405917e-23 1.888235661602771432e-21 9.470856416723173483e-04 0.000000000000000000e+00
9.331607675343274177e-01 6.589214682400025558e-02 8.576471347660926559e-24 1.010277379180185901e-21 9.470856416723173483e-04 0.000000000000000000e+00
9.331607675343274177e-01 6.589214682400025558e-02 3.876366877160121175e-24 5.352551903168269715e-22 9.470856416723173483e-04 0.000000000000000000e+00
9.331607675343273067e-01 6.589214682400021394e-02 1.732181605733681579e-24 2.809802820422690572e-22 9.470856416723173483e-04 0.000000000000000000e+00
9.331607675343273067e-01 6.589214682400021394e-02 7.651146654467822375e-25 1.461215463634918291e-22 9.470856416723173483e-04 0.000000000000000000e+00
9.331607675343275288e-01 6.589214682400025558e-02 3.334016011470192738e-25 7.515925682295129424e-23 9.470856416723173483e-04 0.000000000000000000e+00
9.331607675343274177e-01 6.589214682400025558e-02 1.435205879964098695e-25 3.827928918738181171e-23 9.470856416723173483e-04 0.000000000000000000e+00
9.331607675343273067e-01 6.589214682400025558e-02 6.103149851072172994e-26 1.930405074504480249e-23 9.470856416723173483e-04 0.000000000000000000e+00
9.331607675343273067e-01 6.589214682400021394e-02 2.563270834223772058e-26 9.637424701469956288e-24 9.470856416723173483e-04 0.000000000000000000e+00
9.331607675343273067e-01 6.589214682400021394e-02 1.062781073305137100e-26 4.761524285209184601e-24 9.470856416723173483e-04 0.000000000000000000e+00
9.331607675343274177e-01 6.589214682400021394e-02 4.343972894567627509e-27 2.325440715833384018e-24 9.470856416723173483e-04 0.000000000000000000e+00
9.331607675343274177e-01 6.589214682400021394e-02 1.752249430668637332e-27 1.123621056590118089e-24 9.470856416723173483e-04 0.000000000000000000e+00
9.331607675343274177e-01 6.589214682400025558e-02 6.972208678421971392e-28 5.369412079927952252e-25 9.470856416723173483e-04 0.000000000000000000e+00
9.331607675343274177e-01 6.589214682400021394e-02 2.735953129591242817e-28 2.537132950768415454e-25 9.470856416723173483e-04 0.000000000000000000e+00
9.331607675343275288e-01 6.589214682400025558e-02 1.058541732229646601e-28 1.185184341585234110e-25 9.470856416723173483e-04 0.000000000000000000e+00
9.331607675343274177e-01 6.589214682400025558e-02 4.037055883113401250e-29 5.472309535542520982e-26 9.470856416723173483e-04 0.000000000000000000e+00
9.331607675343274177e-01 6.589214682400025558e-02 1.517311278072968368e-29 2.496966956116038663e-26 9.470856416723173483e-04 0.000000000000000000e+00
9.331607675343274177e-01 6.589214682400025558e-02 1.358656035926047338e-29 2.285352486956491017e-26 9.470856416723173483e-04 0.000000000000000000e+00
9.331607675343274177e-01 6.589214682400025558e-02 1.358656035926047338e-29 2.285352486956491017e-26 9.470856416723173483e-04 0.000000000000000000e+00
9.331607675343274177e-01 6.589214682400025558e-02 1.358656035926047338e-29 2.285352486956491017e-26 9.470856416723173483e-04 0.000000000000000000e+00
9.331607675343274177e-01 6.589214682400025558e-02 1.358656035926047338e-29 2.285352486956491017e-26 9.470856416723173483e-04 0.000000000000000000e+00
9.331607675343274177e-01 6.589214682400025558e-02 1.358656035926047338e-29 2.285352486956491017e-26 9.470856416723173483e-04 0.000000000000000000e+00
9.331607675343274177e-01 6.589214682400025558e-02 1.358656035926047338e-29 2.285352486956491017e-26 9.470856416723173483e-04 0.000000000000000000e+00
9.331607675343274177e-01 6.589214682400025558e-02 1.358656035926047338e-29 2.285352486956491017e-26 9.470856416723173483e-04 0.000000000000000000e+00
9.331607675343274177e-01 6.589214682400025558e-02 1.358656035926047338e-29 2.285352486956491017e-26 9.470856416723173483e-04 0.000000000000000000e+00
9.331607675343274177e-01 6.589214682400025558e-02 1.358656035926047338e-29 2.285352486956491017e-26 9.470856416723173483e-04 0.000000000000000000e+00
9.331607675343274177e-01 6.589214682400025558e-02 1.358656035926047338e-29 2.285352486956491017e-26 9.470856416723173483e-04 0.000000000000000000e+00
9.331607675343274177e-01 6.589214682400025558e-02 1.358656035926047338e-29 2.285352486956491017e-26 9.470856416723173483e-04 0.000000000000000000e+00
9.331607675343274177e-01 6.589214682400025558e-02 1.358656035926047338e-29 2.285352486956491017e-26 9.470856416723173483e-04 0.000000000000000000e+00
9.331607675343274177e-01 6.589214682400025558e-02 1.358656035926047338e-29 2.285352486956491017e-26 9.470856416723173483e-04 0.000000000000000000e+00
9.331607675343274177e-01 6.589214682400025558e-02 1.358656035926047338e-29 2.285352486956491017e-26 9.470856416723173483e-04 0.000000000000000000e+00
9.331607675343274177e-01 6.589214682400025558e-02 1.358656035926047338e-29 2.285352486956491017e-26 9.470856416723173483e-04 0.000000000000000000e+00
9.331607675343274177e-01 6.589214682400025558e-02 1.358656035926047338e-29 2.285352486956491017e-26 9.470856416723173483e-04 0.000000000000000000e+00
9.331607675343274177e-01 6.589214682400025558e-02 1.358656035926047338e-29 2.285352486956491017e-26 9.470856416723173483e-04 0.000000000000000000e+00
9.331607675343274177e-01 6.589214682400025558e-02 1.358656035926047338e-29 2.285352486956491017e-26 9.470856416723173483e-04 0.000000000000000000e+00
9.331607675343274177e-01 6.589214682400025558e-02 1.358656035926047338e-29 2.285352486956491017e-26 9.470856416723173483e-04 0.000000000000000000e+00
9.331607675343274177e-01 6.589214682400025558e-02 1.358656035926047338e-29 2.285352486956491017e-26 9.470856416723173483e-04 0.000000000000000000e+00
9.331607675343274177e-01 6.589214682400025558e-02 1.358656035926047338e-29 2.285352486956491017e-26 9.470856416723173483e-04 0.000000000000000000e+00
9.331607675343274177e-01 6.589214682400025558e-02 1.358656035926047338e-29 2.285352486956491017e-26 9.470856416723173483e-04 0.000000000000000000e+00
9.331607675343274177e-01 6.589214682400025558e-02 1.358656035926047338e-29 2.285352486956491017e-26 9.470856416723173483e-04 0.000000000000000000e+00
9.331607675343274177e-01 6.589214682400025558e-02 1.358656035926047338e-29 2.285352486956491017e-26 9.470856416723173483e-04 0.000000000000000000e+00
9.331607675343274177e-01 6.589214682400025558e-02 1.358656035926047338e-29 2.285352486956491017e-26 9.470856416723173483e-04 0.000000000000000000e+00
9.331607675343274177e-01 6.589214682400025558e-02 1.358656035926047338e-29 2.285352486956491017e-26 9.470856416723173483e-04 0.000000000000000000e+00
9.331607675343274177e-01 6.589214682400025558e-02 1.358656035926047338e-29 2.285352486956491017e-26 9.470856416723173483e-04 0.000000000000000000e+00
9.331607675343274177e-01 6.589214682400025558e-02 1.358656035926047338e-29 2.285352486956491017e-26 9.470856416723173483e-04 0.000000000000000000e+00
9.331607675343274177e-01 6.589214682400025558e-02 1.358656035926047338e-29 2.285352486956491017e-26 9.470856416723173483e-04 0.000000000000000000e+00
9.331607675343274177e-01 6.589214682400025558e-02 1.358656035926047338e-29 2.285352486956491017e-26 9.470856416723173483e-04 0.000000000000000000e+00
9.331607675343274177e-01 6.589214682400025558e-02 1.358656035926047338e-29 2.285352486956491017e-26 9.470856416723173483e-04 0.000000000000000000e+00
9.331607675343274177e-01 6.589214682400025558e-02 1.358656035926047338e-29 2.285352486956491017e-26 9.470856416723173483e-04 0.000000000000000000e+00
9.331607675343274177e-01 6.589214682400025558e-02 1.358656035926047338e-29 2.285352486956491017e-26 9.470856416723173483e-04 0.000000000000000000e+00
9.331607675343274177e-01 6.589214682400025558e-02 1.358656035926047338e-29 2.285352486956491017e-26 9.470856416723173483e-04 0.000000000000000000e+00
9.331607675343274177e-01 6.589214682400025558e-02 1.358656035926047338e-29 2.285352486956491017e-26 9.470856416723173483e-04 0.000000000000000000e+00
9.331607675343274177e-01 6.589214682400025558e-02 1.358656035926047338e-29 2.285352486956491017e-26 9.470856416723173483e-04 0.000000000000000000e+00
9.331607675343274177e-01 6.589214682400025558e-02 1.358656035926047338e-29 2.285352486956491017e-26 9.470856416723173483e-04 0.000000000000000000e+00
9.331607675343274177e-01 6.589214682400025558e-02 1.358656035926047338e-29 2.285352486956491017e-26 9.470856416723173483e-04 0.000000000000000000e+00
9.331607675343274177e-01 6.589214682400025558e-02 1.358656035926047338e-29 2.285352486956491017e-26 9.470856416723173483e-04 0.000000000000000000e+00
9.331607675343274177e-01 6.589214682400025558e-02 1.358656035926047338e-29 2.285352486956491017e-26 9.470856416723173483e-04 0.000000000000000000e+00
9.331607675343274177e-01 6.589214682400025558e-02 1.358656035926047338e-29 2.285352486956491017e-26 9.470856416723173483e-04 0.000000000000000000e+00
9.331607675343274177e-01 6.589214682400025558e-02 1.358656035926047338e-29 2.285352486956491017e-26 9.470856416723173483e-04 0.000000000000000000e+00
9.331607675343274177e-01 6.589214682400025558e-02 1.358656035926047338e-29 2.285352486956491017e-26 9.470856416723173483e-04 0.000000000000000000e+00
9.331607675343274177e-01 6.589214682400025558e-02 1.358656035926047338e-29 2.285352486956491017e-26 9.470856416723173483e-04 0.000000000000000000e+00
9.331607675343274177e-01 6.589214682400025558e-02 1.358656035926047338e-29 2.285352486956491017e-26 9.470856416723173483e-04 0.000000000000000000e+00
9.331607675343274177e-01 6.589214682400025558e-02 1.358656035926047338e-29 2.285352486956491017e-26 9.470856416723173483e-04 0.000000000000000000e+00
9.331607675343274177e-01 6.589214682400025558e-02 1.358656035926047338e-29 2.285352486956491017e-26 9.470856416723173483e-04 0.000000000000000000e+00
9.331607675343274177e-01 6.589214682400025558e-02 1.358656035926047338e-29 2.285352486956491017e-26 9.470856416723173483e-04 0.000000000000000000e+00
9.331607675343274177e-01 6.589214682400025558e-02 1.358656035926047338e-29 2.285352486956491017e-26 9.470856416723173483e-04 0.000000000000000000e+00
9.331607675343274177e-01 6.589214682400025558e-02 1.358656035926047338e-29 2.285352486956491017e-26 9.470856416723173483e-04 0.000000000000000000e+00
9.331607675343274177e-01 6.589214682400025558e-02 1.358656035926047338e-29 2.285352486956491017e-26 9.470856416723173483e-04 0.000000000000000000e+00
9.331607675343274177e-01 6.589214682400025558e-02 1.358656035926047338e-29 2.285352486956491017e-26 9.470856416723173483e-04 0.000000000000000000e+00
9.331607675343274177e-01 6.589214682400025558e-02 1.358656035926047338e-29 2.285352486956491017e-26 9.470856416723173483e-04 0.000000000000000000e+00
9.331607675343274177e-01 6.589214682400025558e-02 1.358656035926047338e-29 2.285352486956491017e-26 9.470856416723173483e-04 0.000000000000000000e+00
9.331607675343274177e-01 6.589214682400025558e-02 1.358656035926047338e-29 2.285352486956491017e-26 9.470856416723173483e-04 0.000000000000000000e+00
9.331607675343274177e-01 6.589214682400025558e-02 1.358656035926047338e-29 2.285352486956491017e-26 9.470856416723173483e-04 0.000000000000000000e+00
9.331607675343274177e-01 6.589214682400025558e-02 1.358656035926047338e-29 2.285352486956491017e-26 9.470856416723173483e-04 0.000000000000000000e+00
9.331607675343274177e-01 6.589214682400025558e-02 1.358656035926047338e-29 2.285352486956491017e-26 9.470856416723173483e-04 0.000000000000000000e+00
9.331607675343274177e-01 6.589214682400025558e-02 1.358656035926047338e-29 2.285352486956491017e-26 9.470856416723173483e-04 0.000000000000000000e+00
9.331607675343274177e-01 6.589214682400025558e-02 1.358656035926047338e-29 2.285352486956491017e-26 9.470856416723173483e-04 0.000000000000000000e+00
9.331607675343274177e-01 6.589214682400025558e-02 1.358656035926047338e-29 2.285352486956491017e-26 9.470856416723173483e-04 0.000000000000000000e+00
9.331607675343274177e-01 6.589214682400025558e-02 1.358656035926047338e-29 2.285352486956491017e-26 9.470856416723173483e-04 0.000000000000000000e+00
9.331607675343274177e-01 6.589214682400025558e-02 1.358656035926047338e-29 2.285352486956491017e-26 9.470856416723173483e-04 0.000000000000000000e+00
9.331607675343274177e-01 6.589214682400025558e-02 1.358656035926047338e-29 2.285352486956491017e-26 9.470856416723173483e-04 0.000000000000000000e+00
9.331607675343274177e-01 6.589214682400025558e-02 1.358656035926047338e-29 2.285352486956491017e-26 9.470856416723173483e-04 0.000000000000000000e+00
9.331607675343274177e-01 6.589214682400025558e-02 1.358656035926047338e-29 2.285352486956491017e-26 9.470856416723173483e-04 0.000000000000000000e+00
9.331607675343274177e-01 6.589214682400025558e-02 1.358656035926047338e-29 2.285352486956491017e-26 9.470856416723173483e-04 0.000000000000000000e+00
9.331607675343274177e-01 6.589214682400025558e-02 1.358656035926047338e-29 2.285352486956491017e-26 9.470856416723173483e-04 0.000000000000000000e+00
9.331607675343274177e-01 6.589214682400025558e-02 1.358656035926047338e-29 2.285352486956491017e-26 9.470856416723173483e-04 0.000000000000000000e+00
9.331607675343274177e-01 6.589214682400025558e-02 1.358656035926047338e-29 2.285352486956491017e-26 9.470856416723173483e-04 0.000000000000000000e+00
9.331607675343274177e-01 6.589214682400025558e-02 1.358656035926047338e-29 2.285352486956491017e-26 9.470856416723173483e-04 0.000000000000000000e+00
9.331607675343274177e-01 6.589214682400025558e-02 1.358656035926047338e-29 2.285352486956491017e-26 9.470856416723173483e-04 0.000000000000000000e+00
9.331607675343274177e-01 6.589214682400025558e-02 1.358656035926047338e-29 2.285352486956491017e-26 9.470856416723173483e-04 0.000000000000000000e+00
9.331607675343274177e-01 6.589214682400025558e-02 1.358656035926047338e-29 2.285352486956491017e-26 9.470856416723173483e-04 0.000000000000000000e+00
9.331607675343274177e-01 6.589214682400025558e-02 1.358656035926047338e-29 2.285352486956491017e-26 9.470856416723173483e-04 0.000000000000000000e+00
9.331607675343274177e-01 6.589214682400025558e-02 1.358656035926047338e-29 2.285352486956491017e-26 9.470856416723173483e-04 0.000000000000000000e+00
9.331607675343274177e-01 6.589214682400025558e-02 1.358656035926047338e-29 2.285352486956491017e-26 9.470856416723173483e-04 0.000000000000000000e+00
9.331607675343274177e-01 6.589214682400025558e-02 1.358656035926047338e-29 2.285352486956491017e-26 9.470856416723173483e-04 0.000000000000000000e+00
9.331607675343274177e-01 6.589214682400025558e-02 1.358656035926047338e-29 2.285352486956491017e-26 9.470856416723173483e-04 0.000000000000000000e+00
9.331607675343274177e-01 6.589214682400025558e-02 1.358656035926047338e-29 2.285352486956491017e-26 9.470856416723173483e-04 0.000000000000000000e+00
9.331607675343274177e-01 6.589214682400025558e-02 1.358656035926047338e-29 2.285352486956491017e-26 9.470856416723173483e-04 0.000000000000000000e+00
9.331607675343274177e-01 6.589214682400025558e-02 1.358656035926047338e-29 2.285352486956491017e-26 9.470856416723173483e-04 0.000000000000000000e+00
9.331607675343274177e-01 6.589214682400025558e-02 1.358656035926047338e-29 2.285352486956491017e-26 9.470856416723173483e-04 0.000000000000000000e+00
9.331607675343274177e-01 6.589214682400025558e-02 1.358656035926047338e-29 2.285352486956491017e-26 9.470856416723173483e-04 0.000000000000000000e+00
9.331607675343274177e-01 6.589214682400025558e-02 1.358656035926047338e-29 2.285352486956491017e-26 9.470856416723173483e-04 0.000000000000000000e+00
9.331607675343274177e-01 6.589214682400025558e-02 1.358656035926047338e-29 2.285352486956491017e-26 9.470856416723173483e-04 0.000000000000000000e+00
9.331607675343274177e-01 6.589214682400025558e-02 1.358656035926047338e-29 2.285352486956491017e-26 9.470856416723173483e-04 0.000000000000000000e+00
9.331607675343274177e-01 6.589214682400025558e-02 1.358656035926047338e-29 2.285352486956491017e-26 9.470856416723173483e-04 0.000000000000000000e+00
9.331607675343274177e-01 6.589214682400025558e-02 1.358656035926047338e-29 2.285352486956491017e-26 9.470856416723173483e-04 0.000000000000000000e+00
9.331607675343274177e-01 6.589214682400025558e-02 1.358656035926047338e-29 2.285352486956491017e-26 9.470856416723173483e-04 0.000000000000000000e+00
9.331607675343274177e-01 6.589214682400025558e-02 1.358656035926047338e-29 2.285352486956491017e-26 9.470856416723173483e-04 0.000000000000000000e+00
9.331607675343274177e-01 6.589214682400025558e-02 1.358656035926047338e-29 2.285352486956491017e-26 9.470856416723173483e-04 0.000000000000000000e+00
9.331607675343274177e-01 6.589214682400025558e-02 1.358656035926047338e-29 2.285352486956491017e-26 9.470856416723173483e-04 0.000000000000000000e+00
9.331607675343274177e-01 6.589214682400025558e-02 1.358656035926047338e-29 2.285352486956491017e-26 9.470856416723173483e-04 0.000000000000000000e+00
9.331607675343274177e-01 6.589214682400025558e-02 1.358656035926047338e-29 2.285352486956491017e-26 9.470856416723173483e-04 0.000000000000000000e+00
9.331607675343274177e-01 6.589214682400025558e-02 1.358656035926047338e-29 2.285352486956491017e-26 9.470856416723173483e-04 0.000000000000000000e+00
9.331607675343274177e-01 6.589214682400025558e-02 1.358656035926047338e-29 2.285352486956491017e-26 9.470856416723173483e-04 0.000000000000000000e+00
9.331607675343274177e-01 6.589214682400025558e-02 1.358656035926047338e-29 2.285352486956491017e-26 9.470856416723173483e-04 0.000000000000000000e+00
9.331607675343274177e-01 6.589214682400025558e-02 1.358656035926047338e-29 2.285352486956491017e-26 9.470856416723173483e-04 0.000000000000000000e+00
9.331607675343274177e-01 6.589214682400025558e-02 1.358656035926047338e-29 2.285352486956491017e-26 9.470856416723173483e-04 0.000000000000000000e+00
9.331607675343274177e-01 6.589214682400025558e-02 1.358656035926047338e-29 2.285352486956491017e-26 9.470856416723173483e-04 0.000000000000000000e+00
9.331607675343274177e-01 6.589214682400025558e-02 1.358656035926047338e-29 2.285352486956491017e-26 9.470856416723173483e-04 0.000000000000000000e+00
9.331607675343274177e-01 6.589214682400025558e-02 1.358656035926047338e-29 2.285352486956491017e-26 9.470856416723173483e-04 0.000000000000000000e+00
9.331607675343274177e-01 6.589214682400025558e-02 1.358656035926047338e-29 2.285352486956491017e-26 9.470856416723173483e-04 0.000000000000000000e+00
9.331607675343274177e-01 6.589214682400025558e-02 1.358656035926047338e-29 2.285352486956491017e-26 9.470856416723173483e-04 0.000000000000000000e+00
9.331607675343274177e-01 6.589214682400025558e-02 1.358656035926047338e-29 2.285352486956491017e-26 9.470856416723173483e-04 0.000000000000000000e+00
9.331607675343274177e-01 6.589214682400025558e-02 1.358656035926047338e-29 2.285352486956491017e-26 9.470856416723173483e-04 0.000000000000000000e+00
9.331607675343274177e-01 6.589214682400025558e-02 1.358656035926047338e-29 2.285352486956491017e-26 9.470856416723173483e-04 0.000000000000000000e+00
9.331607675343274177e-01 6.589214682400025558e-02 1.358656035926047338e-29 2.285352486956491017e-26 9.470856416723173483e-04 0.000000000000000000e+00
9.331607675343274177e-01 6.589214682400025558e-02 1.358656035926047338e-29 2.285352486956491017e-26 9.470856416723173483e-04 0.000000000000000000e+00
9.331607675343274177e-01 6.589214682400025558e-02 1.358656035926047338e-29 2.285352486956491017e-26 9.470856416723173483e-04 0.000000000000000000e+00
9.331607675343274177e-01 6.589214682400025558e-02 1.358656035926047338e-29 2.285352486956491017e-26 9.470856416723173483e-04 0.000000000000000000e+00
9.331607675343274177e-01 6.589214682400025558e-02 1.358656035926047338e-29 2.285352486956491017e-26 9.470856416723173483e-04 0.000000000000000000e+00
9.331607675343274177e-01 6.589214682400025558e-02 1.358656035926047338e-29 2.285352486956491017e-26 9.470856416723173483e-04 0.000000000000000000e+00
9.331607675343274177e-01 6.589214682400025558e-02 1.358656035926047338e-29 2.285352486956491017e-26 9.470856416723173483e-04 0.000000000000000000e+00
9.331607675343274177e-01 6.589214682400025558e-02 1.358656035926047338e-29 2.285352486956491017e-26 9.470856416723173483e-04 0.000000000000000000e+00
9.331607675343274177e-01 6.589214682400025558e-02 1.358656035926047338e-29 2.285352486956491017e-26 9.470856416723173483e-04 0.000000000000000000e+00
9.331607675343274177e-01 6.589214682400025558e-02 1.358656035926047338e-29 2.285352486956491017e-26 9.470856416723173483e-04 0.000000000000000000e+00
9.331607675343274177e-01 6.589214682400025558e-02 1.358656035926047338e-29 2.285352486956491017e-26 9.470856416723173483e-04 0.000000000000000000e+00
9.331607675343274177e-01 6.589214682400025558e-02 1.358656035926047338e-29 2.285352486956491017e-26 9.470856416723173483e-04 0.000000000000000000e+00
9.331607675343274177e-01 6.589214682400025558e-02 1.358656035926047338e-29 2.285352486956491017e-26 9.470856416723173483e-04 0.000000000000000000e+00
9.331607675343274177e-01 6.589214682400025558e-02 1.358656035926047338e-29 2.285352486956491017e-26 9.470856416723173483e-04 0.000000000000000000e+00
9.331607675343274177e-01 6.589214682400025558e-02 1.358656035926047338e-29 2.285352486956491017e-26 9.470856416723173483e-04 0.000000000000000000e+00
9.331607675343274177e-01 6.589214682400025558e-02 1.358656035926047338e-29 2.285352486956491017e-26 9.470856416723173483e-04 0.000000000000000000e+00
9.331607675343274177e-01 6.589214682400025558e-02 1.358656035926047338e-29 2.285352486956491017e-26 9.470856416723173483e-04 0.000000000000000000e+00
9.331607675343274177e-01 6.589214682400025558e-02 1.358656035926047338e-29 2.285352486956491017e-26 9.470856416723173483e-04 0.000000000000000000e+00
9.331607675343274177e-01 6.589214682400025558e-02 1.358656035926047338e-29 2.285352486956491017e-26 9.470856416723173483e-04 0.000000000000000000e+00
9.331607675343274177e-01 6.589214682400025558e-02 1.358656035926047338e-29 2.285352486956491017e-26 9.470856416723173483e-04 0.000000000000000000e+00
9.331607675343274177e-01 6.589214682400025558e-02 1.358656035926047338e-29 2.285352486956491017e-26 9.470856416723173483e-04 0.000000000000000000e+00
9.331607675343274177e-01 6.589214682400025558e-02 1.358656035926047338e-29 2.285352486956491017e-26 9.470856416723173483e-04 0.000000000000000000e+00
9.331607675343274177e-01 6.589214682400025558e-02 1.358656035926047338e-29 2.285352486956491017e-26 9.470856416723173483e-04 0.000000000000000000e+00
9.331607675343274177e-01 6.589214682400025558e-02 1.358656035926047338e-29 2.285352486956491017e-26 9.470856416723173483e-04 0.000000000000000000e+00
9.331607675343274177e-01 6.589214682400025558e-02 1.358656035926047338e-29 2.285352486956491017e-26 9.470856416723173483e-04 0.000000000000000000e+00
9.331607675343274177e-01 6.589214682400025558e-02 1.358656035926047338e-29 2.285352486956491017e-26 9.470856416723173483e-04 0.000000000000000000e+00
9.331607675343274177e-01 6.589214682400025558e-02 1.358656035926047338e-29 2.285352486956491017e-26 9.470856416723173483e-04 0.000000000000000000e+00
9.331607675343274177e-01 6.589214682400025558e-02 1.358656035926047338e-29 2.285352486956491017e-26 9.470856416723173483e-04 0.000000000000000000e+00
9.331607675343274177e-01 6.589214682400025558e-02 1.358656035926047338e-29 2.285352486956491017e-26 9.470856416723173483e-04 0.000000000000000000e+00
9.331607675343274177e-01 6.589214682400025558e-02 1.358656035926047338e-29 2.285352486956491017e-26 9.470856416723173483e-04 0.000000000000000000e+00
9.331607675343274177e-01 6.589214682400025558e-02 1.358656035926047338e-29 2.285352486956491017e-26 9.470856416723173483e-04 0.000000000000000000e+00
9.331607675343274177e-01 6.589214682400025558e-02 1.358656035926047338e-29 2.285352486956491017e-26 9.470856416723173483e-04 0.000000000000000000e+00
9.331607675343274177e-01 6.589214682400025558e-02 1.358656035926047338e-29 2.285352486956491017e-26 9.470856416723173483e-04 0.000000000000000000e+00
9.331607675343274177e-01 6.589214682400025558e-02 1.358656035926047338e-29 2.285352486956491017e-26 9.470856416723173483e-04 0.000000000000000000e+00
9.331607675343274177e-01 6.589214682400025558e-02 1.358656035926047338e-29 2.285352486956491017e-26 9.470856416723173483e-04 0.000000000000000000e+00
9.331607675343274177e-01 6.589214682400025558e-02 1.358656035926047338e-29 2.285352486956491017e-26 9.470856416723173483e-04 0.000000000000000000e+00
9.331607675343274177e-01 6.589214682400025558e-02 1.358656035926047338e-29 2.285352486956491017e-26 9.470856416723173483e-04 0.000000000000000000e+00
9.331607675343274177e-01 6.589214682400025558e-02 1.358656035926047338e-29 2.285352486956491017e-26 9.470856416723173483e-04 0.000000000000000000e+00
9.331607675343274177e-01 6.589214682400025558e-02 1.358656035926047338e-29 2.285352486956491017e-26 9.470856416723173483e-04 0.000000000000000000e+00
9.331607675343274177e-01 6.589214682400025558e-02 1.358656035926047338e-29 2.285352486956491017e-26 9.470856416723173483e-04 0.000000000000000000e+00
9.331607675343274177e-01 6.589214682400025558e-02 1.358656035926047338e-29 2.285352486956491017e-26 9.470856416723173483e-04 0.000000000000000000e+00
9.331607675343274177e-01 6.589214682400025558e-02 1.358656035926047338e-29 2.285352486956491017e-26 9.470856416723173483e-04 0.000000000000000000e+00
9.331607675343274177e-01 6.589214682400025558e-02 1.358656035926047338e-29 2.285352486956491017e-26 9.470856416723173483e-04 0.000000000000000000e+00
9.331607675343274177e-01 6.589214682400025558e-02 1.358656035926047338e-29 2.285352486956491017e-26 9.470856416723173483e-04 0.000000000000000000e+00
9.331607675343274177e-01 6.589214682400025558e-02 1.358656035926047338e-29 2.285352486956491017e-26 9.470856416723173483e-04 0.000000000000000000e+00
9.331607675343274177e-01 6.589214682400025558e-02 1.358656035926047338e-29 2.285352486956491017e-26 9.470856416723173483e-04 0.000000000000000000e+00
9.331607675343274177e-01 6.589214682400025558e-02 1.358656035926047338e-29 2.285352486956491017e-26 9.470856416723173483e-04 0.000000000000000000e+00
9.331607675343274177e-01 6.589214682400025558e-02 1.358656035926047338e-29 2.285352486956491017e-26 9.470856416723173483e-04 0.000000000000000000e+00
9.331607675343274177e-01 6.589214682400025558e-02 1.358656035926047338e-29 2.285352486956491017e-26 9.470856416723173483e-04 0.000000000000000000e+00
9.331607675343274177e-01 6.589214682400025558e-02 1.358656035926047338e-29 2.285352486956491017e-26 9.470856416723173483e-04 0.000000000000000000e+00
9.331607675343274177e-01 6.589214682400025558e-02 1.358656035926047338e-29 2.285352486956491017e-26 9.470856416723173483e-04 0.000000000000000000e+00
9.331607675343274177e-01 6.589214682400025558e-02 1.358656035926047338e-29 2.285352486956491017e-26 9.470856416723173483e-04 0.000000000000000000e+00
9.331607675343274177e-01 6.589214682400025558e-02 1.358656035926047338e-29 2.285352486956491017e-26 9.470856416723173483e-04 0.000000000000000000e+00
9.331607675343274177e-01 6.589214682400025558e-02 1.358656035926047338e-29 2.285352486956491017e-26 9.470856416723173483e-04 0.000000000000000000e+00
9.331607675343274177e-01 6.589214682400025558e-02 1.358656035926047338e-29 2.285352486956491017e-26 9.470856416723173483e-04 0.000000000000000000e+00
9.331607675343274177e-01 6.589214682400025558e-02 1.358656035926047338e-29 2.285352486956491017e-26 9.470856416723173483e-04 0.000000000000000000e+00
9.331607675343274177e-01 6.589214682400025558e-02 1.358656035926047338e-29 2.285352486956491017e-26 9.470856416723173483e-04 0.000000000000000000e+00
9.331607675343274177e-01 6.589214682400025558e-02 1.358656035926047338e-29 2.285352486956491017e-26 9.470856416723173483e-04 0.000000000000000000e+00
9.331607675343274177e-01 6.589214682400025558e-02 1.358656035926047338e-29 2.285352486956491017e-26 9.470856416723173483e-04 0.000000000000000000e+00
9.331607675343274177e-01 6.589214682400025558e-02 1.358656035926047338e-29 2.285352486956491017e-26 9.470856416723173483e-04 0.000000000000000000e+00
9.331607675343274177e-01 6.589214682400025558e-02 1.358656035926047338e-29 2.285352486956491017e-26 9.470856416723173483e-04 0.000000000000000000e+00
9.331607675343274177e-01 6.589214682400025558e-02 1.358656035926047338e-29 2.285352486956491017e-26 9.470856416723173483e-04 0.000000000000000000e+00
9.331607675343274177e-01 6.589214682400025558e-02 1.358656035926047338e-29 2.285352486956491017e-26 9.470856416723173483e-04 0.000000000000000000e+00
9.331607675343274177e-01 6.589214682400025558e-02 1.358656035926047338e-29 2.285352486956491017e-26 9.470856416723173483e-04 0.000000000000000000e+00
9.331607675343274177e-01 6.589214682400025558e-02 1.358656035926047338e-29 2.285352486956491017e-26 9.470856416723173483e-04 0.000000000000000000e+00
9.331607675343274177e-01 6.589214682400025558e-02 1.358656035926047338e-29 2.285352486956491017e-26 9.470856416723173483e-04 0.000000000000000000e+00
9.331607675343274177e-01 6.589214682400025558e-02 1.358656035926047338e-29 2.285352486956491017e-26 9.470856416723173483e-04 0.000000000000000000e+00
9.331607675343274177e-01 6.589214682400025558e-02 1.358656035926047338e-29 2.285352486956491017e-26 9.470856416723173483e-04 0.000000000000000000e+00
9.331607675343274177e-01 6.589214682400025558e-02 1.358656035926047338e-29 2.285352486956491017e-26 9.470856416723173483e-04 0.000000000000000000e+00
9.331607675343274177e-01 6.589214682400025558e-02 1.358656035926047338e-29 2.285352486956491017e-26 9.470856416723173483e-04 0.000000000000000000e+00
9.331607675343274177e-01 6.589214682400025558e-02 1.358656035926047338e-29 2.285352486956491017e-26 9.470856416723173483e-04 0.000000000000000000e+00
9.331607675343274177e-01 6.589214682400025558e-02 1.358656035926047338e-29 2.285352486956491017e-26 9.470856416723173483e-04 0.000000000000000000e+00
9.331607675343274177e-01 6.589214682400025558e-02 1.358656035926047338e-29 2.285352486956491017e-26 9.470856416723173483e-04 0.000000000000000000e+00
9.331607675343274177e-01 6.589214682400025558e-02 1.358656035926047338e-29 2.285352486956491017e-26 9.470856416723173483e-04 0.000000000000000000e+00
9.331607675343274177e-01 6.589214682400025558e-02 1.358656035926047338e-29 2.285352486956491017e-26 9.470856416723173483e-04 0.000000000000000000e+00
9.331607675343274177e-01 6.589214682400025558e-02 1.358656035926047338e-29 2.285352486956491017e-26 9.470856416723173483e-04 0.000000000000000000e+00
9.331607675343274177e-01 6.589214682400025558e-02 1.358656035926047338e-29 2.285352486956491017e-26 9.470856416723173483e-04 0.000000000000000000e+00
9.331607675343274177e-01 6.589214682400025558e-02 1.358656035926047338e-29 2.285352486956491017e-26 9.470856416723173483e-04 0.000000000000000000e+00
9.331607675343274177e-01 6.589214682400025558e-02 1.358656035926047338e-29 2.285352486956491017e-26 9.470856416723173483e-04 0.000000000000000000e+00
9.331607675343274177e-01 6.589214682400025558e-02 1.358656035926047338e-29 2.285352486956491017e-26 9.470856416723173483e-04 0.000000000000000000e+00
9.331607675343274177e-01 6.589214682400025558e-02 1.358656035926047338e-29 2.285352486956491017e-26 9.470856416723173483e-04 0.000000000000000000e+00
9.331607675343274177e-01 6.589214682400025558e-02 1.358656035926047338e-29 2.285352486956491017e-26 9.470856416723173483e-04 0.000000000000000000e+00
9.331607675343274177e-01 6.589214682400025558e-02 1.358656035926047338e-29 2.285352486956491017e-26 9.470856416723173483e-04 0.000000000000000000e+00
9.331607675343274177e-01 6.589214682400025558e-02 1.358656035926047338e-29 2.285352486956491017e-26 9.470856416723173483e-04 0.000000000000000000e+00
9.331607675343274177e-01 6.589214682400025558e-02 1.358656035926047338e-29 2.285352486956491017e-26 9.470856416723173483e-04 0.000000000000000000e+00
9.331607675343274177e-01 6.589214682400025558e-02 1.358656035926047338e-29 2.285352486956491017e-26 9.470856416723173483e-04 0.000000000000000000e+00
9.331607675343274177e-01 6.589214682400025558e-02 1.358656035926047338e-29 2.285352486956491017e-26 9.470856416723173483e-04 0.000000000000000000e+00
9.331607675343274177e-01 6.589214682400025558e-02 1.358656035926047338e-29 2.285352486956491017e-26 9.470856416723173483e-04 0.000000000000000000e+00
9.331607675343274177e-01 6.589214682400025558e-02 1.358656035926047338e-29 2.285352486956491017e-26 9.470856416723173483e-04 0.000000000000000000e+00
9.331607675343274177e-01 6.589214682400025558e-02 1.358656035926047338e-29 2.285352486956491017e-26 9.470856416723173483e-04 0.000000000000000000e+00
9.331607675343274177e-01 6.589214682400025558e-02 1.358656035926047338e-29 2.285352486956491017e-26 9.470856416723173483e-04 0.000000000000000000e+00
9.331607675343274177e-01 6.589214682400025558e-02 1.358656035926047338e-29 2.285352486956491017e-26 9.470856416723173483e-04 0.000000000000000000e+00
9.331607675343274177e-01 6.589214682400025558e-02 1.358656035926047338e-29 2.285352486956491017e-26 9.470856416723173483e-04 0.000000000000000000e+00
9.331607675343274177e-01 6.589214682400025558e-02 1.358656035926047338e-29 2.285352486956491017e-26 9.470856416723173483e-04 0.000000000000000000e+00
9.331607675343274177e-01 6.589214682400025558e-02 1.358656035926047338e-29 2.285352486956491017e-26 9.470856416723173483e-04 0.000000000000000000e+00
9.331607675343274177e-01 6.589214682400025558e-02 1.358656035926047338e-29 2.285352486956491017e-26 9.470856416723173483e-04 0.000000000000000000e+00
9.331607675343274177e-01 6.589214682400025558e-02 1.358656035926047338e-29 2.285352486956491017e-26 9.470856416723173483e-04 0.000000000000000000e+00
9.331607675343274177e-01 6.589214682400025558e-02 1.358656035926047338e-29 2.285352486956491017e-26 9.470856416723173483e-04 0.000000000000000000e+00
9.331607675343274177e-01 6.589214682400025558e-02 1.358656035926047338e-29 2.285352486956491017e-26 9.470856416723173483e-04 0.000000000000000000e+00
9.331607675343274177e-01 6.589214682400025558e-02 1.358656035926047338e-29 2.285352486956491017e-26 9.470856416723173483e-04 0.000000000000000000e+00
9.331607675343274177e-01 6.589214682400025558e-02 1.358656035926047338e-29 2.285352486956491017e-26 9.470856416723173483e-04 0.000000000000000000e+00
9.331607675343274177e-01 6.589214682400025558e-02 1.358656035926047338e-29 2.285352486956491017e-26 9.470856416723173483e-04 0.000000000000000000e+00
9.331607675343274177e-01 6.589214682400025558e-02 1.358656035926047338e-29 2.285352486956491017e-26 9.470856416723173483e-04 0.000000000000000000e+00
9.331607675343274177e-01 6.589214682400025558e-02 1.358656035926047338e-29 2.285352486956491017e-26 9.470856416723173483e-04 0.000000000000000000e+00
9.331607675343274177e-01 6.589214682400025558e-02 1.358656035926047338e-29 2.285352486956491017e-26 9.470856416723173483e-04 0.000000000000000000e+00
9.331607675343274177e-01 6.589214682400025558e-02 1.358656035926047338e-29 2.285352486956491017e-26 9.470856416723173483e-04 0.000000000000000000e+00
9.331607675343274177e-01 6.589214682400025558e-02 1.358656035926047338e-29 2.285352486956491017e-26 9.470856416723173483e-04 0.000000000000000000e+00
9.331607675343274177e-01 6.589214682400025558e-02 1.358656035926047338e-29 2.285352486956491017e-26 9.470856416723173483e-04 0.000000000000000000e+00
9.331607675343274177e-01 6.589214682400025558e-02 1.358656035926047338e-29 2.285352486956491017e-26 9.470856416723173483e-04 0.000000000000000000e+00
9.331607675343274177e-01 6.589214682400025558e-02 1.358656035926047338e-29 2.285352486956491017e-26 9.470856416723173483e-04 0.000000000000000000e+00
9.331607675343274177e-01 6.589214682400025558e-02 1.358656035926047338e-29 2.285352486956491017e-26 9.470856416723173483e-04 0.000000000000000000e+00
9.331607675343274177e-01 6.589214682400025558e-02 1.358656035926047338e-29 2.285352486956491017e-26 9.470856416723173483e-04 0.000000000000000000e+00
9.331607675343274177e-01 6.589214682400025558e-02 1.358656035926047338e-29 2.285352486956491017e-26 9.470856416723173483e-04 0.000000000000000000e+00
9.331607675343274177e-01 6.589214682400025558e-02 1.358656035926047338e-29 2.285352486956491017e-26 9.470856416723173483e-04 0.000000000000000000e+00
9.331607675343274177e-01 6.589214682400025558e-02 1.358656035926047338e-29 2.285352486956491017e-26 9.470856416723173483e-04 0.000000000000000000e+00
9.331607675343274177e-01 6.589214682400025558e-02 1.358656035926047338e-29 2.285352486956491017e-26 9.470856416723173483e-04 0.000000000000000000e+00
9.331607675343274177e-01 6.589214682400025558e-02 1.358656035926047338e-29 2.285352486956491017e-26 9.470856416723173483e-04 0.000000000000000000e+00
9.331607675343274177e-01 6.589214682400025558e-02 1.358656035926047338e-29 2.285352486956491017e-26 9.470856416723173483e-04 0.000000000000000000e+00
9.331607675343274177e-01 6.589214682400025558e-02 1.358656035926047338e-29 2.285352486956491017e-26 9.470856416723173483e-04 0.000000000000000000e+00
9.331607675343274177e-01 6.589214682400025558e-02 1.358656035926047338e-29 2.285352486956491017e-26 9.470856416723173483e-04 0.000000000000000000e+00
9.331607675343274177e-01 6.589214682400025558e-02 1.358656035926047338e-29 2.285352486956491017e-26 9.470856416723173483e-04 0.000000000000000000e+00
9.331607675343274177e-01 6.589214682400025558e-02 1.358656035926047338e-29 2.285352486956491017e-26 9.470856416723173483e-04 0.000000000000000000e+00
9.331607675343274177e-01 6.589214682400025558e-02 1.358656035926047338e-29 2.285352486956491017e-26 9.470856416723173483e-04 0.000000000000000000e+00
9.331607675343274177e-01 6.589214682400025558e-02 1.358656035926047338e-29 2.285352486956491017e-26 9.470856416723173483e-04 0.000000000000000000e+00
9.331607675343274177e-01 6.589214682400025558e-02 1.358656035926047338e-29 2.285352486956491017e-26 9.470856416723173483e-04 0.000000000000000000e+00
9.331607675343274177e-01 6.589214682400025558e-02 1.358656035926047338e-29 2.285352486956491017e-26 9.470856416723173483e-04 0.000000000000000000e+00
9.331607675343274177e-01 6.589214682400025558e-02 1.358656035926047338e-29 2.285352486956491017e-26 9.470856416723173483e-04 0.000000000000000000e+00
9.331607675343274177e-01 6.589214682400025558e-02 1.358656035926047338e-29 2.285352486956491017e-26 9.470856416723173483e-04 0.000000000000000000e+00
9.331607675343274177e-01 6.589214682400025558e-02 1.358656035926047338e-29 2.285352486956491017e-26 9.470856416723173483e-04 0.000000000000000000e+00
9.331607675343274177e-01 6.589214682400025558e-02 1.358656035926047338e-29 2.285352486956491017e-26 9.470856416723173483e-04 0.000000000000000000e+00
9.331607675343274177e-01 6.589214682400025558e-02 1.358656035926047338e-29 2.285352486956491017e-26 9.470856416723173483e-04 0.000000000000000000e+00
9.331607675343274177e-01 6.589214682400025558e-02 1.358656035926047338e-29 2.285352486956491017e-26 9.470856416723173483e-04 0.000000000000000000e+00
9.331607675343274177e-01 6.589214682400025558e-02 1.358656035926047338e-29 2.285352486956491017e-26 9.470856416723173483e-04 0.000000000000000000e+00
9.331607675343274177e-01 6.589214682400025558e-02 1.358656035926047338e-29 2.285352486956491017e-26 9.470856416723173483e-04 0.000000000000000000e+00
9.331607675343274177e-01 6.589214682400025558e-02 1.358656035926047338e-29 2.285352486956491017e-26 9.470856416723173483e-04 0.000000000000000000e+00
9.331607675343274177e-01 6.589214682400025558e-02 1.358656035926047338e-29 2.285352486956491017e-26 9.470856416723173483e-04 0.000000000000000000e+00
9.331607675343274177e-01 6.589214682400025558e-02 1.358656035926047338e-29 2.285352486956491017e-26 9.470856416723173483e-04 0.000000000000000000e+00
9.331607675343274177e-01 6.589214682400025558e-02 1.358656035926047338e-29 2.285352486956491017e-26 9.470856416723173483e-04 0.000000000000000000e+00
9.331607675343274177e-01 6.589214682400025558e-02 1.358656035926047338e-29 2.285352486956491017e-26 9.470856416723173483e-04 0.000000000000000000e+00
9.331607675343274177e-01 6.589214682400025558e-02 1.358656035926047338e-29 2.285352486956491017e-26 9.470856416723173483e-04 0.000000000000000000e+00
9.331607675343274177e-01 6.589214682400025558e-02 1.358656035926047338e-29 2.285352486956491017e-26 9.470856416723173483e-04 0.000000000000000000e+00
9.331607675343274177e-01 6.589214682400025558e-02 1.358656035926047338e-29 2.285352486956491017e-26 9.470856416723173483e-04 0.000000000000000000e+00
9.331607675343274177e-01 6.589214682400025558e-02 1.358656035926047338e-29 2.285352486956491017e-26 9.470856416723173483e-04 0.000000000000000000e+00
9.331607675343274177e-01 6.589214682400025558e-02 1.358656035926047338e-29 2.285352486956491017e-26 9.470856416723173483e-04 0.000000000000000000e+00
9.331607675343274177e-01 6.589214682400025558e-02 1.358656035926047338e-29 2.285352486956491017e-26 9.470856416723173483e-04 0.000000000000000000e+00
9.331607675343274177e-01 6.589214682400025558e-02 1.358656035926047338e-29 2.285352486956491017e-26 9.470856416723173483e-04 0.000000000000000000e+00
9.331607675343274177e-01 6.589214682400025558e-02 1.358656035926047338e-29 2.285352486956491017e-26 9.470856416723173483e-04 0.000000000000000000e+00
9.331607675343274177e-01 6.589214682400025558e-02 1.358656035926047338e-29 2.285352486956491017e-26 9.470856416723173483e-04 0.000000000000000000e+00
9.331607675343274177e-01 6.589214682400025558e-02 1.358656035926047338e-29 2.285352486956491017e-26 9.470856416723173483e-04 0.000000000000000000e+00
9.331607675343274177e-01 6.589214682400025558e-02 1.358656035926047338e-29 2.285352486956491017e-26 9.470856416723173483e-04 0.000000000000000000e+00
9.331607675343274177e-01 6.589214682400025558e-02 1.358656035926047338e-29 2.285352486956491017e-26 9.470856416723173483e-04 0.000000000000000000e+00
9.331607675343274177e-01 6.589214682400025558e-02 1.358656035926047338e-29 2.285352486956491017e-26 9.470856416723173483e-04 0.000000000000000000e+00
9.331607675343274177e-01 6.589214682400025558e-02 1.358656035926047338e-29 2.285352486956491017e-26 9.470856416723173483e-04 0.000000000000000000e+00
9.331607675343274177e-01 6.589214682400025558e-02 1.358656035926047338e-29 2.285352486956491017e-26 9.470856416723173483e-04 0.000000000000000000e+00
9.331607675343274177e-01 6.589214682400025558e-02 1.358656035926047338e-29 2.285352486956491017e-26 9.470856416723173483e-04 0.000000000000000000e+00
9.331607675343274177e-01 6.589214682400025558e-02 1.358656035926047338e-29 2.285352486956491017e-26 9.470856416723173483e-04 0.000000000000000000e+00
9.331607675343274177e-01 6.589214682400025558e-02 1.358656035926047338e-29 2.285352486956491017e-26 9.470856416723173483e-04 0.000000000000000000e+00
9.331607675343274177e-01 6.589214682400025558e-02 1.358656035926047338e-29 2.285352486956491017e-26 9.470856416723173483e-04 0.000000000000000000e+00
9.331607675343274177e-01 6.589214682400025558e-02 1.358656035926047338e-29 2.285352486956491017e-26 9.470856416723173483e-04 0.000000000000000000e+00
9.331607675343274177e-01 6.589214682400025558e-02 1.358656035926047338e-29 2.285352486956491017e-26 9.470856416723173483e-04 0.000000000000000000e+00
9.331607675343274177e-01 6.589214682400025558e-02 1.358656035926047338e-29 2.285352486956491017e-26 9.470856416723173483e-04 0.000000000000000000e+00
9.331607675343274177e-01 6.589214682400025558e-02 1.358656035926047338e-29 2.285352486956491017e-26 9.470856416723173483e-04 0.000000000000000000e+00
9.331607675343274177e-01 6.589214682400025558e-02 1.358656035926047338e-29 2.285352486956491017e-26 9.470856416723173483e-04 0.000000000000000000e+00
9.331607675343274177e-01 6.589214682400025558e-02 1.358656035926047338e-29 2.285352486956491017e-26 9.470856416723173483e-04 0.000000000000000000e+00
9.331607675343274177e-01 6.589214682400025558e-02 1.358656035926047338e-29 2.285352486956491017e-26 9.470856416723173483e-04 0.000000000000000000e+00
9.331607675343274177e-01 6.589214682400025558e-02 1.358656035926047338e-29 2.285352486956491017e-26 9.470856416723173483e-04 0.000000000000000000e+00
9.331607675343274177e-01 6.589214682400025558e-02 1.358656035926047338e-29 2.285352486956491017e-26 9.470856416723173483e-04 0.000000000000000000e+00
9.331607675343274177e-01 6.589214682400025558e-02 1.358656035926047338e-29 2.285352486956491017e-26 9.470856416723173483e-04 0.000000000000000000e+00
9.331607675343274177e-01 6.589214682400025558e-02 1.358656035926047338e-29 2.285352486956491017e-26 9.470856416723173483e-04 0.000000000000000000e+00
9.331607675343274177e-01 6.589214682400025558e-02 1.358656035926047338e-29 2.285352486956491017e-26 9.470856416723173483e-04 0.000000000000000000e+00
9.331607675343274177e-01 6.589214682400025558e-02 1.358656035926047338e-29 2.285352486956491017e-26 9.470856416723173483e-04 0.000000000000000000e+00
9.331607675343274177e-01 6.589214682400025558e-02 1.358656035926047338e-29 2.285352486956491017e-26 9.470856416723173483e-04 0.000000000000000000e+00
9.331607675343274177e-01 6.589214682400025558e-02 1.358656035926047338e-29 2.285352486956491017e-26 9.470856416723173483e-04 0.000000000000000000e+00
9.331607675343274177e-01 6.589214682400025558e-02 1.358656035926047338e-29 2.285352486956491017e-26 9.470856416723173483e-04 0.000000000000000000e+00
9.331607675343274177e-01 6.589214682400025558e-02 1.358656035926047338e-29 2.285352486956491017e-26 9.470856416723173483e-04 0.000000000000000000e+00
9.331607675343274177e-01 6.589214682400025558e-02 1.358656035926047338e-29 2.285352486956491017e-26 9.470856416723173483e-04 0.000000000000000000e+00
9.331607675343274177e-01 6.589214682400025558e-02 1.358656035926047338e-29 2.285352486956491017e-26 9.470856416723173483e-04 0.000000000000000000e+00
9.331607675343274177e-01 6.589214682400025558e-02 1.358656035926047338e-29 2.285352486956491017e-26 9.470856416723173483e-04 0.000000000000000000e+00
9.331607675343274177e-01 6.589214682400025558e-02 1.358656035926047338e-29 2.285352486956491017e-26 9.470856416723173483e-04 0.000000000000000000e+00
9.331607675343274177e-01 6.589214682400025558e-02 1.358656035926047338e-29 2.285352486956491017e-26 9.470856416723173483e-04 0.000000000000000000e+00
9.331607675343274177e-01 6.589214682400025558e-02 1.358656035926047338e-29 2.285352486956491017e-26 9.470856416723173483e-04 0.000000000000000000e+00
9.331607675343274177e-01 6.589214682400025558e-02 1.358656035926047338e-29 2.285352486956491017e-26 9.470856416723173483e-04 0.000000000000000000e+00
9.331607675343274177e-01 6.589214682400025558e-02 1.358656035926047338e-29 2.285352486956491017e-26 9.470856416723173483e-04 0.000000000000000000e+00
9.331607675343274177e-01 6.589214682400025558e-02 1.358656035926047338e-29 2.285352486956491017e-26 9.470856416723173483e-04 0.000000000000000000e+00
9.331607675343274177e-01 6.589214682400025558e-02 1.358656035926047338e-29 2.285352486956491017e-26 9.470856416723173483e-04 0.000000000000000000e+00
9.331607675343274177e-01 6.589214682400025558e-02 1.358656035926047338e-29 2.285352486956491017e-26 9.470856416723173483e-04 0.000000000000000000e+00
9.331607675343274177e-01 6.589214682400025558e-02 1.358656035926047338e-29 2.285352486956491017e-26 9.470856416723173483e-04 0.000000000000000000e+00
9.331607675343274177e-01 6.589214682400025558e-02 1.358656035926047338e-29 2.285352486956491017e-26 9.470856416723173483e-04 0.000000000000000000e+00
9.331607675343274177e-01 6.589214682400025558e-02 1.358656035926047338e-29 2.285352486956491017e-26 9.470856416723173483e-04 0.000000000000000000e+00
9.331607675343274177e-01 6.589214682400025558e-02 1.358656035926047338e-29 2.285352486956491017e-26 9.470856416723173483e-04 0.000000000000000000e+00
9.331607675343274177e-01 6.589214682400025558e-02 1.358656035926047338e-29 2.285352486956491017e-26 9.470856416723173483e-04 0.000000000000000000e+00
9.331607675343274177e-01 6.589214682400025558e-02 1.358656035926047338e-29 2.285352486956491017e-26 9.470856416723173483e-04 0.000000000000000000e+00
9.331607675343274177e-01 6.589214682400025558e-02 1.358656035926047338e-29 2.285352486956491017e-26 9.470856416723173483e-04 0.000000000000000000e+00
9.331607675343274177e-01 6.589214682400025558e-02 1.358656035926047338e-29 2.285352486956491017e-26 9.470856416723173483e-04 0.000000000000000000e+00
9.331607675343274177e-01 6.589214682400025558e-02 1.358656035926047338e-29 2.285352486956491017e-26 9.470856416723173483e-04 0.000000000000000000e+00
9.331607675343274177e-01 6.589214682400025558e-02 1.358656035926047338e-29 2.285352486956491017e-26 9.470856416723173483e-04 0.000000000000000000e+00
9.331607675343274177e-01 6.589214682400025558e-02 1.358656035926047338e-29 2.285352486956491017e-26 9.470856416723173483e-04 0.000000000000000000e+00
9.331607675343274177e-01 6.589214682400025558e-02 1.358656035926047338e-29 2.285352486956491017e-26 9.470856416723173483e-04 0.000000000000000000e+00
9.331607675343274177e-01 6.589214682400025558e-02 1.358656035926047338e-29 2.285352486956491017e-26 9.470856416723173483e-04 0.000000000000000000e+00
9.331607675343274177e-01 6.589214682400025558e-02 1.358656035926047338e-29 2.285352486956491017e-26 9.470856416723173483e-04 0.000000000000000000e+00
9.331607675343274177e-01 6.589214682400025558e-02 1.358656035926047338e-29 2.285352486956491017e-26 9.470856416723173483e-04 0.000000000000000000e+00
9.331607675343274177e-01 6.589214682400025558e-02 1.358656035926047338e-29 2.285352486956491017e-26 9.470856416723173483e-04 0.000000000000000000e+00
9.331607675343274177e-01 6.589214682400025558e-02 1.358656035926047338e-29 2.285352486956491017e-26 9.470856416723173483e-04 0.000000000000000000e+00
9.331607675343274177e-01 6.589214682400025558e-02 1.358656035926047338e-29 2.285352486956491017e-26 9.470856416723173483e-04 0.000000000000000000e+00
9.331607675343274177e-01 6.589214682400025558e-02 1.358656035926047338e-29 2.285352486956491017e-26 9.470856416723173483e-04 0.000000000000000000e+00
9.331607675343274177e-01 6.589214682400025558e-02 1.358656035926047338e-29 2.285352486956491017e-26 9.470856416723173483e-04 0.000000000000000000e+00
9.331607675343274177e-01 6.589214682400025558e-02 1.358656035926047338e-29 2.285352486956491017e-26 9.470856416723173483e-04 0.000000000000000000e+00
9.331607675343274177e-01 6.589214682400025558e-02 1.358656035926047338e-29 2.285352486956491017e-26 9.470856416723173483e-04 0.000000000000000000e+00
9.331607675343274177e-01 6.589214682400025558e-02 1.358656035926047338e-29 2.285352486956491017e-26 9.470856416723173483e-04 0.000000000000000000e+00
9.331607675343274177e-01 6.589214682400025558e-02 1.358656035926047338e-29 2.285352486956491017e-26 9.470856416723173483e-04 0.000000000000000000e+00
9.331607675343274177e-01 6.589214682400025558e-02 1.358656035926047338e-29 2.285352486956491017e-26 9.470856416723173483e-04 0.000000000000000000e+00
9.331607675343274177e-01 6.589214682400025558e-02 1.358656035926047338e-29 2.285352486956491017e-26 9.470856416723173483e-04 0.000000000000000000e+00
9.331607675343274177e-01 6.589214682400025558e-02 1.358656035926047338e-29 2.285352486956491017e-26 9.470856416723173483e-04 0.000000000000000000e+00
9.331607675343274177e-01 6.589214682400025558e-02 1.358656035926047338e-29 2.285352486956491017e-26 9.470856416723173483e-04 0.000000000000000000e+00
9.331607675343274177e-01 6.589214682400025558e-02 1.358656035926047338e-29 2.285352486956491017e-26 9.470856416723173483e-04 0.000000000000000000e+00
9.331607675343274177e-01 6.589214682400025558e-02 1.358656035926047338e-29 2.285352486956491017e-26 9.470856416723173483e-04 0.000000000000000000e+00
9.331607675343274177e-01 6.589214682400025558e-02 1.358656035926047338e-29 2.285352486956491017e-26 9.470856416723173483e-04 0.000000000000000000e+00
9.331607675343274177e-01 6.589214682400025558e-02 1.358656035926047338e-29 2.285352486956491017e-26 9.470856416723173483e-04 0.000000000000000000e+00
9.331607675343274177e-01 6.589214682400025558e-02 1.358656035926047338e-29 2.285352486956491017e-26 9.470856416723173483e-04 0.000000000000000000e+00
9.331607675343274177e-01 6.589214682400025558e-02 1.358656035926047338e-29 2.285352486956491017e-26 9.470856416723173483e-04 0.000000000000000000e+00
9.331607675343274177e-01 6.589214682400025558e-02 1.358656035926047338e-29 2.285352486956491017e-26 9.470856416723173483e-04 0.000000000000000000e+00
9.331607675343274177e-01 6.589214682400025558e-02 1.358656035926047338e-29 2.285352486956491017e-26 9.470856416723173483e-04 0.000000000000000000e+00
9.331607675343274177e-01 6.589214682400025558e-02 1.358656035926047338e-29 2.285352486956491017e-26 9.470856416723173483e-04 0.000000000000000000e+00
9.331607675343274177e-01 6.589214682400025558e-02 1.358656035926047338e-29 2.285352486956491017e-26 9.470856416723173483e-04 0.000000000000000000e+00
9.331607675343274177e-01 6.589214682400025558e-02 1.358656035926047338e-29 2.285352486956491017e-26 9.470856416723173483e-04 0.000000000000000000e+00
9.331607675343274177e-01 6.589214682400025558e-02 1.358656035926047338e-29 2.285352486956491017e-26 9.470856416723173483e-04 0.000000000000000000e+00
9.331607675343274177e-01 6.589214682400025558e-02 1.358656035926047338e-29 2.285352486956491017e-26 9.470856416723173483e-04 0.000000000000000000e+00
9.331607675343274177e-01 6.589214682400025558e-02 1.358656035926047338e-29 2.285352486956491017e-26 9.470856416723173483e-04 0.000000000000000000e+00
9.331607675343274177e-01 6.589214682400025558e-02 1.358656035926047338e-29 2.285352486956491017e-26 9.470856416723173483e-04 0.000000000000000000e+00
9.331607675343274177e-01 6.589214682400025558e-02 1.358656035926047338e-29 2.285352486956491017e-26 9.470856416723173483e-04 0.000000000000000000e+00
9.331607675343274177e-01 6.589214682400025558e-02 1.358656035926047338e-29 2.285352486956491017e-26 9.470856416723173483e-04 0.000000000000000000e+00
9.331607675343274177e-01 6.589214682400025558e-02 1.358656035926047338e-29 2.285352486956491017e-26 9.470856416723173483e-04 0.000000000000000000e+00
9.331607675343274177e-01 6.589214682400025558e-02 1.358656035926047338e-29 2.285352486956491017e-26 9.470856416723173483e-04 0.000000000000000000e+00
9.331607675343274177e-01 6.589214682400025558e-02 1.358656035926047338e-29 2.285352486956491017e-26 9.470856416723173483e-04 0.000000000000000000e+00
9.331607675343274177e-01 6.589214682400025558e-02 1.358656035926047338e-29 2.285352486956491017e-26 9.470856416723173483e-04 0.000000000000000000e+00
9.331607675343274177e-01 6.589214682400025558e-02 1.358656035926047338e-29 2.285352486956491017e-26 9.470856416723173483e-04 0.000000000000000000e+00
9.331607675343274177e-01 6.589214682400025558e-02 1.358656035926047338e-29 2.285352486956491017e-26 9.470856416723173483e-04 0.000000000000000000e+00
9.331607675343274177e-01 6.589214682400025558e-02 1.358656035926047338e-29 2.285352486956491017e-26 9.470856416723173483e-04 0.000000000000000000e+00
9.331607675343274177e-01 6.589214682400025558e-02 1.358656035926047338e-29 2.285352486956491017e-26 9.470856416723173483e-04 0.000000000000000000e+00
9.331607675343274177e-01 6.589214682400025558e-02 1.358656035926047338e-29 2.285352486956491017e-26 9.470856416723173483e-04 0.000000000000000000e+00
9.331607675343274177e-01 6.589214682400025558e-02 1.358656035926047338e-29 2.285352486956491017e-26 9.470856416723173483e-04 0.000000000000000000e+00
9.331607675343274177e-01 6.589214682400025558e-02 1.358656035926047338e-29 2.285352486956491017e-26 9.470856416723173483e-04 0.000000000000000000e+00
9.331607675343274177e-01 6.589214682400025558e-02 1.358656035926047338e-29 2.285352486956491017e-26 9.470856416723173483e-04 0.000000000000000000e+00
9.331607675343274177e-01 6.589214682400025558e-02 1.358656035926047338e-29 2.285352486956491017e-26 9.470856416723173483e-04 0.000000000000000000e+00
9.331607675343274177e-01 6.589214682400025558e-02 1.358656035926047338e-29 2.285352486956491017e-26 9.470856416723173483e-04 0.000000000000000000e+00
9.331607675343274177e-01 6.589214682400025558e-02 1.358656035926047338e-29 2.285352486956491017e-26 9.470856416723173483e-04 0.000000000000000000e+00
9.331607675343274177e-01 6.589214682400025558e-02 1.358656035926047338e-29 2.285352486956491017e-26 9.470856416723173483e-04 0.000000000000000000e+00
9.331607675343274177e-01 6.589214682400025558e-02 1.358656035926047338e-29 2.285352486956491017e-26 9.470856416723173483e-04 0.000000000000000000e+00
9.331607675343274177e-01 6.589214682400025558e-02 1.358656035926047338e-29 2.285352486956491017e-26 9.470856416723173483e-04 0.000000000000000000e+00
9.331607675343274177e-01 6.589214682400025558e-02 1.358656035926047338e-29 2.285352486956491017e-26 9.470856416723173483e-04 0.000000000000000000e+00
9.331607675343274177e-01 6.589214682400025558e-02 1.358656035926047338e-29 2.285352486956491017e-26 9.470856416723173483e-04 0.000000000000000000e+00
9.331607675343274177e-01 6.589214682400025558e-02 1.358656035926047338e-29 2.285352486956491017e-26 9.470856416723173483e-04 0.000000000000000000e+00
9.331607675343274177e-01 6.589214682400025558e-02 1.358656035926047338e-29 2.285352486956491017e-26 9.470856416723173483e-04 0.000000000000000000e+00
9.331607675343274177e-01 6.589214682400025558e-02 1.358656035926047338e-29 2.285352486956491017e-26 9.470856416723173483e-04 0.000000000000000000e+00
9.331607675343274177e-01 6.589214682400025558e-02 1.358656035926047338e-29 2.285352486956491017e-26 9.470856416723173483e-04 0.000000000000000000e+00
9.331607675343274177e-01 6.589214682400025558e-02 1.358656035926047338e-29 2.285352486956491017e-26 9.470856416723173483e-04 0.000000000000000000e+00
9.331607675343274177e-01 6.589214682400025558e-02 1.358656035926047338e-29 2.285352486956491017e-26 9.470856416723173483e-04 0.000000000000000000e+00
9.331607675343274177e-01 6.589214682400025558e-02 1.358656035926047338e-29 2.285352486956491017e-26 9.470856416723173483e-04 0.000000000000000000e+00
9.331607675343274177e-01 6.589214682400025558e-02 1.358656035926047338e-29 2.285352486956491017e-26 9.470856416723173483e-04 0.000000000000000000e+00
9.331607675343274177e-01 6.589214682400025558e-02 1.358656035926047338e-29 2.285352486956491017e-26 9.470856416723173483e-04 0.000000000000000000e+00
9.331607675343274177e-01 6.589214682400025558e-02 1.358656035926047338e-29 2.285352486956491017e-26 9.470856416723173483e-04 0.000000000000000000e+00
9.331607675343274177e-01 6.589214682400025558e-02 1.358656035926047338e-29 2.285352486956491017e-26 9.470856416723173483e-04 0.000000000000000000e+00
9.331607675343274177e-01 6.589214682400025558e-02 1.358656035926047338e-29 2.285352486956491017e-26 9.470856416723173483e-04 0.000000000000000000e+00
9.331607675343274177e-01 6.589214682400025558e-02 1.358656035926047338e-29 2.285352486956491017e-26 9.470856416723173483e-04 0.000000000000000000e+00
9.331607675343274177e-01 6.589214682400025558e-02 1.358656035926047338e-29 2.285352486956491017e-26 9.470856416723173483e-04 0.000000000000000000e+00
9.331607675343274177e-01 6.589214682400025558e-02 1.358656035926047338e-29 2.285352486956491017e-26 9.470856416723173483e-04 0.000000000000000000e+00
9.331607675343274177e-01 6.589214682400025558e-02 1.358656035926047338e-29 2.285352486956491017e-26 9.470856416723173483e-04 0.000000000000000000e+00
9.331607675343274177e-01 6.589214682400025558e-02 1.358656035926047338e-29 2.285352486956491017e-26 9.470856416723173483e-04 0.000000000000000000e+00
9.331607675343274177e-01 6.589214682400025558e-02 1.358656035926047338e-29 2.285352486956491017e-26 9.470856416723173483e-04 0.000000000000000000e+00
9.331607675343274177e-01 6.589214682400025558e-02 1.358656035926047338e-29 2.285352486956491017e-26 9.470856416723173483e-04 0.000000000000000000e+00
9.331607675343274177e-01 6.589214682400025558e-02 1.358656035926047338e-29 2.285352486956491017e-26 9.470856416723173483e-04 0.000000000000000000e+00
9.331607675343274177e-01 6.589214682400025558e-02 1.358656035926047338e-29 2.285352486956491017e-26 9.470856416723173483e-04 0.000000000000000000e+00
9.331607675343274177e-01 6.589214682400025558e-02 1.358656035926047338e-29 2.285352486956491017e-26 9.470856416723173483e-04 0.000000000000000000e+00
9.331607675343274177e-01 6.589214682400025558e-02 1.358656035926047338e-29 2.285352486956491017e-26 9.470856416723173483e-04 0.000000000000000000e+00
9.331607675343274177e-01 6.589214682400025558e-02 1.358656035926047338e-29 2.285352486956491017e-26 9.470856416723173483e-04 0.000000000000000000e+00
9.331607675343274177e-01 6.589214682400025558e-02 1.358656035926047338e-29 2.285352486956491017e-26 9.470856416723173483e-04 0.000000000000000000e+00
9.331607675343274177e-01 6.589214682400025558e-02 1.358656035926047338e-29 2.285352486956491017e-26 9.470856416723173483e-04 0.000000000000000000e+00
9.331607675343274177e-01 6.589214682400025558e-02 1.358656035926047338e-29 2.285352486956491017e-26 9.470856416723173483e-04 0.000000000000000000e+00
9.331607675343274177e-01 6.589214682400025558e-02 1.358656035926047338e-29 2.285352486956491017e-26 9.470856416723173483e-04 0.000000000000000000e+00
9.331607675343274177e-01 6.589214682400025558e-02 1.358656035926047338e-29 2.285352486956491017e-26 9.470856416723173483e-04 0.000000000000000000e+00
9.331607675343274177e-01 6.589214682400025558e-02 1.358656035926047338e-29 2.285352486956491017e-26 9.470856416723173483e-04 0.000000000000000000e+00
9.331607675343274177e-01 6.589214682400025558e-02 1.358656035926047338e-29 2.285352486956491017e-26 9.470856416723173483e-04 0.000000000000000000e+00
9.331607675343274177e-01 6.589214682400025558e-02 1.358656035926047338e-29 2.285352486956491017e-26 9.470856416723173483e-04 0.000000000000000000e+00
9.331607675343274177e-01 6.589214682400025558e-02 1.358656035926047338e-29 2.285352486956491017e-26 9.470856416723173483e-04 0.000000000000000000e+00
9.331607675343274177e-01 6.589214682400025558e-02 1.358656035926047338e-29 2.285352486956491017e-26 9.470856416723173483e-04 0.000000000000000000e+00
9.331607675343274177e-01 6.589214682400025558e-02 1.358656035926047338e-29 2.285352486956491017e-26 9.470856416723173483e-04 0.000000000000000000e+00
9.331607675343274177e-01 6.589214682400025558e-02 1.358656035926047338e-29 2.285352486956491017e-26 9.470856416723173483e-04 0.000000000000000000e+00
9.331607675343274177e-01 6.589214682400025558e-02 1.358656035926047338e-29 2.285352486956491017e-26 9.470856416723173483e-04 0.000000000000000000e+00
9.331607675343274177e-01 6.589214682400025558e-02 1.358656035926047338e-29 2.285352486956491017e-26 9.470856416723173483e-04 0.000000000000000000e+00
9.331607675343274177e-01 6.589214682400025558e-02 1.358656035926047338e-29 2.285352486956491017e-26 9.470856416723173483e-04 0.000000000000000000e+00
9.331607675343274177e-01 6.589214682400025558e-02 1.358656035926047338e-29 2.285352486956491017e-26 9.470856416723173483e-04 0.000000000000000000e+00
9.331607675343274177e-01 6.589214682400025558e-02 1.358656035926047338e-29 2.285352486956491017e-26 9.470856416723173483e-04 0.000000000000000000e+00
9.331607675343274177e-01 6.589214682400025558e-02 1.358656035926047338e-29 2.285352486956491017e-26 9.470856416723173483e-04 0.000000000000000000e+00
9.331607675343274177e-01 6.589214682400025558e-02 1.358656035926047338e-29 2.285352486956491017e-26 9.470856416723173483e-04 0.000000000000000000e+00
9.331607675343274177e-01 6.589214682400025558e-02 1.358656035926047338e-29 2.285352486956491017e-26 9.470856416723173483e-04 0.000000000000000000e+00
9.331607675343274177e-01 6.589214682400025558e-02 1.358656035926047338e-29 2.285352486956491017e-26 9.470856416723173483e-04 0.000000000000000000e+00
9.331607675343274177e-01 6.589214682400025558e-02 1.358656035926047338e-29 2.285352486956491017e-26 9.470856416723173483e-04 0.000000000000000000e+00
9.331607675343274177e-01 6.589214682400025558e-02 1.358656035926047338e-29 2.285352486956491017e-26 9.470856416723173483e-04 0.000000000000000000e+00
9.331607675343274177e-01 6.589214682400025558e-02 1.358656035926047338e-29 2.285352486956491017e-26 9.470856416723173483e-04 0.000000000000000000e+00
9.331607675343274177e-01 6.589214682400025558e-02 1.358656035926047338e-29 2.285352486956491017e-26 9.470856416723173483e-04 0.000000000000000000e+00
9.331607675343274177e-01 6.589214682400025558e-02 1.358656035926047338e-29 2.285352486956491017e-26 9.470856416723173483e-04 0.000000000000000000e+00
9.331607675343274177e-01 6.589214682400025558e-02 1.358656035926047338e-29 2.285352486956491017e-26 9.470856416723173483e-04 0.000000000000000000e+00
9.331607675343274177e-01 6.589214682400025558e-02 1.358656035926047338e-29 2.285352486956491017e-26 9.470856416723173483e-04 0.000000000000000000e+00
9.331607675343274177e-01 6.589214682400025558e-02 1.358656035926047338e-29 2.285352486956491017e-26 9.470856416723173483e-04 0.000000000000000000e+00
9.331607675343274177e-01 6.589214682400025558e-02 1.358656035926047338e-29 2.285352486956491017e-26 9.470856416723173483e-04 0.000000000000000000e+00
9.331607675343274177e-01 6.589214682400025558e-02 1.358656035926047338e-29 2.285352486956491017e-26 9.470856416723173483e-04 0.000000000000000000e+00
9.331607675343274177e-01 6.589214682400025558e-02 1.358656035926047338e-29 2.285352486956491017e-26 9.470856416723173483e-04 0.000000000000000000e+00
9.331607675343274177e-01 6.589214682400025558e-02 1.358656035926047338e-29 2.285352486956491017e-26 9.470856416723173483e-04 0.000000000000000000e+00
9.331607675343274177e-01 6.589214682400025558e-02 1.358656035926047338e-29 2.285352486956491017e-26 9.470856416723173483e-04 0.000000000000000000e+00
9.331607675343274177e-01 6.589214682400025558e-02 1.358656035926047338e-29 2.285352486956491017e-26 9.470856416723173483e-04 0.000000000000000000e+00
9.331607675343274177e-01 6.589214682400025558e-02 1.358656035926047338e-29 2.285352486956491017e-26 9.470856416723173483e-04 0.000000000000000000e+00
9.331607675343274177e-01 6.589214682400025558e-02 1.358656035926047338e-29 2.285352486956491017e-26 9.470856416723173483e-04 0.000000000000000000e+00
9.331607675343274177e-01 6.589214682400025558e-02 1.358656035926047338e-29 2.285352486956491017e-26 9.470856416723173483e-04 0.000000000000000000e+00
9.331607675343274177e-01 6.589214682400025558e-02 1.358656035926047338e-29 2.285352486956491017e-26 9.470856416723173483e-04 0.000000000000000000e+00
9.331607675343274177e-01 6.589214682400025558e-02 1.358656035926047338e-29 2.285352486956491017e-26 9.470856416723173483e-04 0.000000000000000000e+00
9.331607675343274177e-01 6.589214682400025558e-02 1.358656035926047338e-29 2.285352486956491017e-26 9.470856416723173483e-04 0.000000000000000000e+00
9.331607675343274177e-01 6.589214682400025558e-02 1.358656035926047338e-29 2.285352486956491017e-26 9.470856416723173483e-04 0.000000000000000000e+00
9.331607675343274177e-01 6.589214682400025558e-02 1.358656035926047338e-29 2.285352486956491017e-26 9.470856416723173483e-04 0.000000000000000000e+00
9.331607675343274177e-01 6.589214682400025558e-02 1.358656035926047338e-29 2.285352486956491017e-26 9.470856416723173483e-04 0.000000000000000000e+00
9.331607675343274177e-01 6.589214682400025558e-02 1.358656035926047338e-29 2.285352486956491017e-26 9.470856416723173483e-04 0.000000000000000000e+00
9.331607675343274177e-01 6.589214682400025558e-02 1.358656035926047338e-29 2.285352486956491017e-26 9.470856416723173483e-04 0.000000000000000000e+00
9.331607675343274177e-01 6.589214682400025558e-02 1.358656035926047338e-29 2.285352486956491017e-26 9.470856416723173483e-04 0.000000000000000000e+00
9.331607675343274177e-01 6.589214682400025558e-02 1.358656035926047338e-29 2.285352486956491017e-26 9.470856416723173483e-04 0.000000000000000000e+00
9.331607675343274177e-01 6.589214682400025558e-02 1.358656035926047338e-29 2.285352486956491017e-26 9.470856416723173483e-04 0.000000000000000000e+00
9.331607675343274177e-01 6.589214682400025558e-02 1.358656035926047338e-29 2.285352486956491017e-26 9.470856416723173483e-04 0.000000000000000000e+00
9.331607675343274177e-01 6.589214682400025558e-02 1.358656035926047338e-29 2.285352486956491017e-26 9.470856416723173483e-04 0.000000000000000000e+00
9.331607675343274177e-01 6.589214682400025558e-02 1.358656035926047338e-29 2.285352486956491017e-26 9.470856416723173483e-04 0.000000000000000000e+00
9.331607675343274177e-01 6.589214682400025558e-02 1.358656035926047338e-29 2.285352486956491017e-26 9.470856416723173483e-04 0.000000000000000000e+00
9.331607675343274177e-01 6.589214682400025558e-02 1.358656035926047338e-29 2.285352486956491017e-26 9.470856416723173483e-04 0.000000000000000000e+00
9.331607675343274177e-01 6.589214682400025558e-02 1.358656035926047338e-29 2.285352486956491017e-26 9.470856416723173483e-04 0.000000000000000000e+00
9.331607675343274177e-01 6.589214682400025558e-02 1.358656035926047338e-29 2.285352486956491017e-26 9.470856416723173483e-04 0.000000000000000000e+00
9.331607675343274177e-01 6.589214682400025558e-02 1.358656035926047338e-29 2.285352486956491017e-26 9.470856416723173483e-04 0.000000000000000000e+00
9.331607675343274177e-01 6.589214682400025558e-02 1.358656035926047338e-29 2.285352486956491017e-26 9.470856416723173483e-04 0.000000000000000000e+00
9.331607675343274177e-01 6.589214682400025558e-02 1.358656035926047338e-29 2.285352486956491017e-26 9.470856416723173483e-04 0.000000000000000000e+00
9.331607675343274177e-01 6.589214682400025558e-02 1.358656035926047338e-29 2.285352486956491017e-26 9.470856416723173483e-04 0.000000000000000000e+00
9.331607675343274177e-01 6.589214682400025558e-02 1.358656035926047338e-29 2.285352486956491017e-26 9.470856416723173483e-04 0.000000000000000000e+00
9.331607675343274177e-01 6.589214682400025558e-02 1.358656035926047338e-29 2.285352486956491017e-26 9.470856416723173483e-04 0.000000000000000000e+00
9.331607675343274177e-01 6.589214682400025558e-02 1.358656035926047338e-29 2.285352486956491017e-26 9.470856416723173483e-04 0.000000000000000000e+00
9.331607675343274177e-01 6.589214682400025558e-02 1.358656035926047338e-29 2.285352486956491017e-26 9.470856416723173483e-04 0.000000000000000000e+00
9.331607675343274177e-01 6.589214682400025558e-02 1.358656035926047338e-29 2.285352486956491017e-26 9.470856416723173483e-04 0.000000000000000000e+00
9.331607675343274177e-01 6.589214682400025558e-02 1.358656035926047338e-29 2.285352486956491017e-26 9.470856416723173483e-04 0.000000000000000000e+00
9.331607675343274177e-01 6.589214682400025558e-02 1.358656035926047338e-29 2.285352486956491017e-26 9.470856416723173483e-04 0.000000000000000000e+00
