8.630219980901147059e-01 1.347170970874028706e-01 1.281823555827561646e-13 4.279460810710551646e-13 2.260904821926439448e-03 0.000000000000000000e+00
8.630219980901147059e-01 1.347170970874028706e-01 8.633518670275282165e-14 3.127955828575622236e-13 2.260904822083366437e-03 0.000000000000000000e+00
8.630219980901147059e-01 1.347170970874028706e-01 5.444748703070450061e-14 2.169848709396534414e-13 2.260904822210696007e-03 0.000000000000000000e+00
8.630219980901145949e-01 1.347170970874028706e-01 3.408759557942676039e-14 1.496360342300517583e-13 2.260904822298710239e-03 0.000000000000000000e+00
8.630219980901145949e-01 1.347170970874028706e-01 2.118013990680693351e-14 1.025624231210761700e-13 2.260904822358662282e-03 0.000000000000000000e+00
8.630219980901145949e-01 1.347170970874028706e-01 1.306132449402388302e-14 6.987078385413162335e-14 2.260904822399483361e-03 0.000000000000000000e+00
8.630219980901145949e-01 1.347170970874028706e-01 7.993808216161846123e-15 4.730898507334455303e-14 2.260904822427212049e-03 0.000000000000000000e+00
8.630219980901145949e-01 1.347170970874028706e-01 4.854425806487375388e-15 3.183164148300111996e-14 2.260904822445850785e-03 0.000000000000000000e+00
8.630219980901145949e-01 1.347170970874028706e-01 2.924764715217528158e-15 2.128150161417766980e-14 2.260904822458316508e-03 0.000000000000000000e+00
8.630219980901147059e-01 1.347170970874028706e-01 1.748249681674920338e-15 1.413726772967304070e-14 2.260904822466646216e-03 0.000000000000000000e+00
8.630219980901147059e-01 1.347170970874028706e-01 1.036630252980224399e-15 9.330540826613533928e-15 2.260904822472178683e-03 0.000000000000000000e+00
8.630219980901147059e-01 1.347170970874028706e-01 6.096783059727427929e-16 6.117648061890613111e-15 2.260904822475826807e-03 0.000000000000000000e+00
8.630219980901147059e-01 1.347170970874028706e-01 3.556172540298728111e-16 3.984344649380579637e-15 2.260904822478221592e-03 0.000000000000000000e+00
8.630219980901148169e-01 1.347170970874028706e-01 2.056928943438861841e-16 2.577405507087472513e-15 2.260904822479779808e-03 0.000000000000000000e+00
8.630219980901147059e-01 1.347170970874028706e-01 1.179668157993627428e-16 1.655850803254174819e-15 2.260904822480790284e-03 0.000000000000000000e+00
8.630219980901148169e-01 1.347170970874028706e-01 6.707412197132952648e-17 1.056408786722392160e-15 2.260904822481442106e-03 0.000000000000000000e+00
8.630219980901147059e-01 1.347170970874028706e-01 3.780560077694399810e-17 6.692304442079429744e-16 2.260904822481858440e-03 0.000000000000000000e+00
8.630219980901147059e-01 1.347170970874028706e-01 2.112107168078802850e-17 4.209337678884468248e-16 2.260904822482124286e-03 0.000000000000000000e+00
8.630219980901145949e-01 1.347170970874028706e-01 1.169474398583882351e-17 2.628516639508852712e-16 2.260904822482292988e-03 0.000000000000000000e+00
8.630219980901145949e-01 1.347170970874028706e-01 6.417218028551320264e-18 1.629443534190931350e-16 2.260904822482397072e-03 0.000000000000000000e+00
8.630219980901147059e-01 1.347170970874028706e-01 3.489349480543784327e-18 1.002691253795369659e-16 2.260904822482464292e-03 0.000000000000000000e+00
8.630219980901145949e-01 1.347170970874028706e-01 1.879649573012711107e-18 6.123614536527596697e-17 2.260904822482503324e-03 0.000000000000000000e+00
8.630219980901147059e-01 1.347170970874028706e-01 1.002967386355250710e-18 3.711202493667637824e-17 2.260904822482528911e-03 0.000000000000000000e+00
8.630219980901145949e-01 1.347170970874028706e-01 5.301503115040451653e-19 2.232068265393082158e-17 2.260904822482544957e-03 0.000000000000000000e+00
8.630219980901147059e-01 1.347170970874028706e-01 2.775610230052833964e-19 1.332114582674332662e-17 2.260904822482554064e-03 0.000000000000000000e+00
8.630219980901147059e-01 1.347170970874028706e-01 1.438636104031385471e-19 7.885758601061071772e-18 2.260904822482561003e-03 0.000000000000000000e+00
8.630219980901148169e-01 1.347170970874028706e-01 7.384537488434728394e-20 4.631607091098113898e-18 2.260904822482561003e-03 0.000000000000000000e+00
8.630219980901147059e-01 1.347170970874028983e-01 3.752158493461312964e-20 2.698041821504737758e-18 2.260904822482565774e-03 0.000000000000000000e+00
8.630219980901147059e-01 1.347170970874028706e-01 1.887087649464507818e-20 1.558718877700930573e-18 2.260904822482565774e-03 0.000000000000000000e+00
8.630219980901145949e-01 1.347170970874028706e-01 9.393631430597533861e-21 8.930394979251790698e-19 2.260904822482565774e-03 0.000000000000000000e+00
8.630219980901147059e-01 1.347170970874028706e-01 4.626687846923464977e-21 5.072798311611181440e-19 2.260904822482565774e-03 0.000000000000000000e+00
8.630219980901147059e-01 1.347170970874028706e-01 2.254813076860378212e-21 2.856966705006653584e-19 2.260904822482567942e-03 0.000000000000000000e+00
8.630219980901147059e-01 1.347170970874028706e-01 1.087131659362291045e-21 1.595087856145502370e-19 2.260904822482567942e-03 0.000000000000000000e+00
8.630219980901147059e-01 1.347170970874028706e-01 5.183681515573277253e-22 8.826061701890630490e-20 2.260904822482567942e-03 0.000000000000000000e+00
8.630219980901147059e-01 1.347170970874028706e-01 2.445147185335319516e-22 4.841210407229528375e-20 2.260904822482567942e-03 0.000000000000000000e+00
8.630219980901147059e-01 1.347170970874028706e-01 1.140174203987952172e-22 2.630835256201284903e-20 2.260904822482567942e-03 0.000000000000000000e+00
8.630219980901147059e-01 1.347170970874028706e-01 5.256553820879285297e-23 1.416568443657027660e-20 2.260904822482567942e-03 0.000000000000000000e+00
8.630219980901145949e-01 1.347170970874028706e-01 2.395931415726491403e-23 7.557338618574062579e-21 2.260904822482567942e-03 0.000000000000000000e+00
8.630219980901147059e-01 1.347170970874028706e-01 1.079234383777027238e-23 3.993425081547846324e-21 2.260904822482567942e-03 0.000000000000000000e+00
8.630219980901147059e-01 1.347170970874028706e-01 4.802691513312565122e-24 2.089553529214331863e-21 2.260904822482567942e-03 0.000000000000000000e+00
8.630219980901147059e-01 1.347170970874028706e-01 2.111834857903159169e-24 1.082820240505727692e-21 2.260904822482567942e-03 0.000000000000000000e+00
8.630219980901147059e-01 1.347170970874028706e-01 9.173998007828397493e-25 5.556314185153067590e-22 2.260904822482567942e-03 0.000000000000000000e+00
8.630219980901145949e-01 1.347170970874028706e-01 3.936384255413378667e-25 2.822780869730793993e-22 2.260904822482567942e-03 0.000000000000000000e+00
8.630219980901145949e-01 1.347170970874028706e-01 1.667988388682965985e-25 1.419579395178602740e-22 2.260904822482567942e-03 0.000000000000000000e+00
8.630219980901148169e-01 1.347170970874028706e-01 6.977640135418689871e-26 7.065183831660485333e-23 2.260904822482567942e-03 0.000000000000000000e+00
8.630219980901147059e-01 1.347170970874028706e-01 2.881203241400667623e-26 3.479456604669125231e-23 2.260904822482567942e-03 0.000000000000000000e+00
8.630219980901148169e-01 1.347170970874028983e-01 1.174163561461740676e-26 1.695407106530533188e-23 2.260904822482567942e-03 0.000000000000000000e+00
8.630219980901147059e-01 1.347170970874028706e-01 4.720500907129456947e-27 8.170723465142563358e-24 2.260904822482567942e-03 0.000000000000000000e+00
8.630219980901145949e-01 1.347170970874028706e-01 1.871840485940220827e-27 3.894064311751343871e-24 2.260904822482567942e-03 0.000000000000000000e+00
8.630219980901147059e-01 1.347170970874028706e-01 7.319646329979802600e-28 1.835000668946701101e-24 2.260904822482567942e-03 0.000000000000000000e+00
8.630219980901145949e-01 1.347170970874028706e-01 4.802579982105520845e-28 1.309070269319923120e-24 2.260904822482567942e-03 0.000000000000000000e+00
8.630219980901145949e-01 1.347170970874028706e-01 4.802579982105520845e-28 1.309070269319923120e-24 2.260904822482567942e-03 0.000000000000000000e+00
8.630219980901145949e-01 1.347170970874028706e-01 4.802579982105520845e-28 1.309070269319923120e-24 2.260904822482567942e-03 0.000000000000000000e+00
8.630219980901145949e-01 1.347170970874028706e-01 4.802579982105520845e-28 1.309070269319923120e-24 2.260904822482567942e-03 0.000000000000000000e+00
8.630219980901145949e-01 1.347170970874028706e-01 4.802579982105520845e-28 1.309070269319923120e-24 2.260904822482567942e-03 0.000000000000000000e+00
8.630219980901145949e-01 1.347170970874028706e-01 4.802579982105520845e-28 1.309070269319923120e-24 2.260904822482567942e-03 0.000000000000000000e+00
8.630219980901145949e-01 1.347170970874028706e-01 4.802579982105520845e-28 1.309070269319923120e-24 2.260904822482567942e-03 0.000000000000000000e+00
8.630219980901145949e-01 1.347170970874028706e-01 4.802579982105520845e-28 1.309070269319923120e-24 2.260904822482567942e-03 0.000000000000000000e+00
8.630219980901145949e-01 1.347170970874028706e-01 4.802579982105520845e-28 1.309070269319923120e-24 2.260904822482567942e-03 0.000000000000000000e+00
8.630219980901145949e-01 1.347170970874028706e-01 4.802579982105520845e-28 1.309070269319923120e-24 2.260904822482567942e-03 0.000000000000000000e+00
8.630219980901145949e-01 1.347170970874028706e-01 4.802579982105520845e-28 1.309070269319923120e-24 2.260904822482567942e-03 0.000000000000000000e+00
8.630219980901145949e-01 1.347170970874028706e-01 4.802579982105520845e-28 1.309070269319923120e-24 2.260904822482567942e-03 0.000000000000000000e+00
8.630219980901145949e-01 1.347170970874028706e-01 4.802579982105520845e-28 1.309070269319923120e-24 2.260904822482567942e-03 0.000000000000000000e+00
8.630219980901145949e-01 1.347170970874028706e-01 4.802579982105520845e-28 1.309070269319923120e-24 2.260904822482567942e-03 0.000000000000000000e+00
8.630219980901145949e-01 1.347170970874028706e-01 4.802579982105520845e-28 1.309070269319923120e-24 2.260904822482567942e-03 0.000000000000000000e+00
8.630219980901145949e-01 1.347170970874028706e-01 4.802579982105520845e-28 1.309070269319923120e-24 2.260904822482567942e-03 0.000000000000000000e+00
8.630219980901145949e-01 1.347170970874028706e-01 4.802579982105520845e-28 1.309070269319923120e-24 2.260904822482567942e-03 0.000000000000000000e+00
8.630219980901145949e-01 1.347170970874028706e-01 4.802579982105520845e-28 1.309070269319923120e-24 2.260904822482567942e-03 0.000000000000000000e+00
8.630219980901145949e-01 1.347170970874028706e-01 4.802579982105520845e-28 1.309070269319923120e-24 2.260904822482567942e-03 0.000000000000000000e+00
8.630219980901145949e-01 1.347170970874028706e-01 4.802579982105520845e-28 1.309070269319923120e-24 2.260904822482567942e-03 0.000000000000000000e+00
8.630219980901145949e-01 1.347170970874028706e-01 4.802579982105520845e-28 1.309070269319923120e-24 2.260904822482567942e-03 0.000000000000000000e+00
8.630219980901145949e-01 1.347170970874028706e-01 4.802579982105520845e-28 1.309070269319923120e-24 2.260904822482567942e-03 0.000000000000000000e+00
8.630219980901145949e-01 1.347170970874028706e-01 4.802579982105520845e-28 1.309070269319923120e-24 2.260904822482567942e-03 0.000000000000000000e+00
8.630219980901145949e-01 1.347170970874028706e-01 4.802579982105520845e-28 1.309070269319923120e-24 2.260904822482567942e-03 0.000000000000000000e+00
8.630219980901145949e-01 1.347170970874028706e-01 4.802579982105520845e-28 1.309070269319923120e-24 2.260904822482567942e-03 0.000000000000000000e+00
8.630219980901145949e-01 1.347170970874028706e-01 4.802579982105520845e-28 1.309070269319923120e-24 2.260904822482567942e-03 0.000000000000000000e+00
8.630219980901145949e-01 1.347170970874028706e-01 4.802579982105520845e-28 1.309070269319923120e-24 2.260904822482567942e-03 0.000000000000000000e+00
8.630219980901145949e-01 1.347170970874028706e-01 4.802579982105520845e-28 1.309070269319923120e-24 2.260904822482567942e-03 0.000000000000000000e+00
8.630219980901145949e-01 1.347170970874028706e-01 4.802579982105520845e-28 1.309070269319923120e-24 2.260904822482567942e-03 0.000000000000000000e+00
8.630219980901145949e-01 1.347170970874028706e-01 4.802579982105520845e-28 1.309070269319923120e-24 2.260904822482567942e-03 0.000000000000000000e+00
8.630219980901145949e-01 1.347170970874028706e-01 4.802579982105520845e-28 1.309070269319923120e-24 2.260904822482567942e-03 0.000000000000000000e+00
8.630219980901145949e-01 1.347170970874028706e-01 4.802579982105520845e-28 1.309070269319923120e-24 2.260904822482567942e-03 0.000000000000000000e+00
8.630219980901145949e-01 1.347170970874028706e-01 4.802579982105520845e-28 1.309070269319923120e-24 2.260904822482567942e-03 0.000000000000000000e+00
8.630219980901145949e-01 1.347170970874028706e-01 4.802579982105520845e-28 1.309070269319923120e-24 2.260904822482567942e-03 0.000000000000000000e+00
8.630219980901145949e-01 1.347170970874028706e-01 4.802579982105520845e-28 1.309070269319923120e-24 2.260904822482567942e-03 0.000000000000000000e+00
8.630219980901145949e-01 1.347170970874028706e-01 4.802579982105520845e-28 1.309070269319923120e-24 2.260904822482567942e-03 0.000000000000000000e+00
8.630219980901145949e-01 1.347170970874028706e-01 4.802579982105520845e-28 1.309070269319923120e-24 2.260904822482567942e-03 0.000000000000000000e+00
8.630219980901145949e-01 1.347170970874028706e-01 4.802579982105520845e-28 1.309070269319923120e-24 2.260904822482567942e-03 0.000000000000000000e+00
8.630219980901145949e-01 1.347170970874028706e-01 4.802579982105520845e-28 1.309070269319923120e-24 2.260904822482567942e-03 0.000000000000000000e+00
8.630219980901145949e-01 1.347170970874028706e-01 4.802579982105520845e-28 1.309070269319923120e-24 2.260904822482567942e-03 0.000000000000000000e+00
8.630219980901145949e-01 1.347170970874028706e-01 4.802579982105520845e-28 1.309070269319923120e-24 2.260904822482567942e-03 0.000000000000000000e+00
8.630219980901145949e-01 1.347170970874028706e-01 4.802579982105520845e-28 1.309070269319923120e-24 2.260904822482567942e-03 0.000000000000000000e+00
8.630219980901145949e-01 1.347170970874028706e-01 4.802579982105520845e-28 1.309070269319923120e-24 2.260904822482567942e-03 0.000000000000000000e+00
8.630219980901145949e-01 1.347170970874028706e-01 4.802579982105520845e-28 1.309070269319923120e-24 2.260904822482567942e-03 0.000000000000000000e+00
8.630219980901145949e-01 1.347170970874028706e-01 4.802579982105520845e-28 1.309070269319923120e-24 2.260904822482567942e-03 0.000000000000000000e+00
8.630219980901145949e-01 1.347170970874028706e-01 4.802579982105520845e-28 1.309070269319923120e-24 2.260904822482567942e-03 0.000000000000000000e+00
8.630219980901145949e-01 1.347170970874028706e-01 4.802579982105520845e-28 1.309070269319923120e-24 2.260904822482567942e-03 0.000000000000000000e+00
8.630219980901145949e-01 1.347170970874028706e-01 4.802579982105520845e-28 1.309070269319923120e-24 2.260904822482567942e-03 0.000000000000000000e+00
8.630219980901145949e-01 1.347170970874028706e-01 4.802579982105520845e-28 1.309070269319923120e-24 2.260904822482567942e-03 0.000000000000000000e+00
8.630219980901145949e-01 1.347170970874028706e-01 4.802579982105520845e-28 1.309070269319923120e-24 2.260904822482567942e-03 0.000000000000000000e+00
8.630219980901145949e-01 1.347170970874028706e-01 4.802579982105520845e-28 1.309070269319923120e-24 2.260904822482567942e-03 0.000000000000000000e+00
8.630219980901145949e-01 1.347170970874028706e-01 4.802579982105520845e-28 1.309070269319923120e-24 2.260904822482567942e-03 0.000000000000000000e+00
8.630219980901145949e-01 1.347170970874028706e-01 4.802579982105520845e-28 1.309070269319923120e-24 2.260904822482567942e-03 0.000000000000000000e+00
8.630219980901145949e-01 1.347170970874028706e-01 4.802579982105520845e-28 1.309070269319923120e-24 2.260904822482567942e-03 0.000000000000000000e+00
8.630219980901145949e-01 1.347170970874028706e-01 4.802579982105520845e-28 1.309070269319923120e-24 2.260904822482567942e-03 0.000000000000000000e+00
8.630219980901145949e-01 1.347170970874028706e-01 4.802579982105520845e-28 1.309070269319923120e-24 2.260904822482567942e-03 0.000000000000000000e+00
8.630219980901145949e-01 1.347170970874028706e-01 4.802579982105520845e-28 1.309070269319923120e-24 2.260904822482567942e-03 0.000000000000000000e+00
8.630219980901145949e-01 1.347170970874028706e-01 4.802579982105520845e-28 1.309070269319923120e-24 2.260904822482567942e-03 0.000000000000000000e+00
8.630219980901145949e-01 1.347170970874028706e-01 4.802579982105520845e-28 1.309070269319923120e-24 2.260904822482567942e-03 0.000000000000000000e+00
8.630219980901145949e-01 1.347170970874028706e-01 4.802579982105520845e-28 1.309070269319923120e-24 2.260904822482567942e-03 0.000000000000000000e+00
8.630219980901145949e-01 1.347170970874028706e-01 4.802579982105520845e-28 1.309070269319923120e-24 2.260904822482567942e-03 0.000000000000000000e+00
8.630219980901145949e-01 1.347170970874028706e-01 4.802579982105520845e-28 1.309070269319923120e-24 2.260904822482567942e-03 0.000000000000000000e+00
8.630219980901145949e-01 1.347170970874028706e-01 4.802579982105520845e-28 1.309070269319923120e-24 2.260904822482567942e-03 0.000000000000000000e+00
8.630219980901145949e-01 1.347170970874028706e-01 4.802579982105520845e-28 1.309070269319923120e-24 2.260904822482567942e-03 0.000000000000000000e+00
8.630219980901145949e-01 1.347170970874028706e-01 4.802579982105520845e-28 1.309070269319923120e-24 2.260904822482567942e-03 0.000000000000000000e+00
8.630219980901145949e-01 1.347170970874028706e-01 4.802579982105520845e-28 1.309070269319923120e-24 2.260904822482567942e-03 0.000000000000000000e+00
8.630219980901145949e-01 1.347170970874028706e-01 4.802579982105520845e-28 1.309070269319923120e-24 2.260904822482567942e-03 0.000000000000000000e+00
8.630219980901145949e-01 1.347170970874028706e-01 4.802579982105520845e-28 1.309070269319923120e-24 2.260904822482567942e-03 0.000000000000000000e+00
8.630219980901145949e-01 1.347170970874028706e-01 4.802579982105520845e-28 1.309070269319923120e-24 2.260904822482567942e-03 0.000000000000000000e+00
8.630219980901145949e-01 1.347170970874028706e-01 4.802579982105520845e-28 1.309070269319923120e-24 2.260904822482567942e-03 0.000000000000000000e+00
8.630219980901145949e-01 1.347170970874028706e-01 4.802579982105520845e-28 1.309070269319923120e-24 2.260904822482567942e-03 0.000000000000000000e+00
8.630219980901145949e-01 1.347170970874028706e-01 4.802579982105520845e-28 1.309070269319923120e-24 2.260904822482567942e-03 0.000000000000000000e+00
8.630219980901145949e-01 1.347170970874028706e-01 4.802579982105520845e-28 1.309070269319923120e-24 2.260904822482567942e-03 0.000000000000000000e+00
8.630219980901145949e-01 1.347170970874028706e-01 4.802579982105520845e-28 1.309070269319923120e-24 2.260904822482567942e-03 0.000000000000000000e+00
8.630219980901145949e-01 1.347170970874028706e-01 4.802579982105520845e-28 1.309070269319923120e-24 2.260904822482567942e-03 0.000000000000000000e+00
8.630219980901145949e-01 1.347170970874028706e-01 4.802579982105520845e-28 1.309070269319923120e-24 2.260904822482567942e-03 0.000000000000000000e+00
8.630219980901145949e-01 1.347170970874028706e-01 4.802579982105520845e-28 1.309070269319923120e-24 2.260904822482567942e-03 0.000000000000000000e+00
8.630219980901145949e-01 1.347170970874028706e-01 4.802579982105520845e-28 1.309070269319923120e-24 2.260904822482567942e-03 0.000000000000000000e+00
8.630219980901145949e-01 1.347170970874028706e-01 4.802579982105520845e-28 1.309070269319923120e-24 2.260904822482567942e-03 0.000000000000000000e+00
8.630219980901145949e-01 1.347170970874028706e-01 4.802579982105520845e-28 1.309070269319923120e-24 2.260904822482567942e-03 0.000000000000000000e+00
8.630219980901145949e-01 1.347170970874028706e-01 4.802579982105520845e-28 1.309070269319923120e-24 2.260904822482567942e-03 0.000000000000000000e+00
8.630219980901145949e-01 1.347170970874028706e-01 4.802579982105520845e-28 1.309070269319923120e-24 2.260904822482567942e-03 0.000000000000000000e+00
8.630219980901145949e-01 1.347170970874028706e-01 4.802579982105520845e-28 1.309070269319923120e-24 2.260904822482567942e-03 0.000000000000000000e+00
8.630219980901145949e-01 1.347170970874028706e-01 4.802579982105520845e-28 1.309070269319923120e-24 2.260904822482567942e-03 0.000000000000000000e+00
8.630219980901145949e-01 1.347170970874028706e-01 4.802579982105520845e-28 1.309070269319923120e-24 2.260904822482567942e-03 0.000000000000000000e+00
8.630219980901145949e-01 1.347170970874028706e-01 4.802579982105520845e-28 1.309070269319923120e-24 2.260904822482567942e-03 0.000000000000000000e+00
8.630219980901145949e-01 1.347170970874028706e-01 4.802579982105520845e-28 1.309070269319923120e-24 2.260904822482567942e-03 0.000000000000000000e+00
8.630219980901145949e-01 1.347170970874028706e-01 4.802579982105520845e-28 1.309070269319923120e-24 2.260904822482567942e-03 0.000000000000000000e+00
8.630219980901145949e-01 1.347170970874028706e-01 4.802579982105520845e-28 1.309070269319923120e-24 2.260904822482567942e-03 0.000000000000000000e+00
8.630219980901145949e-01 1.347170970874028706e-01 4.802579982105520845e-28 1.309070269319923120e-24 2.260904822482567942e-03 0.000000000000000000e+00
8.630219980901145949e-01 1.347170970874028706e-01 4.802579982105520845e-28 1.309070269319923120e-24 2.260904822482567942e-03 0.000000000000000000e+00
8.630219980901145949e-01 1.347170970874028706e-01 4.802579982105520845e-28 1.309070269319923120e-24 2.260904822482567942e-03 0.000000000000000000e+00
8.630219980901145949e-01 1.347170970874028706e-01 4.802579982105520845e-28 1.309070269319923120e-24 2.260904822482567942e-03 0.000000000000000000e+00
8.630219980901145949e-01 1.347170970874028706e-01 4.802579982105520845e-28 1.309070269319923120e-24 2.260904822482567942e-03 0.000000000000000000e+00
8.630219980901145949e-01 1.347170970874028706e-01 4.802579982105520845e-28 1.309070269319923120e-24 2.260904822482567942e-03 0.000000000000000000e+00
8.630219980901145949e-01 1.347170970874028706e-01 4.802579982105520845e-28 1.309070269319923120e-24 2.260904822482567942e-03 0.000000000000000000e+00
8.630219980901145949e-01 1.347170970874028706e-01 4.802579982105520845e-28 1.309070269319923120e-24 2.260904822482567942e-03 0.000000000000000000e+00
8.630219980901145949e-01 1.347170970874028706e-01 4.802579982105520845e-28 1.309070269319923120e-24 2.260904822482567942e-03 0.000000000000000000e+00
8.630219980901145949e-01 1.347170970874028706e-01 4.802579982105520845e-28 1.309070269319923120e-24 2.260904822482567942e-03 0.000000000000000000e+00
8.630219980901145949e-01 1.347170970874028706e-01 4.802579982105520845e-28 1.309070269319923120e-24 2.260904822482567942e-03 0.000000000000000000e+00
8.630219980901145949e-01 1.347170970874028706e-01 4.802579982105520845e-28 1.309070269319923120e-24 2.260904822482567942e-03 0.000000000000000000e+00
8.630219980901145949e-01 1.347170970874028706e-01 4.802579982105520845e-28 1.309070269319923120e-24 2.260904822482567942e-03 0.000000000000000000e+00
8.630219980901145949e-01 1.347170970874028706e-01 4.802579982105520845e-28 1.309070269319923120e-24 2.260904822482567942e-03 0.000000000000000000e+00
8.630219980901145949e-01 1.347170970874028706e-01 4.802579982105520845e-28 1.309070269319923120e-24 2.260904822482567942e-03 0.000000000000000000e+00
8.630219980901145949e-01 1.347170970874028706e-01 4.802579982105520845e-28 1.309070269319923120e-24 2.260904822482567942e-03 0.000000000000000000e+00
8.630219980901145949e-01 1.347170970874028706e-01 4.802579982105520845e-28 1.309070269319923120e-24 2.260904822482567942e-03 0.000000000000000000e+00
8.630219980901145949e-01 1.347170970874028706e-01 4.802579982105520845e-28 1.309070269319923120e-24 2.260904822482567942e-03 0.000000000000000000e+00
8.630219980901145949e-01 1.347170970874028706e-01 4.802579982105520845e-28 1.309070269319923120e-24 2.260904822482567942e-03 0.000000000000000000e+00
8.630219980901145949e-01 1.347170970874028706e-01 4.802579982105520845e-28 1.309070269319923120e-24 2.260904822482567942e-03 0.000000000000000000e+00
8.630219980901145949e-01 1.347170970874028706e-01 4.802579982105520845e-28 1.309070269319923120e-24 2.260904822482567942e-03 0.000000000000000000e+00
8.630219980901145949e-01 1.347170970874028706e-01 4.802579982105520845e-28 1.309070269319923120e-24 2.260904822482567942e-03 0.000000000000000000e+00
8.630219980901145949e-01 1.347170970874028706e-01 4.802579982105520845e-28 1.309070269319923120e-24 2.260904822482567942e-03 0.000000000000000000e+00
8.630219980901145949e-01 1.347170970874028706e-01 4.802579982105520845e-28 1.309070269319923120e-24 2.260904822482567942e-03 0.000000000000000000e+00
8.630219980901145949e-01 1.347170970874028706e-01 4.802579982105520845e-28 1.309070269319923120e-24 2.260904822482567942e-03 0.000000000000000000e+00
8.630219980901145949e-01 1.347170970874028706e-01 4.802579982105520845e-28 1.309070269319923120e-24 2.260904822482567942e-03 0.000000000000000000e+00
8.630219980901145949e-01 1.347170970874028706e-01 4.802579982105520845e-28 1.309070269319923120e-24 2.260904822482567942e-03 0.000000000000000000e+00
8.630219980901145949e-01 1.347170970874028706e-01 4.802579982105520845e-28 1.309070269319923120e-24 2.260904822482567942e-03 0.000000000000000000e+00
8.630219980901145949e-01 1.347170970874028706e-01 4.802579982105520845e-28 1.309070269319923120e-24 2.260904822482567942e-03 0.000000000000000000e+00
8.630219980901145949e-01 1.347170970874028706e-01 4.802579982105520845e-28 1.309070269319923120e-24 2.260904822482567942e-03 0.000000000000000000e+00
8.630219980901145949e-01 1.347170970874028706e-01 4.802579982105520845e-28 1.309070269319923120e-24 2.260904822482567942e-03 0.000000000000000000e+00
8.630219980901145949e-01 1.347170970874028706e-01 4.802579982105520845e-28 1.309070269319923120e-24 2.260904822482567942e-03 0.000000000000000000e+00
8.630219980901145949e-01 1.347170970874028706e-01 4.802579982105520845e-28 1.309070269319923120e-24 2.260904822482567942e-03 0.000000000000000000e+00
8.630219980901145949e-01 1.347170970874028706e-01 4.802579982105520845e-28 1.309070269319923120e-24 2.260904822482567942e-03 0.000000000000000000e+00
8.630219980901145949e-01 1.347170970874028706e-01 4.802579982105520845e-28 1.309070269319923120e-24 2.260904822482567942e-03 0.000000000000000000e+00
8.630219980901145949e-01 1.347170970874028706e-01 4.802579982105520845e-28 1.309070269319923120e-24 2.260904822482567942e-03 0.000000000000000000e+00
8.630219980901145949e-01 1.347170970874028706e-01 4.802579982105520845e-28 1.309070269319923120e-24 2.260904822482567942e-03 0.000000000000000000e+00
8.630219980901145949e-01 1.347170970874028706e-01 4.802579982105520845e-28 1.309070269319923120e-24 2.260904822482567942e-03 0.000000000000000000e+00
8.630219980901145949e-01 1.347170970874028706e-01 4.802579982105520845e-28 1.309070269319923120e-24 2.260904822482567942e-03 0.000000000000000000e+00
8.630219980901145949e-01 1.347170970874028706e-01 4.802579982105520845e-28 1.309070269319923120e-24 2.260904822482567942e-03 0.000000000000000000e+00
8.630219980901145949e-01 1.347170970874028706e-01 4.802579982105520845e-28 1.309070269319923120e-24 2.260904822482567942e-03 0.000000000000000000e+00
8.630219980901145949e-01 1.347170970874028706e-01 4.802579982105520845e-28 1.309070269319923120e-24 2.260904822482567942e-03 0.000000000000000000e+00
8.630219980901145949e-01 1.347170970874028706e-01 4.802579982105520845e-28 1.309070269319923120e-24 2.260904822482567942e-03 0.000000000000000000e+00
8.630219980901145949e-01 1.347170970874028706e-01 4.802579982105520845e-28 1.309070269319923120e-24 2.260904822482567942e-03 0.000000000000000000e+00
8.630219980901145949e-01 1.347170970874028706e-01 4.802579982105520845e-28 1.309070269319923120e-24 2.260904822482567942e-03 0.000000000000000000e+00
8.630219980901145949e-01 1.347170970874028706e-01 4.802579982105520845e-28 1.309070269319923120e-24 2.260904822482567942e-03 0.000000000000000000e+00
8.630219980901145949e-01 1.347170970874028706e-01 4.802579982105520845e-28 1.309070269319923120e-24 2.260904822482567942e-03 0.000000000000000000e+00
8.630219980901145949e-01 1.347170970874028706e-01 4.802579982105520845e-28 1.309070269319923120e-24 2.260904822482567942e-03 0.000000000000000000e+00
8.630219980901145949e-01 1.347170970874028706e-01 4.802579982105520845e-28 1.309070269319923120e-24 2.260904822482567942e-03 0.000000000000000000e+00
8.630219980901145949e-01 1.347170970874028706e-01 4.802579982105520845e-28 1.309070269319923120e-24 2.260904822482567942e-03 0.000000000000000000e+00
8.630219980901145949e-01 1.347170970874028706e-01 4.802579982105520845e-28 1.309070269319923120e-24 2.260904822482567942e-03 0.000000000000000000e+00
8.630219980901145949e-01 1.347170970874028706e-01 4.802579982105520845e-28 1.309070269319923120e-24 2.260904822482567942e-03 0.000000000000000000e+00
8.630219980901145949e-01 1.347170970874028706e-01 4.802579982105520845e-28 1.309070269319923120e-24 2.260904822482567942e-03 0.000000000000000000e+00
8.630219980901145949e-01 1.347170970874028706e-01 4.802579982105520845e-28 1.309070269319923120e-24 2.260904822482567942e-03 0.000000000000000000e+00
8.630219980901145949e-01 1.347170970874028706e-01 4.802579982105520845e-28 1.309070269319923120e-24 2.260904822482567942e-03 0.000000000000000000e+00
8.630219980901145949e-01 1.347170970874028706e-01 4.802579982105520845e-28 1.309070269319923120e-24 2.260904822482567942e-03 0.000000000000000000e+00
8.630219980901145949e-01 1.347170970874028706e-01 4.802579982105520845e-28 1.309070269319923120e-24 2.260904822482567942e-03 0.000000000000000000e+00
8.630219980901145949e-01 1.347170970874028706e-01 4.802579982105520845e-28 1.309070269319923120e-24 2.260904822482567942e-03 0.000000000000000000e+00
8.630219980901145949e-01 1.347170970874028706e-01 4.802579982105520845e-28 1.309070269319923120e-24 2.260904822482567942e-03 0.000000000000000000e+00
8.630219980901145949e-01 1.347170970874028706e-01 4.802579982105520845e-28 1.309070269319923120e-24 2.260904822482567942e-03 0.000000000000000000e+00
8.630219980901145949e-01 1.347170970874028706e-01 4.802579982105520845e-28 1.309070269319923120e-24 2.260904822482567942e-03 0.000000000000000000e+00
8.630219980901145949e-01 1.347170970874028706e-01 4.802579982105520845e-28 1.309070269319923120e-24 2.260904822482567942e-03 0.000000000000000000e+00
8.630219980901145949e-01 1.347170970874028706e-01 4.802579982105520845e-28 1.309070269319923120e-24 2.260904822482567942e-03 0.000000000000000000e+00
8.630219980901145949e-01 1.347170970874028706e-01 4.802579982105520845e-28 1.309070269319923120e-24 2.260904822482567942e-03 0.000000000000000000e+00
8.630219980901145949e-01 1.347170970874028706e-01 4.802579982105520845e-28 1.309070269319923120e-24 2.260904822482567942e-03 0.000000000000000000e+00
8.630219980901145949e-01 1.347170970874028706e-01 4.802579982105520845e-28 1.309070269319923120e-24 2.260904822482567942e-03 0.000000000000000000e+00
8.630219980901145949e-01 1.347170970874028706e-01 4.802579982105520845e-28 1.309070269319923120e-24 2.260904822482567942e-03 0.000000000000000000e+00
8.630219980901145949e-01 1.347170970874028706e-01 4.802579982105520845e-28 1.309070269319923120e-24 2.260904822482567942e-03 0.000000000000000000e+00
8.630219980901145949e-01 1.347170970874028706e-01 4.802579982105520845e-28 1.309070269319923120e-24 2.260904822482567942e-03 0.000000000000000000e+00
8.630219980901145949e-01 1.347170970874028706e-01 4.802579982105520845e-28 1.309070269319923120e-24 2.260904822482567942e-03 0.000000000000000000e+00
8.630219980901145949e-01 1.347170970874028706e-01 4.802579982105520845e-28 1.309070269319923120e-24 2.260904822482567942e-03 0.000000000000000000e+00
8.630219980901145949e-01 1.347170970874028706e-01 4.802579982105520845e-28 1.309070269319923120e-24 2.260904822482567942e-03 0.000000000000000000e+00
8.630219980901145949e-01 1.347170970874028706e-01 4.802579982105520845e-28 1.309070269319923120e-24 2.260904822482567942e-03 0.000000000000000000e+00
8.630219980901145949e-01 1.347170970874028706e-01 4.802579982105520845e-28 1.309070269319923120e-24 2.260904822482567942e-03 0.000000000000000000e+00
8.630219980901145949e-01 1.347170970874028706e-01 4.802579982105520845e-28 1.309070269319923120e-24 2.260904822482567942e-03 0.000000000000000000e+00
8.630219980901145949e-01 1.347170970874028706e-01 4.802579982105520845e-28 1.309070269319923120e-24 2.260904822482567942e-03 0.000000000000000000e+00
8.630219980901145949e-01 1.347170970874028706e-01 4.802579982105520845e-28 1.309070269319923120e-24 2.260904822482567942e-03 0.000000000000000000e+00
8.630219980901145949e-01 1.347170970874028706e-01 4.802579982105520845e-28 1.309070269319923120e-24 2.260904822482567942e-03 0.000000000000000000e+00
8.630219980901145949e-01 1.347170970874028706e-01 4.802579982105520845e-28 1.309070269319923120e-24 2.260904822482567942e-03 0.000000000000000000e+00
8.630219980901145949e-01 1.347170970874028706e-01 4.802579982105520845e-28 1.309070269319923120e-24 2.260904822482567942e-03 0.000000000000000000e+00
8.630219980901145949e-01 1.347170970874028706e-01 4.802579982105520845e-28 1.309070269319923120e-24 2.260904822482567942e-03 0.000000000000000000e+00
8.630219980901145949e-01 1.347170970874028706e-01 4.802579982105520845e-28 1.309070269319923120e-24 2.260904822482567942e-03 0.000000000000000000e+00
8.630219980901145949e-01 1.347170970874028706e-01 4.802579982105520845e-28 1.309070269319923120e-24 2.260904822482567942e-03 0.000000000000000000e+00
8.630219980901145949e-01 1.347170970874028706e-01 4.802579982105520845e-28 1.309070269319923120e-24 2.260904822482567942e-03 0.000000000000000000e+00
8.630219980901145949e-01 1.347170970874028706e-01 4.802579982105520845e-28 1.309070269319923120e-24 2.260904822482567942e-03 0.000000000000000000e+00
8.630219980901145949e-01 1.347170970874028706e-01 4.802579982105520845e-28 1.309070269319923120e-24 2.260904822482567942e-03 0.000000000000000000e+00
8.630219980901145949e-01 1.347170970874028706e-01 4.802579982105520845e-28 1.309070269319923120e-24 2.260904822482567942e-03 0.000000000000000000e+00
8.630219980901145949e-01 1.347170970874028706e-01 4.802579982105520845e-28 1.309070269319923120e-24 2.260904822482567942e-03 0.000000000000000000e+00
8.630219980901145949e-01 1.347170970874028706e-01 4.802579982105520845e-28 1.309070269319923120e-24 2.260904822482567942e-03 0.000000000000000000e+00
8.630219980901145949e-01 1.347170970874028706e-01 4.802579982105520845e-28 1.309070269319923120e-24 2.260904822482567942e-03 0.000000000000000000e+00
8.630219980901145949e-01 1.347170970874028706e-01 4.802579982105520845e-28 1.309070269319923120e-24 2.260904822482567942e-03 0.000000000000000000e+00
8.630219980901145949e-01 1.347170970874028706e-01 4.802579982105520845e-28 1.309070269319923120e-24 2.260904822482567942e-03 0.000000000000000000e+00
8.630219980901145949e-01 1.347170970874028706e-01 4.802579982105520845e-28 1.309070269319923120e-24 2.260904822482567942e-03 0.000000000000000000e+00
8.630219980901145949e-01 1.347170970874028706e-01 4.802579982105520845e-28 1.309070269319923120e-24 2.260904822482567942e-03 0.000000000000000000e+00
8.630219980901145949e-01 1.347170970874028706e-01 4.802579982105520845e-28 1.309070269319923120e-24 2.260904822482567942e-03 0.000000000000000000e+00
8.630219980901145949e-01 1.347170970874028706e-01 4.802579982105520845e-28 1.309070269319923120e-24 2.260904822482567942e-03 0.000000000000000000e+00
8.630219980901145949e-01 1.347170970874028706e-01 4.802579982105520845e-28 1.309070269319923120e-24 2.260904822482567942e-03 0.000000000000000000e+00
8.630219980901145949e-01 1.347170970874028706e-01 4.802579982105520845e-28 1.309070269319923120e-24 2.260904822482567942e-03 0.000000000000000000e+00
8.630219980901145949e-01 1.347170970874028706e-01 4.802579982105520845e-28 1.309070269319923120e-24 2.260904822482567942e-03 0.000000000000000000e+00
8.630219980901145949e-01 1.347170970874028706e-01 4.802579982105520845e-28 1.309070269319923120e-24 2.260904822482567942e-03 0.000000000000000000e+00
8.630219980901145949e-01 1.347170970874028706e-01 4.802579982105520845e-28 1.309070269319923120e-24 2.260904822482567942e-03 0.000000000000000000e+00
8.630219980901145949e-01 1.347170970874028706e-01 4.802579982105520845e-28 1.309070269319923120e-24 2.260904822482567942e-03 0.000000000000000000e+00
8.630219980901145949e-01 1.347170970874028706e-01 4.802579982105520845e-28 1.309070269319923120e-24 2.260904822482567942e-03 0.000000000000000000e+00
8.630219980901145949e-01 1.347170970874028706e-01 4.802579982105520845e-28 1.309070269319923120e-24 2.260904822482567942e-03 0.000000000000000000e+00
8.630219980901145949e-01 1.347170970874028706e-01 4.802579982105520845e-28 1.309070269319923120e-24 2.260904822482567942e-03 0.000000000000000000e+00
8.630219980901145949e-01 1.347170970874028706e-01 4.802579982105520845e-28 1.309070269319923120e-24 2.260904822482567942e-03 0.000000000000000000e+00
8.630219980901145949e-01 1.347170970874028706e-01 4.802579982105520845e-28 1.309070269319923120e-24 2.260904822482567942e-03 0.000000000000000000e+00
8.630219980901145949e-01 1.347170970874028706e-01 4.802579982105520845e-28 1.309070269319923120e-24 2.260904822482567942e-03 0.000000000000000000e+00
8.630219980901145949e-01 1.347170970874028706e-01 4.802579982105520845e-28 1.309070269319923120e-24 2.260904822482567942e-03 0.000000000000000000e+00
8.630219980901145949e-01 1.347170970874028706e-01 4.802579982105520845e-28 1.309070269319923120e-24 2.260904822482567942e-03 0.000000000000000000e+00
8.630219980901145949e-01 1.347170970874028706e-01 4.802579982105520845e-28 1.309070269319923120e-24 2.260904822482567942e-03 0.000000000000000000e+00
8.630219980901145949e-01 1.347170970874028706e-01 4.802579982105520845e-28 1.309070269319923120e-24 2.260904822482567942e-03 0.000000000000000000e+00
8.630219980901145949e-01 1.347170970874028706e-01 4.802579982105520845e-28 1.309070269319923120e-24 2.260904822482567942e-03 0.000000000000000000e+00
8.630219980901145949e-01 1.347170970874028706e-01 4.802579982105520845e-28 1.309070269319923120e-24 2.260904822482567942e-03 0.000000000000000000e+00
8.630219980901145949e-01 1.347170970874028706e-01 4.802579982105520845e-28 1.309070269319923120e-24 2.260904822482567942e-03 0.000000000000000000e+00
8.630219980901145949e-01 1.347170970874028706e-01 4.802579982105520845e-28 1.309070269319923120e-24 2.260904822482567942e-03 0.000000000000000000e+00
8.630219980901145949e-01 1.347170970874028706e-01 4.802579982105520845e-28 1.309070269319923120e-24 2.260904822482567942e-03 0.000000000000000000e+00
8.630219980901145949e-01 1.347170970874028706e-01 4.802579982105520845e-28 1.309070269319923120e-24 2.260904822482567942e-03 0.000000000000000000e+00
8.630219980901145949e-01 1.347170970874028706e-01 4.802579982105520845e-28 1.309070269319923120e-24 2.260904822482567942e-03 0.000000000000000000e+00
8.630219980901145949e-01 1.347170970874028706e-01 4.802579982105520845e-28 1.309070269319923120e-24 2.260904822482567942e-03 0.000000000000000000e+00
8.630219980901145949e-01 1.347170970874028706e-01 4.802579982105520845e-28 1.309070269319923120e-24 2.260904822482567942e-03 0.000000000000000000e+00
8.630219980901145949e-01 1.347170970874028706e-01 4.802579982105520845e-28 1.309070269319923120e-24 2.260904822482567942e-03 0.000000000000000000e+00
8.630219980901145949e-01 1.347170970874028706e-01 4.802579982105520845e-28 1.309070269319923120e-24 2.260904822482567942e-03 0.000000000000000000e+00
8.630219980901145949e-01 1.347170970874028706e-01 4.802579982105520845e-28 1.309070269319923120e-24 2.260904822482567942e-03 0.000000000000000000e+00
8.630219980901145949e-01 1.347170970874028706e-01 4.802579982105520845e-28 1.309070269319923120e-24 2.260904822482567942e-03 0.000000000000000000e+00
8.630219980901145949e-01 1.347170970874028706e-01 4.802579982105520845e-28 1.309070269319923120e-24 2.260904822482567942e-03 0.000000000000000000e+00
8.630219980901145949e-01 1.347170970874028706e-01 4.802579982105520845e-28 1.309070269319923120e-24 2.260904822482567942e-03 0.000000000000000000e+00
8.630219980901145949e-01 1.347170970874028706e-01 4.802579982105520845e-28 1.309070269319923120e-24 2.260904822482567942e-03 0.000000000000000000e+00
8.630219980901145949e-01 1.347170970874028706e-01 4.802579982105520845e-28 1.309070269319923120e-24 2.260904822482567942e-03 0.000000000000000000e+00
8.630219980901145949e-01 1.347170970874028706e-01 4.802579982105520845e-28 1.309070269319923120e-24 2.260904822482567942e-03 0.000000000000000000e+00
8.630219980901145949e-01 1.347170970874028706e-01 4.802579982105520845e-28 1.309070269319923120e-24 2.260904822482567942e-03 0.000000000000000000e+00
8.630219980901145949e-01 1.347170970874028706e-01 4.802579982105520845e-28 1.309070269319923120e-24 2.260904822482567942e-03 0.000000000000000000e+00
8.630219980901145949e-01 1.347170970874028706e-01 4.802579982105520845e-28 1.309070269319923120e-24 2.260904822482567942e-03 0.000000000000000000e+00
8.630219980901145949e-01 1.347170970874028706e-01 4.802579982105520845e-28 1.309070269319923120e-24 2.260904822482567942e-03 0.000000000000000000e+00
8.630219980901145949e-01 1.347170970874028706e-01 4.802579982105520845e-28 1.309070269319923120e-24 2.260904822482567942e-03 0.000000000000000000e+00
8.630219980901145949e-01 1.347170970874028706e-01 4.802579982105520845e-28 1.309070269319923120e-24 2.260904822482567942e-03 0.000000000000000000e+00
8.630219980901145949e-01 1.347170970874028706e-01 4.802579982105520845e-28 1.309070269319923120e-24 2.260904822482567942e-03 0.000000000000000000e+00
8.630219980901145949e-01 1.347170970874028706e-01 4.802579982105520845e-28 1.309070269319923120e-24 2.260904822482567942e-03 0.000000000000000000e+00
8.630219980901145949e-01 1.347170970874028706e-01 4.802579982105520845e-28 1.309070269319923120e-24 2.260904822482567942e-03 0.000000000000000000e+00
8.630219980901145949e-01 1.347170970874028706e-01 4.802579982105520845e-28 1.309070269319923120e-24 2.260904822482567942e-03 0.000000000000000000e+00
8.630219980901145949e-01 1.347170970874028706e-01 4.802579982105520845e-28 1.309070269319923120e-24 2.260904822482567942e-03 0.000000000000000000e+00
8.630219980901145949e-01 1.347170970874028706e-01 4.802579982105520845e-28 1.309070269319923120e-24 2.260904822482567942e-03 0.000000000000000000e+00
8.630219980901145949e-01 1.347170970874028706e-01 4.802579982105520845e-28 1.309070269319923120e-24 2.260904822482567942e-03 0.000000000000000000e+00
8.630219980901145949e-01 1.347170970874028706e-01 4.802579982105520845e-28 1.309070269319923120e-24 2.260904822482567942e-03 0.000000000000000000e+00
8.630219980901145949e-01 1.347170970874028706e-01 4.802579982105520845e-28 1.309070269319923120e-24 2.260904822482567942e-03 0.000000000000000000e+00
8.630219980901145949e-01 1.347170970874028706e-01 4.802579982105520845e-28 1.309070269319923120e-24 2.260904822482567942e-03 0.000000000000000000e+00
8.630219980901145949e-01 1.347170970874028706e-01 4.802579982105520845e-28 1.309070269319923120e-24 2.260904822482567942e-03 0.000000000000000000e+00
8.630219980901145949e-01 1.347170970874028706e-01 4.802579982105520845e-28 1.309070269319923120e-24 2.260904822482567942e-03 0.000000000000000000e+00
8.630219980901145949e-01 1.347170970874028706e-01 4.802579982105520845e-28 1.309070269319923120e-24 2.260904822482567942e-03 0.000000000000000000e+00
8.630219980901145949e-01 1.347170970874028706e-01 4.802579982105520845e-28 1.309070269319923120e-24 2.260904822482567942e-03 0.000000000000000000e+00
8.630219980901145949e-01 1.347170970874028706e-01 4.802579982105520845e-28 1.309070269319923120e-24 2.260904822482567942e-03 0.000000000000000000e+00
8.630219980901145949e-01 1.347170970874028706e-01 4.802579982105520845e-28 1.309070269319923120e-24 2.260904822482567942e-03 0.000000000000000000e+00
8.630219980901145949e-01 1.347170970874028706e-01 4.802579982105520845e-28 1.309070269319923120e-24 2.260904822482567942e-03 0.000000000000000000e+00
8.630219980901145949e-01 1.347170970874028706e-01 4.802579982105520845e-28 1.309070269319923120e-24 2.260904822482567942e-03 0.000000000000000000e+00
8.630219980901145949e-01 1.347170970874028706e-01 4.802579982105520845e-28 1.309070269319923120e-24 2.260904822482567942e-03 0.000000000000000000e+00
8.630219980901145949e-01 1.347170970874028706e-01 4.802579982105520845e-28 1.309070269319923120e-24 2.260904822482567942e-03 0.000000000000000000e+00
8.630219980901145949e-01 1.347170970874028706e-01 4.802579982105520845e-28 1.309070269319923120e-24 2.260904822482567942e-03 0.000000000000000000e+00
8.630219980901145949e-01 1.347170970874028706e-01 4.802579982105520845e-28 1.309070269319923120e-24 2.260904822482567942e-03 0.000000000000000000e+00
8.630219980901145949e-01 1.347170970874028706e-01 4.802579982105520845e-28 1.309070269319923120e-24 2.260904822482567942e-03 0.000000000000000000e+00
8.630219980901145949e-01 1.347170970874028706e-01 4.802579982105520845e-28 1.309070269319923120e-24 2.260904822482567942e-03 0.000000000000000000e+00
8.630219980901145949e-01 1.347170970874028706e-01 4.802579982105520845e-28 1.309070269319923120e-24 2.260904822482567942e-03 0.000000000000000000e+00
8.630219980901145949e-01 1.347170970874028706e-01 4.802579982105520845e-28 1.309070269319923120e-24 2.260904822482567942e-03 0.000000000000000000e+00
8.630219980901145949e-01 1.347170970874028706e-01 4.802579982105520845e-28 1.309070269319923120e-24 2.260904822482567942e-03 0.000000000000000000e+00
8.630219980901145949e-01 1.347170970874028706e-01 4.802579982105520845e-28 1.309070269319923120e-24 2.260904822482567942e-03 0.000000000000000000e+00
8.630219980901145949e-01 1.347170970874028706e-01 4.802579982105520845e-28 1.309070269319923120e-24 2.260904822482567942e-03 0.000000000000000000e+00
8.630219980901145949e-01 1.347170970874028706e-01 4.802579982105520845e-28 1.309070269319923120e-24 2.260904822482567942e-03 0.000000000000000000e+00
8.630219980901145949e-01 1.347170970874028706e-01 4.802579982105520845e-28 1.309070269319923120e-24 2.260904822482567942e-03 0.000000000000000000e+00
8.630219980901145949e-01 1.347170970874028706e-01 4.802579982105520845e-28 1.309070269319923120e-24 2.260904822482567942e-03 0.000000000000000000e+00
8.630219980901145949e-01 1.347170970874028706e-01 4.802579982105520845e-28 1.309070269319923120e-24 2.260904822482567942e-03 0.000000000000000000e+00
8.630219980901145949e-01 1.347170970874028706e-01 4.802579982105520845e-28 1.309070269319923120e-24 2.260904822482567942e-03 0.000000000000000000e+00
8.630219980901145949e-01 1.347170970874028706e-01 4.802579982105520845e-28 1.309070269319923120e-24 2.260904822482567942e-03 0.000000000000000000e+00
8.630219980901145949e-01 1.347170970874028706e-01 4.802579982105520845e-28 1.309070269319923120e-24 2.260904822482567942e-03 0.000000000000000000e+00
8.630219980901145949e-01 1.347170970874028706e-01 4.802579982105520845e-28 1.309070269319923120e-24 2.260904822482567942e-03 0.000000000000000000e+00
8.630219980901145949e-01 1.347170970874028706e-01 4.802579982105520845e-28 1.309070269319923120e-24 2.260904822482567942e-03 0.000000000000000000e+00
8.630219980901145949e-01 1.347170970874028706e-01 4.802579982105520845e-28 1.309070269319923120e-24 2.260904822482567942e-03 0.000000000000000000e+00
8.630219980901145949e-01 1.347170970874028706e-01 4.802579982105520845e-28 1.309070269319923120e-24 2.260904822482567942e-03 0.000000000000000000e+00
8.630219980901145949e-01 1.347170970874028706e-01 4.802579982105520845e-28 1.309070269319923120e-24 2.260904822482567942e-03 0.000000000000000000e+00
8.630219980901145949e-01 1.347170970874028706e-01 4.802579982105520845e-28 1.309070269319923120e-24 2.260904822482567942e-03 0.000000000000000000e+00
8.630219980901145949e-01 1.347170970874028706e-01 4.802579982105520845e-28 1.309070269319923120e-24 2.260904822482567942e-03 0.000000000000000000e+00
8.630219980901145949e-01 1.347170970874028706e-01 4.802579982105520845e-28 1.309070269319923120e-24 2.260904822482567942e-03 0.000000000000000000e+00
8.630219980901145949e-01 1.347170970874028706e-01 4.802579982105520845e-28 1.309070269319923120e-24 2.260904822482567942e-03 0.000000000000000000e+00
8.630219980901145949e-01 1.347170970874028706e-01 4.802579982105520845e-28 1.309070269319923120e-24 2.260904822482567942e-03 0.000000000000000000e+00
8.630219980901145949e-01 1.347170970874028706e-01 4.802579982105520845e-28 1.309070269319923120e-24 2.260904822482567942e-03 0.000000000000000000e+00
8.630219980901145949e-01 1.347170970874028706e-01 4.802579982105520845e-28 1.309070269319923120e-24 2.260904822482567942e-03 0.000000000000000000e+00
8.630219980901145949e-01 1.347170970874028706e-01 4.802579982105520845e-28 1.309070269319923120e-24 2.260904822482567942e-03 0.000000000000000000e+00
8.630219980901145949e-01 1.347170970874028706e-01 4.802579982105520845e-28 1.309070269319923120e-24 2.260904822482567942e-03 0.000000000000000000e+00
8.630219980901145949e-01 1.347170970874028706e-01 4.802579982105520845e-28 1.309070269319923120e-24 2.260904822482567942e-03 0.000000000000000000e+00
8.630219980901145949e-01 1.347170970874028706e-01 4.802579982105520845e-28 1.309070269319923120e-24 2.260904822482567942e-03 0.000000000000000000e+00
8.630219980901145949e-01 1.347170970874028706e-01 4.802579982105520845e-28 1.309070269319923120e-24 2.260904822482567942e-03 0.000000000000000000e+00
8.630219980901145949e-01 1.347170970874028706e-01 4.802579982105520845e-28 1.309070269319923120e-24 2.260904822482567942e-03 0.000000000000000000e+00
8.630219980901145949e-01 1.347170970874028706e-01 4.802579982105520845e-28 1.309070269319923120e-24 2.260904822482567942e-03 0.000000000000000000e+00
8.630219980901145949e-01 1.347170970874028706e-01 4.802579982105520845e-28 1.309070269319923120e-24 2.260904822482567942e-03 0.000000000000000000e+00
8.630219980901145949e-01 1.347170970874028706e-01 4.802579982105520845e-28 1.309070269319923120e-24 2.260904822482567942e-03 0.000000000000000000e+00
8.630219980901145949e-01 1.347170970874028706e-01 4.802579982105520845e-28 1.309070269319923120e-24 2.260904822482567942e-03 0.000000000000000000e+00
8.630219980901145949e-01 1.347170970874028706e-01 4.802579982105520845e-28 1.309070269319923120e-24 2.260904822482567942e-03 0.000000000000000000e+00
8.630219980901145949e-01 1.347170970874028706e-01 4.802579982105520845e-28 1.309070269319923120e-24 2.260904822482567942e-03 0.000000000000000000e+00
8.630219980901145949e-01 1.347170970874028706e-01 4.802579982105520845e-28 1.309070269319923120e-24 2.260904822482567942e-03 0.000000000000000000e+00
8.630219980901145949e-01 1.347170970874028706e-01 4.802579982105520845e-28 1.309070269319923120e-24 2.260904822482567942e-03 0.000000000000000000e+00
8.630219980901145949e-01 1.347170970874028706e-01 4.802579982105520845e-28 1.309070269319923120e-24 2.260904822482567942e-03 0.000000000000000000e+00
8.630219980901145949e-01 1.347170970874028706e-01 4.802579982105520845e-28 1.309070269319923120e-24 2.260904822482567942e-03 0.000000000000000000e+00
8.630219980901145949e-01 1.347170970874028706e-01 4.802579982105520845e-28 1.309070269319923120e-24 2.260904822482567942e-03 0.000000000000000000e+00
8.630219980901145949e-01 1.347170970874028706e-01 4.802579982105520845e-28 1.309070269319923120e-24 2.260904822482567942e-03 0.000000000000000000e+00
8.630219980901145949e-01 1.347170970874028706e-01 4.802579982105520845e-28 1.309070269319923120e-24 2.260904822482567942e-03 0.000000000000000000e+00
8.630219980901145949e-01 1.347170970874028706e-01 4.802579982105520845e-28 1.309070269319923120e-24 2.260904822482567942e-03 0.000000000000000000e+00
8.630219980901145949e-01 1.347170970874028706e-01 4.802579982105520845e-28 1.309070269319923120e-24 2.260904822482567942e-03 0.000000000000000000e+00
8.630219980901145949e-01 1.347170970874028706e-01 4.802579982105520845e-28 1.309070269319923120e-24 2.260904822482567942e-03 0.000000000000000000e+00
8.630219980901145949e-01 1.347170970874028706e-01 4.802579982105520845e-28 1.309070269319923120e-24 2.260904822482567942e-03 0.000000000000000000e+00
8.630219980901145949e-01 1.347170970874028706e-01 4.802579982105520845e-28 1.309070269319923120e-24 2.260904822482567942e-03 0.000000000000000000e+00
8.630219980901145949e-01 1.347170970874028706e-01 4.802579982105520845e-28 1.309070269319923120e-24 2.260904822482567942e-03 0.000000000000000000e+00
8.630219980901145949e-01 1.347170970874028706e-01 4.802579982105520845e-28 1.309070269319923120e-24 2.260904822482567942e-03 0.000000000000000000e+00
8.630219980901145949e-01 1.347170970874028706e-01 4.802579982105520845e-28 1.309070269319923120e-24 2.260904822482567942e-03 0.000000000000000000e+00
8.630219980901145949e-01 1.347170970874028706e-01 4.802579982105520845e-28 1.309070269319923120e-24 2.260904822482567942e-03 0.000000000000000000e+00
8.630219980901145949e-01 1.347170970874028706e-01 4.802579982105520845e-28 1.309070269319923120e-24 2.260904822482567942e-03 0.000000000000000000e+00
8.630219980901145949e-01 1.347170970874028706e-01 4.802579982105520845e-28 1.309070269319923120e-24 2.260904822482567942e-03 0.000000000000000000e+00
8.630219980901145949e-01 1.347170970874028706e-01 4.802579982105520845e-28 1.309070269319923120e-24 2.260904822482567942e-03 0.000000000000000000e+00
8.630219980901145949e-01 1.347170970874028706e-01 4.802579982105520845e-28 1.309070269319923120e-24 2.260904822482567942e-03 0.000000000000000000e+00
8.630219980901145949e-01 1.347170970874028706e-01 4.802579982105520845e-28 1.309070269319923120e-24 2.260904822482567942e-03 0.000000000000000000e+00
8.630219980901145949e-01 1.347170970874028706e-01 4.802579982105520845e-28 1.309070269319923120e-24 2.260904822482567942e-03 0.000000000000000000e+00
8.630219980901145949e-01 1.347170970874028706e-01 4.802579982105520845e-28 1.309070269319923120e-24 2.260904822482567942e-03 0.000000000000000000e+00
8.630219980901145949e-01 1.347170970874028706e-01 4.802579982105520845e-28 1.309070269319923120e-24 2.260904822482567942e-03 0.000000000000000000e+00
8.630219980901145949e-01 1.347170970874028706e-01 4.802579982105520845e-28 1.309070269319923120e-24 2.260904822482567942e-03 0.000000000000000000e+00
8.630219980901145949e-01 1.347170970874028706e-01 4.802579982105520845e-28 1.309070269319923120e-24 2.260904822482567942e-03 0.000000000000000000e+00
8.630219980901145949e-01 1.347170970874028706e-01 4.802579982105520845e-28 1.309070269319923120e-24 2.260904822482567942e-03 0.000000000000000000e+00
8.630219980901145949e-01 1.347170970874028706e-01 4.802579982105520845e-28 1.309070269319923120e-24 2.260904822482567942e-03 0.000000000000000000e+00
8.630219980901145949e-01 1.347170970874028706e-01 4.802579982105520845e-28 1.309070269319923120e-24 2.260904822482567942e-03 0.000000000000000000e+00
8.630219980901145949e-01 1.347170970874028706e-01 4.802579982105520845e-28 1.309070269319923120e-24 2.260904822482567942e-03 0.000000000000000000e+00
8.630219980901145949e-01 1.347170970874028706e-01 4.802579982105520845e-28 1.309070269319923120e-24 2.260904822482567942e-03 0.000000000000000000e+00
8.630219980901145949e-01 1.347170970874028706e-01 4.802579982105520845e-28 1.309070269319923120e-24 2.260904822482567942e-03 0.000000000000000000e+00
8.630219980901145949e-01 1.347170970874028706e-01 4.802579982105520845e-28 1.309070269319923120e-24 2.260904822482567942e-03 0.000000000000000000e+00
8.630219980901145949e-01 1.347170970874028706e-01 4.802579982105520845e-28 1.309070269319923120e-24 2.260904822482567942e-03 0.000000000000000000e+00
8.630219980901145949e-01 1.347170970874028706e-01 4.802579982105520845e-28 1.309070269319923120e-24 2.260904822482567942e-03 0.000000000000000000e+00
8.630219980901145949e-01 1.347170970874028706e-01 4.802579982105520845e-28 1.309070269319923120e-24 2.260904822482567942e-03 0.000000000000000000e+00
8.630219980901145949e-01 1.347170970874028706e-01 4.802579982105520845e-28 1.309070269319923120e-24 2.260904822482567942e-03 0.000000000000000000e+00
8.630219980901145949e-01 1.347170970874028706e-01 4.802579982105520845e-28 1.309070269319923120e-24 2.260904822482567942e-03 0.000000000000000000e+00
8.630219980901145949e-01 1.347170970874028706e-01 4.802579982105520845e-28 1.309070269319923120e-24 2.260904822482567942e-03 0.000000000000000000e+00
8.630219980901145949e-01 1.347170970874028706e-01 4.802579982105520845e-28 1.309070269319923120e-24 2.260904822482567942e-03 0.000000000000000000e+00
8.630219980901145949e-01 1.347170970874028706e-01 4.802579982105520845e-28 1.309070269319923120e-24 2.260904822482567942e-03 0.000000000000000000e+00
8.630219980901145949e-01 1.347170970874028706e-01 4.802579982105520845e-28 1.309070269319923120e-24 2.260904822482567942e-03 0.000000000000000000e+00
8.630219980901145949e-01 1.347170970874028706e-01 4.802579982105520845e-28 1.309070269319923120e-24 2.260904822482567942e-03 0.000000000000000000e+00
8.630219980901145949e-01 1.347170970874028706e-01 4.802579982105520845e-28 1.309070269319923120e-24 2.260904822482567942e-03 0.000000000000000000e+00
8.630219980901145949e-01 1.347170970874028706e-01 4.802579982105520845e-28 1.309070269319923120e-24 2.260904822482567942e-03 0.000000000000000000e+00
8.630219980901145949e-01 1.347170970874028706e-01 4.802579982105520845e-28 1.309070269319923120e-24 2.260904822482567942e-03 0.000000000000000000e+00
8.630219980901145949e-01 1.347170970874028706e-01 4.802579982105520845e-28 1.309070269319923120e-24 2.260904822482567942e-03 0.000000000000000000e+00
8.630219980901145949e-01 1.347170970874028706e-01 4.802579982105520845e-28 1.309070269319923120e-24 2.260904822482567942e-03 0.000000000000000000e+00
8.630219980901145949e-01 1.347170970874028706e-01 4.802579982105520845e-28 1.309070269319923120e-24 2.260904822482567942e-03 0.000000000000000000e+00
8.630219980901145949e-01 1.347170970874028706e-01 4.802579982105520845e-28 1.309070269319923120e-24 2.260904822482567942e-03 0.000000000000000000e+00
8.630219980901145949e-01 1.347170970874028706e-01 4.802579982105520845e-28 1.309070269319923120e-24 2.260904822482567942e-03 0.000000000000000000e+00
8.630219980901145949e-01 1.347170970874028706e-01 4.802579982105520845e-28 1.309070269319923120e-24 2.260904822482567942e-03 0.000000000000000000e+00
8.630219980901145949e-01 1.347170970874028706e-01 4.802579982105520845e-28 1.309070269319923120e-24 2.260904822482567942e-03 0.000000000000000000e+00
8.630219980901145949e-01 1.347170970874028706e-01 4.802579982105520845e-28 1.309070269319923120e-24 2.260904822482567942e-03 0.000000000000000000e+00
8.630219980901145949e-01 1.347170970874028706e-01 4.802579982105520845e-28 1.309070269319923120e-24 2.260904822482567942e-03 0.000000000000000000e+00
8.630219980901145949e-01 1.347170970874028706e-01 4.802579982105520845e-28 1.309070269319923120e-24 2.260904822482567942e-03 0.000000000000000000e+00
8.630219980901145949e-01 1.347170970874028706e-01 4.802579982105520845e-28 1.309070269319923120e-24 2.260904822482567942e-03 0.000000000000000000e+00
8.630219980901145949e-01 1.347170970874028706e-01 4.802579982105520845e-28 1.309070269319923120e-24 2.260904822482567942e-03 0.000000000000000000e+00
8.630219980901145949e-01 1.347170970874028706e-01 4.802579982105520845e-28 1.309070269319923120e-24 2.260904822482567942e-03 0.000000000000000000e+00
8.630219980901145949e-01 1.347170970874028706e-01 4.802579982105520845e-28 1.309070269319923120e-24 2.260904822482567942e-03 0.000000000000000000e+00
8.630219980901145949e-01 1.347170970874028706e-01 4.802579982105520845e-28 1.309070269319923120e-24 2.260904822482567942e-03 0.000000000000000000e+00
8.630219980901145949e-01 1.347170970874028706e-01 4.802579982105520845e-28 1.309070269319923120e-24 2.260904822482567942e-03 0.000000000000000000e+00
8.630219980901145949e-01 1.347170970874028706e-01 4.802579982105520845e-28 1.309070269319923120e-24 2.260904822482567942e-03 0.000000000000000000e+00
8.630219980901145949e-01 1.347170970874028706e-01 4.802579982105520845e-28 1.309070269319923120e-24 2.260904822482567942e-03 0.000000000000000000e+00
8.630219980901145949e-01 1.347170970874028706e-01 4.802579982105520845e-28 1.309070269319923120e-24 2.260904822482567942e-03 0.000000000000000000e+00
8.630219980901145949e-01 1.347170970874028706e-01 4.802579982105520845e-28 1.309070269319923120e-24 2.260904822482567942e-03 0.000000000000000000e+00
8.630219980901145949e-01 1.347170970874028706e-01 4.802579982105520845e-28 1.309070269319923120e-24 2.260904822482567942e-03 0.000000000000000000e+00
8.630219980901145949e-01 1.347170970874028706e-01 4.802579982105520845e-28 1.309070269319923120e-24 2.260904822482567942e-03 0.000000000000000000e+00
8.630219980901145949e-01 1.347170970874028706e-01 4.802579982105520845e-28 1.309070269319923120e-24 2.260904822482567942e-03 0.000000000000000000e+00
8.630219980901145949e-01 1.347170970874028706e-01 4.802579982105520845e-28 1.309070269319923120e-24 2.260904822482567942e-03 0.000000000000000000e+00
8.630219980901145949e-01 1.347170970874028706e-01 4.802579982105520845e-28 1.309070269319923120e-24 2.260904822482567942e-03 0.000000000000000000e+00
8.630219980901145949e-01 1.347170970874028706e-01 4.802579982105520845e-28 1.309070269319923120e-24 2.260904822482567942e-03 0.000000000000000000e+00
8.630219980901145949e-01 1.347170970874028706e-01 4.802579982105520845e-28 1.309070269319923120e-24 2.260904822482567942e-03 0.000000000000000000e+00
8.630219980901145949e-01 1.347170970874028706e-01 4.802579982105520845e-28 1.309070269319923120e-24 2.260904822482567942e-03 0.000000000000000000e+00
8.630219980901145949e-01 1.347170970874028706e-01 4.802579982105520845e-28 1.309070269319923120e-24 2.260904822482567942e-03 0.000000000000000000e+00
8.630219980901145949e-01 1.347170970874028706e-01 4.802579982105520845e-28 1.309070269319923120e-24 2.260904822482567942e-03 0.000000000000000000e+00
8.630219980901145949e-01 1.347170970874028706e-01 4.802579982105520845e-28 1.309070269319923120e-24 2.260904822482567942e-03 0.000000000000000000e+00
8.630219980901145949e-01 1.347170970874028706e-01 4.802579982105520845e-28 1.309070269319923120e-24 2.260904822482567942e-03 0.000000000000000000e+00
8.630219980901145949e-01 1.347170970874028706e-01 4.802579982105520845e-28 1.309070269319923120e-24 2.260904822482567942e-03 0.000000000000000000e+00
8.630219980901145949e-01 1.347170970874028706e-01 4.802579982105520845e-28 1.309070269319923120e-24 2.260904822482567942e-03 0.000000000000000000e+00
8.630219980901145949e-01 1.347170970874028706e-01 4.802579982105520845e-28 1.309070269319923120e-24 2.260904822482567942e-03 0.000000000000000000e+00
8.630219980901145949e-01 1.347170970874028706e-01 4.802579982105520845e-28 1.309070269319923120e-24 2.260904822482567942e-03 0.000000000000000000e+00
8.630219980901145949e-01 1.347170970874028706e-01 4.802579982105520845e-28 1.309070269319923120e-24 2.260904822482567942e-03 0.000000000000000000e+00
8.630219980901145949e-01 1.347170970874028706e-01 4.802579982105520845e-28 1.309070269319923120e-24 2.260904822482567942e-03 0.000000000000000000e+00
8.630219980901145949e-01 1.347170970874028706e-01 4.802579982105520845e-28 1.309070269319923120e-24 2.260904822482567942e-03 0.000000000000000000e+00
8.630219980901145949e-01 1.347170970874028706e-01 4.802579982105520845e-28 1.309070269319923120e-24 2.260904822482567942e-03 0.000000000000000000e+00
8.630219980901145949e-01 1.347170970874028706e-01 4.802579982105520845e-28 1.309070269319923120e-24 2.260904822482567942e-03 0.000000000000000000e+00
8.630219980901145949e-01 1.347170970874028706e-01 4.802579982105520845e-28 1.309070269319923120e-24 2.260904822482567942e-03 0.000000000000000000e+00
8.630219980901145949e-01 1.347170970874028706e-01 4.802579982105520845e-28 1.309070269319923120e-24 2.260904822482567942e-03 0.000000000000000000e+00
8.630219980901145949e-01 1.347170970874028706e-01 4.802579982105520845e-28 1.309070269319923120e-24 2.260904822482567942e-03 0.000000000000000000e+00
8.630219980901145949e-01 1.347170970874028706e-01 4.802579982105520845e-28 1.309070269319923120e-24 2.260904822482567942e-03 0.000000000000000000e+00
8.630219980901145949e-01 1.347170970874028706e-01 4.802579982105520845e-28 1.309070269319923120e-24 2.260904822482567942e-03 0.000000000000000000e+00
8.630219980901145949e-01 1.347170970874028706e-01 4.802579982105520845e-28 1.309070269319923120e-24 2.260904822482567942e-03 0.000000000000000000e+00
8.630219980901145949e-01 1.347170970874028706e-01 4.802579982105520845e-28 1.309070269319923120e-24 2.260904822482567942e-03 0.000000000000000000e+00
8.630219980901145949e-01 1.347170970874028706e-01 4.802579982105520845e-28 1.309070269319923120e-24 2.260904822482567942e-03 0.000000000000000000e+00
8.630219980901145949e-01 1.347170970874028706e-01 4.802579982105520845e-28 1.309070269319923120e-24 2.260904822482567942e-03 0.000000000000000000e+00
8.630219980901145949e-01 1.347170970874028706e-01 4.802579982105520845e-28 1.309070269319923120e-24 2.260904822482567942e-03 0.000000000000000000e+00
8.630219980901145949e-01 1.347170970874028706e-01 4.802579982105520845e-28 1.309070269319923120e-24 2.260904822482567942e-03 0.000000000000000000e+00
8.630219980901145949e-01 1.347170970874028706e-01 4.802579982105520845e-28 1.309070269319923120e-24 2.260904822482567942e-03 0.000000000000000000e+00
8.630219980901145949e-01 1.347170970874028706e-01 4.802579982105520845e-28 1.309070269319923120e-24 2.260904822482567942e-03 0.000000000000000000e+00
8.630219980901145949e-01 1.347170970874028706e-01 4.802579982105520845e-28 1.309070269319923120e-24 2.260904822482567942e-03 0.000000000000000000e+00
8.630219980901145949e-01 1.347170970874028706e-01 4.802579982105520845e-28 1.309070269319923120e-24 2.260904822482567942e-03 0.000000000000000000e+00
8.630219980901145949e-01 1.347170970874028706e-01 4.802579982105520845e-28 1.309070269319923120e-24 2.260904822482567942e-03 0.000000000000000000e+00
8.630219980901145949e-01 1.347170970874028706e-01 4.802579982105520845e-28 1.309070269319923120e-24 2.260904822482567942e-03 0.000000000000000000e+00
8.630219980901145949e-01 1.347170970874028706e-01 4.802579982105520845e-28 1.309070269319923120e-24 2.260904822482567942e-03 0.000000000000000000e+00
8.630219980901145949e-01 1.347170970874028706e-01 4.802579982105520845e-28 1.309070269319923120e-24 2.260904822482567942e-03 0.000000000000000000e+00
8.630219980901145949e-01 1.347170970874028706e-01 4.802579982105520845e-28 1.309070269319923120e-24 2.260904822482567942e-03 0.000000000000000000e+00
8.630219980901145949e-01 1.347170970874028706e-01 4.802579982105520845e-28 1.309070269319923120e-24 2.260904822482567942e-03 0.000000000000000000e+00
8.630219980901145949e-01 1.347170970874028706e-01 4.802579982105520845e-28 1.309070269319923120e-24 2.260904822482567942e-03 0.000000000000000000e+00
8.630219980901145949e-01 1.347170970874028706e-01 4.802579982105520845e-28 1.309070269319923120e-24 2.260904822482567942e-03 0.000000000000000000e+00
8.630219980901145949e-01 1.347170970874028706e-01 4.802579982105520845e-28 1.309070269319923120e-24 2.260904822482567942e-03 0.000000000000000000e+00
8.630219980901145949e-01 1.347170970874028706e-01 4.802579982105520845e-28 1.309070269319923120e-24 2.260904822482567942e-03 0.000000000000000000e+00
8.630219980901145949e-01 1.347170970874028706e-01 4.802579982105520845e-28 1.309070269319923120e-24 2.260904822482567942e-03 0.000000000000000000e+00
8.630219980901145949e-01 1.347170970874028706e-01 4.802579982105520845e-28 1.309070269319923120e-24 2.260904822482567942e-03 0.000000000000000000e+00
8.630219980901145949e-01 1.347170970874028706e-01 4.802579982105520845e-28 1.309070269319923120e-24 2.260904822482567942e-03 0.000000000000000000e+00
8.630219980901145949e-01 1.347170970874028706e-01 4.802579982105520845e-28 1.309070269319923120e-24 2.260904822482567942e-03 0.000000000000000000e+00
8.630219980901145949e-01 1.347170970874028706e-01 4.802579982105520845e-28 1.309070269319923120e-24 2.260904822482567942e-03 0.000000000000000000e+00
8.630219980901145949e-01 1.347170970874028706e-01 4.802579982105520845e-28 1.309070269319923120e-24 2.260904822482567942e-03 0.000000000000000000e+00
8.630219980901145949e-01 1.347170970874028706e-01 4.802579982105520845e-28 1.309070269319923120e-24 2.260904822482567942e-03 0.000000000000000000e+00
8.630219980901145949e-01 1.347170970874028706e-01 4.802579982105520845e-28 1.309070269319923120e-24 2.260904822482567942e-03 0.000000000000000000e+00
8.630219980901145949e-01 1.347170970874028706e-01 4.802579982105520845e-28 1.309070269319923120e-24 2.260904822482567942e-03 0.000000000000000000e+00
8.630219980901145949e-01 1.347170970874028706e-01 4.802579982105520845e-28 1.309070269319923120e-24 2.260904822482567942e-03 0.000000000000000000e+00
8.630219980901145949e-01 1.347170970874028706e-01 4.802579982105520845e-28 1.309070269319923120e-24 2.260904822482567942e-03 0.000000000000000000e+00
8.630219980901145949e-01 1.347170970874028706e-01 4.802579982105520845e-28 1.309070269319923120e-24 2.260904822482567942e-03 0.000000000000000000e+00
8.630219980901145949e-01 1.347170970874028706e-01 4.802579982105520845e-28 1.309070269319923120e-24 2.260904822482567942e-03 0.000000000000000000e+00
8.630219980901145949e-01 1.347170970874028706e-01 4.802579982105520845e-28 1.309070269319923120e-24 2.260904822482567942e-03 0.000000000000000000e+00
8.630219980901145949e-01 1.347170970874028706e-01 4.802579982105520845e-28 1.309070269319923120e-24 2.260904822482567942e-03 0.000000000000000000e+00
8.630219980901145949e-01 1.347170970874028706e-01 4.802579982105520845e-28 1.309070269319923120e-24 2.260904822482567942e-03 0.000000000000000000e+00
8.630219980901145949e-01 1.347170970874028706e-01 4.802579982105520845e-28 1.309070269319923120e-24 2.260904822482567942e-03 0.000000000000000000e+00
8.630219980901145949e-01 1.347170970874028706e-01 4.802579982105520845e-28 1.309070269319923120e-24 2.260904822482567942e-03 0.000000000000000000e+00
8.630219980901145949e-01 1.347170970874028706e-01 4.802579982105520845e-28 1.309070269319923120e-24 2.260904822482567942e-03 0.000000000000000000e+00
8.630219980901145949e-01 1.347170970874028706e-01 4.802579982105520845e-28 1.309070269319923120e-24 2.260904822482567942e-03 0.000000000000000000e+00
8.630219980901145949e-01 1.347170970874028706e-01 4.802579982105520845e-28 1.309070269319923120e-24 2.260904822482567942e-03 0.000000000000000000e+00
8.630219980901145949e-01 1.347170970874028706e-01 4.802579982105520845e-28 1.309070269319923120e-24 2.260904822482567942e-03 0.000000000000000000e+00
8.630219980901145949e-01 1.347170970874028706e-01 4.802579982105520845e-28 1.309070269319923120e-24 2.260904822482567942e-03 0.000000000000000000e+00
8.630219980901145949e-01 1.347170970874028706e-01 4.802579982105520845e-28 1.309070269319923120e-24 2.260904822482567942e-03 0.000000000000000000e+00
8.630219980901145949e-01 1.347170970874028706e-01 4.802579982105520845e-28 1.309070269319923120e-24 2.260904822482567942e-03 0.000000000000000000e+00
8.630219980901145949e-01 1.347170970874028706e-01 4.802579982105520845e-28 1.309070269319923120e-24 2.260904822482567942e-03 0.000000000000000000e+00
8.630219980901145949e-01 1.347170970874028706e-01 4.802579982105520845e-28 1.309070269319923120e-24 2.260904822482567942e-03 0.000000000000000000e+00
8.630219980901145949e-01 1.347170970874028706e-01 4.802579982105520845e-28 1.309070269319923120e-24 2.260904822482567942e-03 0.000000000000000000e+00
8.630219980901145949e-01 1.347170970874028706e-01 4.802579982105520845e-28 1.309070269319923120e-24 2.260904822482567942e-03 0.000000000000000000e+00
8.630219980901145949e-01 1.347170970874028706e-01 4.802579982105520845e-28 1.309070269319923120e-24 2.260904822482567942e-03 0.000000000000000000e+00
8.630219980901145949e-01 1.347170970874028706e-01 4.802579982105520845e-28 1.309070269319923120e-24 2.260904822482567942e-03 0.000000000000000000e+00
8.630219980901145949e-01 1.347170970874028706e-01 4.802579982105520845e-28 1.309070269319923120e-24 2.260904822482567942e-03 0.000000000000000000e+00
8.630219980901145949e-01 1.347170970874028706e-01 4.802579982105520845e-28 1.309070269319923120e-24 2.260904822482567942e-03 0.000000000000000000e+00
8.630219980901145949e-01 1.347170970874028706e-01 4.802579982105520845e-28 1.309070269319923120e-24 2.260904822482567942e-03 0.000000000000000000e+00
8.630219980901145949e-01 1.347170970874028706e-01 4.802579982105520845e-28 1.309070269319923120e-24 2.260904822482567942e-03 0.000000000000000000e+00
8.630219980901145949e-01 1.347170970874028706e-01 4.802579982105520845e-28 1.309070269319923120e-24 2.260904822482567942e-03 0.000000000000000000e+00
8.630219980901145949e-01 1.347170970874028706e-01 4.802579982105520845e-28 1.309070269319923120e-24 2.260904822482567942e-03 0.000000000000000000e+00
8.630219980901145949e-01 1.347170970874028706e-01 4.802579982105520845e-28 1.309070269319923120e-24 2.260904822482567942e-03 0.000000000000000000e+00
8.630219980901145949e-01 1.347170970874028706e-01 4.802579982105520845e-28 1.309070269319923120e-24 2.260904822482567942e-03 0.000000000000000000e+00
8.630219980901145949e-01 1.347170970874028706e-01 4.802579982105520845e-28 1.309070269319923120e-24 2.260904822482567942e-03 0.000000000000000000e+00
8.630219980901145949e-01 1.347170970874028706e-01 4.802579982105520845e-28 1.309070269319923120e-24 2.260904822482567942e-03 0.000000000000000000e+00
8.630219980901145949e-01 1.347170970874028706e-01 4.802579982105520845e-28 1.309070269319923120e-24 2.260904822482567942e-03 0.000000000000000000e+00
8.630219980901145949e-01 1.347170970874028706e-01 4.802579982105520845e-28 1.309070269319923120e-24 2.260904822482567942e-03 0.000000000000000000e+00
8.630219980901145949e-01 1.347170970874028706e-01 4.802579982105520845e-28 1.309070269319923120e-24 2.260904822482567942e-03 0.000000000000000000e+00
8.630219980901145949e-01 1.347170970874028706e-01 4.802579982105520845e-28 1.309070269319923120e-24 2.260904822482567942e-03 0.000000000000000000e+00
8.630219980901145949e-01 1.347170970874028706e-01 4.802579982105520845e-28 1.309070269319923120e-24 2.260904822482567942e-03 0.000000000000000000e+00
8.630219980901145949e-01 1.347170970874028706e-01 4.802579982105520845e-28 1.309070269319923120e-24 2.260904822482567942e-03 0.000000000000000000e+00
8.630219980901145949e-01 1.347170970874028706e-01 4.802579982105520845e-28 1.309070269319923120e-24 2.260904822482567942e-03 0.000000000000000000e+00
8.630219980901145949e-01 1.347170970874028706e-01 4.802579982105520845e-28 1.309070269319923120e-24 2.260904822482567942e-03 0.000000000000000000e+00
8.630219980901145949e-01 1.347170970874028706e-01 4.802579982105520845e-28 1.309070269319923120e-24 2.260904822482567942e-03 0.000000000000000000e+00
8.630219980901145949e-01 1.347170970874028706e-01 4.802579982105520845e-28 1.309070269319923120e-24 2.260904822482567942e-03 0.000000000000000000e+00
8.630219980901145949e-01 1.347170970874028706e-01 4.802579982105520845e-28 1.309070269319923120e-24 2.260904822482567942e-03 0.000000000000000000e+00
8.630219980901145949e-01 1.347170970874028706e-01 4.802579982105520845e-28 1.309070269319923120e-24 2.260904822482567942e-03 0.000000000000000000e+00
