4.713354605274713283e-01 5.281771737621955287e-01 1.300210641658154308e-14 6.183547061191483233e-13 4.873657097017472604e-04 0.000000000000000000e+00
4.713354605274713838e-01 5.281771737621955287e-01 1.022323923869981857e-14 5.112114956875400795e-13 4.873657098043775128e-04 0.000000000000000000e+00
4.713354605274713283e-01 5.281771737621955287e-01 6.433591895434671961e-15 3.543244306837133160e-13 4.873657099673657880e-04 0.000000000000000000e+00
4.713354605274713283e-01 5.281771737621955287e-01 4.019675606000337824e-15 2.441580445071655830e-13 4.873657100817123627e-04 0.000000000000000000e+00
4.713354605274712728e-01 5.281771737621955287e-01 2.493177557127730290e-15 1.672521320458575967e-13 4.873657101613798094e-04 0.000000000000000000e+00
4.713354605274712728e-01 5.281771737621954177e-01 1.534942829218541305e-15 1.138843677983803920e-13 4.873657102165100804e-04 0.000000000000000000e+00
4.713354605274713283e-01 5.281771737621954177e-01 9.379076332053173029e-16 7.707428898318165996e-14 4.873657102544071747e-04 0.000000000000000000e+00
4.713354605274713283e-01 5.281771737621955287e-01 5.687337243200451824e-16 5.184049066750546865e-14 4.873657102802898453e-04 0.000000000000000000e+00
4.713354605274713838e-01 5.281771737621955287e-01 3.422089228181050933e-16 3.465007846336106284e-14 4.873657102978584199e-04 0.000000000000000000e+00
4.713354605274713283e-01 5.281771737621955287e-01 2.042959981864799657e-16 2.301317524757662150e-14 4.873657103097113518e-04 0.000000000000000000e+00
4.713354605274713283e-01 5.281771737621955287e-01 1.209951124043063516e-16 1.518616588275656593e-14 4.873657103176626737e-04 0.000000000000000000e+00
4.713354605274713283e-01 5.281771737621955287e-01 7.108356007047134903e-17 9.955925215496726895e-15 4.873657103229666991e-04 0.000000000000000000e+00
4.713354605274713283e-01 5.281771737621955287e-01 4.142162833370872586e-17 6.484064149352027223e-15 4.873657103264860736e-04 0.000000000000000000e+00
4.713354605274713283e-01 5.281771737621955287e-01 2.393998407073894061e-17 4.194989702037713713e-15 4.873657103288089225e-04 0.000000000000000000e+00
4.713354605274712728e-01 5.281771737621954177e-01 1.372211443225280131e-17 2.695885432418281647e-15 4.873657103303334192e-04 0.000000000000000000e+00
4.713354605274713283e-01 5.281771737621954177e-01 7.799714439991486562e-18 1.720784191610340976e-15 4.873657103313290963e-04 0.000000000000000000e+00
4.713354605274713283e-01 5.281771737621955287e-01 4.396011179661329712e-18 1.090874770587053762e-15 4.873657103319750097e-04 0.000000000000000000e+00
4.713354605274713283e-01 5.281771737621955287e-01 2.456549453446885621e-18 6.867802884537929228e-16 4.873657103323916144e-04 0.000000000000000000e+00
4.713354605274713283e-01 5.281771737621955287e-01 1.360961277793433572e-18 4.293666084673039368e-16 4.873657103326587618e-04 0.000000000000000000e+00
4.713354605274713283e-01 5.281771737621955287e-01 7.474627871055766878e-19 2.665519371945497134e-16 4.873657103328286563e-04 0.000000000000000000e+00
4.713354605274713283e-01 5.281771737621955287e-01 4.069398912020913102e-19 1.643072939077001686e-16 4.873657103329353418e-04 0.000000000000000000e+00
4.713354605274713283e-01 5.281771737621955287e-01 2.196059474095018455e-19 1.005620030882822575e-16 4.873657103330021286e-04 0.000000000000000000e+00
4.713354605274713838e-01 5.281771737621956397e-01 1.173712874872101241e-19 6.106803631074562551e-17 4.873657103330419731e-04 0.000000000000000000e+00
4.713354605274712728e-01 5.281771737621954177e-01 6.210082273737067245e-20 3.678290634868434586e-17 4.873657103330658797e-04 0.000000000000000000e+00
4.713354605274713283e-01 5.281771737621954177e-01 3.255601515919988350e-20 2.199065934665399284e-17 4.873657103330813296e-04 0.000000000000000000e+00
4.713354605274713838e-01 5.281771737621955287e-01 1.691031284326022266e-20 1.304910847139248683e-17 4.873657103330903285e-04 0.000000000000000000e+00
4.713354605274713283e-01 5.281771737621955287e-01 8.702690183815888062e-21 7.685455757914397336e-18 4.873657103330962916e-04 0.000000000000000000e+00
4.713354605274713283e-01 5.281771737621955287e-01 4.437513659304622224e-21 4.492693425563809978e-18 4.873657103330992731e-04 0.000000000000000000e+00
4.713354605274713283e-01 5.281771737621955287e-01 2.238538140969961952e-21 2.603570483235795871e-18 4.873657103331017668e-04 0.000000000000000000e+00
4.713354605274713283e-01 5.281771737621955287e-01 1.116755272430360083e-21 1.495269708597978711e-18 4.873657103331022547e-04 0.000000000000000000e+00
4.713354605274713283e-01 5.281771737621955287e-01 5.518215623916505924e-22 8.521315815670583885e-19 4.873657103331027968e-04 0.000000000000000000e+00
4.713354605274713838e-01 5.281771737621955287e-01 2.701071628250673339e-22 4.819157067288588309e-19 4.873657103331032847e-04 0.000000000000000000e+00
4.713354605274713838e-01 5.281771737621955287e-01 1.309887762717234359e-22 2.704983542915193538e-19 4.873657103331037726e-04 0.000000000000000000e+00
4.713354605274713283e-01 5.281771737621955287e-01 6.268824786454449813e-23 1.502122220800970195e-19 4.873657103331037726e-04 0.000000000000000000e+00
4.713354605274712728e-01 5.281771737621955287e-01 2.969913244989395835e-23 8.273461491449428547e-20 4.873657103331037726e-04 0.000000000000000000e+00
4.713354605274712728e-01 5.281771737621954177e-01 1.393723201705929999e-23 4.521981167924608753e-20 4.873657103331037726e-04 0.000000000000000000e+00
4.713354605274712728e-01 5.281771737621954177e-01 6.479790624325005660e-24 2.452966852688457996e-20 4.873657103331042605e-04 0.000000000000000000e+00
4.713354605274713283e-01 5.281771737621956397e-01 2.967722437047900857e-24 1.314535524908804378e-20 4.873657103331042605e-04 0.000000000000000000e+00
4.713354605274713283e-01 5.281771737621955287e-01 1.346019276076584736e-24 6.989134937758113535e-21 4.873657103331042605e-04 0.000000000000000000e+00
4.713354605274712728e-01 5.281771737621954177e-01 6.047939817193814446e-25 3.687877761530406383e-21 4.873657103331042605e-04 0.000000000000000000e+00
4.713354605274713283e-01 5.281771737621955287e-01 2.682992907138331948e-25 1.925923139707561123e-21 4.873657103331042605e-04 0.000000000000000000e+00
4.713354605274713283e-01 5.281771737621954177e-01 1.174724258191133839e-25 9.951480959029928975e-22 4.873657103331042605e-04 0.000000000000000000e+00
4.713354605274713283e-01 5.281771737621954177e-01 5.095373084124296227e-26 5.103100217990115675e-22 4.873657103331042605e-04 0.000000000000000000e+00
4.713354605274713838e-01 5.281771737621955287e-01 2.183829305556132727e-26 2.591609831171488046e-22 4.873657103331042605e-04 0.000000000000000000e+00
4.713354605274713283e-01 5.281771737621955287e-01 9.217011715318720727e-27 1.299869885767506814e-22 4.873657103331037726e-04 0.000000000000000000e+00
4.713354605274713283e-01 5.281771737621955287e-01 3.854472152750472580e-27 6.471304116769407704e-23 4.873657103331037726e-04 0.000000000000000000e+00
4.713354605274713283e-01 5.281771737621955287e-01 1.591446128661283216e-27 3.188515777750698310e-23 4.873657103331037726e-04 0.000000000000000000e+00
4.713354605274713283e-01 5.281771737621955287e-01 6.468954393080611131e-28 1.551270345057300654e-23 4.873657103331042605e-04 0.000000000000000000e+00
4.713354605274713283e-01 5.281771737621955287e-01 2.606633470159034726e-28 7.493939620633564539e-24 4.873657103331042605e-04 0.000000000000000000e+00
4.713354605274713283e-01 5.281771737621955287e-01 1.033711599052152836e-28 3.573716254211184996e-24 4.873657103331042605e-04 0.000000000000000000e+00
4.713354605274713283e-01 5.281771737621955287e-01 7.323786208632608922e-29 2.712049120020910885e-24 4.873657103331042605e-04 0.000000000000000000e+00
4.713354605274713283e-01 5.281771737621955287e-01 7.323786208632608922e-29 2.712049120020910885e-24 4.873657103331042605e-04 0.000000000000000000e+00
4.713354605274713283e-01 5.281771737621955287e-01 7.323786208632608922e-29 2.712049120020910885e-24 4.873657103331042605e-04 0.000000000000000000e+00
4.713354605274713283e-01 5.281771737621955287e-01 7.323786208632608922e-29 2.712049120020910885e-24 4.873657103331042605e-04 0.000000000000000000e+00
4.713354605274713283e-01 5.281771737621955287e-01 7.323786208632608922e-29 2.712049120020910885e-24 4.873657103331042605e-04 0.000000000000000000e+00
4.713354605274713283e-01 5.281771737621955287e-01 7.323786208632608922e-29 2.712049120020910885e-24 4.873657103331042605e-04 0.000000000000000000e+00
4.713354605274713283e-01 5.281771737621955287e-01 7.323786208632608922e-29 2.712049120020910885e-24 4.873657103331042605e-04 0.000000000000000000e+00
4.713354605274713283e-01 5.281771737621955287e-01 7.323786208632608922e-29 2.712049120020910885e-24 4.873657103331042605e-04 0.000000000000000000e+00
4.713354605274713283e-01 5.281771737621955287e-01 7.323786208632608922e-29 2.712049120020910885e-24 4.873657103331042605e-04 0.000000000000000000e+00
4.713354605274713283e-01 5.281771737621955287e-01 7.323786208632608922e-29 2.712049120020910885e-24 4.873657103331042605e-04 0.000000000000000000e+00
4.713354605274713283e-01 5.281771737621955287e-01 7.323786208632608922e-29 2.712049120020910885e-24 4.873657103331042605e-04 0.000000000000000000e+00
4.713354605274713283e-01 5.281771737621955287e-01 7.323786208632608922e-29 2.712049120020910885e-24 4.873657103331042605e-04 0.000000000000000000e+00
4.713354605274713283e-01 5.281771737621955287e-01 7.323786208632608922e-29 2.712049120020910885e-24 4.873657103331042605e-04 0.000000000000000000e+00
4.713354605274713283e-01 5.281771737621955287e-01 7.323786208632608922e-29 2.712049120020910885e-24 4.873657103331042605e-04 0.000000000000000000e+00
4.713354605274713283e-01 5.281771737621955287e-01 7.323786208632608922e-29 2.712049120020910885e-24 4.873657103331042605e-04 0.000000000000000000e+00
4.713354605274713283e-01 5.281771737621955287e-01 7.323786208632608922e-29 2.712049120020910885e-24 4.873657103331042605e-04 0.000000000000000000e+00
4.713354605274713283e-01 5.281771737621955287e-01 7.323786208632608922e-29 2.712049120020910885e-24 4.873657103331042605e-04 0.000000000000000000e+00
4.713354605274713283e-01 5.281771737621955287e-01 7.323786208632608922e-29 2.712049120020910885e-24 4.873657103331042605e-04 0.000000000000000000e+00
4.713354605274713283e-01 5.281771737621955287e-01 7.323786208632608922e-29 2.712049120020910885e-24 4.873657103331042605e-04 0.000000000000000000e+00
4.713354605274713283e-01 5.281771737621955287e-01 7.323786208632608922e-29 2.712049120020910885e-24 4.873657103331042605e-04 0.000000000000000000e+00
4.713354605274713283e-01 5.281771737621955287e-01 7.323786208632608922e-29 2.712049120020910885e-24 4.873657103331042605e-04 0.000000000000000000e+00
4.713354605274713283e-01 5.281771737621955287e-01 7.323786208632608922e-29 2.712049120020910885e-24 4.873657103331042605e-04 0.000000000000000000e+00
4.713354605274713283e-01 5.281771737621955287e-01 7.323786208632608922e-29 2.712049120020910885e-24 4.873657103331042605e-04 0.000000000000000000e+00
4.713354605274713283e-01 5.281771737621955287e-01 7.323786208632608922e-29 2.712049120020910885e-24 4.873657103331042605e-04 0.000000000000000000e+00
4.713354605274713283e-01 5.281771737621955287e-01 7.323786208632608922e-29 2.712049120020910885e-24 4.873657103331042605e-04 0.000000000000000000e+00
4.713354605274713283e-01 5.281771737621955287e-01 7.323786208632608922e-29 2.712049120020910885e-24 4.873657103331042605e-04 0.000000000000000000e+00
4.713354605274713283e-01 5.281771737621955287e-01 7.323786208632608922e-29 2.712049120020910885e-24 4.873657103331042605e-04 0.000000000000000000e+00
4.713354605274713283e-01 5.281771737621955287e-01 7.323786208632608922e-29 2.712049120020910885e-24 4.873657103331042605e-04 0.000000000000000000e+00
4.713354605274713283e-01 5.281771737621955287e-01 7.323786208632608922e-29 2.712049120020910885e-24 4.873657103331042605e-04 0.000000000000000000e+00
4.713354605274713283e-01 5.281771737621955287e-01 7.323786208632608922e-29 2.712049120020910885e-24 4.873657103331042605e-04 0.000000000000000000e+00
4.713354605274713283e-01 5.281771737621955287e-01 7.323786208632608922e-29 2.712049120020910885e-24 4.873657103331042605e-04 0.000000000000000000e+00
4.713354605274713283e-01 5.281771737621955287e-01 7.323786208632608922e-29 2.712049120020910885e-24 4.873657103331042605e-04 0.000000000000000000e+00
4.713354605274713283e-01 5.281771737621955287e-01 7.323786208632608922e-29 2.712049120020910885e-24 4.873657103331042605e-04 0.000000000000000000e+00
4.713354605274713283e-01 5.281771737621955287e-01 7.323786208632608922e-29 2.712049120020910885e-24 4.873657103331042605e-04 0.000000000000000000e+00
4.713354605274713283e-01 5.281771737621955287e-01 7.323786208632608922e-29 2.712049120020910885e-24 4.873657103331042605e-04 0.000000000000000000e+00
4.713354605274713283e-01 5.281771737621955287e-01 7.323786208632608922e-29 2.712049120020910885e-24 4.873657103331042605e-04 0.000000000000000000e+00
4.713354605274713283e-01 5.281771737621955287e-01 7.323786208632608922e-29 2.712049120020910885e-24 4.873657103331042605e-04 0.000000000000000000e+00
4.713354605274713283e-01 5.281771737621955287e-01 7.323786208632608922e-29 2.712049120020910885e-24 4.873657103331042605e-04 0.000000000000000000e+00
4.713354605274713283e-01 5.281771737621955287e-01 7.323786208632608922e-29 2.712049120020910885e-24 4.873657103331042605e-04 0.000000000000000000e+00
4.713354605274713283e-01 5.281771737621955287e-01 7.323786208632608922e-29 2.712049120020910885e-24 4.873657103331042605e-04 0.000000000000000000e+00
4.713354605274713283e-01 5.281771737621955287e-01 7.323786208632608922e-29 2.712049120020910885e-24 4.873657103331042605e-04 0.000000000000000000e+00
4.713354605274713283e-01 5.281771737621955287e-01 7.323786208632608922e-29 2.712049120020910885e-24 4.873657103331042605e-04 0.000000000000000000e+00
4.713354605274713283e-01 5.281771737621955287e-01 7.323786208632608922e-29 2.712049120020910885e-24 4.873657103331042605e-04 0.000000000000000000e+00
4.713354605274713283e-01 5.281771737621955287e-01 7.323786208632608922e-29 2.712049120020910885e-24 4.873657103331042605e-04 0.000000000000000000e+00
4.713354605274713283e-01 5.281771737621955287e-01 7.323786208632608922e-29 2.712049120020910885e-24 4.873657103331042605e-04 0.000000000000000000e+00
4.713354605274713283e-01 5.281771737621955287e-01 7.323786208632608922e-29 2.712049120020910885e-24 4.873657103331042605e-04 0.000000000000000000e+00
4.713354605274713283e-01 5.281771737621955287e-01 7.323786208632608922e-29 2.712049120020910885e-24 4.873657103331042605e-04 0.000000000000000000e+00
4.713354605274713283e-01 5.281771737621955287e-01 7.323786208632608922e-29 2.712049120020910885e-24 4.873657103331042605e-04 0.000000000000000000e+00
4.713354605274713283e-01 5.281771737621955287e-01 7.323786208632608922e-29 2.712049120020910885e-24 4.873657103331042605e-04 0.000000000000000000e+00
4.713354605274713283e-01 5.281771737621955287e-01 7.323786208632608922e-29 2.712049120020910885e-24 4.873657103331042605e-04 0.000000000000000000e+00
4.713354605274713283e-01 5.281771737621955287e-01 7.323786208632608922e-29 2.712049120020910885e-24 4.873657103331042605e-04 0.000000000000000000e+00
4.713354605274713283e-01 5.281771737621955287e-01 7.323786208632608922e-29 2.712049120020910885e-24 4.873657103331042605e-04 0.000000000000000000e+00
4.713354605274713283e-01 5.281771737621955287e-01 7.323786208632608922e-29 2.712049120020910885e-24 4.873657103331042605e-04 0.000000000000000000e+00
4.713354605274713283e-01 5.281771737621955287e-01 7.323786208632608922e-29 2.712049120020910885e-24 4.873657103331042605e-04 0.000000000000000000e+00
4.713354605274713283e-01 5.281771737621955287e-01 7.323786208632608922e-29 2.712049120020910885e-24 4.873657103331042605e-04 0.000000000000000000e+00
4.713354605274713283e-01 5.281771737621955287e-01 7.323786208632608922e-29 2.712049120020910885e-24 4.873657103331042605e-04 0.000000000000000000e+00
4.713354605274713283e-01 5.281771737621955287e-01 7.323786208632608922e-29 2.712049120020910885e-24 4.873657103331042605e-04 0.000000000000000000e+00
4.713354605274713283e-01 5.281771737621955287e-01 7.323786208632608922e-29 2.712049120020910885e-24 4.873657103331042605e-04 0.000000000000000000e+00
4.713354605274713283e-01 5.281771737621955287e-01 7.323786208632608922e-29 2.712049120020910885e-24 4.873657103331042605e-04 0.000000000000000000e+00
4.713354605274713283e-01 5.281771737621955287e-01 7.323786208632608922e-29 2.712049120020910885e-24 4.873657103331042605e-04 0.000000000000000000e+00
4.713354605274713283e-01 5.281771737621955287e-01 7.323786208632608922e-29 2.712049120020910885e-24 4.873657103331042605e-04 0.000000000000000000e+00
4.713354605274713283e-01 5.281771737621955287e-01 7.323786208632608922e-29 2.712049120020910885e-24 4.873657103331042605e-04 0.000000000000000000e+00
4.713354605274713283e-01 5.281771737621955287e-01 7.323786208632608922e-29 2.712049120020910885e-24 4.873657103331042605e-04 0.000000000000000000e+00
4.713354605274713283e-01 5.281771737621955287e-01 7.323786208632608922e-29 2.712049120020910885e-24 4.873657103331042605e-04 0.000000000000000000e+00
4.713354605274713283e-01 5.281771737621955287e-01 7.323786208632608922e-29 2.712049120020910885e-24 4.873657103331042605e-04 0.000000000000000000e+00
4.713354605274713283e-01 5.281771737621955287e-01 7.323786208632608922e-29 2.712049120020910885e-24 4.873657103331042605e-04 0.000000000000000000e+00
4.713354605274713283e-01 5.281771737621955287e-01 7.323786208632608922e-29 2.712049120020910885e-24 4.873657103331042605e-04 0.000000000000000000e+00
4.713354605274713283e-01 5.281771737621955287e-01 7.323786208632608922e-29 2.712049120020910885e-24 4.873657103331042605e-04 0.000000000000000000e+00
4.713354605274713283e-01 5.281771737621955287e-01 7.323786208632608922e-29 2.712049120020910885e-24 4.873657103331042605e-04 0.000000000000000000e+00
4.713354605274713283e-01 5.281771737621955287e-01 7.323786208632608922e-29 2.712049120020910885e-24 4.873657103331042605e-04 0.000000000000000000e+00
4.713354605274713283e-01 5.281771737621955287e-01 7.323786208632608922e-29 2.712049120020910885e-24 4.873657103331042605e-04 0.000000000000000000e+00
4.713354605274713283e-01 5.281771737621955287e-01 7.323786208632608922e-29 2.712049120020910885e-24 4.873657103331042605e-04 0.000000000000000000e+00
4.713354605274713283e-01 5.281771737621955287e-01 7.323786208632608922e-29 2.712049120020910885e-24 4.873657103331042605e-04 0.000000000000000000e+00
4.713354605274713283e-01 5.281771737621955287e-01 7.323786208632608922e-29 2.712049120020910885e-24 4.873657103331042605e-04 0.000000000000000000e+00
4.713354605274713283e-01 5.281771737621955287e-01 7.323786208632608922e-29 2.712049120020910885e-24 4.873657103331042605e-04 0.000000000000000000e+00
4.713354605274713283e-01 5.281771737621955287e-01 7.323786208632608922e-29 2.712049120020910885e-24 4.873657103331042605e-04 0.000000000000000000e+00
4.713354605274713283e-01 5.281771737621955287e-01 7.323786208632608922e-29 2.712049120020910885e-24 4.873657103331042605e-04 0.000000000000000000e+00
4.713354605274713283e-01 5.281771737621955287e-01 7.323786208632608922e-29 2.712049120020910885e-24 4.873657103331042605e-04 0.000000000000000000e+00
4.713354605274713283e-01 5.281771737621955287e-01 7.323786208632608922e-29 2.712049120020910885e-24 4.873657103331042605e-04 0.000000000000000000e+00
4.713354605274713283e-01 5.281771737621955287e-01 7.323786208632608922e-29 2.712049120020910885e-24 4.873657103331042605e-04 0.000000000000000000e+00
4.713354605274713283e-01 5.281771737621955287e-01 7.323786208632608922e-29 2.712049120020910885e-24 4.873657103331042605e-04 0.000000000000000000e+00
4.713354605274713283e-01 5.281771737621955287e-01 7.323786208632608922e-29 2.712049120020910885e-24 4.873657103331042605e-04 0.000000000000000000e+00
4.713354605274713283e-01 5.281771737621955287e-01 7.323786208632608922e-29 2.712049120020910885e-24 4.873657103331042605e-04 0.000000000000000000e+00
4.713354605274713283e-01 5.281771737621955287e-01 7.323786208632608922e-29 2.712049120020910885e-24 4.873657103331042605e-04 0.000000000000000000e+00
4.713354605274713283e-01 5.281771737621955287e-01 7.323786208632608922e-29 2.712049120020910885e-24 4.873657103331042605e-04 0.000000000000000000e+00
4.713354605274713283e-01 5.281771737621955287e-01 7.323786208632608922e-29 2.712049120020910885e-24 4.873657103331042605e-04 0.000000000000000000e+00
4.713354605274713283e-01 5.281771737621955287e-01 7.323786208632608922e-29 2.712049120020910885e-24 4.873657103331042605e-04 0.000000000000000000e+00
4.713354605274713283e-01 5.281771737621955287e-01 7.323786208632608922e-29 2.712049120020910885e-24 4.873657103331042605e-04 0.000000000000000000e+00
4.713354605274713283e-01 5.281771737621955287e-01 7.323786208632608922e-29 2.712049120020910885e-24 4.873657103331042605e-04 0.000000000000000000e+00
4.713354605274713283e-01 5.281771737621955287e-01 7.323786208632608922e-29 2.712049120020910885e-24 4.873657103331042605e-04 0.000000000000000000e+00
4.713354605274713283e-01 5.281771737621955287e-01 7.323786208632608922e-29 2.712049120020910885e-24 4.873657103331042605e-04 0.000000000000000000e+00
4.713354605274713283e-01 5.281771737621955287e-01 7.323786208632608922e-29 2.712049120020910885e-24 4.873657103331042605e-04 0.000000000000000000e+00
4.713354605274713283e-01 5.281771737621955287e-01 7.323786208632608922e-29 2.712049120020910885e-24 4.873657103331042605e-04 0.000000000000000000e+00
4.713354605274713283e-01 5.281771737621955287e-01 7.323786208632608922e-29 2.712049120020910885e-24 4.873657103331042605e-04 0.000000000000000000e+00
4.713354605274713283e-01 5.281771737621955287e-01 7.323786208632608922e-29 2.712049120020910885e-24 4.873657103331042605e-04 0.000000000000000000e+00
4.713354605274713283e-01 5.281771737621955287e-01 7.323786208632608922e-29 2.712049120020910885e-24 4.873657103331042605e-04 0.000000000000000000e+00
4.713354605274713283e-01 5.281771737621955287e-01 7.323786208632608922e-29 2.712049120020910885e-24 4.873657103331042605e-04 0.000000000000000000e+00
4.713354605274713283e-01 5.281771737621955287e-01 7.323786208632608922e-29 2.712049120020910885e-24 4.873657103331042605e-04 0.000000000000000000e+00
4.713354605274713283e-01 5.281771737621955287e-01 7.323786208632608922e-29 2.712049120020910885e-24 4.873657103331042605e-04 0.000000000000000000e+00
4.713354605274713283e-01 5.281771737621955287e-01 7.323786208632608922e-29 2.712049120020910885e-24 4.873657103331042605e-04 0.000000000000000000e+00
4.713354605274713283e-01 5.281771737621955287e-01 7.323786208632608922e-29 2.712049120020910885e-24 4.873657103331042605e-04 0.000000000000000000e+00
4.713354605274713283e-01 5.281771737621955287e-01 7.323786208632608922e-29 2.712049120020910885e-24 4.873657103331042605e-04 0.000000000000000000e+00
4.713354605274713283e-01 5.281771737621955287e-01 7.323786208632608922e-29 2.712049120020910885e-24 4.873657103331042605e-04 0.000000000000000000e+00
4.713354605274713283e-01 5.281771737621955287e-01 7.323786208632608922e-29 2.712049120020910885e-24 4.873657103331042605e-04 0.000000000000000000e+00
4.713354605274713283e-01 5.281771737621955287e-01 7.323786208632608922e-29 2.712049120020910885e-24 4.873657103331042605e-04 0.000000000000000000e+00
4.713354605274713283e-01 5.281771737621955287e-01 7.323786208632608922e-29 2.712049120020910885e-24 4.873657103331042605e-04 0.000000000000000000e+00
4.713354605274713283e-01 5.281771737621955287e-01 7.323786208632608922e-29 2.712049120020910885e-24 4.873657103331042605e-04 0.000000000000000000e+00
4.713354605274713283e-01 5.281771737621955287e-01 7.323786208632608922e-29 2.712049120020910885e-24 4.873657103331042605e-04 0.000000000000000000e+00
4.713354605274713283e-01 5.281771737621955287e-01 7.323786208632608922e-29 2.712049120020910885e-24 4.873657103331042605e-04 0.000000000000000000e+00
4.713354605274713283e-01 5.281771737621955287e-01 7.323786208632608922e-29 2.712049120020910885e-24 4.873657103331042605e-04 0.000000000000000000e+00
4.713354605274713283e-01 5.281771737621955287e-01 7.323786208632608922e-29 2.712049120020910885e-24 4.873657103331042605e-04 0.000000000000000000e+00
4.713354605274713283e-01 5.281771737621955287e-01 7.323786208632608922e-29 2.712049120020910885e-24 4.873657103331042605e-04 0.000000000000000000e+00
4.713354605274713283e-01 5.281771737621955287e-01 7.323786208632608922e-29 2.712049120020910885e-24 4.873657103331042605e-04 0.000000000000000000e+00
4.713354605274713283e-01 5.281771737621955287e-01 7.323786208632608922e-29 2.712049120020910885e-24 4.873657103331042605e-04 0.000000000000000000e+00
4.713354605274713283e-01 5.281771737621955287e-01 7.323786208632608922e-29 2.712049120020910885e-24 4.873657103331042605e-04 0.000000000000000000e+00
4.713354605274713283e-01 5.281771737621955287e-01 7.323786208632608922e-29 2.712049120020910885e-24 4.873657103331042605e-04 0.000000000000000000e+00
4.713354605274713283e-01 5.281771737621955287e-01 7.323786208632608922e-29 2.712049120020910885e-24 4.873657103331042605e-04 0.000000000000000000e+00
4.713354605274713283e-01 5.281771737621955287e-01 7.323786208632608922e-29 2.712049120020910885e-24 4.873657103331042605e-04 0.000000000000000000e+00
4.713354605274713283e-01 5.281771737621955287e-01 7.323786208632608922e-29 2.712049120020910885e-24 4.873657103331042605e-04 0.000000000000000000e+00
4.713354605274713283e-01 5.281771737621955287e-01 7.323786208632608922e-29 2.712049120020910885e-24 4.873657103331042605e-04 0.000000000000000000e+00
4.713354605274713283e-01 5.281771737621955287e-01 7.323786208632608922e-29 2.712049120020910885e-24 4.873657103331042605e-04 0.000000000000000000e+00
4.713354605274713283e-01 5.281771737621955287e-01 7.323786208632608922e-29 2.712049120020910885e-24 4.873657103331042605e-04 0.000000000000000000e+00
4.713354605274713283e-01 5.281771737621955287e-01 7.323786208632608922e-29 2.712049120020910885e-24 4.873657103331042605e-04 0.000000000000000000e+00
4.713354605274713283e-01 5.281771737621955287e-01 7.323786208632608922e-29 2.712049120020910885e-24 4.873657103331042605e-04 0.000000000000000000e+00
4.713354605274713283e-01 5.281771737621955287e-01 7.323786208632608922e-29 2.712049120020910885e-24 4.873657103331042605e-04 0.000000000000000000e+00
4.713354605274713283e-01 5.281771737621955287e-01 7.323786208632608922e-29 2.712049120020910885e-24 4.873657103331042605e-04 0.000000000000000000e+00
4.713354605274713283e-01 5.281771737621955287e-01 7.323786208632608922e-29 2.712049120020910885e-24 4.873657103331042605e-04 0.000000000000000000e+00
4.713354605274713283e-01 5.281771737621955287e-01 7.323786208632608922e-29 2.712049120020910885e-24 4.873657103331042605e-04 0.000000000000000000e+00
4.713354605274713283e-01 5.281771737621955287e-01 7.323786208632608922e-29 2.712049120020910885e-24 4.873657103331042605e-04 0.000000000000000000e+00
4.713354605274713283e-01 5.281771737621955287e-01 7.323786208632608922e-29 2.712049120020910885e-24 4.873657103331042605e-04 0.000000000000000000e+00
4.713354605274713283e-01 5.281771737621955287e-01 7.323786208632608922e-29 2.712049120020910885e-24 4.873657103331042605e-04 0.000000000000000000e+00
4.713354605274713283e-01 5.281771737621955287e-01 7.323786208632608922e-29 2.712049120020910885e-24 4.873657103331042605e-04 0.000000000000000000e+00
4.713354605274713283e-01 5.281771737621955287e-01 7.323786208632608922e-29 2.712049120020910885e-24 4.873657103331042605e-04 0.000000000000000000e+00
4.713354605274713283e-01 5.281771737621955287e-01 7.323786208632608922e-29 2.712049120020910885e-24 4.873657103331042605e-04 0.000000000000000000e+00
4.713354605274713283e-01 5.281771737621955287e-01 7.323786208632608922e-29 2.712049120020910885e-24 4.873657103331042605e-04 0.000000000000000000e+00
4.713354605274713283e-01 5.281771737621955287e-01 7.323786208632608922e-29 2.712049120020910885e-24 4.873657103331042605e-04 0.000000000000000000e+00
4.713354605274713283e-01 5.281771737621955287e-01 7.323786208632608922e-29 2.712049120020910885e-24 4.873657103331042605e-04 0.000000000000000000e+00
4.713354605274713283e-01 5.281771737621955287e-01 7.323786208632608922e-29 2.712049120020910885e-24 4.873657103331042605e-04 0.000000000000000000e+00
4.713354605274713283e-01 5.281771737621955287e-01 7.323786208632608922e-29 2.712049120020910885e-24 4.873657103331042605e-04 0.000000000000000000e+00
4.713354605274713283e-01 5.281771737621955287e-01 7.323786208632608922e-29 2.712049120020910885e-24 4.873657103331042605e-04 0.000000000000000000e+00
4.713354605274713283e-01 5.281771737621955287e-01 7.323786208632608922e-29 2.712049120020910885e-24 4.873657103331042605e-04 0.000000000000000000e+00
4.713354605274713283e-01 5.281771737621955287e-01 7.323786208632608922e-29 2.712049120020910885e-24 4.873657103331042605e-04 0.000000000000000000e+00
4.713354605274713283e-01 5.281771737621955287e-01 7.323786208632608922e-29 2.712049120020910885e-24 4.873657103331042605e-04 0.000000000000000000e+00
4.713354605274713283e-01 5.281771737621955287e-01 7.323786208632608922e-29 2.712049120020910885e-24 4.873657103331042605e-04 0.000000000000000000e+00
4.713354605274713283e-01 5.281771737621955287e-01 7.323786208632608922e-29 2.712049120020910885e-24 4.873657103331042605e-04 0.000000000000000000e+00
4.713354605274713283e-01 5.281771737621955287e-01 7.323786208632608922e-29 2.712049120020910885e-24 4.873657103331042605e-04 0.000000000000000000e+00
4.713354605274713283e-01 5.281771737621955287e-01 7.323786208632608922e-29 2.712049120020910885e-24 4.873657103331042605e-04 0.000000000000000000e+00
4.713354605274713283e-01 5.281771737621955287e-01 7.323786208632608922e-29 2.712049120020910885e-24 4.873657103331042605e-04 0.000000000000000000e+00
4.713354605274713283e-01 5.281771737621955287e-01 7.323786208632608922e-29 2.712049120020910885e-24 4.873657103331042605e-04 0.000000000000000000e+00
4.713354605274713283e-01 5.281771737621955287e-01 7.323786208632608922e-29 2.712049120020910885e-24 4.873657103331042605e-04 0.000000000000000000e+00
4.713354605274713283e-01 5.281771737621955287e-01 7.323786208632608922e-29 2.712049120020910885e-24 4.873657103331042605e-04 0.000000000000000000e+00
4.713354605274713283e-01 5.281771737621955287e-01 7.323786208632608922e-29 2.712049120020910885e-24 4.873657103331042605e-04 0.000000000000000000e+00
4.713354605274713283e-01 5.281771737621955287e-01 7.323786208632608922e-29 2.712049120020910885e-24 4.873657103331042605e-04 0.000000000000000000e+00
4.713354605274713283e-01 5.281771737621955287e-01 7.323786208632608922e-29 2.712049120020910885e-24 4.873657103331042605e-04 0.000000000000000000e+00
4.713354605274713283e-01 5.281771737621955287e-01 7.323786208632608922e-29 2.712049120020910885e-24 4.873657103331042605e-04 0.000000000000000000e+00
4.713354605274713283e-01 5.281771737621955287e-01 7.323786208632608922e-29 2.712049120020910885e-24 4.873657103331042605e-04 0.000000000000000000e+00
4.713354605274713283e-01 5.281771737621955287e-01 7.323786208632608922e-29 2.712049120020910885e-24 4.873657103331042605e-04 0.000000000000000000e+00
4.713354605274713283e-01 5.281771737621955287e-01 7.323786208632608922e-29 2.712049120020910885e-24 4.873657103331042605e-04 0.000000000000000000e+00
4.713354605274713283e-01 5.281771737621955287e-01 7.323786208632608922e-29 2.712049120020910885e-24 4.873657103331042605e-04 0.000000000000000000e+00
4.713354605274713283e-01 5.281771737621955287e-01 7.323786208632608922e-29 2.712049120020910885e-24 4.873657103331042605e-04 0.000000000000000000e+00
4.713354605274713283e-01 5.281771737621955287e-01 7.323786208632608922e-29 2.712049120020910885e-24 4.873657103331042605e-04 0.000000000000000000e+00
4.713354605274713283e-01 5.281771737621955287e-01 7.323786208632608922e-29 2.712049120020910885e-24 4.873657103331042605e-04 0.000000000000000000e+00
4.713354605274713283e-01 5.281771737621955287e-01 7.323786208632608922e-29 2.712049120020910885e-24 4.873657103331042605e-04 0.000000000000000000e+00
4.713354605274713283e-01 5.281771737621955287e-01 7.323786208632608922e-29 2.712049120020910885e-24 4.873657103331042605e-04 0.000000000000000000e+00
4.713354605274713283e-01 5.281771737621955287e-01 7.323786208632608922e-29 2.712049120020910885e-24 4.873657103331042605e-04 0.000000000000000000e+00
4.713354605274713283e-01 5.281771737621955287e-01 7.323786208632608922e-29 2.712049120020910885e-24 4.873657103331042605e-04 0.000000000000000000e+00
4.713354605274713283e-01 5.281771737621955287e-01 7.323786208632608922e-29 2.712049120020910885e-24 4.873657103331042605e-04 0.000000000000000000e+00
4.713354605274713283e-01 5.281771737621955287e-01 7.323786208632608922e-29 2.712049120020910885e-24 4.873657103331042605e-04 0.000000000000000000e+00
4.713354605274713283e-01 5.281771737621955287e-01 7.323786208632608922e-29 2.712049120020910885e-24 4.873657103331042605e-04 0.000000000000000000e+00
4.713354605274713283e-01 5.281771737621955287e-01 7.323786208632608922e-29 2.712049120020910885e-24 4.873657103331042605e-04 0.000000000000000000e+00
4.713354605274713283e-01 5.281771737621955287e-01 7.323786208632608922e-29 2.712049120020910885e-24 4.873657103331042605e-04 0.000000000000000000e+00
4.713354605274713283e-01 5.281771737621955287e-01 7.323786208632608922e-29 2.712049120020910885e-24 4.873657103331042605e-04 0.000000000000000000e+00
4.713354605274713283e-01 5.281771737621955287e-01 7.323786208632608922e-29 2.712049120020910885e-24 4.873657103331042605e-04 0.000000000000000000e+00
4.713354605274713283e-01 5.281771737621955287e-01 7.323786208632608922e-29 2.712049120020910885e-24 4.873657103331042605e-04 0.000000000000000000e+00
4.713354605274713283e-01 5.281771737621955287e-01 7.323786208632608922e-29 2.712049120020910885e-24 4.873657103331042605e-04 0.000000000000000000e+00
4.713354605274713283e-01 5.281771737621955287e-01 7.323786208632608922e-29 2.712049120020910885e-24 4.873657103331042605e-04 0.000000000000000000e+00
4.713354605274713283e-01 5.281771737621955287e-01 7.323786208632608922e-29 2.712049120020910885e-24 4.873657103331042605e-04 0.000000000000000000e+00
4.713354605274713283e-01 5.281771737621955287e-01 7.323786208632608922e-29 2.712049120020910885e-24 4.873657103331042605e-04 0.000000000000000000e+00
4.713354605274713283e-01 5.281771737621955287e-01 7.323786208632608922e-29 2.712049120020910885e-24 4.873657103331042605e-04 0.000000000000000000e+00
4.713354605274713283e-01 5.281771737621955287e-01 7.323786208632608922e-29 2.712049120020910885e-24 4.873657103331042605e-04 0.000000000000000000e+00
4.713354605274713283e-01 5.281771737621955287e-01 7.323786208632608922e-29 2.712049120020910885e-24 4.873657103331042605e-04 0.000000000000000000e+00
4.713354605274713283e-01 5.281771737621955287e-01 7.323786208632608922e-29 2.712049120020910885e-24 4.873657103331042605e-04 0.000000000000000000e+00
4.713354605274713283e-01 5.281771737621955287e-01 7.323786208632608922e-29 2.712049120020910885e-24 4.873657103331042605e-04 0.000000000000000000e+00
4.713354605274713283e-01 5.281771737621955287e-01 7.323786208632608922e-29 2.712049120020910885e-24 4.873657103331042605e-04 0.000000000000000000e+00
4.713354605274713283e-01 5.281771737621955287e-01 7.323786208632608922e-29 2.712049120020910885e-24 4.873657103331042605e-04 0.000000000000000000e+00
4.713354605274713283e-01 5.281771737621955287e-01 7.323786208632608922e-29 2.712049120020910885e-24 4.873657103331042605e-04 0.000000000000000000e+00
4.713354605274713283e-01 5.281771737621955287e-01 7.323786208632608922e-29 2.712049120020910885e-24 4.873657103331042605e-04 0.000000000000000000e+00
4.713354605274713283e-01 5.281771737621955287e-01 7.323786208632608922e-29 2.712049120020910885e-24 4.873657103331042605e-04 0.000000000000000000e+00
4.713354605274713283e-01 5.281771737621955287e-01 7.323786208632608922e-29 2.712049120020910885e-24 4.873657103331042605e-04 0.000000000000000000e+00
4.713354605274713283e-01 5.281771737621955287e-01 7.323786208632608922e-29 2.712049120020910885e-24 4.873657103331042605e-04 0.000000000000000000e+00
4.713354605274713283e-01 5.281771737621955287e-01 7.323786208632608922e-29 2.712049120020910885e-24 4.873657103331042605e-04 0.000000000000000000e+00
4.713354605274713283e-01 5.281771737621955287e-01 7.323786208632608922e-29 2.712049120020910885e-24 4.873657103331042605e-04 0.000000000000000000e+00
4.713354605274713283e-01 5.281771737621955287e-01 7.323786208632608922e-29 2.712049120020910885e-24 4.873657103331042605e-04 0.000000000000000000e+00
4.713354605274713283e-01 5.281771737621955287e-01 7.323786208632608922e-29 2.712049120020910885e-24 4.873657103331042605e-04 0.000000000000000000e+00
4.713354605274713283e-01 5.281771737621955287e-01 7.323786208632608922e-29 2.712049120020910885e-24 4.873657103331042605e-04 0.000000000000000000e+00
4.713354605274713283e-01 5.281771737621955287e-01 7.323786208632608922e-29 2.712049120020910885e-24 4.873657103331042605e-04 0.000000000000000000e+00
4.713354605274713283e-01 5.281771737621955287e-01 7.323786208632608922e-29 2.712049120020910885e-24 4.873657103331042605e-04 0.000000000000000000e+00
4.713354605274713283e-01 5.281771737621955287e-01 7.323786208632608922e-29 2.712049120020910885e-24 4.873657103331042605e-04 0.000000000000000000e+00
4.713354605274713283e-01 5.281771737621955287e-01 7.323786208632608922e-29 2.712049120020910885e-24 4.873657103331042605e-04 0.000000000000000000e+00
4.713354605274713283e-01 5.281771737621955287e-01 7.323786208632608922e-29 2.712049120020910885e-24 4.873657103331042605e-04 0.000000000000000000e+00
4.713354605274713283e-01 5.281771737621955287e-01 7.323786208632608922e-29 2.712049120020910885e-24 4.873657103331042605e-04 0.000000000000000000e+00
4.713354605274713283e-01 5.281771737621955287e-01 7.323786208632608922e-29 2.712049120020910885e-24 4.873657103331042605e-04 0.000000000000000000e+00
4.713354605274713283e-01 5.281771737621955287e-01 7.323786208632608922e-29 2.712049120020910885e-24 4.873657103331042605e-04 0.000000000000000000e+00
4.713354605274713283e-01 5.281771737621955287e-01 7.323786208632608922e-29 2.712049120020910885e-24 4.873657103331042605e-04 0.000000000000000000e+00
4.713354605274713283e-01 5.281771737621955287e-01 7.323786208632608922e-29 2.712049120020910885e-24 4.873657103331042605e-04 0.000000000000000000e+00
4.713354605274713283e-01 5.281771737621955287e-01 7.323786208632608922e-29 2.712049120020910885e-24 4.873657103331042605e-04 0.000000000000000000e+00
4.713354605274713283e-01 5.281771737621955287e-01 7.323786208632608922e-29 2.712049120020910885e-24 4.873657103331042605e-04 0.000000000000000000e+00
4.713354605274713283e-01 5.281771737621955287e-01 7.323786208632608922e-29 2.712049120020910885e-24 4.873657103331042605e-04 0.000000000000000000e+00
4.713354605274713283e-01 5.281771737621955287e-01 7.323786208632608922e-29 2.712049120020910885e-24 4.873657103331042605e-04 0.000000000000000000e+00
4.713354605274713283e-01 5.281771737621955287e-01 7.323786208632608922e-29 2.712049120020910885e-24 4.873657103331042605e-04 0.000000000000000000e+00
4.713354605274713283e-01 5.281771737621955287e-01 7.323786208632608922e-29 2.712049120020910885e-24 4.873657103331042605e-04 0.000000000000000000e+00
4.713354605274713283e-01 5.281771737621955287e-01 7.323786208632608922e-29 2.712049120020910885e-24 4.873657103331042605e-04 0.000000000000000000e+00
4.713354605274713283e-01 5.281771737621955287e-01 7.323786208632608922e-29 2.712049120020910885e-24 4.873657103331042605e-04 0.000000000000000000e+00
4.713354605274713283e-01 5.281771737621955287e-01 7.323786208632608922e-29 2.712049120020910885e-24 4.873657103331042605e-04 0.000000000000000000e+00
4.713354605274713283e-01 5.281771737621955287e-01 7.323786208632608922e-29 2.712049120020910885e-24 4.873657103331042605e-04 0.000000000000000000e+00
4.713354605274713283e-01 5.281771737621955287e-01 7.323786208632608922e-29 2.712049120020910885e-24 4.873657103331042605e-04 0.000000000000000000e+00
4.713354605274713283e-01 5.281771737621955287e-01 7.323786208632608922e-29 2.712049120020910885e-24 4.873657103331042605e-04 0.000000000000000000e+00
4.713354605274713283e-01 5.281771737621955287e-01 7.323786208632608922e-29 2.712049120020910885e-24 4.873657103331042605e-04 0.000000000000000000e+00
4.713354605274713283e-01 5.281771737621955287e-01 7.323786208632608922e-29 2.712049120020910885e-24 4.873657103331042605e-04 0.000000000000000000e+00
4.713354605274713283e-01 5.281771737621955287e-01 7.323786208632608922e-29 2.712049120020910885e-24 4.873657103331042605e-04 0.000000000000000000e+00
4.713354605274713283e-01 5.281771737621955287e-01 7.323786208632608922e-29 2.712049120020910885e-24 4.873657103331042605e-04 0.000000000000000000e+00
4.713354605274713283e-01 5.281771737621955287e-01 7.323786208632608922e-29 2.712049120020910885e-24 4.873657103331042605e-04 0.000000000000000000e+00
4.713354605274713283e-01 5.281771737621955287e-01 7.323786208632608922e-29 2.712049120020910885e-24 4.873657103331042605e-04 0.000000000000000000e+00
4.713354605274713283e-01 5.281771737621955287e-01 7.323786208632608922e-29 2.712049120020910885e-24 4.873657103331042605e-04 0.000000000000000000e+00
4.713354605274713283e-01 5.281771737621955287e-01 7.323786208632608922e-29 2.712049120020910885e-24 4.873657103331042605e-04 0.000000000000000000e+00
4.713354605274713283e-01 5.281771737621955287e-01 7.323786208632608922e-29 2.712049120020910885e-24 4.873657103331042605e-04 0.000000000000000000e+00
4.713354605274713283e-01 5.281771737621955287e-01 7.323786208632608922e-29 2.712049120020910885e-24 4.873657103331042605e-04 0.000000000000000000e+00
4.713354605274713283e-01 5.281771737621955287e-01 7.323786208632608922e-29 2.712049120020910885e-24 4.873657103331042605e-04 0.000000000000000000e+00
4.713354605274713283e-01 5.281771737621955287e-01 7.323786208632608922e-29 2.712049120020910885e-24 4.873657103331042605e-04 0.000000000000000000e+00
4.713354605274713283e-01 5.281771737621955287e-01 7.323786208632608922e-29 2.712049120020910885e-24 4.873657103331042605e-04 0.000000000000000000e+00
4.713354605274713283e-01 5.281771737621955287e-01 7.323786208632608922e-29 2.712049120020910885e-24 4.873657103331042605e-04 0.000000000000000000e+00
4.713354605274713283e-01 5.281771737621955287e-01 7.323786208632608922e-29 2.712049120020910885e-24 4.873657103331042605e-04 0.000000000000000000e+00
4.713354605274713283e-01 5.281771737621955287e-01 7.323786208632608922e-29 2.712049120020910885e-24 4.873657103331042605e-04 0.000000000000000000e+00
4.713354605274713283e-01 5.281771737621955287e-01 7.323786208632608922e-29 2.712049120020910885e-24 4.873657103331042605e-04 0.000000000000000000e+00
4.713354605274713283e-01 5.281771737621955287e-01 7.323786208632608922e-29 2.712049120020910885e-24 4.873657103331042605e-04 0.000000000000000000e+00
4.713354605274713283e-01 5.281771737621955287e-01 7.323786208632608922e-29 2.712049120020910885e-24 4.873657103331042605e-04 0.000000000000000000e+00
4.713354605274713283e-01 5.281771737621955287e-01 7.323786208632608922e-29 2.712049120020910885e-24 4.873657103331042605e-04 0.000000000000000000e+00
4.713354605274713283e-01 5.281771737621955287e-01 7.323786208632608922e-29 2.712049120020910885e-24 4.873657103331042605e-04 0.000000000000000000e+00
4.713354605274713283e-01 5.281771737621955287e-01 7.323786208632608922e-29 2.712049120020910885e-24 4.873657103331042605e-04 0.000000000000000000e+00
4.713354605274713283e-01 5.281771737621955287e-01 7.323786208632608922e-29 2.712049120020910885e-24 4.873657103331042605e-04 0.000000000000000000e+00
4.713354605274713283e-01 5.281771737621955287e-01 7.323786208632608922e-29 2.712049120020910885e-24 4.873657103331042605e-04 0.000000000000000000e+00
4.713354605274713283e-01 5.281771737621955287e-01 7.323786208632608922e-29 2.712049120020910885e-24 4.873657103331042605e-04 0.000000000000000000e+00
4.713354605274713283e-01 5.281771737621955287e-01 7.323786208632608922e-29 2.712049120020910885e-24 4.873657103331042605e-04 0.000000000000000000e+00
4.713354605274713283e-01 5.281771737621955287e-01 7.323786208632608922e-29 2.712049120020910885e-24 4.873657103331042605e-04 0.000000000000000000e+00
4.713354605274713283e-01 5.281771737621955287e-01 7.323786208632608922e-29 2.712049120020910885e-24 4.873657103331042605e-04 0.000000000000000000e+00
4.713354605274713283e-01 5.281771737621955287e-01 7.323786208632608922e-29 2.712049120020910885e-24 4.873657103331042605e-04 0.000000000000000000e+00
4.713354605274713283e-01 5.281771737621955287e-01 7.323786208632608922e-29 2.712049120020910885e-24 4.873657103331042605e-04 0.000000000000000000e+00
4.713354605274713283e-01 5.281771737621955287e-01 7.323786208632608922e-29 2.712049120020910885e-24 4.873657103331042605e-04 0.000000000000000000e+00
4.713354605274713283e-01 5.281771737621955287e-01 7.323786208632608922e-29 2.712049120020910885e-24 4.873657103331042605e-04 0.000000000000000000e+00
4.713354605274713283e-01 5.281771737621955287e-01 7.323786208632608922e-29 2.712049120020910885e-24 4.873657103331042605e-04 0.000000000000000000e+00
4.713354605274713283e-01 5.281771737621955287e-01 7.323786208632608922e-29 2.712049120020910885e-24 4.873657103331042605e-04 0.000000000000000000e+00
4.713354605274713283e-01 5.281771737621955287e-01 7.323786208632608922e-29 2.712049120020910885e-24 4.873657103331042605e-04 0.000000000000000000e+00
4.713354605274713283e-01 5.281771737621955287e-01 7.323786208632608922e-29 2.712049120020910885e-24 4.873657103331042605e-04 0.000000000000000000e+00
4.713354605274713283e-01 5.281771737621955287e-01 7.323786208632608922e-29 2.712049120020910885e-24 4.873657103331042605e-04 0.000000000000000000e+00
4.713354605274713283e-01 5.281771737621955287e-01 7.323786208632608922e-29 2.712049120020910885e-24 4.873657103331042605e-04 0.000000000000000000e+00
4.713354605274713283e-01 5.281771737621955287e-01 7.323786208632608922e-29 2.712049120020910885e-24 4.873657103331042605e-04 0.000000000000000000e+00
4.713354605274713283e-01 5.281771737621955287e-01 7.323786208632608922e-29 2.712049120020910885e-24 4.873657103331042605e-04 0.000000000000000000e+00
4.713354605274713283e-01 5.281771737621955287e-01 7.323786208632608922e-29 2.712049120020910885e-24 4.873657103331042605e-04 0.000000000000000000e+00
4.713354605274713283e-01 5.281771737621955287e-01 7.323786208632608922e-29 2.712049120020910885e-24 4.873657103331042605e-04 0.000000000000000000e+00
4.713354605274713283e-01 5.281771737621955287e-01 7.323786208632608922e-29 2.712049120020910885e-24 4.873657103331042605e-04 0.000000000000000000e+00
4.713354605274713283e-01 5.281771737621955287e-01 7.323786208632608922e-29 2.712049120020910885e-24 4.873657103331042605e-04 0.000000000000000000e+00
4.713354605274713283e-01 5.281771737621955287e-01 7.323786208632608922e-29 2.712049120020910885e-24 4.873657103331042605e-04 0.000000000000000000e+00
4.713354605274713283e-01 5.281771737621955287e-01 7.323786208632608922e-29 2.712049120020910885e-24 4.873657103331042605e-04 0.000000000000000000e+00
4.713354605274713283e-01 5.281771737621955287e-01 7.323786208632608922e-29 2.712049120020910885e-24 4.873657103331042605e-04 0.000000000000000000e+00
4.713354605274713283e-01 5.281771737621955287e-01 7.323786208632608922e-29 2.712049120020910885e-24 4.873657103331042605e-04 0.000000000000000000e+00
4.713354605274713283e-01 5.281771737621955287e-01 7.323786208632608922e-29 2.712049120020910885e-24 4.873657103331042605e-04 0.000000000000000000e+00
4.713354605274713283e-01 5.281771737621955287e-01 7.323786208632608922e-29 2.712049120020910885e-24 4.873657103331042605e-04 0.000000000000000000e+00
4.713354605274713283e-01 5.281771737621955287e-01 7.323786208632608922e-29 2.712049120020910885e-24 4.873657103331042605e-04 0.000000000000000000e+00
4.713354605274713283e-01 5.281771737621955287e-01 7.323786208632608922e-29 2.712049120020910885e-24 4.873657103331042605e-04 0.000000000000000000e+00
4.713354605274713283e-01 5.281771737621955287e-01 7.323786208632608922e-29 2.712049120020910885e-24 4.873657103331042605e-04 0.000000000000000000e+00
4.713354605274713283e-01 5.281771737621955287e-01 7.323786208632608922e-29 2.712049120020910885e-24 4.873657103331042605e-04 0.000000000000000000e+00
4.713354605274713283e-01 5.281771737621955287e-01 7.323786208632608922e-29 2.712049120020910885e-24 4.873657103331042605e-04 0.000000000000000000e+00
4.713354605274713283e-01 5.281771737621955287e-01 7.323786208632608922e-29 2.712049120020910885e-24 4.873657103331042605e-04 0.000000000000000000e+00
4.713354605274713283e-01 5.281771737621955287e-01 7.323786208632608922e-29 2.712049120020910885e-24 4.873657103331042605e-04 0.000000000000000000e+00
4.713354605274713283e-01 5.281771737621955287e-01 7.323786208632608922e-29 2.712049120020910885e-24 4.873657103331042605e-04 0.000000000000000000e+00
4.713354605274713283e-01 5.281771737621955287e-01 7.323786208632608922e-29 2.712049120020910885e-24 4.873657103331042605e-04 0.000000000000000000e+00
4.713354605274713283e-01 5.281771737621955287e-01 7.323786208632608922e-29 2.712049120020910885e-24 4.873657103331042605e-04 0.000000000000000000e+00
4.713354605274713283e-01 5.281771737621955287e-01 7.323786208632608922e-29 2.712049120020910885e-24 4.873657103331042605e-04 0.000000000000000000e+00
4.713354605274713283e-01 5.281771737621955287e-01 7.323786208632608922e-29 2.712049120020910885e-24 4.873657103331042605e-04 0.000000000000000000e+00
4.713354605274713283e-01 5.281771737621955287e-01 7.323786208632608922e-29 2.712049120020910885e-24 4.873657103331042605e-04 0.000000000000000000e+00
4.713354605274713283e-01 5.281771737621955287e-01 7.323786208632608922e-29 2.712049120020910885e-24 4.873657103331042605e-04 0.000000000000000000e+00
4.713354605274713283e-01 5.281771737621955287e-01 7.323786208632608922e-29 2.712049120020910885e-24 4.873657103331042605e-04 0.000000000000000000e+00
4.713354605274713283e-01 5.281771737621955287e-01 7.323786208632608922e-29 2.712049120020910885e-24 4.873657103331042605e-04 0.000000000000000000e+00
4.713354605274713283e-01 5.281771737621955287e-01 7.323786208632608922e-29 2.712049120020910885e-24 4.873657103331042605e-04 0.000000000000000000e+00
4.713354605274713283e-01 5.281771737621955287e-01 7.323786208632608922e-29 2.712049120020910885e-24 4.873657103331042605e-04 0.000000000000000000e+00
4.713354605274713283e-01 5.281771737621955287e-01 7.323786208632608922e-29 2.712049120020910885e-24 4.873657103331042605e-04 0.000000000000000000e+00
4.713354605274713283e-01 5.281771737621955287e-01 7.323786208632608922e-29 2.712049120020910885e-24 4.873657103331042605e-04 0.000000000000000000e+00
4.713354605274713283e-01 5.281771737621955287e-01 7.323786208632608922e-29 2.712049120020910885e-24 4.873657103331042605e-04 0.000000000000000000e+00
4.713354605274713283e-01 5.281771737621955287e-01 7.323786208632608922e-29 2.712049120020910885e-24 4.873657103331042605e-04 0.000000000000000000e+00
4.713354605274713283e-01 5.281771737621955287e-01 7.323786208632608922e-29 2.712049120020910885e-24 4.873657103331042605e-04 0.000000000000000000e+00
4.713354605274713283e-01 5.281771737621955287e-01 7.323786208632608922e-29 2.712049120020910885e-24 4.873657103331042605e-04 0.000000000000000000e+00
4.713354605274713283e-01 5.281771737621955287e-01 7.323786208632608922e-29 2.712049120020910885e-24 4.873657103331042605e-04 0.000000000000000000e+00
4.713354605274713283e-01 5.281771737621955287e-01 7.323786208632608922e-29 2.712049120020910885e-24 4.873657103331042605e-04 0.000000000000000000e+00
4.713354605274713283e-01 5.281771737621955287e-01 7.323786208632608922e-29 2.712049120020910885e-24 4.873657103331042605e-04 0.000000000000000000e+00
4.713354605274713283e-01 5.281771737621955287e-01 7.323786208632608922e-29 2.712049120020910885e-24 4.873657103331042605e-04 0.000000000000000000e+00
4.713354605274713283e-01 5.281771737621955287e-01 7.323786208632608922e-29 2.712049120020910885e-24 4.873657103331042605e-04 0.000000000000000000e+00
4.713354605274713283e-01 5.281771737621955287e-01 7.323786208632608922e-29 2.712049120020910885e-24 4.873657103331042605e-04 0.000000000000000000e+00
4.713354605274713283e-01 5.281771737621955287e-01 7.323786208632608922e-29 2.712049120020910885e-24 4.873657103331042605e-04 0.000000000000000000e+00
4.713354605274713283e-01 5.281771737621955287e-01 7.323786208632608922e-29 2.712049120020910885e-24 4.873657103331042605e-04 0.000000000000000000e+00
4.713354605274713283e-01 5.281771737621955287e-01 7.323786208632608922e-29 2.712049120020910885e-24 4.873657103331042605e-04 0.000000000000000000e+00
4.713354605274713283e-01 5.281771737621955287e-01 7.323786208632608922e-29 2.712049120020910885e-24 4.873657103331042605e-04 0.000000000000000000e+00
4.713354605274713283e-01 5.281771737621955287e-01 7.323786208632608922e-29 2.712049120020910885e-24 4.873657103331042605e-04 0.000000000000000000e+00
4.713354605274713283e-01 5.281771737621955287e-01 7.323786208632608922e-29 2.712049120020910885e-24 4.873657103331042605e-04 0.000000000000000000e+00
4.713354605274713283e-01 5.281771737621955287e-01 7.323786208632608922e-29 2.712049120020910885e-24 4.873657103331042605e-04 0.000000000000000000e+00
4.713354605274713283e-01 5.281771737621955287e-01 7.323786208632608922e-29 2.712049120020910885e-24 4.873657103331042605e-04 0.000000000000000000e+00
4.713354605274713283e-01 5.281771737621955287e-01 7.323786208632608922e-29 2.712049120020910885e-24 4.873657103331042605e-04 0.000000000000000000e+00
4.713354605274713283e-01 5.281771737621955287e-01 7.323786208632608922e-29 2.712049120020910885e-24 4.873657103331042605e-04 0.000000000000000000e+00
4.713354605274713283e-01 5.281771737621955287e-01 7.323786208632608922e-29 2.712049120020910885e-24 4.873657103331042605e-04 0.000000000000000000e+00
4.713354605274713283e-01 5.281771737621955287e-01 7.323786208632608922e-29 2.712049120020910885e-24 4.873657103331042605e-04 0.000000000000000000e+00
4.713354605274713283e-01 5.281771737621955287e-01 7.323786208632608922e-29 2.712049120020910885e-24 4.873657103331042605e-04 0.000000000000000000e+00
4.713354605274713283e-01 5.281771737621955287e-01 7.323786208632608922e-29 2.712049120020910885e-24 4.873657103331042605e-04 0.000000000000000000e+00
4.713354605274713283e-01 5.281771737621955287e-01 7.323786208632608922e-29 2.712049120020910885e-24 4.873657103331042605e-04 0.000000000000000000e+00
4.713354605274713283e-01 5.281771737621955287e-01 7.323786208632608922e-29 2.712049120020910885e-24 4.873657103331042605e-04 0.000000000000000000e+00
4.713354605274713283e-01 5.281771737621955287e-01 7.323786208632608922e-29 2.712049120020910885e-24 4.873657103331042605e-04 0.000000000000000000e+00
4.713354605274713283e-01 5.281771737621955287e-01 7.323786208632608922e-29 2.712049120020910885e-24 4.873657103331042605e-04 0.000000000000000000e+00
4.713354605274713283e-01 5.281771737621955287e-01 7.323786208632608922e-29 2.712049120020910885e-24 4.873657103331042605e-04 0.000000000000000000e+00
4.713354605274713283e-01 5.281771737621955287e-01 7.323786208632608922e-29 2.712049120020910885e-24 4.873657103331042605e-04 0.000000000000000000e+00
4.713354605274713283e-01 5.281771737621955287e-01 7.323786208632608922e-29 2.712049120020910885e-24 4.873657103331042605e-04 0.000000000000000000e+00
4.713354605274713283e-01 5.281771737621955287e-01 7.323786208632608922e-29 2.712049120020910885e-24 4.873657103331042605e-04 0.000000000000000000e+00
4.713354605274713283e-01 5.281771737621955287e-01 7.323786208632608922e-29 2.712049120020910885e-24 4.873657103331042605e-04 0.000000000000000000e+00
4.713354605274713283e-01 5.281771737621955287e-01 7.323786208632608922e-29 2.712049120020910885e-24 4.873657103331042605e-04 0.000000000000000000e+00
4.713354605274713283e-01 5.281771737621955287e-01 7.323786208632608922e-29 2.712049120020910885e-24 4.873657103331042605e-04 0.000000000000000000e+00
4.713354605274713283e-01 5.281771737621955287e-01 7.323786208632608922e-29 2.712049120020910885e-24 4.873657103331042605e-04 0.000000000000000000e+00
4.713354605274713283e-01 5.281771737621955287e-01 7.323786208632608922e-29 2.712049120020910885e-24 4.873657103331042605e-04 0.000000000000000000e+00
4.713354605274713283e-01 5.281771737621955287e-01 7.323786208632608922e-29 2.712049120020910885e-24 4.873657103331042605e-04 0.000000000000000000e+00
4.713354605274713283e-01 5.281771737621955287e-01 7.323786208632608922e-29 2.712049120020910885e-24 4.873657103331042605e-04 0.000000000000000000e+00
4.713354605274713283e-01 5.281771737621955287e-01 7.323786208632608922e-29 2.712049120020910885e-24 4.873657103331042605e-04 0.000000000000000000e+00
4.713354605274713283e-01 5.281771737621955287e-01 7.323786208632608922e-29 2.712049120020910885e-24 4.873657103331042605e-04 0.000000000000000000e+00
4.713354605274713283e-01 5.281771737621955287e-01 7.323786208632608922e-29 2.712049120020910885e-24 4.873657103331042605e-04 0.000000000000000000e+00
4.713354605274713283e-01 5.281771737621955287e-01 7.323786208632608922e-29 2.712049120020910885e-24 4.873657103331042605e-04 0.000000000000000000e+00
4.713354605274713283e-01 5.281771737621955287e-01 7.323786208632608922e-29 2.712049120020910885e-24 4.873657103331042605e-04 0.000000000000000000e+00
4.713354605274713283e-01 5.281771737621955287e-01 7.323786208632608922e-29 2.712049120020910885e-24 4.873657103331042605e-04 0.000000000000000000e+00
4.713354605274713283e-01 5.281771737621955287e-01 7.323786208632608922e-29 2.712049120020910885e-24 4.873657103331042605e-04 0.000000000000000000e+00
4.713354605274713283e-01 5.281771737621955287e-01 7.323786208632608922e-29 2.712049120020910885e-24 4.873657103331042605e-04 0.000000000000000000e+00
4.713354605274713283e-01 5.281771737621955287e-01 7.323786208632608922e-29 2.712049120020910885e-24 4.873657103331042605e-04 0.000000000000000000e+00
4.713354605274713283e-01 5.281771737621955287e-01 7.323786208632608922e-29 2.712049120020910885e-24 4.873657103331042605e-04 0.000000000000000000e+00
4.713354605274713283e-01 5.281771737621955287e-01 7.323786208632608922e-29 2.712049120020910885e-24 4.873657103331042605e-04 0.000000000000000000e+00
4.713354605274713283e-01 5.281771737621955287e-01 7.323786208632608922e-29 2.712049120020910885e-24 4.873657103331042605e-04 0.000000000000000000e+00
4.713354605274713283e-01 5.281771737621955287e-01 7.323786208632608922e-29 2.712049120020910885e-24 4.873657103331042605e-04 0.000000000000000000e+00
4.713354605274713283e-01 5.281771737621955287e-01 7.323786208632608922e-29 2.712049120020910885e-24 4.873657103331042605e-04 0.000000000000000000e+00
4.713354605274713283e-01 5.281771737621955287e-01 7.323786208632608922e-29 2.712049120020910885e-24 4.873657103331042605e-04 0.000000000000000000e+00
4.713354605274713283e-01 5.281771737621955287e-01 7.323786208632608922e-29 2.712049120020910885e-24 4.873657103331042605e-04 0.000000000000000000e+00
4.713354605274713283e-01 5.281771737621955287e-01 7.323786208632608922e-29 2.712049120020910885e-24 4.873657103331042605e-04 0.000000000000000000e+00
4.713354605274713283e-01 5.281771737621955287e-01 7.323786208632608922e-29 2.712049120020910885e-24 4.873657103331042605e-04 0.000000000000000000e+00
4.713354605274713283e-01 5.281771737621955287e-01 7.323786208632608922e-29 2.712049120020910885e-24 4.873657103331042605e-04 0.000000000000000000e+00
4.713354605274713283e-01 5.281771737621955287e-01 7.323786208632608922e-29 2.712049120020910885e-24 4.873657103331042605e-04 0.000000000000000000e+00
4.713354605274713283e-01 5.281771737621955287e-01 7.323786208632608922e-29 2.712049120020910885e-24 4.873657103331042605e-04 0.000000000000000000e+00
4.713354605274713283e-01 5.281771737621955287e-01 7.323786208632608922e-29 2.712049120020910885e-24 4.873657103331042605e-04 0.000000000000000000e+00
4.713354605274713283e-01 5.281771737621955287e-01 7.323786208632608922e-29 2.712049120020910885e-24 4.873657103331042605e-04 0.000000000000000000e+00
4.713354605274713283e-01 5.281771737621955287e-01 7.323786208632608922e-29 2.712049120020910885e-24 4.873657103331042605e-04 0.000000000000000000e+00
4.713354605274713283e-01 5.281771737621955287e-01 7.323786208632608922e-29 2.712049120020910885e-24 4.873657103331042605e-04 0.000000000000000000e+00
4.713354605274713283e-01 5.281771737621955287e-01 7.323786208632608922e-29 2.712049120020910885e-24 4.873657103331042605e-04 0.000000000000000000e+00
4.713354605274713283e-01 5.281771737621955287e-01 7.323786208632608922e-29 2.712049120020910885e-24 4.873657103331042605e-04 0.000000000000000000e+00
4.713354605274713283e-01 5.281771737621955287e-01 7.323786208632608922e-29 2.712049120020910885e-24 4.873657103331042605e-04 0.000000000000000000e+00
4.713354605274713283e-01 5.281771737621955287e-01 7.323786208632608922e-29 2.712049120020910885e-24 4.873657103331042605e-04 0.000000000000000000e+00
4.713354605274713283e-01 5.281771737621955287e-01 7.323786208632608922e-29 2.712049120020910885e-24 4.873657103331042605e-04 0.000000000000000000e+00
4.713354605274713283e-01 5.281771737621955287e-01 7.323786208632608922e-29 2.712049120020910885e-24 4.873657103331042605e-04 0.000000000000000000e+00
4.713354605274713283e-01 5.281771737621955287e-01 7.323786208632608922e-29 2.712049120020910885e-24 4.873657103331042605e-04 0.000000000000000000e+00
4.713354605274713283e-01 5.281771737621955287e-01 7.323786208632608922e-29 2.712049120020910885e-24 4.873657103331042605e-04 0.000000000000000000e+00
4.713354605274713283e-01 5.281771737621955287e-01 7.323786208632608922e-29 2.712049120020910885e-24 4.873657103331042605e-04 0.000000000000000000e+00
4.713354605274713283e-01 5.281771737621955287e-01 7.323786208632608922e-29 2.712049120020910885e-24 4.873657103331042605e-04 0.000000000000000000e+00
4.713354605274713283e-01 5.281771737621955287e-01 7.323786208632608922e-29 2.712049120020910885e-24 4.873657103331042605e-04 0.000000000000000000e+00
4.713354605274713283e-01 5.281771737621955287e-01 7.323786208632608922e-29 2.712049120020910885e-24 4.873657103331042605e-04 0.000000000000000000e+00
4.713354605274713283e-01 5.281771737621955287e-01 7.323786208632608922e-29 2.712049120020910885e-24 4.873657103331042605e-04 0.000000000000000000e+00
4.713354605274713283e-01 5.281771737621955287e-01 7.323786208632608922e-29 2.712049120020910885e-24 4.873657103331042605e-04 0.000000000000000000e+00
4.713354605274713283e-01 5.281771737621955287e-01 7.323786208632608922e-29 2.712049120020910885e-24 4.873657103331042605e-04 0.000000000000000000e+00
4.713354605274713283e-01 5.281771737621955287e-01 7.323786208632608922e-29 2.712049120020910885e-24 4.873657103331042605e-04 0.000000000000000000e+00
4.713354605274713283e-01 5.281771737621955287e-01 7.323786208632608922e-29 2.712049120020910885e-24 4.873657103331042605e-04 0.000000000000000000e+00
4.713354605274713283e-01 5.281771737621955287e-01 7.323786208632608922e-29 2.712049120020910885e-24 4.873657103331042605e-04 0.000000000000000000e+00
4.713354605274713283e-01 5.281771737621955287e-01 7.323786208632608922e-29 2.712049120020910885e-24 4.873657103331042605e-04 0.000000000000000000e+00
4.713354605274713283e-01 5.281771737621955287e-01 7.323786208632608922e-29 2.712049120020910885e-24 4.873657103331042605e-04 0.000000000000000000e+00
4.713354605274713283e-01 5.281771737621955287e-01 7.323786208632608922e-29 2.712049120020910885e-24 4.873657103331042605e-04 0.000000000000000000e+00
4.713354605274713283e-01 5.281771737621955287e-01 7.323786208632608922e-29 2.712049120020910885e-24 4.873657103331042605e-04 0.000000000000000000e+00
4.713354605274713283e-01 5.281771737621955287e-01 7.323786208632608922e-29 2.712049120020910885e-24 4.873657103331042605e-04 0.000000000000000000e+00
4.713354605274713283e-01 5.281771737621955287e-01 7.323786208632608922e-29 2.712049120020910885e-24 4.873657103331042605e-04 0.000000000000000000e+00
4.713354605274713283e-01 5.281771737621955287e-01 7.323786208632608922e-29 2.712049120020910885e-24 4.873657103331042605e-04 0.000000000000000000e+00
4.713354605274713283e-01 5.281771737621955287e-01 7.323786208632608922e-29 2.712049120020910885e-24 4.873657103331042605e-04 0.000000000000000000e+00
4.713354605274713283e-01 5.281771737621955287e-01 7.323786208632608922e-29 2.712049120020910885e-24 4.873657103331042605e-04 0.000000000000000000e+00
4.713354605274713283e-01 5.281771737621955287e-01 7.323786208632608922e-29 2.712049120020910885e-24 4.873657103331042605e-04 0.000000000000000000e+00
4.713354605274713283e-01 5.281771737621955287e-01 7.323786208632608922e-29 2.712049120020910885e-24 4.873657103331042605e-04 0.000000000000000000e+00
4.713354605274713283e-01 5.281771737621955287e-01 7.323786208632608922e-29 2.712049120020910885e-24 4.873657103331042605e-04 0.000000000000000000e+00
4.713354605274713283e-01 5.281771737621955287e-01 7.323786208632608922e-29 2.712049120020910885e-24 4.873657103331042605e-04 0.000000000000000000e+00
4.713354605274713283e-01 5.281771737621955287e-01 7.323786208632608922e-29 2.712049120020910885e-24 4.873657103331042605e-04 0.000000000000000000e+00
4.713354605274713283e-01 5.281771737621955287e-01 7.323786208632608922e-29 2.712049120020910885e-24 4.873657103331042605e-04 0.000000000000000000e+00
4.713354605274713283e-01 5.281771737621955287e-01 7.323786208632608922e-29 2.712049120020910885e-24 4.873657103331042605e-04 0.000000000000000000e+00
4.713354605274713283e-01 5.281771737621955287e-01 7.323786208632608922e-29 2.712049120020910885e-24 4.873657103331042605e-04 0.000000000000000000e+00
4.713354605274713283e-01 5.281771737621955287e-01 7.323786208632608922e-29 2.712049120020910885e-24 4.873657103331042605e-04 0.000000000000000000e+00
4.713354605274713283e-01 5.281771737621955287e-01 7.323786208632608922e-29 2.712049120020910885e-24 4.873657103331042605e-04 0.000000000000000000e+00
4.713354605274713283e-01 5.281771737621955287e-01 7.323786208632608922e-29 2.712049120020910885e-24 4.873657103331042605e-04 0.000000000000000000e+00
4.713354605274713283e-01 5.281771737621955287e-01 7.323786208632608922e-29 2.712049120020910885e-24 4.873657103331042605e-04 0.000000000000000000e+00
4.713354605274713283e-01 5.281771737621955287e-01 7.323786208632608922e-29 2.712049120020910885e-24 4.873657103331042605e-04 0.000000000000000000e+00
4.713354605274713283e-01 5.281771737621955287e-01 7.323786208632608922e-29 2.712049120020910885e-24 4.873657103331042605e-04 0.000000000000000000e+00
4.713354605274713283e-01 5.281771737621955287e-01 7.323786208632608922e-29 2.712049120020910885e-24 4.873657103331042605e-04 0.000000000000000000e+00
4.713354605274713283e-01 5.281771737621955287e-01 7.323786208632608922e-29 2.712049120020910885e-24 4.873657103331042605e-04 0.000000000000000000e+00
4.713354605274713283e-01 5.281771737621955287e-01 7.323786208632608922e-29 2.712049120020910885e-24 4.873657103331042605e-04 0.000000000000000000e+00
4.713354605274713283e-01 5.281771737621955287e-01 7.323786208632608922e-29 2.712049120020910885e-24 4.873657103331042605e-04 0.000000000000000000e+00
4.713354605274713283e-01 5.281771737621955287e-01 7.323786208632608922e-29 2.712049120020910885e-24 4.873657103331042605e-04 0.000000000000000000e+00
4.713354605274713283e-01 5.281771737621955287e-01 7.323786208632608922e-29 2.712049120020910885e-24 4.873657103331042605e-04 0.000000000000000000e+00
4.713354605274713283e-01 5.281771737621955287e-01 7.323786208632608922e-29 2.712049120020910885e-24 4.873657103331042605e-04 0.000000000000000000e+00
4.713354605274713283e-01 5.281771737621955287e-01 7.323786208632608922e-29 2.712049120020910885e-24 4.873657103331042605e-04 0.000000000000000000e+00
4.713354605274713283e-01 5.281771737621955287e-01 7.323786208632608922e-29 2.712049120020910885e-24 4.873657103331042605e-04 0.000000000000000000e+00
4.713354605274713283e-01 5.281771737621955287e-01 7.323786208632608922e-29 2.712049120020910885e-24 4.873657103331042605e-04 0.000000000000000000e+00
4.713354605274713283e-01 5.281771737621955287e-01 7.323786208632608922e-29 2.712049120020910885e-24 4.873657103331042605e-04 0.000000000000000000e+00
4.713354605274713283e-01 5.281771737621955287e-01 7.323786208632608922e-29 2.712049120020910885e-24 4.873657103331042605e-04 0.000000000000000000e+00
4.713354605274713283e-01 5.281771737621955287e-01 7.323786208632608922e-29 2.712049120020910885e-24 4.873657103331042605e-04 0.000000000000000000e+00
4.713354605274713283e-01 5.281771737621955287e-01 7.323786208632608922e-29 2.712049120020910885e-24 4.873657103331042605e-04 0.000000000000000000e+00
4.713354605274713283e-01 5.281771737621955287e-01 7.323786208632608922e-29 2.712049120020910885e-24 4.873657103331042605e-04 0.000000000000000000e+00
4.713354605274713283e-01 5.281771737621955287e-01 7.323786208632608922e-29 2.712049120020910885e-24 4.873657103331042605e-04 0.000000000000000000e+00
4.713354605274713283e-01 5.281771737621955287e-01 7.323786208632608922e-29 2.712049120020910885e-24 4.873657103331042605e-04 0.000000000000000000e+00
4.713354605274713283e-01 5.281771737621955287e-01 7.323786208632608922e-29 2.712049120020910885e-24 4.873657103331042605e-04 0.000000000000000000e+00
4.713354605274713283e-01 5.281771737621955287e-01 7.323786208632608922e-29 2.712049120020910885e-24 4.873657103331042605e-04 0.000000000000000000e+00
4.713354605274713283e-01 5.281771737621955287e-01 7.323786208632608922e-29 2.712049120020910885e-24 4.873657103331042605e-04 0.000000000000000000e+00
4.713354605274713283e-01 5.281771737621955287e-01 7.323786208632608922e-29 2.712049120020910885e-24 4.873657103331042605e-04 0.000000000000000000e+00
4.713354605274713283e-01 5.281771737621955287e-01 7.323786208632608922e-29 2.712049120020910885e-24 4.873657103331042605e-04 0.000000000000000000e+00
4.713354605274713283e-01 5.281771737621955287e-01 7.323786208632608922e-29 2.712049120020910885e-24 4.873657103331042605e-04 0.000000000000000000e+00
4.713354605274713283e-01 5.281771737621955287e-01 7.323786208632608922e-29 2.712049120020910885e-24 4.873657103331042605e-04 0.000000000000000000e+00
4.713354605274713283e-01 5.281771737621955287e-01 7.323786208632608922e-29 2.712049120020910885e-24 4.873657103331042605e-04 0.000000000000000000e+00
4.713354605274713283e-01 5.281771737621955287e-01 7.323786208632608922e-29 2.712049120020910885e-24 4.873657103331042605e-04 0.000000000000000000e+00
4.713354605274713283e-01 5.281771737621955287e-01 7.323786208632608922e-29 2.712049120020910885e-24 4.873657103331042605e-04 0.000000000000000000e+00
4.713354605274713283e-01 5.281771737621955287e-01 7.323786208632608922e-29 2.712049120020910885e-24 4.873657103331042605e-04 0.000000000000000000e+00
4.713354605274713283e-01 5.281771737621955287e-01 7.323786208632608922e-29 2.712049120020910885e-24 4.873657103331042605e-04 0.000000000000000000e+00
4.713354605274713283e-01 5.281771737621955287e-01 7.323786208632608922e-29 2.712049120020910885e-24 4.873657103331042605e-04 0.000000000000000000e+00
4.713354605274713283e-01 5.281771737621955287e-01 7.323786208632608922e-29 2.712049120020910885e-24 4.873657103331042605e-04 0.000000000000000000e+00
4.713354605274713283e-01 5.281771737621955287e-01 7.323786208632608922e-29 2.712049120020910885e-24 4.873657103331042605e-04 0.000000000000000000e+00
4.713354605274713283e-01 5.281771737621955287e-01 7.323786208632608922e-29 2.712049120020910885e-24 4.873657103331042605e-04 0.000000000000000000e+00
4.713354605274713283e-01 5.281771737621955287e-01 7.323786208632608922e-29 2.712049120020910885e-24 4.873657103331042605e-04 0.000000000000000000e+00
4.713354605274713283e-01 5.281771737621955287e-01 7.323786208632608922e-29 2.712049120020910885e-24 4.873657103331042605e-04 0.000000000000000000e+00
4.713354605274713283e-01 5.281771737621955287e-01 7.323786208632608922e-29 2.712049120020910885e-24 4.873657103331042605e-04 0.000000000000000000e+00
4.713354605274713283e-01 5.281771737621955287e-01 7.323786208632608922e-29 2.712049120020910885e-24 4.873657103331042605e-04 0.000000000000000000e+00
4.713354605274713283e-01 5.281771737621955287e-01 7.323786208632608922e-29 2.712049120020910885e-24 4.873657103331042605e-04 0.000000000000000000e+00
4.713354605274713283e-01 5.281771737621955287e-01 7.323786208632608922e-29 2.712049120020910885e-24 4.873657103331042605e-04 0.000000000000000000e+00
4.713354605274713283e-01 5.281771737621955287e-01 7.323786208632608922e-29 2.712049120020910885e-24 4.873657103331042605e-04 0.000000000000000000e+00
4.713354605274713283e-01 5.281771737621955287e-01 7.323786208632608922e-29 2.712049120020910885e-24 4.873657103331042605e-04 0.000000000000000000e+00
4.713354605274713283e-01 5.281771737621955287e-01 7.323786208632608922e-29 2.712049120020910885e-24 4.873657103331042605e-04 0.000000000000000000e+00
4.713354605274713283e-01 5.281771737621955287e-01 7.323786208632608922e-29 2.712049120020910885e-24 4.873657103331042605e-04 0.000000000000000000e+00
4.713354605274713283e-01 5.281771737621955287e-01 7.323786208632608922e-29 2.712049120020910885e-24 4.873657103331042605e-04 0.000000000000000000e+00
4.713354605274713283e-01 5.281771737621955287e-01 7.323786208632608922e-29 2.712049120020910885e-24 4.873657103331042605e-04 0.000000000000000000e+00
4.713354605274713283e-01 5.281771737621955287e-01 7.323786208632608922e-29 2.712049120020910885e-24 4.873657103331042605e-04 0.000000000000000000e+00
4.713354605274713283e-01 5.281771737621955287e-01 7.323786208632608922e-29 2.712049120020910885e-24 4.873657103331042605e-04 0.000000000000000000e+00
4.713354605274713283e-01 5.281771737621955287e-01 7.323786208632608922e-29 2.712049120020910885e-24 4.873657103331042605e-04 0.000000000000000000e+00
4.713354605274713283e-01 5.281771737621955287e-01 7.323786208632608922e-29 2.712049120020910885e-24 4.873657103331042605e-04 0.000000000000000000e+00
4.713354605274713283e-01 5.281771737621955287e-01 7.323786208632608922e-29 2.712049120020910885e-24 4.873657103331042605e-04 0.000000000000000000e+00
4.713354605274713283e-01 5.281771737621955287e-01 7.323786208632608922e-29 2.712049120020910885e-24 4.873657103331042605e-04 0.000000000000000000e+00
4.713354605274713283e-01 5.281771737621955287e-01 7.323786208632608922e-29 2.712049120020910885e-24 4.873657103331042605e-04 0.000000000000000000e+00
4.713354605274713283e-01 5.281771737621955287e-01 7.323786208632608922e-29 2.712049120020910885e-24 4.873657103331042605e-04 0.000000000000000000e+00
4.713354605274713283e-01 5.281771737621955287e-01 7.323786208632608922e-29 2.712049120020910885e-24 4.873657103331042605e-04 0.000000000000000000e+00
4.713354605274713283e-01 5.281771737621955287e-01 7.323786208632608922e-29 2.712049120020910885e-24 4.873657103331042605e-04 0.000000000000000000e+00
4.713354605274713283e-01 5.281771737621955287e-01 7.323786208632608922e-29 2.712049120020910885e-24 4.873657103331042605e-04 0.000000000000000000e+00
4.713354605274713283e-01 5.281771737621955287e-01 7.323786208632608922e-29 2.712049120020910885e-24 4.873657103331042605e-04 0.000000000000000000e+00
4.713354605274713283e-01 5.281771737621955287e-01 7.323786208632608922e-29 2.712049120020910885e-24 4.873657103331042605e-04 0.000000000000000000e+00
