9.513384601049205136e-01 4.790610634955372316e-02 1.729833159901697781e-13 1.171528429499407903e-13 7.554335452354895859e-04 0.000000000000000000e+00
9.513384601049204026e-01 4.790610634955369540e-02 1.254849543743795427e-13 9.082852547719589293e-14 7.554335453089376694e-04 0.000000000000000000e+00
9.513384601049205136e-01 4.790610634955372316e-02 8.122179021981862781e-14 6.432853491648318943e-14 7.554335453796728623e-04 0.000000000000000000e+00
9.513384601049205136e-01 4.790610634955369540e-02 5.220273926396500113e-14 4.530174485809190788e-14 7.554335454278294365e-04 0.000000000000000000e+00
9.513384601049205136e-01 4.790610634955372316e-02 3.331379216611034393e-14 3.171990139957606133e-14 7.554335454605088079e-04 0.000000000000000000e+00
9.513384601049205136e-01 4.790610634955372316e-02 2.110150608263401279e-14 2.207658504391118358e-14 7.554335454822816475e-04 0.000000000000000000e+00
9.513384601049206246e-01 4.790610634955372316e-02 1.326988193622576819e-14 1.527566745472814320e-14 7.554335454970027277e-04 0.000000000000000000e+00
9.513384601049204026e-01 4.790610634955369540e-02 8.282574950718673486e-15 1.050606374313655305e-14 7.554335455068076017e-04 0.000000000000000000e+00
9.513384601049206246e-01 4.790610634955372316e-02 5.129847659576351669e-15 7.180707958012210400e-15 7.554335455132639172e-04 0.000000000000000000e+00
9.513384601049205136e-01 4.790610634955372316e-02 3.153288859742996430e-15 4.878047443374087585e-15 7.554335455175596346e-04 0.000000000000000000e+00
9.513384601049205136e-01 4.790610634955372316e-02 1.923576372911019658e-15 3.293435539756165995e-15 7.554335455203977506e-04 0.000000000000000000e+00
9.513384601049205136e-01 4.790610634955369540e-02 1.164206294601713512e-15 2.209461415554842907e-15 7.554335455222470743e-04 0.000000000000000000e+00
9.513384601049205136e-01 4.790610634955372316e-02 6.989652848065153532e-16 1.472655867541475256e-15 7.554335455234451177e-04 0.000000000000000000e+00
9.513384601049204026e-01 4.790610634955369540e-02 4.163108630190790021e-16 9.752563217263545123e-16 7.554335455242268274e-04 0.000000000000000000e+00
9.513384601049205136e-01 4.790610634955372316e-02 2.459592533334026480e-16 6.416463602756304144e-16 7.554335455247328246e-04 0.000000000000000000e+00
9.513384601049206246e-01 4.790610634955372316e-02 1.441247616365308425e-16 4.193618194258387252e-16 7.554335455250588442e-04 0.000000000000000000e+00
9.513384601049204026e-01 4.790610634955369540e-02 8.375115541582190179e-17 2.722419093191324403e-16 7.554335455252674447e-04 0.000000000000000000e+00
9.513384601049205136e-01 4.790610634955372316e-02 4.825770819089470411e-17 1.755298118374993757e-16 7.554335455254002595e-04 0.000000000000000000e+00
9.513384601049206246e-01 4.790610634955372316e-02 2.756852125597945948e-17 1.123915631253087677e-16 7.554335455254852609e-04 0.000000000000000000e+00
9.513384601049206246e-01 4.790610634955372316e-02 1.561272897791339518e-17 7.145965787016720542e-17 7.554335455255377363e-04 0.000000000000000000e+00
9.513384601049206246e-01 4.790610634955372316e-02 8.764175572178260221e-18 4.511184100797227512e-17 7.554335455255717802e-04 0.000000000000000000e+00
9.513384601049204026e-01 4.790610634955369540e-02 4.875951834144536549e-18 2.827360970107458759e-17 7.554335455255918380e-04 0.000000000000000000e+00
9.513384601049205136e-01 4.790610634955369540e-02 2.688277662629895964e-18 1.759108520260904574e-17 7.554335455256049568e-04 0.000000000000000000e+00
9.513384601049205136e-01 4.790610634955372316e-02 1.468619425371441610e-18 1.086393908715545501e-17 7.554335455256134136e-04 0.000000000000000000e+00
9.513384601049205136e-01 4.790610634955372316e-02 7.949192517247903898e-19 6.659342395265329357e-18 7.554335455256180757e-04 0.000000000000000000e+00
9.513384601049205136e-01 4.790610634955372316e-02 4.262567513779138228e-19 4.051247875272979761e-18 7.554335455256212199e-04 0.000000000000000000e+00
9.513384601049205136e-01 4.790610634955372316e-02 2.264185265671365946e-19 2.445825532228752035e-18 7.554335455256227377e-04 0.000000000000000000e+00
9.513384601049205136e-01 4.790610634955372316e-02 1.191258009616632036e-19 1.465241947627950537e-18 7.554335455256242556e-04 0.000000000000000000e+00
9.513384601049206246e-01 4.790610634955372316e-02 6.205482594852081348e-20 8.707566284381021609e-19 7.554335455256250146e-04 0.000000000000000000e+00
9.513384601049205136e-01 4.790610634955372316e-02 3.200133066632577476e-20 5.132684896179439190e-19 7.554335455256250146e-04 0.000000000000000000e+00
9.513384601049205136e-01 4.790610634955372316e-02 1.634037678750466498e-20 3.001347364949441419e-19 7.554335455256250146e-04 0.000000000000000000e+00
9.513384601049204026e-01 4.790610634955369540e-02 8.260834507423676306e-21 1.740941494548715359e-19 7.554335455256250146e-04 0.000000000000000000e+00
9.513384601049205136e-01 4.790610634955369540e-02 4.133132495508597605e-21 1.001398558448814717e-19 7.554335455256257735e-04 0.000000000000000000e+00
9.513384601049206246e-01 4.790610634955372316e-02 2.045483998952498846e-21 5.709479324339559258e-20 7.554335455256257735e-04 0.000000000000000000e+00
9.513384601049205136e-01 4.790610634955372316e-02 1.001932168384718708e-21 3.228243038192614050e-20 7.554335455256257735e-04 0.000000000000000000e+00
9.513384601049205136e-01 4.790610634955369540e-02 4.856520128992557830e-22 1.809883006628567208e-20 7.554335455256257735e-04 0.000000000000000000e+00
9.513384601049205136e-01 4.790610634955372316e-02 2.326730829541652608e-22 1.005161874414350632e-20 7.554335455256257735e-04 0.000000000000000000e+00
9.513384601049204026e-01 4.790610634955369540e-02 1.103048548751078815e-22 5.535052555764311443e-21 7.554335455256257735e-04 0.000000000000000000e+00
9.513384601049205136e-01 4.790610634955369540e-02 5.170653559172327655e-23 3.020260229519987506e-21 7.554335455256257735e-04 0.000000000000000000e+00
9.513384601049205136e-01 4.790610634955372316e-02 2.395673473202963602e-23 1.632545340500016138e-21 7.554335455256257735e-04 0.000000000000000000e+00
9.513384601049205136e-01 4.790610634955372316e-02 1.098052835135663801e-23 8.747686775540722266e-22 7.554335455256257735e-04 0.000000000000000000e+00
9.513384601049205136e-01 4.790610634955369540e-02 4.968460536097409285e-24 4.638640355792554464e-22 7.554335455256257735e-04 0.000000000000000000e+00
9.513384601049205136e-01 4.790610634955372316e-02 2.223782085226860664e-24 2.438151340156976842e-22 7.554335455256257735e-04 0.000000000000000000e+00
9.513384601049205136e-01 4.790610634955372316e-02 9.822983433371143614e-25 1.267945709170345509e-22 7.554335455256257735e-04 0.000000000000000000e+00
9.513384601049205136e-01 4.790610634955372316e-02 4.290621077339731896e-25 6.534229254724500623e-23 7.554335455256257735e-04 0.000000000000000000e+00
9.513384601049205136e-01 4.790610634955372316e-02 1.848845848914226229e-25 3.330537504561744784e-23 7.554335455256257735e-04 0.000000000000000000e+00
9.513384601049204026e-01 4.790610634955369540e-02 7.876783855612314978e-26 1.682057116726555567e-23 7.554335455256257735e-04 0.000000000000000000e+00
9.513384601049204026e-01 4.790610634955369540e-02 3.308491277624284005e-26 8.397954771700377904e-24 7.554335455256257735e-04 0.000000000000000000e+00
9.513384601049205136e-01 4.790610634955372316e-02 1.373207692781454550e-26 4.152560781877246334e-24 7.554335455256257735e-04 0.000000000000000000e+00
9.513384601049205136e-01 4.790610634955372316e-02 5.622147857029814320e-27 2.030711158876351341e-24 7.554335455256257735e-04 0.000000000000000000e+00
9.513384601049205136e-01 4.790610634955372316e-02 3.442692390637810459e-27 1.370901953700310829e-24 7.554335455256257735e-04 0.000000000000000000e+00
9.513384601049205136e-01 4.790610634955372316e-02 3.442692390637810459e-27 1.370901953700310829e-24 7.554335455256257735e-04 0.000000000000000000e+00
9.513384601049205136e-01 4.790610634955372316e-02 3.442692390637810459e-27 1.370901953700310829e-24 7.554335455256257735e-04 0.000000000000000000e+00
9.513384601049205136e-01 4.790610634955372316e-02 3.442692390637810459e-27 1.370901953700310829e-24 7.554335455256257735e-04 0.000000000000000000e+00
9.513384601049205136e-01 4.790610634955372316e-02 3.442692390637810459e-27 1.370901953700310829e-24 7.554335455256257735e-04 0.000000000000000000e+00
9.513384601049205136e-01 4.790610634955372316e-02 3.442692390637810459e-27 1.370901953700310829e-24 7.554335455256257735e-04 0.000000000000000000e+00
9.513384601049205136e-01 4.790610634955372316e-02 3.442692390637810459e-27 1.370901953700310829e-24 7.554335455256257735e-04 0.000000000000000000e+00
9.513384601049205136e-01 4.790610634955372316e-02 3.442692390637810459e-27 1.370901953700310829e-24 7.554335455256257735e-04 0.000000000000000000e+00
9.513384601049205136e-01 4.790610634955372316e-02 3.442692390637810459e-27 1.370901953700310829e-24 7.554335455256257735e-04 0.000000000000000000e+00
9.513384601049205136e-01 4.790610634955372316e-02 3.442692390637810459e-27 1.370901953700310829e-24 7.554335455256257735e-04 0.000000000000000000e+00
9.513384601049205136e-01 4.790610634955372316e-02 3.442692390637810459e-27 1.370901953700310829e-24 7.554335455256257735e-04 0.000000000000000000e+00
9.513384601049205136e-01 4.790610634955372316e-02 3.442692390637810459e-27 1.370901953700310829e-24 7.554335455256257735e-04 0.000000000000000000e+00
9.513384601049205136e-01 4.790610634955372316e-02 3.442692390637810459e-27 1.370901953700310829e-24 7.554335455256257735e-04 0.000000000000000000e+00
9.513384601049205136e-01 4.790610634955372316e-02 3.442692390637810459e-27 1.370901953700310829e-24 7.554335455256257735e-04 0.000000000000000000e+00
9.513384601049205136e-01 4.790610634955372316e-02 3.442692390637810459e-27 1.370901953700310829e-24 7.554335455256257735e-04 0.000000000000000000e+00
9.513384601049205136e-01 4.790610634955372316e-02 3.442692390637810459e-27 1.370901953700310829e-24 7.554335455256257735e-04 0.000000000000000000e+00
9.513384601049205136e-01 4.790610634955372316e-02 3.442692390637810459e-27 1.370901953700310829e-24 7.554335455256257735e-04 0.000000000000000000e+00
9.513384601049205136e-01 4.790610634955372316e-02 3.442692390637810459e-27 1.370901953700310829e-24 7.554335455256257735e-04 0.000000000000000000e+00
9.513384601049205136e-01 4.790610634955372316e-02 3.442692390637810459e-27 1.370901953700310829e-24 7.554335455256257735e-04 0.000000000000000000e+00
9.513384601049205136e-01 4.790610634955372316e-02 3.442692390637810459e-27 1.370901953700310829e-24 7.554335455256257735e-04 0.000000000000000000e+00
9.513384601049205136e-01 4.790610634955372316e-02 3.442692390637810459e-27 1.370901953700310829e-24 7.554335455256257735e-04 0.000000000000000000e+00
9.513384601049205136e-01 4.790610634955372316e-02 3.442692390637810459e-27 1.370901953700310829e-24 7.554335455256257735e-04 0.000000000000000000e+00
9.513384601049205136e-01 4.790610634955372316e-02 3.442692390637810459e-27 1.370901953700310829e-24 7.554335455256257735e-04 0.000000000000000000e+00
9.513384601049205136e-01 4.790610634955372316e-02 3.442692390637810459e-27 1.370901953700310829e-24 7.554335455256257735e-04 0.000000000000000000e+00
9.513384601049205136e-01 4.790610634955372316e-02 3.442692390637810459e-27 1.370901953700310829e-24 7.554335455256257735e-04 0.000000000000000000e+00
9.513384601049205136e-01 4.790610634955372316e-02 3.442692390637810459e-27 1.370901953700310829e-24 7.554335455256257735e-04 0.000000000000000000e+00
9.513384601049205136e-01 4.790610634955372316e-02 3.442692390637810459e-27 1.370901953700310829e-24 7.554335455256257735e-04 0.000000000000000000e+00
9.513384601049205136e-01 4.790610634955372316e-02 3.442692390637810459e-27 1.370901953700310829e-24 7.554335455256257735e-04 0.000000000000000000e+00
9.513384601049205136e-01 4.790610634955372316e-02 3.442692390637810459e-27 1.370901953700310829e-24 7.554335455256257735e-04 0.000000000000000000e+00
9.513384601049205136e-01 4.790610634955372316e-02 3.442692390637810459e-27 1.370901953700310829e-24 7.554335455256257735e-04 0.000000000000000000e+00
9.513384601049205136e-01 4.790610634955372316e-02 3.442692390637810459e-27 1.370901953700310829e-24 7.554335455256257735e-04 0.000000000000000000e+00
9.513384601049205136e-01 4.790610634955372316e-02 3.442692390637810459e-27 1.370901953700310829e-24 7.554335455256257735e-04 0.000000000000000000e+00
9.513384601049205136e-01 4.790610634955372316e-02 3.442692390637810459e-27 1.370901953700310829e-24 7.554335455256257735e-04 0.000000000000000000e+00
9.513384601049205136e-01 4.790610634955372316e-02 3.442692390637810459e-27 1.370901953700310829e-24 7.554335455256257735e-04 0.000000000000000000e+00
9.513384601049205136e-01 4.790610634955372316e-02 3.442692390637810459e-27 1.370901953700310829e-24 7.554335455256257735e-04 0.000000000000000000e+00
9.513384601049205136e-01 4.790610634955372316e-02 3.442692390637810459e-27 1.370901953700310829e-24 7.554335455256257735e-04 0.000000000000000000e+00
9.513384601049205136e-01 4.790610634955372316e-02 3.442692390637810459e-27 1.370901953700310829e-24 7.554335455256257735e-04 0.000000000000000000e+00
9.513384601049205136e-01 4.790610634955372316e-02 3.442692390637810459e-27 1.370901953700310829e-24 7.554335455256257735e-04 0.000000000000000000e+00
9.513384601049205136e-01 4.790610634955372316e-02 3.442692390637810459e-27 1.370901953700310829e-24 7.554335455256257735e-04 0.000000000000000000e+00
9.513384601049205136e-01 4.790610634955372316e-02 3.442692390637810459e-27 1.370901953700310829e-24 7.554335455256257735e-04 0.000000000000000000e+00
9.513384601049205136e-01 4.790610634955372316e-02 3.442692390637810459e-27 1.370901953700310829e-24 7.554335455256257735e-04 0.000000000000000000e+00
9.513384601049205136e-01 4.790610634955372316e-02 3.442692390637810459e-27 1.370901953700310829e-24 7.554335455256257735e-04 0.000000000000000000e+00
9.513384601049205136e-01 4.790610634955372316e-02 3.442692390637810459e-27 1.370901953700310829e-24 7.554335455256257735e-04 0.000000000000000000e+00
9.513384601049205136e-01 4.790610634955372316e-02 3.442692390637810459e-27 1.370901953700310829e-24 7.554335455256257735e-04 0.000000000000000000e+00
9.513384601049205136e-01 4.790610634955372316e-02 3.442692390637810459e-27 1.370901953700310829e-24 7.554335455256257735e-04 0.000000000000000000e+00
9.513384601049205136e-01 4.790610634955372316e-02 3.442692390637810459e-27 1.370901953700310829e-24 7.554335455256257735e-04 0.000000000000000000e+00
9.513384601049205136e-01 4.790610634955372316e-02 3.442692390637810459e-27 1.370901953700310829e-24 7.554335455256257735e-04 0.000000000000000000e+00
9.513384601049205136e-01 4.790610634955372316e-02 3.442692390637810459e-27 1.370901953700310829e-24 7.554335455256257735e-04 0.000000000000000000e+00
9.513384601049205136e-01 4.790610634955372316e-02 3.442692390637810459e-27 1.370901953700310829e-24 7.554335455256257735e-04 0.000000000000000000e+00
9.513384601049205136e-01 4.790610634955372316e-02 3.442692390637810459e-27 1.370901953700310829e-24 7.554335455256257735e-04 0.000000000000000000e+00
9.513384601049205136e-01 4.790610634955372316e-02 3.442692390637810459e-27 1.370901953700310829e-24 7.554335455256257735e-04 0.000000000000000000e+00
9.513384601049205136e-01 4.790610634955372316e-02 3.442692390637810459e-27 1.370901953700310829e-24 7.554335455256257735e-04 0.000000000000000000e+00
9.513384601049205136e-01 4.790610634955372316e-02 3.442692390637810459e-27 1.370901953700310829e-24 7.554335455256257735e-04 0.000000000000000000e+00
9.513384601049205136e-01 4.790610634955372316e-02 3.442692390637810459e-27 1.370901953700310829e-24 7.554335455256257735e-04 0.000000000000000000e+00
9.513384601049205136e-01 4.790610634955372316e-02 3.442692390637810459e-27 1.370901953700310829e-24 7.554335455256257735e-04 0.000000000000000000e+00
9.513384601049205136e-01 4.790610634955372316e-02 3.442692390637810459e-27 1.370901953700310829e-24 7.554335455256257735e-04 0.000000000000000000e+00
9.513384601049205136e-01 4.790610634955372316e-02 3.442692390637810459e-27 1.370901953700310829e-24 7.554335455256257735e-04 0.000000000000000000e+00
9.513384601049205136e-01 4.790610634955372316e-02 3.442692390637810459e-27 1.370901953700310829e-24 7.554335455256257735e-04 0.000000000000000000e+00
9.513384601049205136e-01 4.790610634955372316e-02 3.442692390637810459e-27 1.370901953700310829e-24 7.554335455256257735e-04 0.000000000000000000e+00
9.513384601049205136e-01 4.790610634955372316e-02 3.442692390637810459e-27 1.370901953700310829e-24 7.554335455256257735e-04 0.000000000000000000e+00
9.513384601049205136e-01 4.790610634955372316e-02 3.442692390637810459e-27 1.370901953700310829e-24 7.554335455256257735e-04 0.000000000000000000e+00
9.513384601049205136e-01 4.790610634955372316e-02 3.442692390637810459e-27 1.370901953700310829e-24 7.554335455256257735e-04 0.000000000000000000e+00
9.513384601049205136e-01 4.790610634955372316e-02 3.442692390637810459e-27 1.370901953700310829e-24 7.554335455256257735e-04 0.000000000000000000e+00
9.513384601049205136e-01 4.790610634955372316e-02 3.442692390637810459e-27 1.370901953700310829e-24 7.554335455256257735e-04 0.000000000000000000e+00
9.513384601049205136e-01 4.790610634955372316e-02 3.442692390637810459e-27 1.370901953700310829e-24 7.554335455256257735e-04 0.000000000000000000e+00
9.513384601049205136e-01 4.790610634955372316e-02 3.442692390637810459e-27 1.370901953700310829e-24 7.554335455256257735e-04 0.000000000000000000e+00
9.513384601049205136e-01 4.790610634955372316e-02 3.442692390637810459e-27 1.370901953700310829e-24 7.554335455256257735e-04 0.000000000000000000e+00
9.513384601049205136e-01 4.790610634955372316e-02 3.442692390637810459e-27 1.370901953700310829e-24 7.554335455256257735e-04 0.000000000000000000e+00
9.513384601049205136e-01 4.790610634955372316e-02 3.442692390637810459e-27 1.370901953700310829e-24 7.554335455256257735e-04 0.000000000000000000e+00
9.513384601049205136e-01 4.790610634955372316e-02 3.442692390637810459e-27 1.370901953700310829e-24 7.554335455256257735e-04 0.000000000000000000e+00
9.513384601049205136e-01 4.790610634955372316e-02 3.442692390637810459e-27 1.370901953700310829e-24 7.554335455256257735e-04 0.000000000000000000e+00
9.513384601049205136e-01 4.790610634955372316e-02 3.442692390637810459e-27 1.370901953700310829e-24 7.554335455256257735e-04 0.000000000000000000e+00
9.513384601049205136e-01 4.790610634955372316e-02 3.442692390637810459e-27 1.370901953700310829e-24 7.554335455256257735e-04 0.000000000000000000e+00
9.513384601049205136e-01 4.790610634955372316e-02 3.442692390637810459e-27 1.370901953700310829e-24 7.554335455256257735e-04 0.000000000000000000e+00
9.513384601049205136e-01 4.790610634955372316e-02 3.442692390637810459e-27 1.370901953700310829e-24 7.554335455256257735e-04 0.000000000000000000e+00
9.513384601049205136e-01 4.790610634955372316e-02 3.442692390637810459e-27 1.370901953700310829e-24 7.554335455256257735e-04 0.000000000000000000e+00
9.513384601049205136e-01 4.790610634955372316e-02 3.442692390637810459e-27 1.370901953700310829e-24 7.554335455256257735e-04 0.000000000000000000e+00
9.513384601049205136e-01 4.790610634955372316e-02 3.442692390637810459e-27 1.370901953700310829e-24 7.554335455256257735e-04 0.000000000000000000e+00
9.513384601049205136e-01 4.790610634955372316e-02 3.442692390637810459e-27 1.370901953700310829e-24 7.554335455256257735e-04 0.000000000000000000e+00
9.513384601049205136e-01 4.790610634955372316e-02 3.442692390637810459e-27 1.370901953700310829e-24 7.554335455256257735e-04 0.000000000000000000e+00
9.513384601049205136e-01 4.790610634955372316e-02 3.442692390637810459e-27 1.370901953700310829e-24 7.554335455256257735e-04 0.000000000000000000e+00
9.513384601049205136e-01 4.790610634955372316e-02 3.442692390637810459e-27 1.370901953700310829e-24 7.554335455256257735e-04 0.000000000000000000e+00
9.513384601049205136e-01 4.790610634955372316e-02 3.442692390637810459e-27 1.370901953700310829e-24 7.554335455256257735e-04 0.000000000000000000e+00
9.513384601049205136e-01 4.790610634955372316e-02 3.442692390637810459e-27 1.370901953700310829e-24 7.554335455256257735e-04 0.000000000000000000e+00
9.513384601049205136e-01 4.790610634955372316e-02 3.442692390637810459e-27 1.370901953700310829e-24 7.554335455256257735e-04 0.000000000000000000e+00
9.513384601049205136e-01 4.790610634955372316e-02 3.442692390637810459e-27 1.370901953700310829e-24 7.554335455256257735e-04 0.000000000000000000e+00
9.513384601049205136e-01 4.790610634955372316e-02 3.442692390637810459e-27 1.370901953700310829e-24 7.554335455256257735e-04 0.000000000000000000e+00
9.513384601049205136e-01 4.790610634955372316e-02 3.442692390637810459e-27 1.370901953700310829e-24 7.554335455256257735e-04 0.000000000000000000e+00
9.513384601049205136e-01 4.790610634955372316e-02 3.442692390637810459e-27 1.370901953700310829e-24 7.554335455256257735e-04 0.000000000000000000e+00
9.513384601049205136e-01 4.790610634955372316e-02 3.442692390637810459e-27 1.370901953700310829e-24 7.554335455256257735e-04 0.000000000000000000e+00
9.513384601049205136e-01 4.790610634955372316e-02 3.442692390637810459e-27 1.370901953700310829e-24 7.554335455256257735e-04 0.000000000000000000e+00
9.513384601049205136e-01 4.790610634955372316e-02 3.442692390637810459e-27 1.370901953700310829e-24 7.554335455256257735e-04 0.000000000000000000e+00
9.513384601049205136e-01 4.790610634955372316e-02 3.442692390637810459e-27 1.370901953700310829e-24 7.554335455256257735e-04 0.000000000000000000e+00
9.513384601049205136e-01 4.790610634955372316e-02 3.442692390637810459e-27 1.370901953700310829e-24 7.554335455256257735e-04 0.000000000000000000e+00
9.513384601049205136e-01 4.790610634955372316e-02 3.442692390637810459e-27 1.370901953700310829e-24 7.554335455256257735e-04 0.000000000000000000e+00
9.513384601049205136e-01 4.790610634955372316e-02 3.442692390637810459e-27 1.370901953700310829e-24 7.554335455256257735e-04 0.000000000000000000e+00
9.513384601049205136e-01 4.790610634955372316e-02 3.442692390637810459e-27 1.370901953700310829e-24 7.554335455256257735e-04 0.000000000000000000e+00
9.513384601049205136e-01 4.790610634955372316e-02 3.442692390637810459e-27 1.370901953700310829e-24 7.554335455256257735e-04 0.000000000000000000e+00
9.513384601049205136e-01 4.790610634955372316e-02 3.442692390637810459e-27 1.370901953700310829e-24 7.554335455256257735e-04 0.000000000000000000e+00
9.513384601049205136e-01 4.790610634955372316e-02 3.442692390637810459e-27 1.370901953700310829e-24 7.554335455256257735e-04 0.000000000000000000e+00
9.513384601049205136e-01 4.790610634955372316e-02 3.442692390637810459e-27 1.370901953700310829e-24 7.554335455256257735e-04 0.000000000000000000e+00
9.513384601049205136e-01 4.790610634955372316e-02 3.442692390637810459e-27 1.370901953700310829e-24 7.554335455256257735e-04 0.000000000000000000e+00
9.513384601049205136e-01 4.790610634955372316e-02 3.442692390637810459e-27 1.370901953700310829e-24 7.554335455256257735e-04 0.000000000000000000e+00
9.513384601049205136e-01 4.790610634955372316e-02 3.442692390637810459e-27 1.370901953700310829e-24 7.554335455256257735e-04 0.000000000000000000e+00
9.513384601049205136e-01 4.790610634955372316e-02 3.442692390637810459e-27 1.370901953700310829e-24 7.554335455256257735e-04 0.000000000000000000e+00
9.513384601049205136e-01 4.790610634955372316e-02 3.442692390637810459e-27 1.370901953700310829e-24 7.554335455256257735e-04 0.000000000000000000e+00
9.513384601049205136e-01 4.790610634955372316e-02 3.442692390637810459e-27 1.370901953700310829e-24 7.554335455256257735e-04 0.000000000000000000e+00
9.513384601049205136e-01 4.790610634955372316e-02 3.442692390637810459e-27 1.370901953700310829e-24 7.554335455256257735e-04 0.000000000000000000e+00
9.513384601049205136e-01 4.790610634955372316e-02 3.442692390637810459e-27 1.370901953700310829e-24 7.554335455256257735e-04 0.000000000000000000e+00
9.513384601049205136e-01 4.790610634955372316e-02 3.442692390637810459e-27 1.370901953700310829e-24 7.554335455256257735e-04 0.000000000000000000e+00
9.513384601049205136e-01 4.790610634955372316e-02 3.442692390637810459e-27 1.370901953700310829e-24 7.554335455256257735e-04 0.000000000000000000e+00
9.513384601049205136e-01 4.790610634955372316e-02 3.442692390637810459e-27 1.370901953700310829e-24 7.554335455256257735e-04 0.000000000000000000e+00
9.513384601049205136e-01 4.790610634955372316e-02 3.442692390637810459e-27 1.370901953700310829e-24 7.554335455256257735e-04 0.000000000000000000e+00
9.513384601049205136e-01 4.790610634955372316e-02 3.442692390637810459e-27 1.370901953700310829e-24 7.554335455256257735e-04 0.000000000000000000e+00
9.513384601049205136e-01 4.790610634955372316e-02 3.442692390637810459e-27 1.370901953700310829e-24 7.554335455256257735e-04 0.000000000000000000e+00
9.513384601049205136e-01 4.790610634955372316e-02 3.442692390637810459e-27 1.370901953700310829e-24 7.554335455256257735e-04 0.000000000000000000e+00
9.513384601049205136e-01 4.790610634955372316e-02 3.442692390637810459e-27 1.370901953700310829e-24 7.554335455256257735e-04 0.000000000000000000e+00
9.513384601049205136e-01 4.790610634955372316e-02 3.442692390637810459e-27 1.370901953700310829e-24 7.554335455256257735e-04 0.000000000000000000e+00
9.513384601049205136e-01 4.790610634955372316e-02 3.442692390637810459e-27 1.370901953700310829e-24 7.554335455256257735e-04 0.000000000000000000e+00
9.513384601049205136e-01 4.790610634955372316e-02 3.442692390637810459e-27 1.370901953700310829e-24 7.554335455256257735e-04 0.000000000000000000e+00
9.513384601049205136e-01 4.790610634955372316e-02 3.442692390637810459e-27 1.370901953700310829e-24 7.554335455256257735e-04 0.000000000000000000e+00
9.513384601049205136e-01 4.790610634955372316e-02 3.442692390637810459e-27 1.370901953700310829e-24 7.554335455256257735e-04 0.000000000000000000e+00
9.513384601049205136e-01 4.790610634955372316e-02 3.442692390637810459e-27 1.370901953700310829e-24 7.554335455256257735e-04 0.000000000000000000e+00
9.513384601049205136e-01 4.790610634955372316e-02 3.442692390637810459e-27 1.370901953700310829e-24 7.554335455256257735e-04 0.000000000000000000e+00
9.513384601049205136e-01 4.790610634955372316e-02 3.442692390637810459e-27 1.370901953700310829e-24 7.554335455256257735e-04 0.000000000000000000e+00
9.513384601049205136e-01 4.790610634955372316e-02 3.442692390637810459e-27 1.370901953700310829e-24 7.554335455256257735e-04 0.000000000000000000e+00
9.513384601049205136e-01 4.790610634955372316e-02 3.442692390637810459e-27 1.370901953700310829e-24 7.554335455256257735e-04 0.000000000000000000e+00
9.513384601049205136e-01 4.790610634955372316e-02 3.442692390637810459e-27 1.370901953700310829e-24 7.554335455256257735e-04 0.000000000000000000e+00
9.513384601049205136e-01 4.790610634955372316e-02 3.442692390637810459e-27 1.370901953700310829e-24 7.554335455256257735e-04 0.000000000000000000e+00
9.513384601049205136e-01 4.790610634955372316e-02 3.442692390637810459e-27 1.370901953700310829e-24 7.554335455256257735e-04 0.000000000000000000e+00
9.513384601049205136e-01 4.790610634955372316e-02 3.442692390637810459e-27 1.370901953700310829e-24 7.554335455256257735e-04 0.000000000000000000e+00
9.513384601049205136e-01 4.790610634955372316e-02 3.442692390637810459e-27 1.370901953700310829e-24 7.554335455256257735e-04 0.000000000000000000e+00
9.513384601049205136e-01 4.790610634955372316e-02 3.442692390637810459e-27 1.370901953700310829e-24 7.554335455256257735e-04 0.000000000000000000e+00
9.513384601049205136e-01 4.790610634955372316e-02 3.442692390637810459e-27 1.370901953700310829e-24 7.554335455256257735e-04 0.000000000000000000e+00
9.513384601049205136e-01 4.790610634955372316e-02 3.442692390637810459e-27 1.370901953700310829e-24 7.554335455256257735e-04 0.000000000000000000e+00
9.513384601049205136e-01 4.790610634955372316e-02 3.442692390637810459e-27 1.370901953700310829e-24 7.554335455256257735e-04 0.000000000000000000e+00
9.513384601049205136e-01 4.790610634955372316e-02 3.442692390637810459e-27 1.370901953700310829e-24 7.554335455256257735e-04 0.000000000000000000e+00
9.513384601049205136e-01 4.790610634955372316e-02 3.442692390637810459e-27 1.370901953700310829e-24 7.554335455256257735e-04 0.000000000000000000e+00
9.513384601049205136e-01 4.790610634955372316e-02 3.442692390637810459e-27 1.370901953700310829e-24 7.554335455256257735e-04 0.000000000000000000e+00
9.513384601049205136e-01 4.790610634955372316e-02 3.442692390637810459e-27 1.370901953700310829e-24 7.554335455256257735e-04 0.000000000000000000e+00
9.513384601049205136e-01 4.790610634955372316e-02 3.442692390637810459e-27 1.370901953700310829e-24 7.554335455256257735e-04 0.000000000000000000e+00
9.513384601049205136e-01 4.790610634955372316e-02 3.442692390637810459e-27 1.370901953700310829e-24 7.554335455256257735e-04 0.000000000000000000e+00
9.513384601049205136e-01 4.790610634955372316e-02 3.442692390637810459e-27 1.370901953700310829e-24 7.554335455256257735e-04 0.000000000000000000e+00
9.513384601049205136e-01 4.790610634955372316e-02 3.442692390637810459e-27 1.370901953700310829e-24 7.554335455256257735e-04 0.000000000000000000e+00
9.513384601049205136e-01 4.790610634955372316e-02 3.442692390637810459e-27 1.370901953700310829e-24 7.554335455256257735e-04 0.000000000000000000e+00
9.513384601049205136e-01 4.790610634955372316e-02 3.442692390637810459e-27 1.370901953700310829e-24 7.554335455256257735e-04 0.000000000000000000e+00
9.513384601049205136e-01 4.790610634955372316e-02 3.442692390637810459e-27 1.370901953700310829e-24 7.554335455256257735e-04 0.000000000000000000e+00
9.513384601049205136e-01 4.790610634955372316e-02 3.442692390637810459e-27 1.370901953700310829e-24 7.554335455256257735e-04 0.000000000000000000e+00
9.513384601049205136e-01 4.790610634955372316e-02 3.442692390637810459e-27 1.370901953700310829e-24 7.554335455256257735e-04 0.000000000000000000e+00
9.513384601049205136e-01 4.790610634955372316e-02 3.442692390637810459e-27 1.370901953700310829e-24 7.554335455256257735e-04 0.000000000000000000e+00
9.513384601049205136e-01 4.790610634955372316e-02 3.442692390637810459e-27 1.370901953700310829e-24 7.554335455256257735e-04 0.000000000000000000e+00
9.513384601049205136e-01 4.790610634955372316e-02 3.442692390637810459e-27 1.370901953700310829e-24 7.554335455256257735e-04 0.000000000000000000e+00
9.513384601049205136e-01 4.790610634955372316e-02 3.442692390637810459e-27 1.370901953700310829e-24 7.554335455256257735e-04 0.000000000000000000e+00
9.513384601049205136e-01 4.790610634955372316e-02 3.442692390637810459e-27 1.370901953700310829e-24 7.554335455256257735e-04 0.000000000000000000e+00
9.513384601049205136e-01 4.790610634955372316e-02 3.442692390637810459e-27 1.370901953700310829e-24 7.554335455256257735e-04 0.000000000000000000e+00
9.513384601049205136e-01 4.790610634955372316e-02 3.442692390637810459e-27 1.370901953700310829e-24 7.554335455256257735e-04 0.000000000000000000e+00
9.513384601049205136e-01 4.790610634955372316e-02 3.442692390637810459e-27 1.370901953700310829e-24 7.554335455256257735e-04 0.000000000000000000e+00
9.513384601049205136e-01 4.790610634955372316e-02 3.442692390637810459e-27 1.370901953700310829e-24 7.554335455256257735e-04 0.000000000000000000e+00
9.513384601049205136e-01 4.790610634955372316e-02 3.442692390637810459e-27 1.370901953700310829e-24 7.554335455256257735e-04 0.000000000000000000e+00
9.513384601049205136e-01 4.790610634955372316e-02 3.442692390637810459e-27 1.370901953700310829e-24 7.554335455256257735e-04 0.000000000000000000e+00
9.513384601049205136e-01 4.790610634955372316e-02 3.442692390637810459e-27 1.370901953700310829e-24 7.554335455256257735e-04 0.000000000000000000e+00
9.513384601049205136e-01 4.790610634955372316e-02 3.442692390637810459e-27 1.370901953700310829e-24 7.554335455256257735e-04 0.000000000000000000e+00
9.513384601049205136e-01 4.790610634955372316e-02 3.442692390637810459e-27 1.370901953700310829e-24 7.554335455256257735e-04 0.000000000000000000e+00
9.513384601049205136e-01 4.790610634955372316e-02 3.442692390637810459e-27 1.370901953700310829e-24 7.554335455256257735e-04 0.000000000000000000e+00
9.513384601049205136e-01 4.790610634955372316e-02 3.442692390637810459e-27 1.370901953700310829e-24 7.554335455256257735e-04 0.000000000000000000e+00
9.513384601049205136e-01 4.790610634955372316e-02 3.442692390637810459e-27 1.370901953700310829e-24 7.554335455256257735e-04 0.000000000000000000e+00
9.513384601049205136e-01 4.790610634955372316e-02 3.442692390637810459e-27 1.370901953700310829e-24 7.554335455256257735e-04 0.000000000000000000e+00
9.513384601049205136e-01 4.790610634955372316e-02 3.442692390637810459e-27 1.370901953700310829e-24 7.554335455256257735e-04 0.000000000000000000e+00
9.513384601049205136e-01 4.790610634955372316e-02 3.442692390637810459e-27 1.370901953700310829e-24 7.554335455256257735e-04 0.000000000000000000e+00
9.513384601049205136e-01 4.790610634955372316e-02 3.442692390637810459e-27 1.370901953700310829e-24 7.554335455256257735e-04 0.000000000000000000e+00
9.513384601049205136e-01 4.790610634955372316e-02 3.442692390637810459e-27 1.370901953700310829e-24 7.554335455256257735e-04 0.000000000000000000e+00
9.513384601049205136e-01 4.790610634955372316e-02 3.442692390637810459e-27 1.370901953700310829e-24 7.554335455256257735e-04 0.000000000000000000e+00
9.513384601049205136e-01 4.790610634955372316e-02 3.442692390637810459e-27 1.370901953700310829e-24 7.554335455256257735e-04 0.000000000000000000e+00
9.513384601049205136e-01 4.790610634955372316e-02 3.442692390637810459e-27 1.370901953700310829e-24 7.554335455256257735e-04 0.000000000000000000e+00
9.513384601049205136e-01 4.790610634955372316e-02 3.442692390637810459e-27 1.370901953700310829e-24 7.554335455256257735e-04 0.000000000000000000e+00
9.513384601049205136e-01 4.790610634955372316e-02 3.442692390637810459e-27 1.370901953700310829e-24 7.554335455256257735e-04 0.000000000000000000e+00
9.513384601049205136e-01 4.790610634955372316e-02 3.442692390637810459e-27 1.370901953700310829e-24 7.554335455256257735e-04 0.000000000000000000e+00
9.513384601049205136e-01 4.790610634955372316e-02 3.442692390637810459e-27 1.370901953700310829e-24 7.554335455256257735e-04 0.000000000000000000e+00
9.513384601049205136e-01 4.790610634955372316e-02 3.442692390637810459e-27 1.370901953700310829e-24 7.554335455256257735e-04 0.000000000000000000e+00
9.513384601049205136e-01 4.790610634955372316e-02 3.442692390637810459e-27 1.370901953700310829e-24 7.554335455256257735e-04 0.000000000000000000e+00
9.513384601049205136e-01 4.790610634955372316e-02 3.442692390637810459e-27 1.370901953700310829e-24 7.554335455256257735e-04 0.000000000000000000e+00
9.513384601049205136e-01 4.790610634955372316e-02 3.442692390637810459e-27 1.370901953700310829e-24 7.554335455256257735e-04 0.000000000000000000e+00
9.513384601049205136e-01 4.790610634955372316e-02 3.442692390637810459e-27 1.370901953700310829e-24 7.554335455256257735e-04 0.000000000000000000e+00
9.513384601049205136e-01 4.790610634955372316e-02 3.442692390637810459e-27 1.370901953700310829e-24 7.554335455256257735e-04 0.000000000000000000e+00
9.513384601049205136e-01 4.790610634955372316e-02 3.442692390637810459e-27 1.370901953700310829e-24 7.554335455256257735e-04 0.000000000000000000e+00
9.513384601049205136e-01 4.790610634955372316e-02 3.442692390637810459e-27 1.370901953700310829e-24 7.554335455256257735e-04 0.000000000000000000e+00
9.513384601049205136e-01 4.790610634955372316e-02 3.442692390637810459e-27 1.370901953700310829e-24 7.554335455256257735e-04 0.000000000000000000e+00
9.513384601049205136e-01 4.790610634955372316e-02 3.442692390637810459e-27 1.370901953700310829e-24 7.554335455256257735e-04 0.000000000000000000e+00
9.513384601049205136e-01 4.790610634955372316e-02 3.442692390637810459e-27 1.370901953700310829e-24 7.554335455256257735e-04 0.000000000000000000e+00
9.513384601049205136e-01 4.790610634955372316e-02 3.442692390637810459e-27 1.370901953700310829e-24 7.554335455256257735e-04 0.000000000000000000e+00
9.513384601049205136e-01 4.790610634955372316e-02 3.442692390637810459e-27 1.370901953700310829e-24 7.554335455256257735e-04 0.000000000000000000e+00
9.513384601049205136e-01 4.790610634955372316e-02 3.442692390637810459e-27 1.370901953700310829e-24 7.554335455256257735e-04 0.000000000000000000e+00
9.513384601049205136e-01 4.790610634955372316e-02 3.442692390637810459e-27 1.370901953700310829e-24 7.554335455256257735e-04 0.000000000000000000e+00
9.513384601049205136e-01 4.790610634955372316e-02 3.442692390637810459e-27 1.370901953700310829e-24 7.554335455256257735e-04 0.000000000000000000e+00
9.513384601049205136e-01 4.790610634955372316e-02 3.442692390637810459e-27 1.370901953700310829e-24 7.554335455256257735e-04 0.000000000000000000e+00
9.513384601049205136e-01 4.790610634955372316e-02 3.442692390637810459e-27 1.370901953700310829e-24 7.554335455256257735e-04 0.000000000000000000e+00
9.513384601049205136e-01 4.790610634955372316e-02 3.442692390637810459e-27 1.370901953700310829e-24 7.554335455256257735e-04 0.000000000000000000e+00
9.513384601049205136e-01 4.790610634955372316e-02 3.442692390637810459e-27 1.370901953700310829e-24 7.554335455256257735e-04 0.000000000000000000e+00
9.513384601049205136e-01 4.790610634955372316e-02 3.442692390637810459e-27 1.370901953700310829e-24 7.554335455256257735e-04 0.000000000000000000e+00
9.513384601049205136e-01 4.790610634955372316e-02 3.442692390637810459e-27 1.370901953700310829e-24 7.554335455256257735e-04 0.000000000000000000e+00
9.513384601049205136e-01 4.790610634955372316e-02 3.442692390637810459e-27 1.370901953700310829e-24 7.554335455256257735e-04 0.000000000000000000e+00
9.513384601049205136e-01 4.790610634955372316e-02 3.442692390637810459e-27 1.370901953700310829e-24 7.554335455256257735e-04 0.000000000000000000e+00
9.513384601049205136e-01 4.790610634955372316e-02 3.442692390637810459e-27 1.370901953700310829e-24 7.554335455256257735e-04 0.000000000000000000e+00
9.513384601049205136e-01 4.790610634955372316e-02 3.442692390637810459e-27 1.370901953700310829e-24 7.554335455256257735e-04 0.000000000000000000e+00
9.513384601049205136e-01 4.790610634955372316e-02 3.442692390637810459e-27 1.370901953700310829e-24 7.554335455256257735e-04 0.000000000000000000e+00
9.513384601049205136e-01 4.790610634955372316e-02 3.442692390637810459e-27 1.370901953700310829e-24 7.554335455256257735e-04 0.000000000000000000e+00
9.513384601049205136e-01 4.790610634955372316e-02 3.442692390637810459e-27 1.370901953700310829e-24 7.554335455256257735e-04 0.000000000000000000e+00
9.513384601049205136e-01 4.790610634955372316e-02 3.442692390637810459e-27 1.370901953700310829e-24 7.554335455256257735e-04 0.000000000000000000e+00
9.513384601049205136e-01 4.790610634955372316e-02 3.442692390637810459e-27 1.370901953700310829e-24 7.554335455256257735e-04 0.000000000000000000e+00
9.513384601049205136e-01 4.790610634955372316e-02 3.442692390637810459e-27 1.370901953700310829e-24 7.554335455256257735e-04 0.000000000000000000e+00
9.513384601049205136e-01 4.790610634955372316e-02 3.442692390637810459e-27 1.370901953700310829e-24 7.554335455256257735e-04 0.000000000000000000e+00
9.513384601049205136e-01 4.790610634955372316e-02 3.442692390637810459e-27 1.370901953700310829e-24 7.554335455256257735e-04 0.000000000000000000e+00
9.513384601049205136e-01 4.790610634955372316e-02 3.442692390637810459e-27 1.370901953700310829e-24 7.554335455256257735e-04 0.000000000000000000e+00
9.513384601049205136e-01 4.790610634955372316e-02 3.442692390637810459e-27 1.370901953700310829e-24 7.554335455256257735e-04 0.000000000000000000e+00
9.513384601049205136e-01 4.790610634955372316e-02 3.442692390637810459e-27 1.370901953700310829e-24 7.554335455256257735e-04 0.000000000000000000e+00
9.513384601049205136e-01 4.790610634955372316e-02 3.442692390637810459e-27 1.370901953700310829e-24 7.554335455256257735e-04 0.000000000000000000e+00
9.513384601049205136e-01 4.790610634955372316e-02 3.442692390637810459e-27 1.370901953700310829e-24 7.554335455256257735e-04 0.000000000000000000e+00
9.513384601049205136e-01 4.790610634955372316e-02 3.442692390637810459e-27 1.370901953700310829e-24 7.554335455256257735e-04 0.000000000000000000e+00
9.513384601049205136e-01 4.790610634955372316e-02 3.442692390637810459e-27 1.370901953700310829e-24 7.554335455256257735e-04 0.000000000000000000e+00
9.513384601049205136e-01 4.790610634955372316e-02 3.442692390637810459e-27 1.370901953700310829e-24 7.554335455256257735e-04 0.000000000000000000e+00
9.513384601049205136e-01 4.790610634955372316e-02 3.442692390637810459e-27 1.370901953700310829e-24 7.554335455256257735e-04 0.000000000000000000e+00
9.513384601049205136e-01 4.790610634955372316e-02 3.442692390637810459e-27 1.370901953700310829e-24 7.554335455256257735e-04 0.000000000000000000e+00
9.513384601049205136e-01 4.790610634955372316e-02 3.442692390637810459e-27 1.370901953700310829e-24 7.554335455256257735e-04 0.000000000000000000e+00
9.513384601049205136e-01 4.790610634955372316e-02 3.442692390637810459e-27 1.370901953700310829e-24 7.554335455256257735e-04 0.000000000000000000e+00
9.513384601049205136e-01 4.790610634955372316e-02 3.442692390637810459e-27 1.370901953700310829e-24 7.554335455256257735e-04 0.000000000000000000e+00
9.513384601049205136e-01 4.790610634955372316e-02 3.442692390637810459e-27 1.370901953700310829e-24 7.554335455256257735e-04 0.000000000000000000e+00
9.513384601049205136e-01 4.790610634955372316e-02 3.442692390637810459e-27 1.370901953700310829e-24 7.554335455256257735e-04 0.000000000000000000e+00
9.513384601049205136e-01 4.790610634955372316e-02 3.442692390637810459e-27 1.370901953700310829e-24 7.554335455256257735e-04 0.000000000000000000e+00
9.513384601049205136e-01 4.790610634955372316e-02 3.442692390637810459e-27 1.370901953700310829e-24 7.554335455256257735e-04 0.000000000000000000e+00
9.513384601049205136e-01 4.790610634955372316e-02 3.442692390637810459e-27 1.370901953700310829e-24 7.554335455256257735e-04 0.000000000000000000e+00
9.513384601049205136e-01 4.790610634955372316e-02 3.442692390637810459e-27 1.370901953700310829e-24 7.554335455256257735e-04 0.000000000000000000e+00
9.513384601049205136e-01 4.790610634955372316e-02 3.442692390637810459e-27 1.370901953700310829e-24 7.554335455256257735e-04 0.000000000000000000e+00
9.513384601049205136e-01 4.790610634955372316e-02 3.442692390637810459e-27 1.370901953700310829e-24 7.554335455256257735e-04 0.000000000000000000e+00
9.513384601049205136e-01 4.790610634955372316e-02 3.442692390637810459e-27 1.370901953700310829e-24 7.554335455256257735e-04 0.000000000000000000e+00
9.513384601049205136e-01 4.790610634955372316e-02 3.442692390637810459e-27 1.370901953700310829e-24 7.554335455256257735e-04 0.000000000000000000e+00
9.513384601049205136e-01 4.790610634955372316e-02 3.442692390637810459e-27 1.370901953700310829e-24 7.554335455256257735e-04 0.000000000000000000e+00
9.513384601049205136e-01 4.790610634955372316e-02 3.442692390637810459e-27 1.370901953700310829e-24 7.554335455256257735e-04 0.000000000000000000e+00
9.513384601049205136e-01 4.790610634955372316e-02 3.442692390637810459e-27 1.370901953700310829e-24 7.554335455256257735e-04 0.000000000000000000e+00
9.513384601049205136e-01 4.790610634955372316e-02 3.442692390637810459e-27 1.370901953700310829e-24 7.554335455256257735e-04 0.000000000000000000e+00
9.513384601049205136e-01 4.790610634955372316e-02 3.442692390637810459e-27 1.370901953700310829e-24 7.554335455256257735e-04 0.000000000000000000e+00
9.513384601049205136e-01 4.790610634955372316e-02 3.442692390637810459e-27 1.370901953700310829e-24 7.554335455256257735e-04 0.000000000000000000e+00
9.513384601049205136e-01 4.790610634955372316e-02 3.442692390637810459e-27 1.370901953700310829e-24 7.554335455256257735e-04 0.000000000000000000e+00
9.513384601049205136e-01 4.790610634955372316e-02 3.442692390637810459e-27 1.370901953700310829e-24 7.554335455256257735e-04 0.000000000000000000e+00
9.513384601049205136e-01 4.790610634955372316e-02 3.442692390637810459e-27 1.370901953700310829e-24 7.554335455256257735e-04 0.000000000000000000e+00
9.513384601049205136e-01 4.790610634955372316e-02 3.442692390637810459e-27 1.370901953700310829e-24 7.554335455256257735e-04 0.000000000000000000e+00
9.513384601049205136e-01 4.790610634955372316e-02 3.442692390637810459e-27 1.370901953700310829e-24 7.554335455256257735e-04 0.000000000000000000e+00
9.513384601049205136e-01 4.790610634955372316e-02 3.442692390637810459e-27 1.370901953700310829e-24 7.554335455256257735e-04 0.000000000000000000e+00
9.513384601049205136e-01 4.790610634955372316e-02 3.442692390637810459e-27 1.370901953700310829e-24 7.554335455256257735e-04 0.000000000000000000e+00
9.513384601049205136e-01 4.790610634955372316e-02 3.442692390637810459e-27 1.370901953700310829e-24 7.554335455256257735e-04 0.000000000000000000e+00
9.513384601049205136e-01 4.790610634955372316e-02 3.442692390637810459e-27 1.370901953700310829e-24 7.554335455256257735e-04 0.000000000000000000e+00
9.513384601049205136e-01 4.790610634955372316e-02 3.442692390637810459e-27 1.370901953700310829e-24 7.554335455256257735e-04 0.000000000000000000e+00
9.513384601049205136e-01 4.790610634955372316e-02 3.442692390637810459e-27 1.370901953700310829e-24 7.554335455256257735e-04 0.000000000000000000e+00
9.513384601049205136e-01 4.790610634955372316e-02 3.442692390637810459e-27 1.370901953700310829e-24 7.554335455256257735e-04 0.000000000000000000e+00
9.513384601049205136e-01 4.790610634955372316e-02 3.442692390637810459e-27 1.370901953700310829e-24 7.554335455256257735e-04 0.000000000000000000e+00
9.513384601049205136e-01 4.790610634955372316e-02 3.442692390637810459e-27 1.370901953700310829e-24 7.554335455256257735e-04 0.000000000000000000e+00
9.513384601049205136e-01 4.790610634955372316e-02 3.442692390637810459e-27 1.370901953700310829e-24 7.554335455256257735e-04 0.000000000000000000e+00
9.513384601049205136e-01 4.790610634955372316e-02 3.442692390637810459e-27 1.370901953700310829e-24 7.554335455256257735e-04 0.000000000000000000e+00
9.513384601049205136e-01 4.790610634955372316e-02 3.442692390637810459e-27 1.370901953700310829e-24 7.554335455256257735e-04 0.000000000000000000e+00
9.513384601049205136e-01 4.790610634955372316e-02 3.442692390637810459e-27 1.370901953700310829e-24 7.554335455256257735e-04 0.000000000000000000e+00
9.513384601049205136e-01 4.790610634955372316e-02 3.442692390637810459e-27 1.370901953700310829e-24 7.554335455256257735e-04 0.000000000000000000e+00
9.513384601049205136e-01 4.790610634955372316e-02 3.442692390637810459e-27 1.370901953700310829e-24 7.554335455256257735e-04 0.000000000000000000e+00
9.513384601049205136e-01 4.790610634955372316e-02 3.442692390637810459e-27 1.370901953700310829e-24 7.554335455256257735e-04 0.000000000000000000e+00
9.513384601049205136e-01 4.790610634955372316e-02 3.442692390637810459e-27 1.370901953700310829e-24 7.554335455256257735e-04 0.000000000000000000e+00
9.513384601049205136e-01 4.790610634955372316e-02 3.442692390637810459e-27 1.370901953700310829e-24 7.554335455256257735e-04 0.000000000000000000e+00
9.513384601049205136e-01 4.790610634955372316e-02 3.442692390637810459e-27 1.370901953700310829e-24 7.554335455256257735e-04 0.000000000000000000e+00
9.513384601049205136e-01 4.790610634955372316e-02 3.442692390637810459e-27 1.370901953700310829e-24 7.554335455256257735e-04 0.000000000000000000e+00
9.513384601049205136e-01 4.790610634955372316e-02 3.442692390637810459e-27 1.370901953700310829e-24 7.554335455256257735e-04 0.000000000000000000e+00
9.513384601049205136e-01 4.790610634955372316e-02 3.442692390637810459e-27 1.370901953700310829e-24 7.554335455256257735e-04 0.000000000000000000e+00
9.513384601049205136e-01 4.790610634955372316e-02 3.442692390637810459e-27 1.370901953700310829e-24 7.554335455256257735e-04 0.000000000000000000e+00
9.513384601049205136e-01 4.790610634955372316e-02 3.442692390637810459e-27 1.370901953700310829e-24 7.554335455256257735e-04 0.000000000000000000e+00
9.513384601049205136e-01 4.790610634955372316e-02 3.442692390637810459e-27 1.370901953700310829e-24 7.554335455256257735e-04 0.000000000000000000e+00
9.513384601049205136e-01 4.790610634955372316e-02 3.442692390637810459e-27 1.370901953700310829e-24 7.554335455256257735e-04 0.000000000000000000e+00
9.513384601049205136e-01 4.790610634955372316e-02 3.442692390637810459e-27 1.370901953700310829e-24 7.554335455256257735e-04 0.000000000000000000e+00
9.513384601049205136e-01 4.790610634955372316e-02 3.442692390637810459e-27 1.370901953700310829e-24 7.554335455256257735e-04 0.000000000000000000e+00
9.513384601049205136e-01 4.790610634955372316e-02 3.442692390637810459e-27 1.370901953700310829e-24 7.554335455256257735e-04 0.000000000000000000e+00
9.513384601049205136e-01 4.790610634955372316e-02 3.442692390637810459e-27 1.370901953700310829e-24 7.554335455256257735e-04 0.000000000000000000e+00
9.513384601049205136e-01 4.790610634955372316e-02 3.442692390637810459e-27 1.370901953700310829e-24 7.554335455256257735e-04 0.000000000000000000e+00
9.513384601049205136e-01 4.790610634955372316e-02 3.442692390637810459e-27 1.370901953700310829e-24 7.554335455256257735e-04 0.000000000000000000e+00
9.513384601049205136e-01 4.790610634955372316e-02 3.442692390637810459e-27 1.370901953700310829e-24 7.554335455256257735e-04 0.000000000000000000e+00
9.513384601049205136e-01 4.790610634955372316e-02 3.442692390637810459e-27 1.370901953700310829e-24 7.554335455256257735e-04 0.000000000000000000e+00
9.513384601049205136e-01 4.790610634955372316e-02 3.442692390637810459e-27 1.370901953700310829e-24 7.554335455256257735e-04 0.000000000000000000e+00
9.513384601049205136e-01 4.790610634955372316e-02 3.442692390637810459e-27 1.370901953700310829e-24 7.554335455256257735e-04 0.000000000000000000e+00
9.513384601049205136e-01 4.790610634955372316e-02 3.442692390637810459e-27 1.370901953700310829e-24 7.554335455256257735e-04 0.000000000000000000e+00
9.513384601049205136e-01 4.790610634955372316e-02 3.442692390637810459e-27 1.370901953700310829e-24 7.554335455256257735e-04 0.000000000000000000e+00
9.513384601049205136e-01 4.790610634955372316e-02 3.442692390637810459e-27 1.370901953700310829e-24 7.554335455256257735e-04 0.000000000000000000e+00
9.513384601049205136e-01 4.790610634955372316e-02 3.442692390637810459e-27 1.370901953700310829e-24 7.554335455256257735e-04 0.000000000000000000e+00
9.513384601049205136e-01 4.790610634955372316e-02 3.442692390637810459e-27 1.370901953700310829e-24 7.554335455256257735e-04 0.000000000000000000e+00
9.513384601049205136e-01 4.790610634955372316e-02 3.442692390637810459e-27 1.370901953700310829e-24 7.554335455256257735e-04 0.000000000000000000e+00
9.513384601049205136e-01 4.790610634955372316e-02 3.442692390637810459e-27 1.370901953700310829e-24 7.554335455256257735e-04 0.000000000000000000e+00
9.513384601049205136e-01 4.790610634955372316e-02 3.442692390637810459e-27 1.370901953700310829e-24 7.554335455256257735e-04 0.000000000000000000e+00
9.513384601049205136e-01 4.790610634955372316e-02 3.442692390637810459e-27 1.370901953700310829e-24 7.554335455256257735e-04 0.000000000000000000e+00
9.513384601049205136e-01 4.790610634955372316e-02 3.442692390637810459e-27 1.370901953700310829e-24 7.554335455256257735e-04 0.000000000000000000e+00
9.513384601049205136e-01 4.790610634955372316e-02 3.442692390637810459e-27 1.370901953700310829e-24 7.554335455256257735e-04 0.000000000000000000e+00
9.513384601049205136e-01 4.790610634955372316e-02 3.442692390637810459e-27 1.370901953700310829e-24 7.554335455256257735e-04 0.000000000000000000e+00
9.513384601049205136e-01 4.790610634955372316e-02 3.442692390637810459e-27 1.370901953700310829e-24 7.554335455256257735e-04 0.000000000000000000e+00
9.513384601049205136e-01 4.790610634955372316e-02 3.442692390637810459e-27 1.370901953700310829e-24 7.554335455256257735e-04 0.000000000000000000e+00
9.513384601049205136e-01 4.790610634955372316e-02 3.442692390637810459e-27 1.370901953700310829e-24 7.554335455256257735e-04 0.000000000000000000e+00
9.513384601049205136e-01 4.790610634955372316e-02 3.442692390637810459e-27 1.370901953700310829e-24 7.554335455256257735e-04 0.000000000000000000e+00
9.513384601049205136e-01 4.790610634955372316e-02 3.442692390637810459e-27 1.370901953700310829e-24 7.554335455256257735e-04 0.000000000000000000e+00
9.513384601049205136e-01 4.790610634955372316e-02 3.442692390637810459e-27 1.370901953700310829e-24 7.554335455256257735e-04 0.000000000000000000e+00
9.513384601049205136e-01 4.790610634955372316e-02 3.442692390637810459e-27 1.370901953700310829e-24 7.554335455256257735e-04 0.000000000000000000e+00
9.513384601049205136e-01 4.790610634955372316e-02 3.442692390637810459e-27 1.370901953700310829e-24 7.554335455256257735e-04 0.000000000000000000e+00
9.513384601049205136e-01 4.790610634955372316e-02 3.442692390637810459e-27 1.370901953700310829e-24 7.554335455256257735e-04 0.000000000000000000e+00
9.513384601049205136e-01 4.790610634955372316e-02 3.442692390637810459e-27 1.370901953700310829e-24 7.554335455256257735e-04 0.000000000000000000e+00
9.513384601049205136e-01 4.790610634955372316e-02 3.442692390637810459e-27 1.370901953700310829e-24 7.554335455256257735e-04 0.000000000000000000e+00
9.513384601049205136e-01 4.790610634955372316e-02 3.442692390637810459e-27 1.370901953700310829e-24 7.554335455256257735e-04 0.000000000000000000e+00
9.513384601049205136e-01 4.790610634955372316e-02 3.442692390637810459e-27 1.370901953700310829e-24 7.554335455256257735e-04 0.000000000000000000e+00
9.513384601049205136e-01 4.790610634955372316e-02 3.442692390637810459e-27 1.370901953700310829e-24 7.554335455256257735e-04 0.000000000000000000e+00
9.513384601049205136e-01 4.790610634955372316e-02 3.442692390637810459e-27 1.370901953700310829e-24 7.554335455256257735e-04 0.000000000000000000e+00
9.513384601049205136e-01 4.790610634955372316e-02 3.442692390637810459e-27 1.370901953700310829e-24 7.554335455256257735e-04 0.000000000000000000e+00
9.513384601049205136e-01 4.790610634955372316e-02 3.442692390637810459e-27 1.370901953700310829e-24 7.554335455256257735e-04 0.000000000000000000e+00
9.513384601049205136e-01 4.790610634955372316e-02 3.442692390637810459e-27 1.370901953700310829e-24 7.554335455256257735e-04 0.000000000000000000e+00
9.513384601049205136e-01 4.790610634955372316e-02 3.442692390637810459e-27 1.370901953700310829e-24 7.554335455256257735e-04 0.000000000000000000e+00
9.513384601049205136e-01 4.790610634955372316e-02 3.442692390637810459e-27 1.370901953700310829e-24 7.554335455256257735e-04 0.000000000000000000e+00
9.513384601049205136e-01 4.790610634955372316e-02 3.442692390637810459e-27 1.370901953700310829e-24 7.554335455256257735e-04 0.000000000000000000e+00
9.513384601049205136e-01 4.790610634955372316e-02 3.442692390637810459e-27 1.370901953700310829e-24 7.554335455256257735e-04 0.000000000000000000e+00
9.513384601049205136e-01 4.790610634955372316e-02 3.442692390637810459e-27 1.370901953700310829e-24 7.554335455256257735e-04 0.000000000000000000e+00
9.513384601049205136e-01 4.790610634955372316e-02 3.442692390637810459e-27 1.370901953700310829e-24 7.554335455256257735e-04 0.000000000000000000e+00
9.513384601049205136e-01 4.790610634955372316e-02 3.442692390637810459e-27 1.370901953700310829e-24 7.554335455256257735e-04 0.000000000000000000e+00
9.513384601049205136e-01 4.790610634955372316e-02 3.442692390637810459e-27 1.370901953700310829e-24 7.554335455256257735e-04 0.000000000000000000e+00
9.513384601049205136e-01 4.790610634955372316e-02 3.442692390637810459e-27 1.370901953700310829e-24 7.554335455256257735e-04 0.000000000000000000e+00
9.513384601049205136e-01 4.790610634955372316e-02 3.442692390637810459e-27 1.370901953700310829e-24 7.554335455256257735e-04 0.000000000000000000e+00
9.513384601049205136e-01 4.790610634955372316e-02 3.442692390637810459e-27 1.370901953700310829e-24 7.554335455256257735e-04 0.000000000000000000e+00
9.513384601049205136e-01 4.790610634955372316e-02 3.442692390637810459e-27 1.370901953700310829e-24 7.554335455256257735e-04 0.000000000000000000e+00
9.513384601049205136e-01 4.790610634955372316e-02 3.442692390637810459e-27 1.370901953700310829e-24 7.554335455256257735e-04 0.000000000000000000e+00
9.513384601049205136e-01 4.790610634955372316e-02 3.442692390637810459e-27 1.370901953700310829e-24 7.554335455256257735e-04 0.000000000000000000e+00
9.513384601049205136e-01 4.790610634955372316e-02 3.442692390637810459e-27 1.370901953700310829e-24 7.554335455256257735e-04 0.000000000000000000e+00
9.513384601049205136e-01 4.790610634955372316e-02 3.442692390637810459e-27 1.370901953700310829e-24 7.554335455256257735e-04 0.000000000000000000e+00
9.513384601049205136e-01 4.790610634955372316e-02 3.442692390637810459e-27 1.370901953700310829e-24 7.554335455256257735e-04 0.000000000000000000e+00
9.513384601049205136e-01 4.790610634955372316e-02 3.442692390637810459e-27 1.370901953700310829e-24 7.554335455256257735e-04 0.000000000000000000e+00
9.513384601049205136e-01 4.790610634955372316e-02 3.442692390637810459e-27 1.370901953700310829e-24 7.554335455256257735e-04 0.000000000000000000e+00
9.513384601049205136e-01 4.790610634955372316e-02 3.442692390637810459e-27 1.370901953700310829e-24 7.554335455256257735e-04 0.000000000000000000e+00
9.513384601049205136e-01 4.790610634955372316e-02 3.442692390637810459e-27 1.370901953700310829e-24 7.554335455256257735e-04 0.000000000000000000e+00
9.513384601049205136e-01 4.790610634955372316e-02 3.442692390637810459e-27 1.370901953700310829e-24 7.554335455256257735e-04 0.000000000000000000e+00
9.513384601049205136e-01 4.790610634955372316e-02 3.442692390637810459e-27 1.370901953700310829e-24 7.554335455256257735e-04 0.000000000000000000e+00
9.513384601049205136e-01 4.790610634955372316e-02 3.442692390637810459e-27 1.370901953700310829e-24 7.554335455256257735e-04 0.000000000000000000e+00
9.513384601049205136e-01 4.790610634955372316e-02 3.442692390637810459e-27 1.370901953700310829e-24 7.554335455256257735e-04 0.000000000000000000e+00
9.513384601049205136e-01 4.790610634955372316e-02 3.442692390637810459e-27 1.370901953700310829e-24 7.554335455256257735e-04 0.000000000000000000e+00
9.513384601049205136e-01 4.790610634955372316e-02 3.442692390637810459e-27 1.370901953700310829e-24 7.554335455256257735e-04 0.000000000000000000e+00
9.513384601049205136e-01 4.790610634955372316e-02 3.442692390637810459e-27 1.370901953700310829e-24 7.554335455256257735e-04 0.000000000000000000e+00
9.513384601049205136e-01 4.790610634955372316e-02 3.442692390637810459e-27 1.370901953700310829e-24 7.554335455256257735e-04 0.000000000000000000e+00
9.513384601049205136e-01 4.790610634955372316e-02 3.442692390637810459e-27 1.370901953700310829e-24 7.554335455256257735e-04 0.000000000000000000e+00
9.513384601049205136e-01 4.790610634955372316e-02 3.442692390637810459e-27 1.370901953700310829e-24 7.554335455256257735e-04 0.000000000000000000e+00
9.513384601049205136e-01 4.790610634955372316e-02 3.442692390637810459e-27 1.370901953700310829e-24 7.554335455256257735e-04 0.000000000000000000e+00
9.513384601049205136e-01 4.790610634955372316e-02 3.442692390637810459e-27 1.370901953700310829e-24 7.554335455256257735e-04 0.000000000000000000e+00
9.513384601049205136e-01 4.790610634955372316e-02 3.442692390637810459e-27 1.370901953700310829e-24 7.554335455256257735e-04 0.000000000000000000e+00
9.513384601049205136e-01 4.790610634955372316e-02 3.442692390637810459e-27 1.370901953700310829e-24 7.554335455256257735e-04 0.000000000000000000e+00
9.513384601049205136e-01 4.790610634955372316e-02 3.442692390637810459e-27 1.370901953700310829e-24 7.554335455256257735e-04 0.000000000000000000e+00
9.513384601049205136e-01 4.790610634955372316e-02 3.442692390637810459e-27 1.370901953700310829e-24 7.554335455256257735e-04 0.000000000000000000e+00
9.513384601049205136e-01 4.790610634955372316e-02 3.442692390637810459e-27 1.370901953700310829e-24 7.554335455256257735e-04 0.000000000000000000e+00
9.513384601049205136e-01 4.790610634955372316e-02 3.442692390637810459e-27 1.370901953700310829e-24 7.554335455256257735e-04 0.000000000000000000e+00
9.513384601049205136e-01 4.790610634955372316e-02 3.442692390637810459e-27 1.370901953700310829e-24 7.554335455256257735e-04 0.000000000000000000e+00
9.513384601049205136e-01 4.790610634955372316e-02 3.442692390637810459e-27 1.370901953700310829e-24 7.554335455256257735e-04 0.000000000000000000e+00
9.513384601049205136e-01 4.790610634955372316e-02 3.442692390637810459e-27 1.370901953700310829e-24 7.554335455256257735e-04 0.000000000000000000e+00
9.513384601049205136e-01 4.790610634955372316e-02 3.442692390637810459e-27 1.370901953700310829e-24 7.554335455256257735e-04 0.000000000000000000e+00
9.513384601049205136e-01 4.790610634955372316e-02 3.442692390637810459e-27 1.370901953700310829e-24 7.554335455256257735e-04 0.000000000000000000e+00
9.513384601049205136e-01 4.790610634955372316e-02 3.442692390637810459e-27 1.370901953700310829e-24 7.554335455256257735e-04 0.000000000000000000e+00
9.513384601049205136e-01 4.790610634955372316e-02 3.442692390637810459e-27 1.370901953700310829e-24 7.554335455256257735e-04 0.000000000000000000e+00
9.513384601049205136e-01 4.790610634955372316e-02 3.442692390637810459e-27 1.370901953700310829e-24 7.554335455256257735e-04 0.000000000000000000e+00
9.513384601049205136e-01 4.790610634955372316e-02 3.442692390637810459e-27 1.370901953700310829e-24 7.554335455256257735e-04 0.000000000000000000e+00
9.513384601049205136e-01 4.790610634955372316e-02 3.442692390637810459e-27 1.370901953700310829e-24 7.554335455256257735e-04 0.000000000000000000e+00
9.513384601049205136e-01 4.790610634955372316e-02 3.442692390637810459e-27 1.370901953700310829e-24 7.554335455256257735e-04 0.000000000000000000e+00
9.513384601049205136e-01 4.790610634955372316e-02 3.442692390637810459e-27 1.370901953700310829e-24 7.554335455256257735e-04 0.000000000000000000e+00
9.513384601049205136e-01 4.790610634955372316e-02 3.442692390637810459e-27 1.370901953700310829e-24 7.554335455256257735e-04 0.000000000000000000e+00
9.513384601049205136e-01 4.790610634955372316e-02 3.442692390637810459e-27 1.370901953700310829e-24 7.554335455256257735e-04 0.000000000000000000e+00
9.513384601049205136e-01 4.790610634955372316e-02 3.442692390637810459e-27 1.370901953700310829e-24 7.554335455256257735e-04 0.000000000000000000e+00
9.513384601049205136e-01 4.790610634955372316e-02 3.442692390637810459e-27 1.370901953700310829e-24 7.554335455256257735e-04 0.000000000000000000e+00
9.513384601049205136e-01 4.790610634955372316e-02 3.442692390637810459e-27 1.370901953700310829e-24 7.554335455256257735e-04 0.000000000000000000e+00
9.513384601049205136e-01 4.790610634955372316e-02 3.442692390637810459e-27 1.370901953700310829e-24 7.554335455256257735e-04 0.000000000000000000e+00
9.513384601049205136e-01 4.790610634955372316e-02 3.442692390637810459e-27 1.370901953700310829e-24 7.554335455256257735e-04 0.000000000000000000e+00
9.513384601049205136e-01 4.790610634955372316e-02 3.442692390637810459e-27 1.370901953700310829e-24 7.554335455256257735e-04 0.000000000000000000e+00
9.513384601049205136e-01 4.790610634955372316e-02 3.442692390637810459e-27 1.370901953700310829e-24 7.554335455256257735e-04 0.000000000000000000e+00
9.513384601049205136e-01 4.790610634955372316e-02 3.442692390637810459e-27 1.370901953700310829e-24 7.554335455256257735e-04 0.000000000000000000e+00
9.513384601049205136e-01 4.790610634955372316e-02 3.442692390637810459e-27 1.370901953700310829e-24 7.554335455256257735e-04 0.000000000000000000e+00
9.513384601049205136e-01 4.790610634955372316e-02 3.442692390637810459e-27 1.370901953700310829e-24 7.554335455256257735e-04 0.000000000000000000e+00
9.513384601049205136e-01 4.790610634955372316e-02 3.442692390637810459e-27 1.370901953700310829e-24 7.554335455256257735e-04 0.000000000000000000e+00
9.513384601049205136e-01 4.790610634955372316e-02 3.442692390637810459e-27 1.370901953700310829e-24 7.554335455256257735e-04 0.000000000000000000e+00
9.513384601049205136e-01 4.790610634955372316e-02 3.442692390637810459e-27 1.370901953700310829e-24 7.554335455256257735e-04 0.000000000000000000e+00
9.513384601049205136e-01 4.790610634955372316e-02 3.442692390637810459e-27 1.370901953700310829e-24 7.554335455256257735e-04 0.000000000000000000e+00
9.513384601049205136e-01 4.790610634955372316e-02 3.442692390637810459e-27 1.370901953700310829e-24 7.554335455256257735e-04 0.000000000000000000e+00
9.513384601049205136e-01 4.790610634955372316e-02 3.442692390637810459e-27 1.370901953700310829e-24 7.554335455256257735e-04 0.000000000000000000e+00
9.513384601049205136e-01 4.790610634955372316e-02 3.442692390637810459e-27 1.370901953700310829e-24 7.554335455256257735e-04 0.000000000000000000e+00
9.513384601049205136e-01 4.790610634955372316e-02 3.442692390637810459e-27 1.370901953700310829e-24 7.554335455256257735e-04 0.000000000000000000e+00
9.513384601049205136e-01 4.790610634955372316e-02 3.442692390637810459e-27 1.370901953700310829e-24 7.554335455256257735e-04 0.000000000000000000e+00
9.513384601049205136e-01 4.790610634955372316e-02 3.442692390637810459e-27 1.370901953700310829e-24 7.554335455256257735e-04 0.000000000000000000e+00
9.513384601049205136e-01 4.790610634955372316e-02 3.442692390637810459e-27 1.370901953700310829e-24 7.554335455256257735e-04 0.000000000000000000e+00
9.513384601049205136e-01 4.790610634955372316e-02 3.442692390637810459e-27 1.370901953700310829e-24 7.554335455256257735e-04 0.000000000000000000e+00
9.513384601049205136e-01 4.790610634955372316e-02 3.442692390637810459e-27 1.370901953700310829e-24 7.554335455256257735e-04 0.000000000000000000e+00
9.513384601049205136e-01 4.790610634955372316e-02 3.442692390637810459e-27 1.370901953700310829e-24 7.554335455256257735e-04 0.000000000000000000e+00
9.513384601049205136e-01 4.790610634955372316e-02 3.442692390637810459e-27 1.370901953700310829e-24 7.554335455256257735e-04 0.000000000000000000e+00
9.513384601049205136e-01 4.790610634955372316e-02 3.442692390637810459e-27 1.370901953700310829e-24 7.554335455256257735e-04 0.000000000000000000e+00
9.513384601049205136e-01 4.790610634955372316e-02 3.442692390637810459e-27 1.370901953700310829e-24 7.554335455256257735e-04 0.000000000000000000e+00
9.513384601049205136e-01 4.790610634955372316e-02 3.442692390637810459e-27 1.370901953700310829e-24 7.554335455256257735e-04 0.000000000000000000e+00
9.513384601049205136e-01 4.790610634955372316e-02 3.442692390637810459e-27 1.370901953700310829e-24 7.554335455256257735e-04 0.000000000000000000e+00
9.513384601049205136e-01 4.790610634955372316e-02 3.442692390637810459e-27 1.370901953700310829e-24 7.554335455256257735e-04 0.000000000000000000e+00
9.513384601049205136e-01 4.790610634955372316e-02 3.442692390637810459e-27 1.370901953700310829e-24 7.554335455256257735e-04 0.000000000000000000e+00
9.513384601049205136e-01 4.790610634955372316e-02 3.442692390637810459e-27 1.370901953700310829e-24 7.554335455256257735e-04 0.000000000000000000e+00
9.513384601049205136e-01 4.790610634955372316e-02 3.442692390637810459e-27 1.370901953700310829e-24 7.554335455256257735e-04 0.000000000000000000e+00
9.513384601049205136e-01 4.790610634955372316e-02 3.442692390637810459e-27 1.370901953700310829e-24 7.554335455256257735e-04 0.000000000000000000e+00
9.513384601049205136e-01 4.790610634955372316e-02 3.442692390637810459e-27 1.370901953700310829e-24 7.554335455256257735e-04 0.000000000000000000e+00
9.513384601049205136e-01 4.790610634955372316e-02 3.442692390637810459e-27 1.370901953700310829e-24 7.554335455256257735e-04 0.000000000000000000e+00
9.513384601049205136e-01 4.790610634955372316e-02 3.442692390637810459e-27 1.370901953700310829e-24 7.554335455256257735e-04 0.000000000000000000e+00
9.513384601049205136e-01 4.790610634955372316e-02 3.442692390637810459e-27 1.370901953700310829e-24 7.554335455256257735e-04 0.000000000000000000e+00
9.513384601049205136e-01 4.790610634955372316e-02 3.442692390637810459e-27 1.370901953700310829e-24 7.554335455256257735e-04 0.000000000000000000e+00
9.513384601049205136e-01 4.790610634955372316e-02 3.442692390637810459e-27 1.370901953700310829e-24 7.554335455256257735e-04 0.000000000000000000e+00
9.513384601049205136e-01 4.790610634955372316e-02 3.442692390637810459e-27 1.370901953700310829e-24 7.554335455256257735e-04 0.000000000000000000e+00
9.513384601049205136e-01 4.790610634955372316e-02 3.442692390637810459e-27 1.370901953700310829e-24 7.554335455256257735e-04 0.000000000000000000e+00
9.513384601049205136e-01 4.790610634955372316e-02 3.442692390637810459e-27 1.370901953700310829e-24 7.554335455256257735e-04 0.000000000000000000e+00
9.513384601049205136e-01 4.790610634955372316e-02 3.442692390637810459e-27 1.370901953700310829e-24 7.554335455256257735e-04 0.000000000000000000e+00
9.513384601049205136e-01 4.790610634955372316e-02 3.442692390637810459e-27 1.370901953700310829e-24 7.554335455256257735e-04 0.000000000000000000e+00
9.513384601049205136e-01 4.790610634955372316e-02 3.442692390637810459e-27 1.370901953700310829e-24 7.554335455256257735e-04 0.000000000000000000e+00
9.513384601049205136e-01 4.790610634955372316e-02 3.442692390637810459e-27 1.370901953700310829e-24 7.554335455256257735e-04 0.000000000000000000e+00
9.513384601049205136e-01 4.790610634955372316e-02 3.442692390637810459e-27 1.370901953700310829e-24 7.554335455256257735e-04 0.000000000000000000e+00
9.513384601049205136e-01 4.790610634955372316e-02 3.442692390637810459e-27 1.370901953700310829e-24 7.554335455256257735e-04 0.000000000000000000e+00
9.513384601049205136e-01 4.790610634955372316e-02 3.442692390637810459e-27 1.370901953700310829e-24 7.554335455256257735e-04 0.000000000000000000e+00
9.513384601049205136e-01 4.790610634955372316e-02 3.442692390637810459e-27 1.370901953700310829e-24 7.554335455256257735e-04 0.000000000000000000e+00
9.513384601049205136e-01 4.790610634955372316e-02 3.442692390637810459e-27 1.370901953700310829e-24 7.554335455256257735e-04 0.000000000000000000e+00
9.513384601049205136e-01 4.790610634955372316e-02 3.442692390637810459e-27 1.370901953700310829e-24 7.554335455256257735e-04 0.000000000000000000e+00
9.513384601049205136e-01 4.790610634955372316e-02 3.442692390637810459e-27 1.370901953700310829e-24 7.554335455256257735e-04 0.000000000000000000e+00
9.513384601049205136e-01 4.790610634955372316e-02 3.442692390637810459e-27 1.370901953700310829e-24 7.554335455256257735e-04 0.000000000000000000e+00
9.513384601049205136e-01 4.790610634955372316e-02 3.442692390637810459e-27 1.370901953700310829e-24 7.554335455256257735e-04 0.000000000000000000e+00
9.513384601049205136e-01 4.790610634955372316e-02 3.442692390637810459e-27 1.370901953700310829e-24 7.554335455256257735e-04 0.000000000000000000e+00
9.513384601049205136e-01 4.790610634955372316e-02 3.442692390637810459e-27 1.370901953700310829e-24 7.554335455256257735e-04 0.000000000000000000e+00
9.513384601049205136e-01 4.790610634955372316e-02 3.442692390637810459e-27 1.370901953700310829e-24 7.554335455256257735e-04 0.000000000000000000e+00
9.513384601049205136e-01 4.790610634955372316e-02 3.442692390637810459e-27 1.370901953700310829e-24 7.554335455256257735e-04 0.000000000000000000e+00
9.513384601049205136e-01 4.790610634955372316e-02 3.442692390637810459e-27 1.370901953700310829e-24 7.554335455256257735e-04 0.000000000000000000e+00
9.513384601049205136e-01 4.790610634955372316e-02 3.442692390637810459e-27 1.370901953700310829e-24 7.554335455256257735e-04 0.000000000000000000e+00
9.513384601049205136e-01 4.790610634955372316e-02 3.442692390637810459e-27 1.370901953700310829e-24 7.554335455256257735e-04 0.000000000000000000e+00
9.513384601049205136e-01 4.790610634955372316e-02 3.442692390637810459e-27 1.370901953700310829e-24 7.554335455256257735e-04 0.000000000000000000e+00
9.513384601049205136e-01 4.790610634955372316e-02 3.442692390637810459e-27 1.370901953700310829e-24 7.554335455256257735e-04 0.000000000000000000e+00
9.513384601049205136e-01 4.790610634955372316e-02 3.442692390637810459e-27 1.370901953700310829e-24 7.554335455256257735e-04 0.000000000000000000e+00
9.513384601049205136e-01 4.790610634955372316e-02 3.442692390637810459e-27 1.370901953700310829e-24 7.554335455256257735e-04 0.000000000000000000e+00
9.513384601049205136e-01 4.790610634955372316e-02 3.442692390637810459e-27 1.370901953700310829e-24 7.554335455256257735e-04 0.000000000000000000e+00
9.513384601049205136e-01 4.790610634955372316e-02 3.442692390637810459e-27 1.370901953700310829e-24 7.554335455256257735e-04 0.000000000000000000e+00
9.513384601049205136e-01 4.790610634955372316e-02 3.442692390637810459e-27 1.370901953700310829e-24 7.554335455256257735e-04 0.000000000000000000e+00
9.513384601049205136e-01 4.790610634955372316e-02 3.442692390637810459e-27 1.370901953700310829e-24 7.554335455256257735e-04 0.000000000000000000e+00
9.513384601049205136e-01 4.790610634955372316e-02 3.442692390637810459e-27 1.370901953700310829e-24 7.554335455256257735e-04 0.000000000000000000e+00
9.513384601049205136e-01 4.790610634955372316e-02 3.442692390637810459e-27 1.370901953700310829e-24 7.554335455256257735e-04 0.000000000000000000e+00
9.513384601049205136e-01 4.790610634955372316e-02 3.442692390637810459e-27 1.370901953700310829e-24 7.554335455256257735e-04 0.000000000000000000e+00
9.513384601049205136e-01 4.790610634955372316e-02 3.442692390637810459e-27 1.370901953700310829e-24 7.554335455256257735e-04 0.000000000000000000e+00
9.513384601049205136e-01 4.790610634955372316e-02 3.442692390637810459e-27 1.370901953700310829e-24 7.554335455256257735e-04 0.000000000000000000e+00
9.513384601049205136e-01 4.790610634955372316e-02 3.442692390637810459e-27 1.370901953700310829e-24 7.554335455256257735e-04 0.000000000000000000e+00
9.513384601049205136e-01 4.790610634955372316e-02 3.442692390637810459e-27 1.370901953700310829e-24 7.554335455256257735e-04 0.000000000000000000e+00
9.513384601049205136e-01 4.790610634955372316e-02 3.442692390637810459e-27 1.370901953700310829e-24 7.554335455256257735e-04 0.000000000000000000e+00
9.513384601049205136e-01 4.790610634955372316e-02 3.442692390637810459e-27 1.370901953700310829e-24 7.554335455256257735e-04 0.000000000000000000e+00
9.513384601049205136e-01 4.790610634955372316e-02 3.442692390637810459e-27 1.370901953700310829e-24 7.554335455256257735e-04 0.000000000000000000e+00
9.513384601049205136e-01 4.790610634955372316e-02 3.442692390637810459e-27 1.370901953700310829e-24 7.554335455256257735e-04 0.000000000000000000e+00
9.513384601049205136e-01 4.790610634955372316e-02 3.442692390637810459e-27 1.370901953700310829e-24 7.554335455256257735e-04 0.000000000000000000e+00
9.513384601049205136e-01 4.790610634955372316e-02 3.442692390637810459e-27 1.370901953700310829e-24 7.554335455256257735e-04 0.000000000000000000e+00
9.513384601049205136e-01 4.790610634955372316e-02 3.442692390637810459e-27 1.370901953700310829e-24 7.554335455256257735e-04 0.000000000000000000e+00
