9.451899641407159880e-01 5.411517414477480525e-02 8.503518718277133684e-08 7.578292795579421861e-09 6.947691010293611212e-04 0.000000000000000000e+00
9.451899345510265116e-01 5.411520359966146693e-02 7.126577211629529876e-08 6.600108679139443253e-09 6.947839020292355177e-04 0.000000000000000000e+00
9.451899045988374493e-01 5.411523337228583974e-02 5.534958363454488442e-08 5.415400143291552184e-09 6.948012267059972815e-04 0.000000000000000000e+00
9.451898984435381790e-01 5.411523958011042051e-02 4.277522331256194620e-08 4.425560183228337186e-09 6.948147068738980440e-04 0.000000000000000000e+00
9.451898913221872256e-01 5.411524685982074812e-02 3.289862899650814622e-08 3.602595680614830669e-09 6.948252898928926119e-04 0.000000000000000000e+00
9.451898848025064304e-01 5.411525344063738974e-02 2.517418620192215012e-08 2.920648081831622689e-09 6.948336339239351072e-04 0.000000000000000000e+00
9.451898777610544533e-01 5.411526036611000179e-02 1.916530078950440796e-08 2.358043293222651651e-09 6.948403122667856256e-04 0.000000000000000000e+00
9.451898714854320982e-01 5.411526678281235875e-02 1.451692641512310814e-08 1.896034914268399065e-09 6.948452973559346131e-04 0.000000000000000000e+00
9.451898711651887108e-01 5.411526709767811028e-02 1.093931235690376919e-08 1.518199405072610665e-09 6.948492772908612669e-04 0.000000000000000000e+00
9.451898606569874017e-01 5.411527751286786952e-02 8.199165165066381862e-09 1.210391936849340963e-09 6.948524062385496702e-04 0.000000000000000000e+00
9.451898606569874017e-01 5.411527751286786952e-02 6.113341986039325098e-09 9.609271057641349093e-10 6.948547407054419265e-04 0.000000000000000000e+00
9.451898606569875128e-01 5.411527751286789728e-02 4.533986112089675585e-09 7.596129057893817070e-10 6.948565251768964264e-04 0.000000000000000000e+00
9.451898511039846795e-01 5.411528699578869311e-02 3.344543015874563174e-09 5.978629758332374963e-10 6.948579512964518819e-04 0.000000000000000000e+00
9.451898511039847905e-01 5.411528699578869311e-02 2.453638149936703361e-09 4.684762014520026013e-10 6.948589757693631169e-04 0.000000000000000000e+00
9.451898511039847905e-01 5.411528699578869311e-02 1.789990554051594859e-09 3.654341786515758229e-10 6.948597442977927060e-04 0.000000000000000000e+00
9.451898511039847905e-01 5.411528699578869311e-02 1.298365782744650985e-09 2.837381690698729967e-10 6.948603164772877878e-04 0.000000000000000000e+00
9.451898511039847905e-01 5.411528699578869311e-02 9.363912724856893018e-10 2.192904084691949147e-10 6.948607426912621664e-04 0.000000000000000000e+00
9.451898511039847905e-01 5.411528699578869311e-02 6.714242097882528076e-10 1.686890290778556250e-10 6.948610584549053722e-04 0.000000000000000000e+00
9.451898511039846795e-01 5.411528699578869311e-02 4.786449916087981647e-10 1.291570834856270353e-10 6.948612911022835140e-04 0.000000000000000000e+00
9.451898511039847905e-01 5.411528699578869311e-02 3.392202215565589473e-10 9.842233282269924190e-11 6.948614616203672165e-04 0.000000000000000000e+00
9.451898511039847905e-01 5.411528699578869311e-02 2.389832829394024027e-10 7.464238073061595261e-11 6.948615859717147949e-04 0.000000000000000000e+00
9.451898511039846795e-01 5.411528699578869311e-02 1.673545371529143636e-10 5.633349016550270985e-11 6.948616762048636557e-04 0.000000000000000000e+00
9.451898511039849016e-01 5.411528699578869311e-02 1.164820872118845798e-10 4.230686534499593412e-11 6.948617413573389759e-04 0.000000000000000000e+00
9.451898511039846795e-01 5.411528699578869311e-02 8.056562937303060649e-11 3.161194447985480708e-11 6.948617879221282182e-04 0.000000000000000000e+00
9.451898511039846795e-01 5.411528699578869311e-02 5.537104942375357381e-11 2.349990214994367386e-11 6.948618211280604712e-04 0.000000000000000000e+00
9.451898511039847905e-01 5.411528699578869311e-02 3.781391534910854793e-11 1.738001398864044564e-11 6.948618447936209764e-04 0.000000000000000000e+00
9.451898511039847905e-01 5.411528699578869311e-02 2.565826415748696333e-11 1.278732495694861008e-11 6.948618615873774660e-04 0.000000000000000000e+00
9.451898511039846795e-01 5.411528699578869311e-02 1.729747030992666937e-11 9.359073134283369872e-12 6.948618734506163729e-04 0.000000000000000000e+00
9.451898511039846795e-01 5.411528699578869311e-02 1.158538139877368380e-11 6.814028368260005613e-12 6.948618817892368571e-04 0.000000000000000000e+00
9.451898511039847905e-01 5.411528699578869311e-02 7.707299782753467165e-12 4.934078891285567515e-12 6.948618875528344641e-04 0.000000000000000000e+00
9.451898511039847905e-01 5.411528699578869311e-02 5.092318041023252563e-12 3.553076425995351519e-12 6.948618915312693416e-04 0.000000000000000000e+00
9.451898511039847905e-01 5.411528699578869311e-02 3.342183227265806880e-12 2.544859365968111186e-12 6.948618943052685794e-04 0.000000000000000000e+00
9.451898511039847905e-01 5.411528699578869311e-02 2.178871251866524064e-12 1.812890672996425929e-12 6.948618962278458027e-04 0.000000000000000000e+00
9.451898511039846795e-01 5.411528699578869311e-02 1.410103286021965266e-12 1.283840561130046362e-12 6.948618975184789846e-04 0.000000000000000000e+00
9.451898511039846795e-01 5.411528699578869311e-02 9.061719741544749955e-13 9.040256130019069098e-13 6.948618984033714044e-04 0.000000000000000000e+00
9.451898511039847905e-01 5.411528699578869311e-02 5.783391224400530495e-13 6.330505683684618709e-13 6.948618990123517185e-04 0.000000000000000000e+00
9.451898511039847905e-01 5.411528699578869311e-02 3.662876185302809939e-13 4.405607012800370503e-13 6.948618994142563565e-04 0.000000000000000000e+00
9.451898511039846795e-01 5.411528699578869311e-02 2.303107745368773555e-13 3.048117044904530626e-13 6.948618996875096732e-04 0.000000000000000000e+00
9.451898511039846795e-01 5.411528699578869311e-02 1.437703069959968566e-13 2.096642638651607269e-13 6.948618998721644820e-04 0.000000000000000000e+00
9.451898511039847905e-01 5.411528699578869311e-02 8.902477892384946450e-14 1.432781933685687268e-13 6.948618999920811454e-04 0.000000000000000000e+00
9.451898511039847905e-01 5.411528699578869311e-02 5.473777439886914463e-14 9.735547424983637161e-14 6.948619000741399626e-04 0.000000000000000000e+00
9.451898511039847905e-01 5.411528699578869311e-02 3.337672894723792276e-14 6.570794612801792133e-14 6.948619001264599816e-04 0.000000000000000000e+00
9.451898511039846795e-01 5.411528699578869311e-02 2.020422460472155806e-14 4.408846466481492305e-14 6.948619001619738911e-04 0.000000000000000000e+00
9.451898511039847905e-01 5.411528699578869311e-02 1.212809324314722096e-14 2.938230085493194344e-14 6.948619001845702907e-04 0.000000000000000000e+00
9.451898511039846795e-01 5.411528699578869311e-02 7.225671117363197245e-15 1.946300022445888095e-14 6.948619001997309065e-04 0.000000000000000000e+00
9.451898511039846795e-01 5.411528699578869311e-02 4.267603282674462077e-15 1.280208235643282179e-14 6.948619002092470574e-04 0.000000000000000000e+00
9.451898511039847905e-01 5.411528699578869311e-02 2.501730569170377886e-15 8.370021105198259751e-15 6.948619002156433081e-04 0.000000000000000000e+00
9.451898511039846795e-01 5.411528699578869311e-02 1.452982866261990954e-15 5.431395486906193914e-15 6.948619002195477370e-04 0.000000000000000000e+00
9.451898511039846795e-01 5.411528699578869311e-02 8.373904212385401272e-16 3.502576829984036206e-15 6.948619002221503643e-04 0.000000000000000000e+00
9.451898511039846795e-01 5.411528699578869311e-02 4.782858856380306794e-16 2.242364715082874921e-15 6.948619002237717886e-04 0.000000000000000000e+00
9.451898511039846795e-01 5.411528699578869311e-02 3.527929750026712964e-16 1.759751608582086770e-15 6.948619002244084322e-04 0.000000000000000000e+00
9.451898511039846795e-01 5.411528699578869311e-02 3.527929750026712964e-16 1.759751608582086770e-15 6.948619002244084322e-04 0.000000000000000000e+00
9.451898511039846795e-01 5.411528699578869311e-02 3.527929750026712964e-16 1.759751608582086770e-15 6.948619002244084322e-04 0.000000000000000000e+00
9.451898511039846795e-01 5.411528699578869311e-02 3.527929750026712964e-16 1.759751608582086770e-15 6.948619002244084322e-04 0.000000000000000000e+00
9.451898511039846795e-01 5.411528699578869311e-02 3.527929750026712964e-16 1.759751608582086770e-15 6.948619002244084322e-04 0.000000000000000000e+00
9.451898511039846795e-01 5.411528699578869311e-02 3.527929750026712964e-16 1.759751608582086770e-15 6.948619002244084322e-04 0.000000000000000000e+00
9.451898511039846795e-01 5.411528699578869311e-02 3.527929750026712964e-16 1.759751608582086770e-15 6.948619002244084322e-04 0.000000000000000000e+00
9.451898511039846795e-01 5.411528699578869311e-02 3.527929750026712964e-16 1.759751608582086770e-15 6.948619002244084322e-04 0.000000000000000000e+00
9.451898511039846795e-01 5.411528699578869311e-02 3.527929750026712964e-16 1.759751608582086770e-15 6.948619002244084322e-04 0.000000000000000000e+00
9.451898511039846795e-01 5.411528699578869311e-02 3.527929750026712964e-16 1.759751608582086770e-15 6.948619002244084322e-04 0.000000000000000000e+00
9.451898511039846795e-01 5.411528699578869311e-02 3.527929750026712964e-16 1.759751608582086770e-15 6.948619002244084322e-04 0.000000000000000000e+00
9.451898511039846795e-01 5.411528699578869311e-02 3.527929750026712964e-16 1.759751608582086770e-15 6.948619002244084322e-04 0.000000000000000000e+00
9.451898511039846795e-01 5.411528699578869311e-02 3.527929750026712964e-16 1.759751608582086770e-15 6.948619002244084322e-04 0.000000000000000000e+00
9.451898511039846795e-01 5.411528699578869311e-02 3.527929750026712964e-16 1.759751608582086770e-15 6.948619002244084322e-04 0.000000000000000000e+00
9.451898511039846795e-01 5.411528699578869311e-02 3.527929750026712964e-16 1.759751608582086770e-15 6.948619002244084322e-04 0.000000000000000000e+00
9.451898511039846795e-01 5.411528699578869311e-02 3.527929750026712964e-16 1.759751608582086770e-15 6.948619002244084322e-04 0.000000000000000000e+00
9.451898511039846795e-01 5.411528699578869311e-02 3.527929750026712964e-16 1.759751608582086770e-15 6.948619002244084322e-04 0.000000000000000000e+00
9.451898511039846795e-01 5.411528699578869311e-02 3.527929750026712964e-16 1.759751608582086770e-15 6.948619002244084322e-04 0.000000000000000000e+00
9.451898511039846795e-01 5.411528699578869311e-02 3.527929750026712964e-16 1.759751608582086770e-15 6.948619002244084322e-04 0.000000000000000000e+00
9.451898511039846795e-01 5.411528699578869311e-02 3.527929750026712964e-16 1.759751608582086770e-15 6.948619002244084322e-04 0.000000000000000000e+00
9.451898511039846795e-01 5.411528699578869311e-02 3.527929750026712964e-16 1.759751608582086770e-15 6.948619002244084322e-04 0.000000000000000000e+00
9.451898511039846795e-01 5.411528699578869311e-02 3.527929750026712964e-16 1.759751608582086770e-15 6.948619002244084322e-04 0.000000000000000000e+00
9.451898511039846795e-01 5.411528699578869311e-02 3.527929750026712964e-16 1.759751608582086770e-15 6.948619002244084322e-04 0.000000000000000000e+00
9.451898511039846795e-01 5.411528699578869311e-02 3.527929750026712964e-16 1.759751608582086770e-15 6.948619002244084322e-04 0.000000000000000000e+00
9.451898511039846795e-01 5.411528699578869311e-02 3.527929750026712964e-16 1.759751608582086770e-15 6.948619002244084322e-04 0.000000000000000000e+00
9.451898511039846795e-01 5.411528699578869311e-02 3.527929750026712964e-16 1.759751608582086770e-15 6.948619002244084322e-04 0.000000000000000000e+00
9.451898511039846795e-01 5.411528699578869311e-02 3.527929750026712964e-16 1.759751608582086770e-15 6.948619002244084322e-04 0.000000000000000000e+00
9.451898511039846795e-01 5.411528699578869311e-02 3.527929750026712964e-16 1.759751608582086770e-15 6.948619002244084322e-04 0.000000000000000000e+00
9.451898511039846795e-01 5.411528699578869311e-02 3.527929750026712964e-16 1.759751608582086770e-15 6.948619002244084322e-04 0.000000000000000000e+00
9.451898511039846795e-01 5.411528699578869311e-02 3.527929750026712964e-16 1.759751608582086770e-15 6.948619002244084322e-04 0.000000000000000000e+00
9.451898511039846795e-01 5.411528699578869311e-02 3.527929750026712964e-16 1.759751608582086770e-15 6.948619002244084322e-04 0.000000000000000000e+00
9.451898511039846795e-01 5.411528699578869311e-02 3.527929750026712964e-16 1.759751608582086770e-15 6.948619002244084322e-04 0.000000000000000000e+00
9.451898511039846795e-01 5.411528699578869311e-02 3.527929750026712964e-16 1.759751608582086770e-15 6.948619002244084322e-04 0.000000000000000000e+00
9.451898511039846795e-01 5.411528699578869311e-02 3.527929750026712964e-16 1.759751608582086770e-15 6.948619002244084322e-04 0.000000000000000000e+00
9.451898511039846795e-01 5.411528699578869311e-02 3.527929750026712964e-16 1.759751608582086770e-15 6.948619002244084322e-04 0.000000000000000000e+00
9.451898511039846795e-01 5.411528699578869311e-02 3.527929750026712964e-16 1.759751608582086770e-15 6.948619002244084322e-04 0.000000000000000000e+00
9.451898511039846795e-01 5.411528699578869311e-02 3.527929750026712964e-16 1.759751608582086770e-15 6.948619002244084322e-04 0.000000000000000000e+00
9.451898511039846795e-01 5.411528699578869311e-02 3.527929750026712964e-16 1.759751608582086770e-15 6.948619002244084322e-04 0.000000000000000000e+00
9.451898511039846795e-01 5.411528699578869311e-02 3.527929750026712964e-16 1.759751608582086770e-15 6.948619002244084322e-04 0.000000000000000000e+00
9.451898511039846795e-01 5.411528699578869311e-02 3.527929750026712964e-16 1.759751608582086770e-15 6.948619002244084322e-04 0.000000000000000000e+00
9.451898511039846795e-01 5.411528699578869311e-02 3.527929750026712964e-16 1.759751608582086770e-15 6.948619002244084322e-04 0.000000000000000000e+00
9.451898511039846795e-01 5.411528699578869311e-02 3.527929750026712964e-16 1.759751608582086770e-15 6.948619002244084322e-04 0.000000000000000000e+00
9.451898511039846795e-01 5.411528699578869311e-02 3.527929750026712964e-16 1.759751608582086770e-15 6.948619002244084322e-04 0.000000000000000000e+00
9.451898511039846795e-01 5.411528699578869311e-02 3.527929750026712964e-16 1.759751608582086770e-15 6.948619002244084322e-04 0.000000000000000000e+00
9.451898511039846795e-01 5.411528699578869311e-02 3.527929750026712964e-16 1.759751608582086770e-15 6.948619002244084322e-04 0.000000000000000000e+00
9.451898511039846795e-01 5.411528699578869311e-02 3.527929750026712964e-16 1.759751608582086770e-15 6.948619002244084322e-04 0.000000000000000000e+00
9.451898511039846795e-01 5.411528699578869311e-02 3.527929750026712964e-16 1.759751608582086770e-15 6.948619002244084322e-04 0.000000000000000000e+00
9.451898511039846795e-01 5.411528699578869311e-02 3.527929750026712964e-16 1.759751608582086770e-15 6.948619002244084322e-04 0.000000000000000000e+00
9.451898511039846795e-01 5.411528699578869311e-02 3.527929750026712964e-16 1.759751608582086770e-15 6.948619002244084322e-04 0.000000000000000000e+00
9.451898511039846795e-01 5.411528699578869311e-02 3.527929750026712964e-16 1.759751608582086770e-15 6.948619002244084322e-04 0.000000000000000000e+00
9.451898511039846795e-01 5.411528699578869311e-02 3.527929750026712964e-16 1.759751608582086770e-15 6.948619002244084322e-04 0.000000000000000000e+00
9.451898511039846795e-01 5.411528699578869311e-02 3.527929750026712964e-16 1.759751608582086770e-15 6.948619002244084322e-04 0.000000000000000000e+00
9.451898511039846795e-01 5.411528699578869311e-02 3.527929750026712964e-16 1.759751608582086770e-15 6.948619002244084322e-04 0.000000000000000000e+00
9.451898511039846795e-01 5.411528699578869311e-02 3.527929750026712964e-16 1.759751608582086770e-15 6.948619002244084322e-04 0.000000000000000000e+00
9.451898511039846795e-01 5.411528699578869311e-02 3.527929750026712964e-16 1.759751608582086770e-15 6.948619002244084322e-04 0.000000000000000000e+00
9.451898511039846795e-01 5.411528699578869311e-02 3.527929750026712964e-16 1.759751608582086770e-15 6.948619002244084322e-04 0.000000000000000000e+00
9.451898511039846795e-01 5.411528699578869311e-02 3.527929750026712964e-16 1.759751608582086770e-15 6.948619002244084322e-04 0.000000000000000000e+00
9.451898511039846795e-01 5.411528699578869311e-02 3.527929750026712964e-16 1.759751608582086770e-15 6.948619002244084322e-04 0.000000000000000000e+00
9.451898511039846795e-01 5.411528699578869311e-02 3.527929750026712964e-16 1.759751608582086770e-15 6.948619002244084322e-04 0.000000000000000000e+00
9.451898511039846795e-01 5.411528699578869311e-02 3.527929750026712964e-16 1.759751608582086770e-15 6.948619002244084322e-04 0.000000000000000000e+00
9.451898511039846795e-01 5.411528699578869311e-02 3.527929750026712964e-16 1.759751608582086770e-15 6.948619002244084322e-04 0.000000000000000000e+00
9.451898511039846795e-01 5.411528699578869311e-02 3.527929750026712964e-16 1.759751608582086770e-15 6.948619002244084322e-04 0.000000000000000000e+00
9.451898511039846795e-01 5.411528699578869311e-02 3.527929750026712964e-16 1.759751608582086770e-15 6.948619002244084322e-04 0.000000000000000000e+00
9.451898511039846795e-01 5.411528699578869311e-02 3.527929750026712964e-16 1.759751608582086770e-15 6.948619002244084322e-04 0.000000000000000000e+00
9.451898511039846795e-01 5.411528699578869311e-02 3.527929750026712964e-16 1.759751608582086770e-15 6.948619002244084322e-04 0.000000000000000000e+00
9.451898511039846795e-01 5.411528699578869311e-02 3.527929750026712964e-16 1.759751608582086770e-15 6.948619002244084322e-04 0.000000000000000000e+00
9.451898511039846795e-01 5.411528699578869311e-02 3.527929750026712964e-16 1.759751608582086770e-15 6.948619002244084322e-04 0.000000000000000000e+00
9.451898511039846795e-01 5.411528699578869311e-02 3.527929750026712964e-16 1.759751608582086770e-15 6.948619002244084322e-04 0.000000000000000000e+00
9.451898511039846795e-01 5.411528699578869311e-02 3.527929750026712964e-16 1.759751608582086770e-15 6.948619002244084322e-04 0.000000000000000000e+00
9.451898511039846795e-01 5.411528699578869311e-02 3.527929750026712964e-16 1.759751608582086770e-15 6.948619002244084322e-04 0.000000000000000000e+00
9.451898511039846795e-01 5.411528699578869311e-02 3.527929750026712964e-16 1.759751608582086770e-15 6.948619002244084322e-04 0.000000000000000000e+00
9.451898511039846795e-01 5.411528699578869311e-02 3.527929750026712964e-16 1.759751608582086770e-15 6.948619002244084322e-04 0.000000000000000000e+00
9.451898511039846795e-01 5.411528699578869311e-02 3.527929750026712964e-16 1.759751608582086770e-15 6.948619002244084322e-04 0.000000000000000000e+00
9.451898511039846795e-01 5.411528699578869311e-02 3.527929750026712964e-16 1.759751608582086770e-15 6.948619002244084322e-04 0.000000000000000000e+00
9.451898511039846795e-01 5.411528699578869311e-02 3.527929750026712964e-16 1.759751608582086770e-15 6.948619002244084322e-04 0.000000000000000000e+00
9.451898511039846795e-01 5.411528699578869311e-02 3.527929750026712964e-16 1.759751608582086770e-15 6.948619002244084322e-04 0.000000000000000000e+00
9.451898511039846795e-01 5.411528699578869311e-02 3.527929750026712964e-16 1.759751608582086770e-15 6.948619002244084322e-04 0.000000000000000000e+00
9.451898511039846795e-01 5.411528699578869311e-02 3.527929750026712964e-16 1.759751608582086770e-15 6.948619002244084322e-04 0.000000000000000000e+00
9.451898511039846795e-01 5.411528699578869311e-02 3.527929750026712964e-16 1.759751608582086770e-15 6.948619002244084322e-04 0.000000000000000000e+00
9.451898511039846795e-01 5.411528699578869311e-02 3.527929750026712964e-16 1.759751608582086770e-15 6.948619002244084322e-04 0.000000000000000000e+00
9.451898511039846795e-01 5.411528699578869311e-02 3.527929750026712964e-16 1.759751608582086770e-15 6.948619002244084322e-04 0.000000000000000000e+00
9.451898511039846795e-01 5.411528699578869311e-02 3.527929750026712964e-16 1.759751608582086770e-15 6.948619002244084322e-04 0.000000000000000000e+00
9.451898511039846795e-01 5.411528699578869311e-02 3.527929750026712964e-16 1.759751608582086770e-15 6.948619002244084322e-04 0.000000000000000000e+00
9.451898511039846795e-01 5.411528699578869311e-02 3.527929750026712964e-16 1.759751608582086770e-15 6.948619002244084322e-04 0.000000000000000000e+00
9.451898511039846795e-01 5.411528699578869311e-02 3.527929750026712964e-16 1.759751608582086770e-15 6.948619002244084322e-04 0.000000000000000000e+00
9.451898511039846795e-01 5.411528699578869311e-02 3.527929750026712964e-16 1.759751608582086770e-15 6.948619002244084322e-04 0.000000000000000000e+00
9.451898511039846795e-01 5.411528699578869311e-02 3.527929750026712964e-16 1.759751608582086770e-15 6.948619002244084322e-04 0.000000000000000000e+00
9.451898511039846795e-01 5.411528699578869311e-02 3.527929750026712964e-16 1.759751608582086770e-15 6.948619002244084322e-04 0.000000000000000000e+00
9.451898511039846795e-01 5.411528699578869311e-02 3.527929750026712964e-16 1.759751608582086770e-15 6.948619002244084322e-04 0.000000000000000000e+00
9.451898511039846795e-01 5.411528699578869311e-02 3.527929750026712964e-16 1.759751608582086770e-15 6.948619002244084322e-04 0.000000000000000000e+00
9.451898511039846795e-01 5.411528699578869311e-02 3.527929750026712964e-16 1.759751608582086770e-15 6.948619002244084322e-04 0.000000000000000000e+00
9.451898511039846795e-01 5.411528699578869311e-02 3.527929750026712964e-16 1.759751608582086770e-15 6.948619002244084322e-04 0.000000000000000000e+00
9.451898511039846795e-01 5.411528699578869311e-02 3.527929750026712964e-16 1.759751608582086770e-15 6.948619002244084322e-04 0.000000000000000000e+00
9.451898511039846795e-01 5.411528699578869311e-02 3.527929750026712964e-16 1.759751608582086770e-15 6.948619002244084322e-04 0.000000000000000000e+00
9.451898511039846795e-01 5.411528699578869311e-02 3.527929750026712964e-16 1.759751608582086770e-15 6.948619002244084322e-04 0.000000000000000000e+00
9.451898511039846795e-01 5.411528699578869311e-02 3.527929750026712964e-16 1.759751608582086770e-15 6.948619002244084322e-04 0.000000000000000000e+00
9.451898511039846795e-01 5.411528699578869311e-02 3.527929750026712964e-16 1.759751608582086770e-15 6.948619002244084322e-04 0.000000000000000000e+00
9.451898511039846795e-01 5.411528699578869311e-02 3.527929750026712964e-16 1.759751608582086770e-15 6.948619002244084322e-04 0.000000000000000000e+00
9.451898511039846795e-01 5.411528699578869311e-02 3.527929750026712964e-16 1.759751608582086770e-15 6.948619002244084322e-04 0.000000000000000000e+00
9.451898511039846795e-01 5.411528699578869311e-02 3.527929750026712964e-16 1.759751608582086770e-15 6.948619002244084322e-04 0.000000000000000000e+00
9.451898511039846795e-01 5.411528699578869311e-02 3.527929750026712964e-16 1.759751608582086770e-15 6.948619002244084322e-04 0.000000000000000000e+00
9.451898511039846795e-01 5.411528699578869311e-02 3.527929750026712964e-16 1.759751608582086770e-15 6.948619002244084322e-04 0.000000000000000000e+00
9.451898511039846795e-01 5.411528699578869311e-02 3.527929750026712964e-16 1.759751608582086770e-15 6.948619002244084322e-04 0.000000000000000000e+00
9.451898511039846795e-01 5.411528699578869311e-02 3.527929750026712964e-16 1.759751608582086770e-15 6.948619002244084322e-04 0.000000000000000000e+00
9.451898511039846795e-01 5.411528699578869311e-02 3.527929750026712964e-16 1.759751608582086770e-15 6.948619002244084322e-04 0.000000000000000000e+00
9.451898511039846795e-01 5.411528699578869311e-02 3.527929750026712964e-16 1.759751608582086770e-15 6.948619002244084322e-04 0.000000000000000000e+00
9.451898511039846795e-01 5.411528699578869311e-02 3.527929750026712964e-16 1.759751608582086770e-15 6.948619002244084322e-04 0.000000000000000000e+00
9.451898511039846795e-01 5.411528699578869311e-02 3.527929750026712964e-16 1.759751608582086770e-15 6.948619002244084322e-04 0.000000000000000000e+00
9.451898511039846795e-01 5.411528699578869311e-02 3.527929750026712964e-16 1.759751608582086770e-15 6.948619002244084322e-04 0.000000000000000000e+00
9.451898511039846795e-01 5.411528699578869311e-02 3.527929750026712964e-16 1.759751608582086770e-15 6.948619002244084322e-04 0.000000000000000000e+00
9.451898511039846795e-01 5.411528699578869311e-02 3.527929750026712964e-16 1.759751608582086770e-15 6.948619002244084322e-04 0.000000000000000000e+00
9.451898511039846795e-01 5.411528699578869311e-02 3.527929750026712964e-16 1.759751608582086770e-15 6.948619002244084322e-04 0.000000000000000000e+00
9.451898511039846795e-01 5.411528699578869311e-02 3.527929750026712964e-16 1.759751608582086770e-15 6.948619002244084322e-04 0.000000000000000000e+00
9.451898511039846795e-01 5.411528699578869311e-02 3.527929750026712964e-16 1.759751608582086770e-15 6.948619002244084322e-04 0.000000000000000000e+00
9.451898511039846795e-01 5.411528699578869311e-02 3.527929750026712964e-16 1.759751608582086770e-15 6.948619002244084322e-04 0.000000000000000000e+00
9.451898511039846795e-01 5.411528699578869311e-02 3.527929750026712964e-16 1.759751608582086770e-15 6.948619002244084322e-04 0.000000000000000000e+00
9.451898511039846795e-01 5.411528699578869311e-02 3.527929750026712964e-16 1.759751608582086770e-15 6.948619002244084322e-04 0.000000000000000000e+00
9.451898511039846795e-01 5.411528699578869311e-02 3.527929750026712964e-16 1.759751608582086770e-15 6.948619002244084322e-04 0.000000000000000000e+00
9.451898511039846795e-01 5.411528699578869311e-02 3.527929750026712964e-16 1.759751608582086770e-15 6.948619002244084322e-04 0.000000000000000000e+00
9.451898511039846795e-01 5.411528699578869311e-02 3.527929750026712964e-16 1.759751608582086770e-15 6.948619002244084322e-04 0.000000000000000000e+00
9.451898511039846795e-01 5.411528699578869311e-02 3.527929750026712964e-16 1.759751608582086770e-15 6.948619002244084322e-04 0.000000000000000000e+00
9.451898511039846795e-01 5.411528699578869311e-02 3.527929750026712964e-16 1.759751608582086770e-15 6.948619002244084322e-04 0.000000000000000000e+00
9.451898511039846795e-01 5.411528699578869311e-02 3.527929750026712964e-16 1.759751608582086770e-15 6.948619002244084322e-04 0.000000000000000000e+00
9.451898511039846795e-01 5.411528699578869311e-02 3.527929750026712964e-16 1.759751608582086770e-15 6.948619002244084322e-04 0.000000000000000000e+00
9.451898511039846795e-01 5.411528699578869311e-02 3.527929750026712964e-16 1.759751608582086770e-15 6.948619002244084322e-04 0.000000000000000000e+00
9.451898511039846795e-01 5.411528699578869311e-02 3.527929750026712964e-16 1.759751608582086770e-15 6.948619002244084322e-04 0.000000000000000000e+00
9.451898511039846795e-01 5.411528699578869311e-02 3.527929750026712964e-16 1.759751608582086770e-15 6.948619002244084322e-04 0.000000000000000000e+00
9.451898511039846795e-01 5.411528699578869311e-02 3.527929750026712964e-16 1.759751608582086770e-15 6.948619002244084322e-04 0.000000000000000000e+00
9.451898511039846795e-01 5.411528699578869311e-02 3.527929750026712964e-16 1.759751608582086770e-15 6.948619002244084322e-04 0.000000000000000000e+00
9.451898511039846795e-01 5.411528699578869311e-02 3.527929750026712964e-16 1.759751608582086770e-15 6.948619002244084322e-04 0.000000000000000000e+00
9.451898511039846795e-01 5.411528699578869311e-02 3.527929750026712964e-16 1.759751608582086770e-15 6.948619002244084322e-04 0.000000000000000000e+00
9.451898511039846795e-01 5.411528699578869311e-02 3.527929750026712964e-16 1.759751608582086770e-15 6.948619002244084322e-04 0.000000000000000000e+00
9.451898511039846795e-01 5.411528699578869311e-02 3.527929750026712964e-16 1.759751608582086770e-15 6.948619002244084322e-04 0.000000000000000000e+00
9.451898511039846795e-01 5.411528699578869311e-02 3.527929750026712964e-16 1.759751608582086770e-15 6.948619002244084322e-04 0.000000000000000000e+00
9.451898511039846795e-01 5.411528699578869311e-02 3.527929750026712964e-16 1.759751608582086770e-15 6.948619002244084322e-04 0.000000000000000000e+00
9.451898511039846795e-01 5.411528699578869311e-02 3.527929750026712964e-16 1.759751608582086770e-15 6.948619002244084322e-04 0.000000000000000000e+00
9.451898511039846795e-01 5.411528699578869311e-02 3.527929750026712964e-16 1.759751608582086770e-15 6.948619002244084322e-04 0.000000000000000000e+00
9.451898511039846795e-01 5.411528699578869311e-02 3.527929750026712964e-16 1.759751608582086770e-15 6.948619002244084322e-04 0.000000000000000000e+00
9.451898511039846795e-01 5.411528699578869311e-02 3.527929750026712964e-16 1.759751608582086770e-15 6.948619002244084322e-04 0.000000000000000000e+00
9.451898511039846795e-01 5.411528699578869311e-02 3.527929750026712964e-16 1.759751608582086770e-15 6.948619002244084322e-04 0.000000000000000000e+00
9.451898511039846795e-01 5.411528699578869311e-02 3.527929750026712964e-16 1.759751608582086770e-15 6.948619002244084322e-04 0.000000000000000000e+00
9.451898511039846795e-01 5.411528699578869311e-02 3.527929750026712964e-16 1.759751608582086770e-15 6.948619002244084322e-04 0.000000000000000000e+00
9.451898511039846795e-01 5.411528699578869311e-02 3.527929750026712964e-16 1.759751608582086770e-15 6.948619002244084322e-04 0.000000000000000000e+00
9.451898511039846795e-01 5.411528699578869311e-02 3.527929750026712964e-16 1.759751608582086770e-15 6.948619002244084322e-04 0.000000000000000000e+00
9.451898511039846795e-01 5.411528699578869311e-02 3.527929750026712964e-16 1.759751608582086770e-15 6.948619002244084322e-04 0.000000000000000000e+00
9.451898511039846795e-01 5.411528699578869311e-02 3.527929750026712964e-16 1.759751608582086770e-15 6.948619002244084322e-04 0.000000000000000000e+00
9.451898511039846795e-01 5.411528699578869311e-02 3.527929750026712964e-16 1.759751608582086770e-15 6.948619002244084322e-04 0.000000000000000000e+00
9.451898511039846795e-01 5.411528699578869311e-02 3.527929750026712964e-16 1.759751608582086770e-15 6.948619002244084322e-04 0.000000000000000000e+00
9.451898511039846795e-01 5.411528699578869311e-02 3.527929750026712964e-16 1.759751608582086770e-15 6.948619002244084322e-04 0.000000000000000000e+00
9.451898511039846795e-01 5.411528699578869311e-02 3.527929750026712964e-16 1.759751608582086770e-15 6.948619002244084322e-04 0.000000000000000000e+00
9.451898511039846795e-01 5.411528699578869311e-02 3.527929750026712964e-16 1.759751608582086770e-15 6.948619002244084322e-04 0.000000000000000000e+00
9.451898511039846795e-01 5.411528699578869311e-02 3.527929750026712964e-16 1.759751608582086770e-15 6.948619002244084322e-04 0.000000000000000000e+00
9.451898511039846795e-01 5.411528699578869311e-02 3.527929750026712964e-16 1.759751608582086770e-15 6.948619002244084322e-04 0.000000000000000000e+00
9.451898511039846795e-01 5.411528699578869311e-02 3.527929750026712964e-16 1.759751608582086770e-15 6.948619002244084322e-04 0.000000000000000000e+00
9.451898511039846795e-01 5.411528699578869311e-02 3.527929750026712964e-16 1.759751608582086770e-15 6.948619002244084322e-04 0.000000000000000000e+00
9.451898511039846795e-01 5.411528699578869311e-02 3.527929750026712964e-16 1.759751608582086770e-15 6.948619002244084322e-04 0.000000000000000000e+00
9.451898511039846795e-01 5.411528699578869311e-02 3.527929750026712964e-16 1.759751608582086770e-15 6.948619002244084322e-04 0.000000000000000000e+00
9.451898511039846795e-01 5.411528699578869311e-02 3.527929750026712964e-16 1.759751608582086770e-15 6.948619002244084322e-04 0.000000000000000000e+00
9.451898511039846795e-01 5.411528699578869311e-02 3.527929750026712964e-16 1.759751608582086770e-15 6.948619002244084322e-04 0.000000000000000000e+00
9.451898511039846795e-01 5.411528699578869311e-02 3.527929750026712964e-16 1.759751608582086770e-15 6.948619002244084322e-04 0.000000000000000000e+00
9.451898511039846795e-01 5.411528699578869311e-02 3.527929750026712964e-16 1.759751608582086770e-15 6.948619002244084322e-04 0.000000000000000000e+00
9.451898511039846795e-01 5.411528699578869311e-02 3.527929750026712964e-16 1.759751608582086770e-15 6.948619002244084322e-04 0.000000000000000000e+00
9.451898511039846795e-01 5.411528699578869311e-02 3.527929750026712964e-16 1.759751608582086770e-15 6.948619002244084322e-04 0.000000000000000000e+00
9.451898511039846795e-01 5.411528699578869311e-02 3.527929750026712964e-16 1.759751608582086770e-15 6.948619002244084322e-04 0.000000000000000000e+00
9.451898511039846795e-01 5.411528699578869311e-02 3.527929750026712964e-16 1.759751608582086770e-15 6.948619002244084322e-04 0.000000000000000000e+00
9.451898511039846795e-01 5.411528699578869311e-02 3.527929750026712964e-16 1.759751608582086770e-15 6.948619002244084322e-04 0.000000000000000000e+00
9.451898511039846795e-01 5.411528699578869311e-02 3.527929750026712964e-16 1.759751608582086770e-15 6.948619002244084322e-04 0.000000000000000000e+00
9.451898511039846795e-01 5.411528699578869311e-02 3.527929750026712964e-16 1.759751608582086770e-15 6.948619002244084322e-04 0.000000000000000000e+00
9.451898511039846795e-01 5.411528699578869311e-02 3.527929750026712964e-16 1.759751608582086770e-15 6.948619002244084322e-04 0.000000000000000000e+00
9.451898511039846795e-01 5.411528699578869311e-02 3.527929750026712964e-16 1.759751608582086770e-15 6.948619002244084322e-04 0.000000000000000000e+00
9.451898511039846795e-01 5.411528699578869311e-02 3.527929750026712964e-16 1.759751608582086770e-15 6.948619002244084322e-04 0.000000000000000000e+00
9.451898511039846795e-01 5.411528699578869311e-02 3.527929750026712964e-16 1.759751608582086770e-15 6.948619002244084322e-04 0.000000000000000000e+00
9.451898511039846795e-01 5.411528699578869311e-02 3.527929750026712964e-16 1.759751608582086770e-15 6.948619002244084322e-04 0.000000000000000000e+00
9.451898511039846795e-01 5.411528699578869311e-02 3.527929750026712964e-16 1.759751608582086770e-15 6.948619002244084322e-04 0.000000000000000000e+00
9.451898511039846795e-01 5.411528699578869311e-02 3.527929750026712964e-16 1.759751608582086770e-15 6.948619002244084322e-04 0.000000000000000000e+00
9.451898511039846795e-01 5.411528699578869311e-02 3.527929750026712964e-16 1.759751608582086770e-15 6.948619002244084322e-04 0.000000000000000000e+00
9.451898511039846795e-01 5.411528699578869311e-02 3.527929750026712964e-16 1.759751608582086770e-15 6.948619002244084322e-04 0.000000000000000000e+00
9.451898511039846795e-01 5.411528699578869311e-02 3.527929750026712964e-16 1.759751608582086770e-15 6.948619002244084322e-04 0.000000000000000000e+00
9.451898511039846795e-01 5.411528699578869311e-02 3.527929750026712964e-16 1.759751608582086770e-15 6.948619002244084322e-04 0.000000000000000000e+00
9.451898511039846795e-01 5.411528699578869311e-02 3.527929750026712964e-16 1.759751608582086770e-15 6.948619002244084322e-04 0.000000000000000000e+00
9.451898511039846795e-01 5.411528699578869311e-02 3.527929750026712964e-16 1.759751608582086770e-15 6.948619002244084322e-04 0.000000000000000000e+00
9.451898511039846795e-01 5.411528699578869311e-02 3.527929750026712964e-16 1.759751608582086770e-15 6.948619002244084322e-04 0.000000000000000000e+00
9.451898511039846795e-01 5.411528699578869311e-02 3.527929750026712964e-16 1.759751608582086770e-15 6.948619002244084322e-04 0.000000000000000000e+00
9.451898511039846795e-01 5.411528699578869311e-02 3.527929750026712964e-16 1.759751608582086770e-15 6.948619002244084322e-04 0.000000000000000000e+00
9.451898511039846795e-01 5.411528699578869311e-02 3.527929750026712964e-16 1.759751608582086770e-15 6.948619002244084322e-04 0.000000000000000000e+00
9.451898511039846795e-01 5.411528699578869311e-02 3.527929750026712964e-16 1.759751608582086770e-15 6.948619002244084322e-04 0.000000000000000000e+00
9.451898511039846795e-01 5.411528699578869311e-02 3.527929750026712964e-16 1.759751608582086770e-15 6.948619002244084322e-04 0.000000000000000000e+00
9.451898511039846795e-01 5.411528699578869311e-02 3.527929750026712964e-16 1.759751608582086770e-15 6.948619002244084322e-04 0.000000000000000000e+00
9.451898511039846795e-01 5.411528699578869311e-02 3.527929750026712964e-16 1.759751608582086770e-15 6.948619002244084322e-04 0.000000000000000000e+00
9.451898511039846795e-01 5.411528699578869311e-02 3.527929750026712964e-16 1.759751608582086770e-15 6.948619002244084322e-04 0.000000000000000000e+00
9.451898511039846795e-01 5.411528699578869311e-02 3.527929750026712964e-16 1.759751608582086770e-15 6.948619002244084322e-04 0.000000000000000000e+00
9.451898511039846795e-01 5.411528699578869311e-02 3.527929750026712964e-16 1.759751608582086770e-15 6.948619002244084322e-04 0.000000000000000000e+00
9.451898511039846795e-01 5.411528699578869311e-02 3.527929750026712964e-16 1.759751608582086770e-15 6.948619002244084322e-04 0.000000000000000000e+00
9.451898511039846795e-01 5.411528699578869311e-02 3.527929750026712964e-16 1.759751608582086770e-15 6.948619002244084322e-04 0.000000000000000000e+00
9.451898511039846795e-01 5.411528699578869311e-02 3.527929750026712964e-16 1.759751608582086770e-15 6.948619002244084322e-04 0.000000000000000000e+00
9.451898511039846795e-01 5.411528699578869311e-02 3.527929750026712964e-16 1.759751608582086770e-15 6.948619002244084322e-04 0.000000000000000000e+00
9.451898511039846795e-01 5.411528699578869311e-02 3.527929750026712964e-16 1.759751608582086770e-15 6.948619002244084322e-04 0.000000000000000000e+00
9.451898511039846795e-01 5.411528699578869311e-02 3.527929750026712964e-16 1.759751608582086770e-15 6.948619002244084322e-04 0.000000000000000000e+00
9.451898511039846795e-01 5.411528699578869311e-02 3.527929750026712964e-16 1.759751608582086770e-15 6.948619002244084322e-04 0.000000000000000000e+00
9.451898511039846795e-01 5.411528699578869311e-02 3.527929750026712964e-16 1.759751608582086770e-15 6.948619002244084322e-04 0.000000000000000000e+00
9.451898511039846795e-01 5.411528699578869311e-02 3.527929750026712964e-16 1.759751608582086770e-15 6.948619002244084322e-04 0.000000000000000000e+00
9.451898511039846795e-01 5.411528699578869311e-02 3.527929750026712964e-16 1.759751608582086770e-15 6.948619002244084322e-04 0.000000000000000000e+00
9.451898511039846795e-01 5.411528699578869311e-02 3.527929750026712964e-16 1.759751608582086770e-15 6.948619002244084322e-04 0.000000000000000000e+00
9.451898511039846795e-01 5.411528699578869311e-02 3.527929750026712964e-16 1.759751608582086770e-15 6.948619002244084322e-04 0.000000000000000000e+00
9.451898511039846795e-01 5.411528699578869311e-02 3.527929750026712964e-16 1.759751608582086770e-15 6.948619002244084322e-04 0.000000000000000000e+00
9.451898511039846795e-01 5.411528699578869311e-02 3.527929750026712964e-16 1.759751608582086770e-15 6.948619002244084322e-04 0.000000000000000000e+00
9.451898511039846795e-01 5.411528699578869311e-02 3.527929750026712964e-16 1.759751608582086770e-15 6.948619002244084322e-04 0.000000000000000000e+00
9.451898511039846795e-01 5.411528699578869311e-02 3.527929750026712964e-16 1.759751608582086770e-15 6.948619002244084322e-04 0.000000000000000000e+00
9.451898511039846795e-01 5.411528699578869311e-02 3.527929750026712964e-16 1.759751608582086770e-15 6.948619002244084322e-04 0.000000000000000000e+00
9.451898511039846795e-01 5.411528699578869311e-02 3.527929750026712964e-16 1.759751608582086770e-15 6.948619002244084322e-04 0.000000000000000000e+00
9.451898511039846795e-01 5.411528699578869311e-02 3.527929750026712964e-16 1.759751608582086770e-15 6.948619002244084322e-04 0.000000000000000000e+00
9.451898511039846795e-01 5.411528699578869311e-02 3.527929750026712964e-16 1.759751608582086770e-15 6.948619002244084322e-04 0.000000000000000000e+00
9.451898511039846795e-01 5.411528699578869311e-02 3.527929750026712964e-16 1.759751608582086770e-15 6.948619002244084322e-04 0.000000000000000000e+00
9.451898511039846795e-01 5.411528699578869311e-02 3.527929750026712964e-16 1.759751608582086770e-15 6.948619002244084322e-04 0.000000000000000000e+00
9.451898511039846795e-01 5.411528699578869311e-02 3.527929750026712964e-16 1.759751608582086770e-15 6.948619002244084322e-04 0.000000000000000000e+00
9.451898511039846795e-01 5.411528699578869311e-02 3.527929750026712964e-16 1.759751608582086770e-15 6.948619002244084322e-04 0.000000000000000000e+00
9.451898511039846795e-01 5.411528699578869311e-02 3.527929750026712964e-16 1.759751608582086770e-15 6.948619002244084322e-04 0.000000000000000000e+00
9.451898511039846795e-01 5.411528699578869311e-02 3.527929750026712964e-16 1.759751608582086770e-15 6.948619002244084322e-04 0.000000000000000000e+00
9.451898511039846795e-01 5.411528699578869311e-02 3.527929750026712964e-16 1.759751608582086770e-15 6.948619002244084322e-04 0.000000000000000000e+00
9.451898511039846795e-01 5.411528699578869311e-02 3.527929750026712964e-16 1.759751608582086770e-15 6.948619002244084322e-04 0.000000000000000000e+00
9.451898511039846795e-01 5.411528699578869311e-02 3.527929750026712964e-16 1.759751608582086770e-15 6.948619002244084322e-04 0.000000000000000000e+00
9.451898511039846795e-01 5.411528699578869311e-02 3.527929750026712964e-16 1.759751608582086770e-15 6.948619002244084322e-04 0.000000000000000000e+00
9.451898511039846795e-01 5.411528699578869311e-02 3.527929750026712964e-16 1.759751608582086770e-15 6.948619002244084322e-04 0.000000000000000000e+00
9.451898511039846795e-01 5.411528699578869311e-02 3.527929750026712964e-16 1.759751608582086770e-15 6.948619002244084322e-04 0.000000000000000000e+00
9.451898511039846795e-01 5.411528699578869311e-02 3.527929750026712964e-16 1.759751608582086770e-15 6.948619002244084322e-04 0.000000000000000000e+00
9.451898511039846795e-01 5.411528699578869311e-02 3.527929750026712964e-16 1.759751608582086770e-15 6.948619002244084322e-04 0.000000000000000000e+00
9.451898511039846795e-01 5.411528699578869311e-02 3.527929750026712964e-16 1.759751608582086770e-15 6.948619002244084322e-04 0.000000000000000000e+00
9.451898511039846795e-01 5.411528699578869311e-02 3.527929750026712964e-16 1.759751608582086770e-15 6.948619002244084322e-04 0.000000000000000000e+00
9.451898511039846795e-01 5.411528699578869311e-02 3.527929750026712964e-16 1.759751608582086770e-15 6.948619002244084322e-04 0.000000000000000000e+00
9.451898511039846795e-01 5.411528699578869311e-02 3.527929750026712964e-16 1.759751608582086770e-15 6.948619002244084322e-04 0.000000000000000000e+00
9.451898511039846795e-01 5.411528699578869311e-02 3.527929750026712964e-16 1.759751608582086770e-15 6.948619002244084322e-04 0.000000000000000000e+00
9.451898511039846795e-01 5.411528699578869311e-02 3.527929750026712964e-16 1.759751608582086770e-15 6.948619002244084322e-04 0.000000000000000000e+00
9.451898511039846795e-01 5.411528699578869311e-02 3.527929750026712964e-16 1.759751608582086770e-15 6.948619002244084322e-04 0.000000000000000000e+00
9.451898511039846795e-01 5.411528699578869311e-02 3.527929750026712964e-16 1.759751608582086770e-15 6.948619002244084322e-04 0.000000000000000000e+00
9.451898511039846795e-01 5.411528699578869311e-02 3.527929750026712964e-16 1.759751608582086770e-15 6.948619002244084322e-04 0.000000000000000000e+00
9.451898511039846795e-01 5.411528699578869311e-02 3.527929750026712964e-16 1.759751608582086770e-15 6.948619002244084322e-04 0.000000000000000000e+00
9.451898511039846795e-01 5.411528699578869311e-02 3.527929750026712964e-16 1.759751608582086770e-15 6.948619002244084322e-04 0.000000000000000000e+00
9.451898511039846795e-01 5.411528699578869311e-02 3.527929750026712964e-16 1.759751608582086770e-15 6.948619002244084322e-04 0.000000000000000000e+00
9.451898511039846795e-01 5.411528699578869311e-02 3.527929750026712964e-16 1.759751608582086770e-15 6.948619002244084322e-04 0.000000000000000000e+00
9.451898511039846795e-01 5.411528699578869311e-02 3.527929750026712964e-16 1.759751608582086770e-15 6.948619002244084322e-04 0.000000000000000000e+00
9.451898511039846795e-01 5.411528699578869311e-02 3.527929750026712964e-16 1.759751608582086770e-15 6.948619002244084322e-04 0.000000000000000000e+00
9.451898511039846795e-01 5.411528699578869311e-02 3.527929750026712964e-16 1.759751608582086770e-15 6.948619002244084322e-04 0.000000000000000000e+00
9.451898511039846795e-01 5.411528699578869311e-02 3.527929750026712964e-16 1.759751608582086770e-15 6.948619002244084322e-04 0.000000000000000000e+00
9.451898511039846795e-01 5.411528699578869311e-02 3.527929750026712964e-16 1.759751608582086770e-15 6.948619002244084322e-04 0.000000000000000000e+00
9.451898511039846795e-01 5.411528699578869311e-02 3.527929750026712964e-16 1.759751608582086770e-15 6.948619002244084322e-04 0.000000000000000000e+00
9.451898511039846795e-01 5.411528699578869311e-02 3.527929750026712964e-16 1.759751608582086770e-15 6.948619002244084322e-04 0.000000000000000000e+00
9.451898511039846795e-01 5.411528699578869311e-02 3.527929750026712964e-16 1.759751608582086770e-15 6.948619002244084322e-04 0.000000000000000000e+00
9.451898511039846795e-01 5.411528699578869311e-02 3.527929750026712964e-16 1.759751608582086770e-15 6.948619002244084322e-04 0.000000000000000000e+00
9.451898511039846795e-01 5.411528699578869311e-02 3.527929750026712964e-16 1.759751608582086770e-15 6.948619002244084322e-04 0.000000000000000000e+00
9.451898511039846795e-01 5.411528699578869311e-02 3.527929750026712964e-16 1.759751608582086770e-15 6.948619002244084322e-04 0.000000000000000000e+00
9.451898511039846795e-01 5.411528699578869311e-02 3.527929750026712964e-16 1.759751608582086770e-15 6.948619002244084322e-04 0.000000000000000000e+00
9.451898511039846795e-01 5.411528699578869311e-02 3.527929750026712964e-16 1.759751608582086770e-15 6.948619002244084322e-04 0.000000000000000000e+00
9.451898511039846795e-01 5.411528699578869311e-02 3.527929750026712964e-16 1.759751608582086770e-15 6.948619002244084322e-04 0.000000000000000000e+00
9.451898511039846795e-01 5.411528699578869311e-02 3.527929750026712964e-16 1.759751608582086770e-15 6.948619002244084322e-04 0.000000000000000000e+00
9.451898511039846795e-01 5.411528699578869311e-02 3.527929750026712964e-16 1.759751608582086770e-15 6.948619002244084322e-04 0.000000000000000000e+00
9.451898511039846795e-01 5.411528699578869311e-02 3.527929750026712964e-16 1.759751608582086770e-15 6.948619002244084322e-04 0.000000000000000000e+00
9.451898511039846795e-01 5.411528699578869311e-02 3.527929750026712964e-16 1.759751608582086770e-15 6.948619002244084322e-04 0.000000000000000000e+00
9.451898511039846795e-01 5.411528699578869311e-02 3.527929750026712964e-16 1.759751608582086770e-15 6.948619002244084322e-04 0.000000000000000000e+00
9.451898511039846795e-01 5.411528699578869311e-02 3.527929750026712964e-16 1.759751608582086770e-15 6.948619002244084322e-04 0.000000000000000000e+00
9.451898511039846795e-01 5.411528699578869311e-02 3.527929750026712964e-16 1.759751608582086770e-15 6.948619002244084322e-04 0.000000000000000000e+00
9.451898511039846795e-01 5.411528699578869311e-02 3.527929750026712964e-16 1.759751608582086770e-15 6.948619002244084322e-04 0.000000000000000000e+00
9.451898511039846795e-01 5.411528699578869311e-02 3.527929750026712964e-16 1.759751608582086770e-15 6.948619002244084322e-04 0.000000000000000000e+00
9.451898511039846795e-01 5.411528699578869311e-02 3.527929750026712964e-16 1.759751608582086770e-15 6.948619002244084322e-04 0.000000000000000000e+00
9.451898511039846795e-01 5.411528699578869311e-02 3.527929750026712964e-16 1.759751608582086770e-15 6.948619002244084322e-04 0.000000000000000000e+00
9.451898511039846795e-01 5.411528699578869311e-02 3.527929750026712964e-16 1.759751608582086770e-15 6.948619002244084322e-04 0.000000000000000000e+00
9.451898511039846795e-01 5.411528699578869311e-02 3.527929750026712964e-16 1.759751608582086770e-15 6.948619002244084322e-04 0.000000000000000000e+00
9.451898511039846795e-01 5.411528699578869311e-02 3.527929750026712964e-16 1.759751608582086770e-15 6.948619002244084322e-04 0.000000000000000000e+00
9.451898511039846795e-01 5.411528699578869311e-02 3.527929750026712964e-16 1.759751608582086770e-15 6.948619002244084322e-04 0.000000000000000000e+00
9.451898511039846795e-01 5.411528699578869311e-02 3.527929750026712964e-16 1.759751608582086770e-15 6.948619002244084322e-04 0.000000000000000000e+00
9.451898511039846795e-01 5.411528699578869311e-02 3.527929750026712964e-16 1.759751608582086770e-15 6.948619002244084322e-04 0.000000000000000000e+00
9.451898511039846795e-01 5.411528699578869311e-02 3.527929750026712964e-16 1.759751608582086770e-15 6.948619002244084322e-04 0.000000000000000000e+00
9.451898511039846795e-01 5.411528699578869311e-02 3.527929750026712964e-16 1.759751608582086770e-15 6.948619002244084322e-04 0.000000000000000000e+00
9.451898511039846795e-01 5.411528699578869311e-02 3.527929750026712964e-16 1.759751608582086770e-15 6.948619002244084322e-04 0.000000000000000000e+00
9.451898511039846795e-01 5.411528699578869311e-02 3.527929750026712964e-16 1.759751608582086770e-15 6.948619002244084322e-04 0.000000000000000000e+00
9.451898511039846795e-01 5.411528699578869311e-02 3.527929750026712964e-16 1.759751608582086770e-15 6.948619002244084322e-04 0.000000000000000000e+00
9.451898511039846795e-01 5.411528699578869311e-02 3.527929750026712964e-16 1.759751608582086770e-15 6.948619002244084322e-04 0.000000000000000000e+00
9.451898511039846795e-01 5.411528699578869311e-02 3.527929750026712964e-16 1.759751608582086770e-15 6.948619002244084322e-04 0.000000000000000000e+00
9.451898511039846795e-01 5.411528699578869311e-02 3.527929750026712964e-16 1.759751608582086770e-15 6.948619002244084322e-04 0.000000000000000000e+00
9.451898511039846795e-01 5.411528699578869311e-02 3.527929750026712964e-16 1.759751608582086770e-15 6.948619002244084322e-04 0.000000000000000000e+00
9.451898511039846795e-01 5.411528699578869311e-02 3.527929750026712964e-16 1.759751608582086770e-15 6.948619002244084322e-04 0.000000000000000000e+00
9.451898511039846795e-01 5.411528699578869311e-02 3.527929750026712964e-16 1.759751608582086770e-15 6.948619002244084322e-04 0.000000000000000000e+00
9.451898511039846795e-01 5.411528699578869311e-02 3.527929750026712964e-16 1.759751608582086770e-15 6.948619002244084322e-04 0.000000000000000000e+00
9.451898511039846795e-01 5.411528699578869311e-02 3.527929750026712964e-16 1.759751608582086770e-15 6.948619002244084322e-04 0.000000000000000000e+00
9.451898511039846795e-01 5.411528699578869311e-02 3.527929750026712964e-16 1.759751608582086770e-15 6.948619002244084322e-04 0.000000000000000000e+00
9.451898511039846795e-01 5.411528699578869311e-02 3.527929750026712964e-16 1.759751608582086770e-15 6.948619002244084322e-04 0.000000000000000000e+00
9.451898511039846795e-01 5.411528699578869311e-02 3.527929750026712964e-16 1.759751608582086770e-15 6.948619002244084322e-04 0.000000000000000000e+00
9.451898511039846795e-01 5.411528699578869311e-02 3.527929750026712964e-16 1.759751608582086770e-15 6.948619002244084322e-04 0.000000000000000000e+00
9.451898511039846795e-01 5.411528699578869311e-02 3.527929750026712964e-16 1.759751608582086770e-15 6.948619002244084322e-04 0.000000000000000000e+00
9.451898511039846795e-01 5.411528699578869311e-02 3.527929750026712964e-16 1.759751608582086770e-15 6.948619002244084322e-04 0.000000000000000000e+00
9.451898511039846795e-01 5.411528699578869311e-02 3.527929750026712964e-16 1.759751608582086770e-15 6.948619002244084322e-04 0.000000000000000000e+00
9.451898511039846795e-01 5.411528699578869311e-02 3.527929750026712964e-16 1.759751608582086770e-15 6.948619002244084322e-04 0.000000000000000000e+00
9.451898511039846795e-01 5.411528699578869311e-02 3.527929750026712964e-16 1.759751608582086770e-15 6.948619002244084322e-04 0.000000000000000000e+00
9.451898511039846795e-01 5.411528699578869311e-02 3.527929750026712964e-16 1.759751608582086770e-15 6.948619002244084322e-04 0.000000000000000000e+00
9.451898511039846795e-01 5.411528699578869311e-02 3.527929750026712964e-16 1.759751608582086770e-15 6.948619002244084322e-04 0.000000000000000000e+00
9.451898511039846795e-01 5.411528699578869311e-02 3.527929750026712964e-16 1.759751608582086770e-15 6.948619002244084322e-04 0.000000000000000000e+00
9.451898511039846795e-01 5.411528699578869311e-02 3.527929750026712964e-16 1.759751608582086770e-15 6.948619002244084322e-04 0.000000000000000000e+00
9.451898511039846795e-01 5.411528699578869311e-02 3.527929750026712964e-16 1.759751608582086770e-15 6.948619002244084322e-04 0.000000000000000000e+00
9.451898511039846795e-01 5.411528699578869311e-02 3.527929750026712964e-16 1.759751608582086770e-15 6.948619002244084322e-04 0.000000000000000000e+00
9.451898511039846795e-01 5.411528699578869311e-02 3.527929750026712964e-16 1.759751608582086770e-15 6.948619002244084322e-04 0.000000000000000000e+00
9.451898511039846795e-01 5.411528699578869311e-02 3.527929750026712964e-16 1.759751608582086770e-15 6.948619002244084322e-04 0.000000000000000000e+00
9.451898511039846795e-01 5.411528699578869311e-02 3.527929750026712964e-16 1.759751608582086770e-15 6.948619002244084322e-04 0.000000000000000000e+00
9.451898511039846795e-01 5.411528699578869311e-02 3.527929750026712964e-16 1.759751608582086770e-15 6.948619002244084322e-04 0.000000000000000000e+00
9.451898511039846795e-01 5.411528699578869311e-02 3.527929750026712964e-16 1.759751608582086770e-15 6.948619002244084322e-04 0.000000000000000000e+00
9.451898511039846795e-01 5.411528699578869311e-02 3.527929750026712964e-16 1.759751608582086770e-15 6.948619002244084322e-04 0.000000000000000000e+00
9.451898511039846795e-01 5.411528699578869311e-02 3.527929750026712964e-16 1.759751608582086770e-15 6.948619002244084322e-04 0.000000000000000000e+00
9.451898511039846795e-01 5.411528699578869311e-02 3.527929750026712964e-16 1.759751608582086770e-15 6.948619002244084322e-04 0.000000000000000000e+00
9.451898511039846795e-01 5.411528699578869311e-02 3.527929750026712964e-16 1.759751608582086770e-15 6.948619002244084322e-04 0.000000000000000000e+00
9.451898511039846795e-01 5.411528699578869311e-02 3.527929750026712964e-16 1.759751608582086770e-15 6.948619002244084322e-04 0.000000000000000000e+00
9.451898511039846795e-01 5.411528699578869311e-02 3.527929750026712964e-16 1.759751608582086770e-15 6.948619002244084322e-04 0.000000000000000000e+00
9.451898511039846795e-01 5.411528699578869311e-02 3.527929750026712964e-16 1.759751608582086770e-15 6.948619002244084322e-04 0.000000000000000000e+00
9.451898511039846795e-01 5.411528699578869311e-02 3.527929750026712964e-16 1.759751608582086770e-15 6.948619002244084322e-04 0.000000000000000000e+00
9.451898511039846795e-01 5.411528699578869311e-02 3.527929750026712964e-16 1.759751608582086770e-15 6.948619002244084322e-04 0.000000000000000000e+00
9.451898511039846795e-01 5.411528699578869311e-02 3.527929750026712964e-16 1.759751608582086770e-15 6.948619002244084322e-04 0.000000000000000000e+00
9.451898511039846795e-01 5.411528699578869311e-02 3.527929750026712964e-16 1.759751608582086770e-15 6.948619002244084322e-04 0.000000000000000000e+00
9.451898511039846795e-01 5.411528699578869311e-02 3.527929750026712964e-16 1.759751608582086770e-15 6.948619002244084322e-04 0.000000000000000000e+00
9.451898511039846795e-01 5.411528699578869311e-02 3.527929750026712964e-16 1.759751608582086770e-15 6.948619002244084322e-04 0.000000000000000000e+00
9.451898511039846795e-01 5.411528699578869311e-02 3.527929750026712964e-16 1.759751608582086770e-15 6.948619002244084322e-04 0.000000000000000000e+00
9.451898511039846795e-01 5.411528699578869311e-02 3.527929750026712964e-16 1.759751608582086770e-15 6.948619002244084322e-04 0.000000000000000000e+00
9.451898511039846795e-01 5.411528699578869311e-02 3.527929750026712964e-16 1.759751608582086770e-15 6.948619002244084322e-04 0.000000000000000000e+00
9.451898511039846795e-01 5.411528699578869311e-02 3.527929750026712964e-16 1.759751608582086770e-15 6.948619002244084322e-04 0.000000000000000000e+00
9.451898511039846795e-01 5.411528699578869311e-02 3.527929750026712964e-16 1.759751608582086770e-15 6.948619002244084322e-04 0.000000000000000000e+00
9.451898511039846795e-01 5.411528699578869311e-02 3.527929750026712964e-16 1.759751608582086770e-15 6.948619002244084322e-04 0.000000000000000000e+00
9.451898511039846795e-01 5.411528699578869311e-02 3.527929750026712964e-16 1.759751608582086770e-15 6.948619002244084322e-04 0.000000000000000000e+00
9.451898511039846795e-01 5.411528699578869311e-02 3.527929750026712964e-16 1.759751608582086770e-15 6.948619002244084322e-04 0.000000000000000000e+00
9.451898511039846795e-01 5.411528699578869311e-02 3.527929750026712964e-16 1.759751608582086770e-15 6.948619002244084322e-04 0.000000000000000000e+00
9.451898511039846795e-01 5.411528699578869311e-02 3.527929750026712964e-16 1.759751608582086770e-15 6.948619002244084322e-04 0.000000000000000000e+00
9.451898511039846795e-01 5.411528699578869311e-02 3.527929750026712964e-16 1.759751608582086770e-15 6.948619002244084322e-04 0.000000000000000000e+00
9.451898511039846795e-01 5.411528699578869311e-02 3.527929750026712964e-16 1.759751608582086770e-15 6.948619002244084322e-04 0.000000000000000000e+00
9.451898511039846795e-01 5.411528699578869311e-02 3.527929750026712964e-16 1.759751608582086770e-15 6.948619002244084322e-04 0.000000000000000000e+00
9.451898511039846795e-01 5.411528699578869311e-02 3.527929750026712964e-16 1.759751608582086770e-15 6.948619002244084322e-04 0.000000000000000000e+00
9.451898511039846795e-01 5.411528699578869311e-02 3.527929750026712964e-16 1.759751608582086770e-15 6.948619002244084322e-04 0.000000000000000000e+00
9.451898511039846795e-01 5.411528699578869311e-02 3.527929750026712964e-16 1.759751608582086770e-15 6.948619002244084322e-04 0.000000000000000000e+00
9.451898511039846795e-01 5.411528699578869311e-02 3.527929750026712964e-16 1.759751608582086770e-15 6.948619002244084322e-04 0.000000000000000000e+00
9.451898511039846795e-01 5.411528699578869311e-02 3.527929750026712964e-16 1.759751608582086770e-15 6.948619002244084322e-04 0.000000000000000000e+00
9.451898511039846795e-01 5.411528699578869311e-02 3.527929750026712964e-16 1.759751608582086770e-15 6.948619002244084322e-04 0.000000000000000000e+00
9.451898511039846795e-01 5.411528699578869311e-02 3.527929750026712964e-16 1.759751608582086770e-15 6.948619002244084322e-04 0.000000000000000000e+00
9.451898511039846795e-01 5.411528699578869311e-02 3.527929750026712964e-16 1.759751608582086770e-15 6.948619002244084322e-04 0.000000000000000000e+00
9.451898511039846795e-01 5.411528699578869311e-02 3.527929750026712964e-16 1.759751608582086770e-15 6.948619002244084322e-04 0.000000000000000000e+00
9.451898511039846795e-01 5.411528699578869311e-02 3.527929750026712964e-16 1.759751608582086770e-15 6.948619002244084322e-04 0.000000000000000000e+00
9.451898511039846795e-01 5.411528699578869311e-02 3.527929750026712964e-16 1.759751608582086770e-15 6.948619002244084322e-04 0.000000000000000000e+00
9.451898511039846795e-01 5.411528699578869311e-02 3.527929750026712964e-16 1.759751608582086770e-15 6.948619002244084322e-04 0.000000000000000000e+00
9.451898511039846795e-01 5.411528699578869311e-02 3.527929750026712964e-16 1.759751608582086770e-15 6.948619002244084322e-04 0.000000000000000000e+00
9.451898511039846795e-01 5.411528699578869311e-02 3.527929750026712964e-16 1.759751608582086770e-15 6.948619002244084322e-04 0.000000000000000000e+00
9.451898511039846795e-01 5.411528699578869311e-02 3.527929750026712964e-16 1.759751608582086770e-15 6.948619002244084322e-04 0.000000000000000000e+00
9.451898511039846795e-01 5.411528699578869311e-02 3.527929750026712964e-16 1.759751608582086770e-15 6.948619002244084322e-04 0.000000000000000000e+00
9.451898511039846795e-01 5.411528699578869311e-02 3.527929750026712964e-16 1.759751608582086770e-15 6.948619002244084322e-04 0.000000000000000000e+00
9.451898511039846795e-01 5.411528699578869311e-02 3.527929750026712964e-16 1.759751608582086770e-15 6.948619002244084322e-04 0.000000000000000000e+00
9.451898511039846795e-01 5.411528699578869311e-02 3.527929750026712964e-16 1.759751608582086770e-15 6.948619002244084322e-04 0.000000000000000000e+00
9.451898511039846795e-01 5.411528699578869311e-02 3.527929750026712964e-16 1.759751608582086770e-15 6.948619002244084322e-04 0.000000000000000000e+00
9.451898511039846795e-01 5.411528699578869311e-02 3.527929750026712964e-16 1.759751608582086770e-15 6.948619002244084322e-04 0.000000000000000000e+00
9.451898511039846795e-01 5.411528699578869311e-02 3.527929750026712964e-16 1.759751608582086770e-15 6.948619002244084322e-04 0.000000000000000000e+00
9.451898511039846795e-01 5.411528699578869311e-02 3.527929750026712964e-16 1.759751608582086770e-15 6.948619002244084322e-04 0.000000000000000000e+00
9.451898511039846795e-01 5.411528699578869311e-02 3.527929750026712964e-16 1.759751608582086770e-15 6.948619002244084322e-04 0.000000000000000000e+00
9.451898511039846795e-01 5.411528699578869311e-02 3.527929750026712964e-16 1.759751608582086770e-15 6.948619002244084322e-04 0.000000000000000000e+00
9.451898511039846795e-01 5.411528699578869311e-02 3.527929750026712964e-16 1.759751608582086770e-15 6.948619002244084322e-04 0.000000000000000000e+00
9.451898511039846795e-01 5.411528699578869311e-02 3.527929750026712964e-16 1.759751608582086770e-15 6.948619002244084322e-04 0.000000000000000000e+00
9.451898511039846795e-01 5.411528699578869311e-02 3.527929750026712964e-16 1.759751608582086770e-15 6.948619002244084322e-04 0.000000000000000000e+00
9.451898511039846795e-01 5.411528699578869311e-02 3.527929750026712964e-16 1.759751608582086770e-15 6.948619002244084322e-04 0.000000000000000000e+00
9.451898511039846795e-01 5.411528699578869311e-02 3.527929750026712964e-16 1.759751608582086770e-15 6.948619002244084322e-04 0.000000000000000000e+00
9.451898511039846795e-01 5.411528699578869311e-02 3.527929750026712964e-16 1.759751608582086770e-15 6.948619002244084322e-04 0.000000000000000000e+00
9.451898511039846795e-01 5.411528699578869311e-02 3.527929750026712964e-16 1.759751608582086770e-15 6.948619002244084322e-04 0.000000000000000000e+00
9.451898511039846795e-01 5.411528699578869311e-02 3.527929750026712964e-16 1.759751608582086770e-15 6.948619002244084322e-04 0.000000000000000000e+00
9.451898511039846795e-01 5.411528699578869311e-02 3.527929750026712964e-16 1.759751608582086770e-15 6.948619002244084322e-04 0.000000000000000000e+00
9.451898511039846795e-01 5.411528699578869311e-02 3.527929750026712964e-16 1.759751608582086770e-15 6.948619002244084322e-04 0.000000000000000000e+00
9.451898511039846795e-01 5.411528699578869311e-02 3.527929750026712964e-16 1.759751608582086770e-15 6.948619002244084322e-04 0.000000000000000000e+00
9.451898511039846795e-01 5.411528699578869311e-02 3.527929750026712964e-16 1.759751608582086770e-15 6.948619002244084322e-04 0.000000000000000000e+00
9.451898511039846795e-01 5.411528699578869311e-02 3.527929750026712964e-16 1.759751608582086770e-15 6.948619002244084322e-04 0.000000000000000000e+00
9.451898511039846795e-01 5.411528699578869311e-02 3.527929750026712964e-16 1.759751608582086770e-15 6.948619002244084322e-04 0.000000000000000000e+00
9.451898511039846795e-01 5.411528699578869311e-02 3.527929750026712964e-16 1.759751608582086770e-15 6.948619002244084322e-04 0.000000000000000000e+00
9.451898511039846795e-01 5.411528699578869311e-02 3.527929750026712964e-16 1.759751608582086770e-15 6.948619002244084322e-04 0.000000000000000000e+00
9.451898511039846795e-01 5.411528699578869311e-02 3.527929750026712964e-16 1.759751608582086770e-15 6.948619002244084322e-04 0.000000000000000000e+00
9.451898511039846795e-01 5.411528699578869311e-02 3.527929750026712964e-16 1.759751608582086770e-15 6.948619002244084322e-04 0.000000000000000000e+00
9.451898511039846795e-01 5.411528699578869311e-02 3.527929750026712964e-16 1.759751608582086770e-15 6.948619002244084322e-04 0.000000000000000000e+00
9.451898511039846795e-01 5.411528699578869311e-02 3.527929750026712964e-16 1.759751608582086770e-15 6.948619002244084322e-04 0.000000000000000000e+00
9.451898511039846795e-01 5.411528699578869311e-02 3.527929750026712964e-16 1.759751608582086770e-15 6.948619002244084322e-04 0.000000000000000000e+00
9.451898511039846795e-01 5.411528699578869311e-02 3.527929750026712964e-16 1.759751608582086770e-15 6.948619002244084322e-04 0.000000000000000000e+00
9.451898511039846795e-01 5.411528699578869311e-02 3.527929750026712964e-16 1.759751608582086770e-15 6.948619002244084322e-04 0.000000000000000000e+00
9.451898511039846795e-01 5.411528699578869311e-02 3.527929750026712964e-16 1.759751608582086770e-15 6.948619002244084322e-04 0.000000000000000000e+00
9.451898511039846795e-01 5.411528699578869311e-02 3.527929750026712964e-16 1.759751608582086770e-15 6.948619002244084322e-04 0.000000000000000000e+00
9.451898511039846795e-01 5.411528699578869311e-02 3.527929750026712964e-16 1.759751608582086770e-15 6.948619002244084322e-04 0.000000000000000000e+00
9.451898511039846795e-01 5.411528699578869311e-02 3.527929750026712964e-16 1.759751608582086770e-15 6.948619002244084322e-04 0.000000000000000000e+00
9.451898511039846795e-01 5.411528699578869311e-02 3.527929750026712964e-16 1.759751608582086770e-15 6.948619002244084322e-04 0.000000000000000000e+00
9.451898511039846795e-01 5.411528699578869311e-02 3.527929750026712964e-16 1.759751608582086770e-15 6.948619002244084322e-04 0.000000000000000000e+00
9.451898511039846795e-01 5.411528699578869311e-02 3.527929750026712964e-16 1.759751608582086770e-15 6.948619002244084322e-04 0.000000000000000000e+00
9.451898511039846795e-01 5.411528699578869311e-02 3.527929750026712964e-16 1.759751608582086770e-15 6.948619002244084322e-04 0.000000000000000000e+00
9.451898511039846795e-01 5.411528699578869311e-02 3.527929750026712964e-16 1.759751608582086770e-15 6.948619002244084322e-04 0.000000000000000000e+00
9.451898511039846795e-01 5.411528699578869311e-02 3.527929750026712964e-16 1.759751608582086770e-15 6.948619002244084322e-04 0.000000000000000000e+00
9.451898511039846795e-01 5.411528699578869311e-02 3.527929750026712964e-16 1.759751608582086770e-15 6.948619002244084322e-04 0.000000000000000000e+00
9.451898511039846795e-01 5.411528699578869311e-02 3.527929750026712964e-16 1.759751608582086770e-15 6.948619002244084322e-04 0.000000000000000000e+00
9.451898511039846795e-01 5.411528699578869311e-02 3.527929750026712964e-16 1.759751608582086770e-15 6.948619002244084322e-04 0.000000000000000000e+00
9.451898511039846795e-01 5.411528699578869311e-02 3.527929750026712964e-16 1.759751608582086770e-15 6.948619002244084322e-04 0.000000000000000000e+00
9.451898511039846795e-01 5.411528699578869311e-02 3.527929750026712964e-16 1.759751608582086770e-15 6.948619002244084322e-04 0.000000000000000000e+00
9.451898511039846795e-01 5.411528699578869311e-02 3.527929750026712964e-16 1.759751608582086770e-15 6.948619002244084322e-04 0.000000000000000000e+00
9.451898511039846795e-01 5.411528699578869311e-02 3.527929750026712964e-16 1.759751608582086770e-15 6.948619002244084322e-04 0.000000000000000000e+00
9.451898511039846795e-01 5.411528699578869311e-02 3.527929750026712964e-16 1.759751608582086770e-15 6.948619002244084322e-04 0.000000000000000000e+00
9.451898511039846795e-01 5.411528699578869311e-02 3.527929750026712964e-16 1.759751608582086770e-15 6.948619002244084322e-04 0.000000000000000000e+00
9.451898511039846795e-01 5.411528699578869311e-02 3.527929750026712964e-16 1.759751608582086770e-15 6.948619002244084322e-04 0.000000000000000000e+00
9.451898511039846795e-01 5.411528699578869311e-02 3.527929750026712964e-16 1.759751608582086770e-15 6.948619002244084322e-04 0.000000000000000000e+00
9.451898511039846795e-01 5.411528699578869311e-02 3.527929750026712964e-16 1.759751608582086770e-15 6.948619002244084322e-04 0.000000000000000000e+00
9.451898511039846795e-01 5.411528699578869311e-02 3.527929750026712964e-16 1.759751608582086770e-15 6.948619002244084322e-04 0.000000000000000000e+00
9.451898511039846795e-01 5.411528699578869311e-02 3.527929750026712964e-16 1.759751608582086770e-15 6.948619002244084322e-04 0.000000000000000000e+00
9.451898511039846795e-01 5.411528699578869311e-02 3.527929750026712964e-16 1.759751608582086770e-15 6.948619002244084322e-04 0.000000000000000000e+00
9.451898511039846795e-01 5.411528699578869311e-02 3.527929750026712964e-16 1.759751608582086770e-15 6.948619002244084322e-04 0.000000000000000000e+00
9.451898511039846795e-01 5.411528699578869311e-02 3.527929750026712964e-16 1.759751608582086770e-15 6.948619002244084322e-04 0.000000000000000000e+00
9.451898511039846795e-01 5.411528699578869311e-02 3.527929750026712964e-16 1.759751608582086770e-15 6.948619002244084322e-04 0.000000000000000000e+00
9.451898511039846795e-01 5.411528699578869311e-02 3.527929750026712964e-16 1.759751608582086770e-15 6.948619002244084322e-04 0.000000000000000000e+00
9.451898511039846795e-01 5.411528699578869311e-02 3.527929750026712964e-16 1.759751608582086770e-15 6.948619002244084322e-04 0.000000000000000000e+00
9.451898511039846795e-01 5.411528699578869311e-02 3.527929750026712964e-16 1.759751608582086770e-15 6.948619002244084322e-04 0.000000000000000000e+00
9.451898511039846795e-01 5.411528699578869311e-02 3.527929750026712964e-16 1.759751608582086770e-15 6.948619002244084322e-04 0.000000000000000000e+00
9.451898511039846795e-01 5.411528699578869311e-02 3.527929750026712964e-16 1.759751608582086770e-15 6.948619002244084322e-04 0.000000000000000000e+00
9.451898511039846795e-01 5.411528699578869311e-02 3.527929750026712964e-16 1.759751608582086770e-15 6.948619002244084322e-04 0.000000000000000000e+00
9.451898511039846795e-01 5.411528699578869311e-02 3.527929750026712964e-16 1.759751608582086770e-15 6.948619002244084322e-04 0.000000000000000000e+00
9.451898511039846795e-01 5.411528699578869311e-02 3.527929750026712964e-16 1.759751608582086770e-15 6.948619002244084322e-04 0.000000000000000000e+00
9.451898511039846795e-01 5.411528699578869311e-02 3.527929750026712964e-16 1.759751608582086770e-15 6.948619002244084322e-04 0.000000000000000000e+00
9.451898511039846795e-01 5.411528699578869311e-02 3.527929750026712964e-16 1.759751608582086770e-15 6.948619002244084322e-04 0.000000000000000000e+00
9.451898511039846795e-01 5.411528699578869311e-02 3.527929750026712964e-16 1.759751608582086770e-15 6.948619002244084322e-04 0.000000000000000000e+00
9.451898511039846795e-01 5.411528699578869311e-02 3.527929750026712964e-16 1.759751608582086770e-15 6.948619002244084322e-04 0.000000000000000000e+00
9.451898511039846795e-01 5.411528699578869311e-02 3.527929750026712964e-16 1.759751608582086770e-15 6.948619002244084322e-04 0.000000000000000000e+00
9.451898511039846795e-01 5.411528699578869311e-02 3.527929750026712964e-16 1.759751608582086770e-15 6.948619002244084322e-04 0.000000000000000000e+00
9.451898511039846795e-01 5.411528699578869311e-02 3.527929750026712964e-16 1.759751608582086770e-15 6.948619002244084322e-04 0.000000000000000000e+00
9.451898511039846795e-01 5.411528699578869311e-02 3.527929750026712964e-16 1.759751608582086770e-15 6.948619002244084322e-04 0.000000000000000000e+00
9.451898511039846795e-01 5.411528699578869311e-02 3.527929750026712964e-16 1.759751608582086770e-15 6.948619002244084322e-04 0.000000000000000000e+00
9.451898511039846795e-01 5.411528699578869311e-02 3.527929750026712964e-16 1.759751608582086770e-15 6.948619002244084322e-04 0.000000000000000000e+00
9.451898511039846795e-01 5.411528699578869311e-02 3.527929750026712964e-16 1.759751608582086770e-15 6.948619002244084322e-04 0.000000000000000000e+00
9.451898511039846795e-01 5.411528699578869311e-02 3.527929750026712964e-16 1.759751608582086770e-15 6.948619002244084322e-04 0.000000000000000000e+00
9.451898511039846795e-01 5.411528699578869311e-02 3.527929750026712964e-16 1.759751608582086770e-15 6.948619002244084322e-04 0.000000000000000000e+00
9.451898511039846795e-01 5.411528699578869311e-02 3.527929750026712964e-16 1.759751608582086770e-15 6.948619002244084322e-04 0.000000000000000000e+00
9.451898511039846795e-01 5.411528699578869311e-02 3.527929750026712964e-16 1.759751608582086770e-15 6.948619002244084322e-04 0.000000000000000000e+00
9.451898511039846795e-01 5.411528699578869311e-02 3.527929750026712964e-16 1.759751608582086770e-15 6.948619002244084322e-04 0.000000000000000000e+00
9.451898511039846795e-01 5.411528699578869311e-02 3.527929750026712964e-16 1.759751608582086770e-15 6.948619002244084322e-04 0.000000000000000000e+00
9.451898511039846795e-01 5.411528699578869311e-02 3.527929750026712964e-16 1.759751608582086770e-15 6.948619002244084322e-04 0.000000000000000000e+00
9.451898511039846795e-01 5.411528699578869311e-02 3.527929750026712964e-16 1.759751608582086770e-15 6.948619002244084322e-04 0.000000000000000000e+00
9.451898511039846795e-01 5.411528699578869311e-02 3.527929750026712964e-16 1.759751608582086770e-15 6.948619002244084322e-04 0.000000000000000000e+00
9.451898511039846795e-01 5.411528699578869311e-02 3.527929750026712964e-16 1.759751608582086770e-15 6.948619002244084322e-04 0.000000000000000000e+00
9.451898511039846795e-01 5.411528699578869311e-02 3.527929750026712964e-16 1.759751608582086770e-15 6.948619002244084322e-04 0.000000000000000000e+00
9.451898511039846795e-01 5.411528699578869311e-02 3.527929750026712964e-16 1.759751608582086770e-15 6.948619002244084322e-04 0.000000000000000000e+00
9.451898511039846795e-01 5.411528699578869311e-02 3.527929750026712964e-16 1.759751608582086770e-15 6.948619002244084322e-04 0.000000000000000000e+00
9.451898511039846795e-01 5.411528699578869311e-02 3.527929750026712964e-16 1.759751608582086770e-15 6.948619002244084322e-04 0.000000000000000000e+00
9.451898511039846795e-01 5.411528699578869311e-02 3.527929750026712964e-16 1.759751608582086770e-15 6.948619002244084322e-04 0.000000000000000000e+00
9.451898511039846795e-01 5.411528699578869311e-02 3.527929750026712964e-16 1.759751608582086770e-15 6.948619002244084322e-04 0.000000000000000000e+00
9.451898511039846795e-01 5.411528699578869311e-02 3.527929750026712964e-16 1.759751608582086770e-15 6.948619002244084322e-04 0.000000000000000000e+00
9.451898511039846795e-01 5.411528699578869311e-02 3.527929750026712964e-16 1.759751608582086770e-15 6.948619002244084322e-04 0.000000000000000000e+00
9.451898511039846795e-01 5.411528699578869311e-02 3.527929750026712964e-16 1.759751608582086770e-15 6.948619002244084322e-04 0.000000000000000000e+00
9.451898511039846795e-01 5.411528699578869311e-02 3.527929750026712964e-16 1.759751608582086770e-15 6.948619002244084322e-04 0.000000000000000000e+00
9.451898511039846795e-01 5.411528699578869311e-02 3.527929750026712964e-16 1.759751608582086770e-15 6.948619002244084322e-04 0.000000000000000000e+00
9.451898511039846795e-01 5.411528699578869311e-02 3.527929750026712964e-16 1.759751608582086770e-15 6.948619002244084322e-04 0.000000000000000000e+00
9.451898511039846795e-01 5.411528699578869311e-02 3.527929750026712964e-16 1.759751608582086770e-15 6.948619002244084322e-04 0.000000000000000000e+00
9.451898511039846795e-01 5.411528699578869311e-02 3.527929750026712964e-16 1.759751608582086770e-15 6.948619002244084322e-04 0.000000000000000000e+00
9.451898511039846795e-01 5.411528699578869311e-02 3.527929750026712964e-16 1.759751608582086770e-15 6.948619002244084322e-04 0.000000000000000000e+00
9.451898511039846795e-01 5.411528699578869311e-02 3.527929750026712964e-16 1.759751608582086770e-15 6.948619002244084322e-04 0.000000000000000000e+00
