6.623875651081750915e-01 3.334453267107394536e-01 1.190174057791965117e-12 1.308353927685778969e-11 4.167108166811721651e-03 0.000000000000000000e+00
6.623875651081750915e-01 3.334453267107394536e-01 9.770426063031341718e-13 1.119245959622297086e-11 4.167108168849451878e-03 0.000000000000000000e+00
6.623875651081750915e-01 3.334453267107394536e-01 6.324845381091304121e-13 7.933630529711893694e-12 4.167108172478361551e-03 0.000000000000000000e+00
6.623875651081749805e-01 3.334453267107394536e-01 4.065649824715207277e-13 5.591743492646983288e-12 4.167108175054258512e-03 0.000000000000000000e+00
6.623875651081750915e-01 3.334453267107394536e-01 2.594989330996950941e-13 3.918652494098317046e-12 4.167108176884430810e-03 0.000000000000000000e+00
6.623875651081750915e-01 3.334453267107394536e-01 1.644536980599470413e-13 2.730373712607695371e-12 4.167108178171957319e-03 0.000000000000000000e+00
6.623875651081750915e-01 3.334453267107395091e-01 1.034792063850187951e-13 1.891482425824018626e-12 4.167108179080515271e-03 0.000000000000000000e+00
6.623875651081752025e-01 3.334453267107395091e-01 6.462523161812639387e-14 1.302406229676888819e-12 4.167108179707079176e-03 0.000000000000000000e+00
6.623875651081752025e-01 3.334453267107395091e-01 4.007948824740247698e-14 8.917468149056525498e-13 4.167108180151518800e-03 0.000000000000000000e+00
6.623875651081750915e-01 3.334453267107394536e-01 2.465466011425494823e-14 6.065571023454048265e-13 4.167108180448078451e-03 0.000000000000000000e+00
6.623875651081750915e-01 3.334453267107394536e-01 1.506075160677458732e-14 4.102535155935559323e-13 4.167108180658132648e-03 0.000000000000000000e+00
6.623875651081750915e-01 3.334453267107394536e-01 9.125329132673237873e-15 2.756548383119982409e-13 4.167108180798369428e-03 0.000000000000000000e+00
6.623875651081750915e-01 3.334453267107395091e-01 5.486503212745275122e-15 1.840627425051145027e-13 4.167108180893805240e-03 0.000000000000000000e+00
6.623875651081749805e-01 3.334453267107394536e-01 3.274496636281082179e-15 1.221742382697920253e-13 4.167108180959809734e-03 0.000000000000000000e+00
6.623875651081750915e-01 3.334453267107394536e-01 1.937000144088116723e-15 8.051344267065455510e-14 4.167108181002122241e-03 0.000000000000000000e+00
6.623875651081750915e-01 3.334453267107394536e-01 1.136958985641946828e-15 5.272680236983351205e-14 4.167108181030876150e-03 0.000000000000000000e+00
6.623875651081750915e-01 3.334453267107394536e-01 6.621941283201541934e-16 3.431348722646672936e-14 4.167108181050311125e-03 0.000000000000000000e+00
6.623875651081750915e-01 3.334453267107394536e-01 3.822235586083008370e-16 2.216852222048028963e-14 4.167108181062667560e-03 0.000000000000000000e+00
6.623875651081750915e-01 3.334453267107394536e-01 2.187723383225108284e-16 1.422493083871460839e-14 4.167108181070764382e-03 0.000000000000000000e+00
6.623875651081750915e-01 3.334453267107394536e-01 1.241996686557550708e-16 9.067640799651247566e-15 4.167108181076116004e-03 0.000000000000000000e+00
6.623875651081750915e-01 3.334453267107394536e-01 6.992861433044119163e-17 5.741581601639384123e-15 4.167108181079618411e-03 0.000000000000000000e+00
6.623875651081750915e-01 3.334453267107395091e-01 3.899330184371154860e-17 3.607211585751236389e-15 4.167108181081745182e-03 0.000000000000000000e+00
6.623875651081749805e-01 3.334453267107394536e-01 2.155626901661526683e-17 2.250487949947041387e-15 4.167108181083120817e-03 0.000000000000000000e+00
6.623875651081749805e-01 3.334453267107394536e-01 1.181354141967010771e-17 1.394202738548422131e-15 4.167108181083998587e-03 0.000000000000000000e+00
6.623875651081750915e-01 3.334453267107394536e-01 6.417206914229543931e-18 8.575664858819495405e-16 4.167108181084557168e-03 0.000000000000000000e+00
6.623875651081750915e-01 3.334453267107395091e-01 3.454673180434888250e-18 5.236607372901139702e-16 4.167108181084906715e-03 0.000000000000000000e+00
6.623875651081750915e-01 3.334453267107395091e-01 1.841047818719874271e-18 3.171535510396332178e-16 4.167108181085111412e-03 0.000000000000000000e+00
6.623875651081749805e-01 3.334453267107394536e-01 9.719511414902205647e-19 1.906288121548862668e-16 4.167108181085238915e-03 0.000000000000000000e+00
6.623875651081749805e-01 3.334453267107394536e-01 5.083044891072175125e-19 1.137076149007347611e-16 4.167108181085315242e-03 0.000000000000000000e+00
6.623875651081750915e-01 3.334453267107395091e-01 2.632896326671795775e-19 6.730012495875367413e-17 4.167108181085362947e-03 0.000000000000000000e+00
6.623875651081752025e-01 3.334453267107395091e-01 1.350539063570480978e-19 3.951967276977249191e-17 4.167108181085392438e-03 0.000000000000000000e+00
6.623875651081750915e-01 3.334453267107395091e-01 6.859254878445351107e-20 2.302117152768140312e-17 4.167108181085409785e-03 0.000000000000000000e+00
6.623875651081750915e-01 3.334453267107395091e-01 3.448860189780605767e-20 1.330158149846608688e-17 4.167108181085421928e-03 0.000000000000000000e+00
6.623875651081750915e-01 3.334453267107394536e-01 1.716466389559832499e-20 7.622297154499552862e-18 4.167108181085426265e-03 0.000000000000000000e+00
6.623875651081750915e-01 3.334453267107394536e-01 8.454504627676777993e-21 4.331317908134616042e-18 4.167108181085430602e-03 0.000000000000000000e+00
6.623875651081749805e-01 3.334453267107394536e-01 4.120655178361617597e-21 2.440342014162233339e-18 4.167108181085430602e-03 0.000000000000000000e+00
6.623875651081752025e-01 3.334453267107395091e-01 1.987018459515162161e-21 1.363084517753634136e-18 4.167108181085434938e-03 0.000000000000000000e+00
6.623875651081750915e-01 3.334453267107394536e-01 9.478081531897889994e-22 7.547025504153762552e-19 4.167108181085434938e-03 0.000000000000000000e+00
6.623875651081750915e-01 3.334453267107395091e-01 4.471758600388467928e-22 4.141660465738026290e-19 4.167108181085434938e-03 0.000000000000000000e+00
6.623875651081750915e-01 3.334453267107394536e-01 2.086674188193368443e-22 2.252691091245719096e-19 4.167108181085434938e-03 0.000000000000000000e+00
6.623875651081750915e-01 3.334453267107394536e-01 9.627504969265124854e-23 1.214080044089712407e-19 4.167108181085434938e-03 0.000000000000000000e+00
6.623875651081749805e-01 3.334453267107393981e-01 4.391580533239068790e-23 6.483106473729341235e-20 4.167108181085434938e-03 0.000000000000000000e+00
6.623875651081750915e-01 3.334453267107394536e-01 1.980225478753470259e-23 3.429725220046819609e-20 4.167108181085434938e-03 0.000000000000000000e+00
6.623875651081750915e-01 3.334453267107394536e-01 8.825431132613771744e-24 1.797329583041007710e-20 4.167108181085434938e-03 0.000000000000000000e+00
6.623875651081750915e-01 3.334453267107394536e-01 3.887120846733271950e-24 9.329154253882950114e-21 4.167108181085434938e-03 0.000000000000000000e+00
6.623875651081750915e-01 3.334453267107395091e-01 1.691754471413846674e-24 4.795781179388816762e-21 4.167108181085434938e-03 0.000000000000000000e+00
6.623875651081750915e-01 3.334453267107394536e-01 7.274677139008804495e-25 2.441396099811956601e-21 4.167108181085434938e-03 0.000000000000000000e+00
6.623875651081750915e-01 3.334453267107394536e-01 3.090286134859899368e-25 1.230640625019243324e-21 4.167108181085434938e-03 0.000000000000000000e+00
6.623875651081750915e-01 3.334453267107394536e-01 1.296582281469871140e-25 6.141339019193357437e-22 4.167108181085434938e-03 0.000000000000000000e+00
6.623875651081750915e-01 3.334453267107395091e-01 5.372049365662058550e-26 3.033682200771801896e-22 4.167108181085434938e-03 0.000000000000000000e+00
6.623875651081750915e-01 3.334453267107394536e-01 2.553540443617523366e-26 1.672619669267866240e-22 4.167108181085434938e-03 0.000000000000000000e+00
6.623875651081750915e-01 3.334453267107394536e-01 2.553540443617523366e-26 1.672619669267866240e-22 4.167108181085434938e-03 0.000000000000000000e+00
6.623875651081750915e-01 3.334453267107394536e-01 2.553540443617523366e-26 1.672619669267866240e-22 4.167108181085434938e-03 0.000000000000000000e+00
6.623875651081750915e-01 3.334453267107394536e-01 2.553540443617523366e-26 1.672619669267866240e-22 4.167108181085434938e-03 0.000000000000000000e+00
6.623875651081750915e-01 3.334453267107394536e-01 2.553540443617523366e-26 1.672619669267866240e-22 4.167108181085434938e-03 0.000000000000000000e+00
6.623875651081750915e-01 3.334453267107394536e-01 2.553540443617523366e-26 1.672619669267866240e-22 4.167108181085434938e-03 0.000000000000000000e+00
6.623875651081750915e-01 3.334453267107394536e-01 2.553540443617523366e-26 1.672619669267866240e-22 4.167108181085434938e-03 0.000000000000000000e+00
6.623875651081750915e-01 3.334453267107394536e-01 2.553540443617523366e-26 1.672619669267866240e-22 4.167108181085434938e-03 0.000000000000000000e+00
6.623875651081750915e-01 3.334453267107394536e-01 2.553540443617523366e-26 1.672619669267866240e-22 4.167108181085434938e-03 0.000000000000000000e+00
6.623875651081750915e-01 3.334453267107394536e-01 2.553540443617523366e-26 1.672619669267866240e-22 4.167108181085434938e-03 0.000000000000000000e+00
6.623875651081750915e-01 3.334453267107394536e-01 2.553540443617523366e-26 1.672619669267866240e-22 4.167108181085434938e-03 0.000000000000000000e+00
6.623875651081750915e-01 3.334453267107394536e-01 2.553540443617523366e-26 1.672619669267866240e-22 4.167108181085434938e-03 0.000000000000000000e+00
6.623875651081750915e-01 3.334453267107394536e-01 2.553540443617523366e-26 1.672619669267866240e-22 4.167108181085434938e-03 0.000000000000000000e+00
6.623875651081750915e-01 3.334453267107394536e-01 2.553540443617523366e-26 1.672619669267866240e-22 4.167108181085434938e-03 0.000000000000000000e+00
6.623875651081750915e-01 3.334453267107394536e-01 2.553540443617523366e-26 1.672619669267866240e-22 4.167108181085434938e-03 0.000000000000000000e+00
6.623875651081750915e-01 3.334453267107394536e-01 2.553540443617523366e-26 1.672619669267866240e-22 4.167108181085434938e-03 0.000000000000000000e+00
6.623875651081750915e-01 3.334453267107394536e-01 2.553540443617523366e-26 1.672619669267866240e-22 4.167108181085434938e-03 0.000000000000000000e+00
6.623875651081750915e-01 3.334453267107394536e-01 2.553540443617523366e-26 1.672619669267866240e-22 4.167108181085434938e-03 0.000000000000000000e+00
6.623875651081750915e-01 3.334453267107394536e-01 2.553540443617523366e-26 1.672619669267866240e-22 4.167108181085434938e-03 0.000000000000000000e+00
6.623875651081750915e-01 3.334453267107394536e-01 2.553540443617523366e-26 1.672619669267866240e-22 4.167108181085434938e-03 0.000000000000000000e+00
6.623875651081750915e-01 3.334453267107394536e-01 2.553540443617523366e-26 1.672619669267866240e-22 4.167108181085434938e-03 0.000000000000000000e+00
6.623875651081750915e-01 3.334453267107394536e-01 2.553540443617523366e-26 1.672619669267866240e-22 4.167108181085434938e-03 0.000000000000000000e+00
6.623875651081750915e-01 3.334453267107394536e-01 2.553540443617523366e-26 1.672619669267866240e-22 4.167108181085434938e-03 0.000000000000000000e+00
6.623875651081750915e-01 3.334453267107394536e-01 2.553540443617523366e-26 1.672619669267866240e-22 4.167108181085434938e-03 0.000000000000000000e+00
6.623875651081750915e-01 3.334453267107394536e-01 2.553540443617523366e-26 1.672619669267866240e-22 4.167108181085434938e-03 0.000000000000000000e+00
6.623875651081750915e-01 3.334453267107394536e-01 2.553540443617523366e-26 1.672619669267866240e-22 4.167108181085434938e-03 0.000000000000000000e+00
6.623875651081750915e-01 3.334453267107394536e-01 2.553540443617523366e-26 1.672619669267866240e-22 4.167108181085434938e-03 0.000000000000000000e+00
6.623875651081750915e-01 3.334453267107394536e-01 2.553540443617523366e-26 1.672619669267866240e-22 4.167108181085434938e-03 0.000000000000000000e+00
6.623875651081750915e-01 3.334453267107394536e-01 2.553540443617523366e-26 1.672619669267866240e-22 4.167108181085434938e-03 0.000000000000000000e+00
6.623875651081750915e-01 3.334453267107394536e-01 2.553540443617523366e-26 1.672619669267866240e-22 4.167108181085434938e-03 0.000000000000000000e+00
6.623875651081750915e-01 3.334453267107394536e-01 2.553540443617523366e-26 1.672619669267866240e-22 4.167108181085434938e-03 0.000000000000000000e+00
6.623875651081750915e-01 3.334453267107394536e-01 2.553540443617523366e-26 1.672619669267866240e-22 4.167108181085434938e-03 0.000000000000000000e+00
6.623875651081750915e-01 3.334453267107394536e-01 2.553540443617523366e-26 1.672619669267866240e-22 4.167108181085434938e-03 0.000000000000000000e+00
6.623875651081750915e-01 3.334453267107394536e-01 2.553540443617523366e-26 1.672619669267866240e-22 4.167108181085434938e-03 0.000000000000000000e+00
6.623875651081750915e-01 3.334453267107394536e-01 2.553540443617523366e-26 1.672619669267866240e-22 4.167108181085434938e-03 0.000000000000000000e+00
6.623875651081750915e-01 3.334453267107394536e-01 2.553540443617523366e-26 1.672619669267866240e-22 4.167108181085434938e-03 0.000000000000000000e+00
6.623875651081750915e-01 3.334453267107394536e-01 2.553540443617523366e-26 1.672619669267866240e-22 4.167108181085434938e-03 0.000000000000000000e+00
6.623875651081750915e-01 3.334453267107394536e-01 2.553540443617523366e-26 1.672619669267866240e-22 4.167108181085434938e-03 0.000000000000000000e+00
6.623875651081750915e-01 3.334453267107394536e-01 2.553540443617523366e-26 1.672619669267866240e-22 4.167108181085434938e-03 0.000000000000000000e+00
6.623875651081750915e-01 3.334453267107394536e-01 2.553540443617523366e-26 1.672619669267866240e-22 4.167108181085434938e-03 0.000000000000000000e+00
6.623875651081750915e-01 3.334453267107394536e-01 2.553540443617523366e-26 1.672619669267866240e-22 4.167108181085434938e-03 0.000000000000000000e+00
6.623875651081750915e-01 3.334453267107394536e-01 2.553540443617523366e-26 1.672619669267866240e-22 4.167108181085434938e-03 0.000000000000000000e+00
6.623875651081750915e-01 3.334453267107394536e-01 2.553540443617523366e-26 1.672619669267866240e-22 4.167108181085434938e-03 0.000000000000000000e+00
6.623875651081750915e-01 3.334453267107394536e-01 2.553540443617523366e-26 1.672619669267866240e-22 4.167108181085434938e-03 0.000000000000000000e+00
6.623875651081750915e-01 3.334453267107394536e-01 2.553540443617523366e-26 1.672619669267866240e-22 4.167108181085434938e-03 0.000000000000000000e+00
6.623875651081750915e-01 3.334453267107394536e-01 2.553540443617523366e-26 1.672619669267866240e-22 4.167108181085434938e-03 0.000000000000000000e+00
6.623875651081750915e-01 3.334453267107394536e-01 2.553540443617523366e-26 1.672619669267866240e-22 4.167108181085434938e-03 0.000000000000000000e+00
6.623875651081750915e-01 3.334453267107394536e-01 2.553540443617523366e-26 1.672619669267866240e-22 4.167108181085434938e-03 0.000000000000000000e+00
6.623875651081750915e-01 3.334453267107394536e-01 2.553540443617523366e-26 1.672619669267866240e-22 4.167108181085434938e-03 0.000000000000000000e+00
6.623875651081750915e-01 3.334453267107394536e-01 2.553540443617523366e-26 1.672619669267866240e-22 4.167108181085434938e-03 0.000000000000000000e+00
6.623875651081750915e-01 3.334453267107394536e-01 2.553540443617523366e-26 1.672619669267866240e-22 4.167108181085434938e-03 0.000000000000000000e+00
6.623875651081750915e-01 3.334453267107394536e-01 2.553540443617523366e-26 1.672619669267866240e-22 4.167108181085434938e-03 0.000000000000000000e+00
6.623875651081750915e-01 3.334453267107394536e-01 2.553540443617523366e-26 1.672619669267866240e-22 4.167108181085434938e-03 0.000000000000000000e+00
6.623875651081750915e-01 3.334453267107394536e-01 2.553540443617523366e-26 1.672619669267866240e-22 4.167108181085434938e-03 0.000000000000000000e+00
6.623875651081750915e-01 3.334453267107394536e-01 2.553540443617523366e-26 1.672619669267866240e-22 4.167108181085434938e-03 0.000000000000000000e+00
6.623875651081750915e-01 3.334453267107394536e-01 2.553540443617523366e-26 1.672619669267866240e-22 4.167108181085434938e-03 0.000000000000000000e+00
6.623875651081750915e-01 3.334453267107394536e-01 2.553540443617523366e-26 1.672619669267866240e-22 4.167108181085434938e-03 0.000000000000000000e+00
6.623875651081750915e-01 3.334453267107394536e-01 2.553540443617523366e-26 1.672619669267866240e-22 4.167108181085434938e-03 0.000000000000000000e+00
6.623875651081750915e-01 3.334453267107394536e-01 2.553540443617523366e-26 1.672619669267866240e-22 4.167108181085434938e-03 0.000000000000000000e+00
6.623875651081750915e-01 3.334453267107394536e-01 2.553540443617523366e-26 1.672619669267866240e-22 4.167108181085434938e-03 0.000000000000000000e+00
6.623875651081750915e-01 3.334453267107394536e-01 2.553540443617523366e-26 1.672619669267866240e-22 4.167108181085434938e-03 0.000000000000000000e+00
6.623875651081750915e-01 3.334453267107394536e-01 2.553540443617523366e-26 1.672619669267866240e-22 4.167108181085434938e-03 0.000000000000000000e+00
6.623875651081750915e-01 3.334453267107394536e-01 2.553540443617523366e-26 1.672619669267866240e-22 4.167108181085434938e-03 0.000000000000000000e+00
6.623875651081750915e-01 3.334453267107394536e-01 2.553540443617523366e-26 1.672619669267866240e-22 4.167108181085434938e-03 0.000000000000000000e+00
6.623875651081750915e-01 3.334453267107394536e-01 2.553540443617523366e-26 1.672619669267866240e-22 4.167108181085434938e-03 0.000000000000000000e+00
6.623875651081750915e-01 3.334453267107394536e-01 2.553540443617523366e-26 1.672619669267866240e-22 4.167108181085434938e-03 0.000000000000000000e+00
6.623875651081750915e-01 3.334453267107394536e-01 2.553540443617523366e-26 1.672619669267866240e-22 4.167108181085434938e-03 0.000000000000000000e+00
6.623875651081750915e-01 3.334453267107394536e-01 2.553540443617523366e-26 1.672619669267866240e-22 4.167108181085434938e-03 0.000000000000000000e+00
6.623875651081750915e-01 3.334453267107394536e-01 2.553540443617523366e-26 1.672619669267866240e-22 4.167108181085434938e-03 0.000000000000000000e+00
6.623875651081750915e-01 3.334453267107394536e-01 2.553540443617523366e-26 1.672619669267866240e-22 4.167108181085434938e-03 0.000000000000000000e+00
6.623875651081750915e-01 3.334453267107394536e-01 2.553540443617523366e-26 1.672619669267866240e-22 4.167108181085434938e-03 0.000000000000000000e+00
6.623875651081750915e-01 3.334453267107394536e-01 2.553540443617523366e-26 1.672619669267866240e-22 4.167108181085434938e-03 0.000000000000000000e+00
6.623875651081750915e-01 3.334453267107394536e-01 2.553540443617523366e-26 1.672619669267866240e-22 4.167108181085434938e-03 0.000000000000000000e+00
6.623875651081750915e-01 3.334453267107394536e-01 2.553540443617523366e-26 1.672619669267866240e-22 4.167108181085434938e-03 0.000000000000000000e+00
6.623875651081750915e-01 3.334453267107394536e-01 2.553540443617523366e-26 1.672619669267866240e-22 4.167108181085434938e-03 0.000000000000000000e+00
6.623875651081750915e-01 3.334453267107394536e-01 2.553540443617523366e-26 1.672619669267866240e-22 4.167108181085434938e-03 0.000000000000000000e+00
6.623875651081750915e-01 3.334453267107394536e-01 2.553540443617523366e-26 1.672619669267866240e-22 4.167108181085434938e-03 0.000000000000000000e+00
6.623875651081750915e-01 3.334453267107394536e-01 2.553540443617523366e-26 1.672619669267866240e-22 4.167108181085434938e-03 0.000000000000000000e+00
6.623875651081750915e-01 3.334453267107394536e-01 2.553540443617523366e-26 1.672619669267866240e-22 4.167108181085434938e-03 0.000000000000000000e+00
6.623875651081750915e-01 3.334453267107394536e-01 2.553540443617523366e-26 1.672619669267866240e-22 4.167108181085434938e-03 0.000000000000000000e+00
6.623875651081750915e-01 3.334453267107394536e-01 2.553540443617523366e-26 1.672619669267866240e-22 4.167108181085434938e-03 0.000000000000000000e+00
6.623875651081750915e-01 3.334453267107394536e-01 2.553540443617523366e-26 1.672619669267866240e-22 4.167108181085434938e-03 0.000000000000000000e+00
6.623875651081750915e-01 3.334453267107394536e-01 2.553540443617523366e-26 1.672619669267866240e-22 4.167108181085434938e-03 0.000000000000000000e+00
6.623875651081750915e-01 3.334453267107394536e-01 2.553540443617523366e-26 1.672619669267866240e-22 4.167108181085434938e-03 0.000000000000000000e+00
6.623875651081750915e-01 3.334453267107394536e-01 2.553540443617523366e-26 1.672619669267866240e-22 4.167108181085434938e-03 0.000000000000000000e+00
6.623875651081750915e-01 3.334453267107394536e-01 2.553540443617523366e-26 1.672619669267866240e-22 4.167108181085434938e-03 0.000000000000000000e+00
6.623875651081750915e-01 3.334453267107394536e-01 2.553540443617523366e-26 1.672619669267866240e-22 4.167108181085434938e-03 0.000000000000000000e+00
6.623875651081750915e-01 3.334453267107394536e-01 2.553540443617523366e-26 1.672619669267866240e-22 4.167108181085434938e-03 0.000000000000000000e+00
6.623875651081750915e-01 3.334453267107394536e-01 2.553540443617523366e-26 1.672619669267866240e-22 4.167108181085434938e-03 0.000000000000000000e+00
6.623875651081750915e-01 3.334453267107394536e-01 2.553540443617523366e-26 1.672619669267866240e-22 4.167108181085434938e-03 0.000000000000000000e+00
6.623875651081750915e-01 3.334453267107394536e-01 2.553540443617523366e-26 1.672619669267866240e-22 4.167108181085434938e-03 0.000000000000000000e+00
6.623875651081750915e-01 3.334453267107394536e-01 2.553540443617523366e-26 1.672619669267866240e-22 4.167108181085434938e-03 0.000000000000000000e+00
6.623875651081750915e-01 3.334453267107394536e-01 2.553540443617523366e-26 1.672619669267866240e-22 4.167108181085434938e-03 0.000000000000000000e+00
6.623875651081750915e-01 3.334453267107394536e-01 2.553540443617523366e-26 1.672619669267866240e-22 4.167108181085434938e-03 0.000000000000000000e+00
6.623875651081750915e-01 3.334453267107394536e-01 2.553540443617523366e-26 1.672619669267866240e-22 4.167108181085434938e-03 0.000000000000000000e+00
6.623875651081750915e-01 3.334453267107394536e-01 2.553540443617523366e-26 1.672619669267866240e-22 4.167108181085434938e-03 0.000000000000000000e+00
6.623875651081750915e-01 3.334453267107394536e-01 2.553540443617523366e-26 1.672619669267866240e-22 4.167108181085434938e-03 0.000000000000000000e+00
6.623875651081750915e-01 3.334453267107394536e-01 2.553540443617523366e-26 1.672619669267866240e-22 4.167108181085434938e-03 0.000000000000000000e+00
6.623875651081750915e-01 3.334453267107394536e-01 2.553540443617523366e-26 1.672619669267866240e-22 4.167108181085434938e-03 0.000000000000000000e+00
6.623875651081750915e-01 3.334453267107394536e-01 2.553540443617523366e-26 1.672619669267866240e-22 4.167108181085434938e-03 0.000000000000000000e+00
6.623875651081750915e-01 3.334453267107394536e-01 2.553540443617523366e-26 1.672619669267866240e-22 4.167108181085434938e-03 0.000000000000000000e+00
6.623875651081750915e-01 3.334453267107394536e-01 2.553540443617523366e-26 1.672619669267866240e-22 4.167108181085434938e-03 0.000000000000000000e+00
6.623875651081750915e-01 3.334453267107394536e-01 2.553540443617523366e-26 1.672619669267866240e-22 4.167108181085434938e-03 0.000000000000000000e+00
6.623875651081750915e-01 3.334453267107394536e-01 2.553540443617523366e-26 1.672619669267866240e-22 4.167108181085434938e-03 0.000000000000000000e+00
6.623875651081750915e-01 3.334453267107394536e-01 2.553540443617523366e-26 1.672619669267866240e-22 4.167108181085434938e-03 0.000000000000000000e+00
6.623875651081750915e-01 3.334453267107394536e-01 2.553540443617523366e-26 1.672619669267866240e-22 4.167108181085434938e-03 0.000000000000000000e+00
6.623875651081750915e-01 3.334453267107394536e-01 2.553540443617523366e-26 1.672619669267866240e-22 4.167108181085434938e-03 0.000000000000000000e+00
6.623875651081750915e-01 3.334453267107394536e-01 2.553540443617523366e-26 1.672619669267866240e-22 4.167108181085434938e-03 0.000000000000000000e+00
6.623875651081750915e-01 3.334453267107394536e-01 2.553540443617523366e-26 1.672619669267866240e-22 4.167108181085434938e-03 0.000000000000000000e+00
6.623875651081750915e-01 3.334453267107394536e-01 2.553540443617523366e-26 1.672619669267866240e-22 4.167108181085434938e-03 0.000000000000000000e+00
6.623875651081750915e-01 3.334453267107394536e-01 2.553540443617523366e-26 1.672619669267866240e-22 4.167108181085434938e-03 0.000000000000000000e+00
6.623875651081750915e-01 3.334453267107394536e-01 2.553540443617523366e-26 1.672619669267866240e-22 4.167108181085434938e-03 0.000000000000000000e+00
6.623875651081750915e-01 3.334453267107394536e-01 2.553540443617523366e-26 1.672619669267866240e-22 4.167108181085434938e-03 0.000000000000000000e+00
6.623875651081750915e-01 3.334453267107394536e-01 2.553540443617523366e-26 1.672619669267866240e-22 4.167108181085434938e-03 0.000000000000000000e+00
6.623875651081750915e-01 3.334453267107394536e-01 2.553540443617523366e-26 1.672619669267866240e-22 4.167108181085434938e-03 0.000000000000000000e+00
6.623875651081750915e-01 3.334453267107394536e-01 2.553540443617523366e-26 1.672619669267866240e-22 4.167108181085434938e-03 0.000000000000000000e+00
6.623875651081750915e-01 3.334453267107394536e-01 2.553540443617523366e-26 1.672619669267866240e-22 4.167108181085434938e-03 0.000000000000000000e+00
6.623875651081750915e-01 3.334453267107394536e-01 2.553540443617523366e-26 1.672619669267866240e-22 4.167108181085434938e-03 0.000000000000000000e+00
6.623875651081750915e-01 3.334453267107394536e-01 2.553540443617523366e-26 1.672619669267866240e-22 4.167108181085434938e-03 0.000000000000000000e+00
6.623875651081750915e-01 3.334453267107394536e-01 2.553540443617523366e-26 1.672619669267866240e-22 4.167108181085434938e-03 0.000000000000000000e+00
6.623875651081750915e-01 3.334453267107394536e-01 2.553540443617523366e-26 1.672619669267866240e-22 4.167108181085434938e-03 0.000000000000000000e+00
6.623875651081750915e-01 3.334453267107394536e-01 2.553540443617523366e-26 1.672619669267866240e-22 4.167108181085434938e-03 0.000000000000000000e+00
6.623875651081750915e-01 3.334453267107394536e-01 2.553540443617523366e-26 1.672619669267866240e-22 4.167108181085434938e-03 0.000000000000000000e+00
6.623875651081750915e-01 3.334453267107394536e-01 2.553540443617523366e-26 1.672619669267866240e-22 4.167108181085434938e-03 0.000000000000000000e+00
6.623875651081750915e-01 3.334453267107394536e-01 2.553540443617523366e-26 1.672619669267866240e-22 4.167108181085434938e-03 0.000000000000000000e+00
6.623875651081750915e-01 3.334453267107394536e-01 2.553540443617523366e-26 1.672619669267866240e-22 4.167108181085434938e-03 0.000000000000000000e+00
6.623875651081750915e-01 3.334453267107394536e-01 2.553540443617523366e-26 1.672619669267866240e-22 4.167108181085434938e-03 0.000000000000000000e+00
6.623875651081750915e-01 3.334453267107394536e-01 2.553540443617523366e-26 1.672619669267866240e-22 4.167108181085434938e-03 0.000000000000000000e+00
6.623875651081750915e-01 3.334453267107394536e-01 2.553540443617523366e-26 1.672619669267866240e-22 4.167108181085434938e-03 0.000000000000000000e+00
6.623875651081750915e-01 3.334453267107394536e-01 2.553540443617523366e-26 1.672619669267866240e-22 4.167108181085434938e-03 0.000000000000000000e+00
6.623875651081750915e-01 3.334453267107394536e-01 2.553540443617523366e-26 1.672619669267866240e-22 4.167108181085434938e-03 0.000000000000000000e+00
6.623875651081750915e-01 3.334453267107394536e-01 2.553540443617523366e-26 1.672619669267866240e-22 4.167108181085434938e-03 0.000000000000000000e+00
6.623875651081750915e-01 3.334453267107394536e-01 2.553540443617523366e-26 1.672619669267866240e-22 4.167108181085434938e-03 0.000000000000000000e+00
6.623875651081750915e-01 3.334453267107394536e-01 2.553540443617523366e-26 1.672619669267866240e-22 4.167108181085434938e-03 0.000000000000000000e+00
6.623875651081750915e-01 3.334453267107394536e-01 2.553540443617523366e-26 1.672619669267866240e-22 4.167108181085434938e-03 0.000000000000000000e+00
6.623875651081750915e-01 3.334453267107394536e-01 2.553540443617523366e-26 1.672619669267866240e-22 4.167108181085434938e-03 0.000000000000000000e+00
6.623875651081750915e-01 3.334453267107394536e-01 2.553540443617523366e-26 1.672619669267866240e-22 4.167108181085434938e-03 0.000000000000000000e+00
6.623875651081750915e-01 3.334453267107394536e-01 2.553540443617523366e-26 1.672619669267866240e-22 4.167108181085434938e-03 0.000000000000000000e+00
6.623875651081750915e-01 3.334453267107394536e-01 2.553540443617523366e-26 1.672619669267866240e-22 4.167108181085434938e-03 0.000000000000000000e+00
6.623875651081750915e-01 3.334453267107394536e-01 2.553540443617523366e-26 1.672619669267866240e-22 4.167108181085434938e-03 0.000000000000000000e+00
6.623875651081750915e-01 3.334453267107394536e-01 2.553540443617523366e-26 1.672619669267866240e-22 4.167108181085434938e-03 0.000000000000000000e+00
6.623875651081750915e-01 3.334453267107394536e-01 2.553540443617523366e-26 1.672619669267866240e-22 4.167108181085434938e-03 0.000000000000000000e+00
6.623875651081750915e-01 3.334453267107394536e-01 2.553540443617523366e-26 1.672619669267866240e-22 4.167108181085434938e-03 0.000000000000000000e+00
6.623875651081750915e-01 3.334453267107394536e-01 2.553540443617523366e-26 1.672619669267866240e-22 4.167108181085434938e-03 0.000000000000000000e+00
6.623875651081750915e-01 3.334453267107394536e-01 2.553540443617523366e-26 1.672619669267866240e-22 4.167108181085434938e-03 0.000000000000000000e+00
6.623875651081750915e-01 3.334453267107394536e-01 2.553540443617523366e-26 1.672619669267866240e-22 4.167108181085434938e-03 0.000000000000000000e+00
6.623875651081750915e-01 3.334453267107394536e-01 2.553540443617523366e-26 1.672619669267866240e-22 4.167108181085434938e-03 0.000000000000000000e+00
6.623875651081750915e-01 3.334453267107394536e-01 2.553540443617523366e-26 1.672619669267866240e-22 4.167108181085434938e-03 0.000000000000000000e+00
6.623875651081750915e-01 3.334453267107394536e-01 2.553540443617523366e-26 1.672619669267866240e-22 4.167108181085434938e-03 0.000000000000000000e+00
6.623875651081750915e-01 3.334453267107394536e-01 2.553540443617523366e-26 1.672619669267866240e-22 4.167108181085434938e-03 0.000000000000000000e+00
6.623875651081750915e-01 3.334453267107394536e-01 2.553540443617523366e-26 1.672619669267866240e-22 4.167108181085434938e-03 0.000000000000000000e+00
6.623875651081750915e-01 3.334453267107394536e-01 2.553540443617523366e-26 1.672619669267866240e-22 4.167108181085434938e-03 0.000000000000000000e+00
6.623875651081750915e-01 3.334453267107394536e-01 2.553540443617523366e-26 1.672619669267866240e-22 4.167108181085434938e-03 0.000000000000000000e+00
6.623875651081750915e-01 3.334453267107394536e-01 2.553540443617523366e-26 1.672619669267866240e-22 4.167108181085434938e-03 0.000000000000000000e+00
6.623875651081750915e-01 3.334453267107394536e-01 2.553540443617523366e-26 1.672619669267866240e-22 4.167108181085434938e-03 0.000000000000000000e+00
6.623875651081750915e-01 3.334453267107394536e-01 2.553540443617523366e-26 1.672619669267866240e-22 4.167108181085434938e-03 0.000000000000000000e+00
6.623875651081750915e-01 3.334453267107394536e-01 2.553540443617523366e-26 1.672619669267866240e-22 4.167108181085434938e-03 0.000000000000000000e+00
6.623875651081750915e-01 3.334453267107394536e-01 2.553540443617523366e-26 1.672619669267866240e-22 4.167108181085434938e-03 0.000000000000000000e+00
6.623875651081750915e-01 3.334453267107394536e-01 2.553540443617523366e-26 1.672619669267866240e-22 4.167108181085434938e-03 0.000000000000000000e+00
6.623875651081750915e-01 3.334453267107394536e-01 2.553540443617523366e-26 1.672619669267866240e-22 4.167108181085434938e-03 0.000000000000000000e+00
6.623875651081750915e-01 3.334453267107394536e-01 2.553540443617523366e-26 1.672619669267866240e-22 4.167108181085434938e-03 0.000000000000000000e+00
6.623875651081750915e-01 3.334453267107394536e-01 2.553540443617523366e-26 1.672619669267866240e-22 4.167108181085434938e-03 0.000000000000000000e+00
6.623875651081750915e-01 3.334453267107394536e-01 2.553540443617523366e-26 1.672619669267866240e-22 4.167108181085434938e-03 0.000000000000000000e+00
6.623875651081750915e-01 3.334453267107394536e-01 2.553540443617523366e-26 1.672619669267866240e-22 4.167108181085434938e-03 0.000000000000000000e+00
6.623875651081750915e-01 3.334453267107394536e-01 2.553540443617523366e-26 1.672619669267866240e-22 4.167108181085434938e-03 0.000000000000000000e+00
6.623875651081750915e-01 3.334453267107394536e-01 2.553540443617523366e-26 1.672619669267866240e-22 4.167108181085434938e-03 0.000000000000000000e+00
6.623875651081750915e-01 3.334453267107394536e-01 2.553540443617523366e-26 1.672619669267866240e-22 4.167108181085434938e-03 0.000000000000000000e+00
6.623875651081750915e-01 3.334453267107394536e-01 2.553540443617523366e-26 1.672619669267866240e-22 4.167108181085434938e-03 0.000000000000000000e+00
6.623875651081750915e-01 3.334453267107394536e-01 2.553540443617523366e-26 1.672619669267866240e-22 4.167108181085434938e-03 0.000000000000000000e+00
6.623875651081750915e-01 3.334453267107394536e-01 2.553540443617523366e-26 1.672619669267866240e-22 4.167108181085434938e-03 0.000000000000000000e+00
6.623875651081750915e-01 3.334453267107394536e-01 2.553540443617523366e-26 1.672619669267866240e-22 4.167108181085434938e-03 0.000000000000000000e+00
6.623875651081750915e-01 3.334453267107394536e-01 2.553540443617523366e-26 1.672619669267866240e-22 4.167108181085434938e-03 0.000000000000000000e+00
6.623875651081750915e-01 3.334453267107394536e-01 2.553540443617523366e-26 1.672619669267866240e-22 4.167108181085434938e-03 0.000000000000000000e+00
6.623875651081750915e-01 3.334453267107394536e-01 2.553540443617523366e-26 1.672619669267866240e-22 4.167108181085434938e-03 0.000000000000000000e+00
6.623875651081750915e-01 3.334453267107394536e-01 2.553540443617523366e-26 1.672619669267866240e-22 4.167108181085434938e-03 0.000000000000000000e+00
6.623875651081750915e-01 3.334453267107394536e-01 2.553540443617523366e-26 1.672619669267866240e-22 4.167108181085434938e-03 0.000000000000000000e+00
6.623875651081750915e-01 3.334453267107394536e-01 2.553540443617523366e-26 1.672619669267866240e-22 4.167108181085434938e-03 0.000000000000000000e+00
6.623875651081750915e-01 3.334453267107394536e-01 2.553540443617523366e-26 1.672619669267866240e-22 4.167108181085434938e-03 0.000000000000000000e+00
6.623875651081750915e-01 3.334453267107394536e-01 2.553540443617523366e-26 1.672619669267866240e-22 4.167108181085434938e-03 0.000000000000000000e+00
6.623875651081750915e-01 3.334453267107394536e-01 2.553540443617523366e-26 1.672619669267866240e-22 4.167108181085434938e-03 0.000000000000000000e+00
6.623875651081750915e-01 3.334453267107394536e-01 2.553540443617523366e-26 1.672619669267866240e-22 4.167108181085434938e-03 0.000000000000000000e+00
6.623875651081750915e-01 3.334453267107394536e-01 2.553540443617523366e-26 1.672619669267866240e-22 4.167108181085434938e-03 0.000000000000000000e+00
6.623875651081750915e-01 3.334453267107394536e-01 2.553540443617523366e-26 1.672619669267866240e-22 4.167108181085434938e-03 0.000000000000000000e+00
6.623875651081750915e-01 3.334453267107394536e-01 2.553540443617523366e-26 1.672619669267866240e-22 4.167108181085434938e-03 0.000000000000000000e+00
6.623875651081750915e-01 3.334453267107394536e-01 2.553540443617523366e-26 1.672619669267866240e-22 4.167108181085434938e-03 0.000000000000000000e+00
6.623875651081750915e-01 3.334453267107394536e-01 2.553540443617523366e-26 1.672619669267866240e-22 4.167108181085434938e-03 0.000000000000000000e+00
6.623875651081750915e-01 3.334453267107394536e-01 2.553540443617523366e-26 1.672619669267866240e-22 4.167108181085434938e-03 0.000000000000000000e+00
6.623875651081750915e-01 3.334453267107394536e-01 2.553540443617523366e-26 1.672619669267866240e-22 4.167108181085434938e-03 0.000000000000000000e+00
6.623875651081750915e-01 3.334453267107394536e-01 2.553540443617523366e-26 1.672619669267866240e-22 4.167108181085434938e-03 0.000000000000000000e+00
6.623875651081750915e-01 3.334453267107394536e-01 2.553540443617523366e-26 1.672619669267866240e-22 4.167108181085434938e-03 0.000000000000000000e+00
6.623875651081750915e-01 3.334453267107394536e-01 2.553540443617523366e-26 1.672619669267866240e-22 4.167108181085434938e-03 0.000000000000000000e+00
6.623875651081750915e-01 3.334453267107394536e-01 2.553540443617523366e-26 1.672619669267866240e-22 4.167108181085434938e-03 0.000000000000000000e+00
6.623875651081750915e-01 3.334453267107394536e-01 2.553540443617523366e-26 1.672619669267866240e-22 4.167108181085434938e-03 0.000000000000000000e+00
6.623875651081750915e-01 3.334453267107394536e-01 2.553540443617523366e-26 1.672619669267866240e-22 4.167108181085434938e-03 0.000000000000000000e+00
6.623875651081750915e-01 3.334453267107394536e-01 2.553540443617523366e-26 1.672619669267866240e-22 4.167108181085434938e-03 0.000000000000000000e+00
6.623875651081750915e-01 3.334453267107394536e-01 2.553540443617523366e-26 1.672619669267866240e-22 4.167108181085434938e-03 0.000000000000000000e+00
6.623875651081750915e-01 3.334453267107394536e-01 2.553540443617523366e-26 1.672619669267866240e-22 4.167108181085434938e-03 0.000000000000000000e+00
6.623875651081750915e-01 3.334453267107394536e-01 2.553540443617523366e-26 1.672619669267866240e-22 4.167108181085434938e-03 0.000000000000000000e+00
6.623875651081750915e-01 3.334453267107394536e-01 2.553540443617523366e-26 1.672619669267866240e-22 4.167108181085434938e-03 0.000000000000000000e+00
6.623875651081750915e-01 3.334453267107394536e-01 2.553540443617523366e-26 1.672619669267866240e-22 4.167108181085434938e-03 0.000000000000000000e+00
6.623875651081750915e-01 3.334453267107394536e-01 2.553540443617523366e-26 1.672619669267866240e-22 4.167108181085434938e-03 0.000000000000000000e+00
6.623875651081750915e-01 3.334453267107394536e-01 2.553540443617523366e-26 1.672619669267866240e-22 4.167108181085434938e-03 0.000000000000000000e+00
6.623875651081750915e-01 3.334453267107394536e-01 2.553540443617523366e-26 1.672619669267866240e-22 4.167108181085434938e-03 0.000000000000000000e+00
6.623875651081750915e-01 3.334453267107394536e-01 2.553540443617523366e-26 1.672619669267866240e-22 4.167108181085434938e-03 0.000000000000000000e+00
6.623875651081750915e-01 3.334453267107394536e-01 2.553540443617523366e-26 1.672619669267866240e-22 4.167108181085434938e-03 0.000000000000000000e+00
6.623875651081750915e-01 3.334453267107394536e-01 2.553540443617523366e-26 1.672619669267866240e-22 4.167108181085434938e-03 0.000000000000000000e+00
6.623875651081750915e-01 3.334453267107394536e-01 2.553540443617523366e-26 1.672619669267866240e-22 4.167108181085434938e-03 0.000000000000000000e+00
6.623875651081750915e-01 3.334453267107394536e-01 2.553540443617523366e-26 1.672619669267866240e-22 4.167108181085434938e-03 0.000000000000000000e+00
6.623875651081750915e-01 3.334453267107394536e-01 2.553540443617523366e-26 1.672619669267866240e-22 4.167108181085434938e-03 0.000000000000000000e+00
6.623875651081750915e-01 3.334453267107394536e-01 2.553540443617523366e-26 1.672619669267866240e-22 4.167108181085434938e-03 0.000000000000000000e+00
6.623875651081750915e-01 3.334453267107394536e-01 2.553540443617523366e-26 1.672619669267866240e-22 4.167108181085434938e-03 0.000000000000000000e+00
6.623875651081750915e-01 3.334453267107394536e-01 2.553540443617523366e-26 1.672619669267866240e-22 4.167108181085434938e-03 0.000000000000000000e+00
6.623875651081750915e-01 3.334453267107394536e-01 2.553540443617523366e-26 1.672619669267866240e-22 4.167108181085434938e-03 0.000000000000000000e+00
6.623875651081750915e-01 3.334453267107394536e-01 2.553540443617523366e-26 1.672619669267866240e-22 4.167108181085434938e-03 0.000000000000000000e+00
6.623875651081750915e-01 3.334453267107394536e-01 2.553540443617523366e-26 1.672619669267866240e-22 4.167108181085434938e-03 0.000000000000000000e+00
6.623875651081750915e-01 3.334453267107394536e-01 2.553540443617523366e-26 1.672619669267866240e-22 4.167108181085434938e-03 0.000000000000000000e+00
6.623875651081750915e-01 3.334453267107394536e-01 2.553540443617523366e-26 1.672619669267866240e-22 4.167108181085434938e-03 0.000000000000000000e+00
6.623875651081750915e-01 3.334453267107394536e-01 2.553540443617523366e-26 1.672619669267866240e-22 4.167108181085434938e-03 0.000000000000000000e+00
6.623875651081750915e-01 3.334453267107394536e-01 2.553540443617523366e-26 1.672619669267866240e-22 4.167108181085434938e-03 0.000000000000000000e+00
6.623875651081750915e-01 3.334453267107394536e-01 2.553540443617523366e-26 1.672619669267866240e-22 4.167108181085434938e-03 0.000000000000000000e+00
6.623875651081750915e-01 3.334453267107394536e-01 2.553540443617523366e-26 1.672619669267866240e-22 4.167108181085434938e-03 0.000000000000000000e+00
6.623875651081750915e-01 3.334453267107394536e-01 2.553540443617523366e-26 1.672619669267866240e-22 4.167108181085434938e-03 0.000000000000000000e+00
6.623875651081750915e-01 3.334453267107394536e-01 2.553540443617523366e-26 1.672619669267866240e-22 4.167108181085434938e-03 0.000000000000000000e+00
6.623875651081750915e-01 3.334453267107394536e-01 2.553540443617523366e-26 1.672619669267866240e-22 4.167108181085434938e-03 0.000000000000000000e+00
6.623875651081750915e-01 3.334453267107394536e-01 2.553540443617523366e-26 1.672619669267866240e-22 4.167108181085434938e-03 0.000000000000000000e+00
6.623875651081750915e-01 3.334453267107394536e-01 2.553540443617523366e-26 1.672619669267866240e-22 4.167108181085434938e-03 0.000000000000000000e+00
6.623875651081750915e-01 3.334453267107394536e-01 2.553540443617523366e-26 1.672619669267866240e-22 4.167108181085434938e-03 0.000000000000000000e+00
6.623875651081750915e-01 3.334453267107394536e-01 2.553540443617523366e-26 1.672619669267866240e-22 4.167108181085434938e-03 0.000000000000000000e+00
6.623875651081750915e-01 3.334453267107394536e-01 2.553540443617523366e-26 1.672619669267866240e-22 4.167108181085434938e-03 0.000000000000000000e+00
6.623875651081750915e-01 3.334453267107394536e-01 2.553540443617523366e-26 1.672619669267866240e-22 4.167108181085434938e-03 0.000000000000000000e+00
6.623875651081750915e-01 3.334453267107394536e-01 2.553540443617523366e-26 1.672619669267866240e-22 4.167108181085434938e-03 0.000000000000000000e+00
6.623875651081750915e-01 3.334453267107394536e-01 2.553540443617523366e-26 1.672619669267866240e-22 4.167108181085434938e-03 0.000000000000000000e+00
6.623875651081750915e-01 3.334453267107394536e-01 2.553540443617523366e-26 1.672619669267866240e-22 4.167108181085434938e-03 0.000000000000000000e+00
6.623875651081750915e-01 3.334453267107394536e-01 2.553540443617523366e-26 1.672619669267866240e-22 4.167108181085434938e-03 0.000000000000000000e+00
6.623875651081750915e-01 3.334453267107394536e-01 2.553540443617523366e-26 1.672619669267866240e-22 4.167108181085434938e-03 0.000000000000000000e+00
6.623875651081750915e-01 3.334453267107394536e-01 2.553540443617523366e-26 1.672619669267866240e-22 4.167108181085434938e-03 0.000000000000000000e+00
6.623875651081750915e-01 3.334453267107394536e-01 2.553540443617523366e-26 1.672619669267866240e-22 4.167108181085434938e-03 0.000000000000000000e+00
6.623875651081750915e-01 3.334453267107394536e-01 2.553540443617523366e-26 1.672619669267866240e-22 4.167108181085434938e-03 0.000000000000000000e+00
6.623875651081750915e-01 3.334453267107394536e-01 2.553540443617523366e-26 1.672619669267866240e-22 4.167108181085434938e-03 0.000000000000000000e+00
6.623875651081750915e-01 3.334453267107394536e-01 2.553540443617523366e-26 1.672619669267866240e-22 4.167108181085434938e-03 0.000000000000000000e+00
6.623875651081750915e-01 3.334453267107394536e-01 2.553540443617523366e-26 1.672619669267866240e-22 4.167108181085434938e-03 0.000000000000000000e+00
6.623875651081750915e-01 3.334453267107394536e-01 2.553540443617523366e-26 1.672619669267866240e-22 4.167108181085434938e-03 0.000000000000000000e+00
6.623875651081750915e-01 3.334453267107394536e-01 2.553540443617523366e-26 1.672619669267866240e-22 4.167108181085434938e-03 0.000000000000000000e+00
6.623875651081750915e-01 3.334453267107394536e-01 2.553540443617523366e-26 1.672619669267866240e-22 4.167108181085434938e-03 0.000000000000000000e+00
6.623875651081750915e-01 3.334453267107394536e-01 2.553540443617523366e-26 1.672619669267866240e-22 4.167108181085434938e-03 0.000000000000000000e+00
6.623875651081750915e-01 3.334453267107394536e-01 2.553540443617523366e-26 1.672619669267866240e-22 4.167108181085434938e-03 0.000000000000000000e+00
6.623875651081750915e-01 3.334453267107394536e-01 2.553540443617523366e-26 1.672619669267866240e-22 4.167108181085434938e-03 0.000000000000000000e+00
6.623875651081750915e-01 3.334453267107394536e-01 2.553540443617523366e-26 1.672619669267866240e-22 4.167108181085434938e-03 0.000000000000000000e+00
6.623875651081750915e-01 3.334453267107394536e-01 2.553540443617523366e-26 1.672619669267866240e-22 4.167108181085434938e-03 0.000000000000000000e+00
6.623875651081750915e-01 3.334453267107394536e-01 2.553540443617523366e-26 1.672619669267866240e-22 4.167108181085434938e-03 0.000000000000000000e+00
6.623875651081750915e-01 3.334453267107394536e-01 2.553540443617523366e-26 1.672619669267866240e-22 4.167108181085434938e-03 0.000000000000000000e+00
6.623875651081750915e-01 3.334453267107394536e-01 2.553540443617523366e-26 1.672619669267866240e-22 4.167108181085434938e-03 0.000000000000000000e+00
6.623875651081750915e-01 3.334453267107394536e-01 2.553540443617523366e-26 1.672619669267866240e-22 4.167108181085434938e-03 0.000000000000000000e+00
6.623875651081750915e-01 3.334453267107394536e-01 2.553540443617523366e-26 1.672619669267866240e-22 4.167108181085434938e-03 0.000000000000000000e+00
6.623875651081750915e-01 3.334453267107394536e-01 2.553540443617523366e-26 1.672619669267866240e-22 4.167108181085434938e-03 0.000000000000000000e+00
6.623875651081750915e-01 3.334453267107394536e-01 2.553540443617523366e-26 1.672619669267866240e-22 4.167108181085434938e-03 0.000000000000000000e+00
6.623875651081750915e-01 3.334453267107394536e-01 2.553540443617523366e-26 1.672619669267866240e-22 4.167108181085434938e-03 0.000000000000000000e+00
6.623875651081750915e-01 3.334453267107394536e-01 2.553540443617523366e-26 1.672619669267866240e-22 4.167108181085434938e-03 0.000000000000000000e+00
6.623875651081750915e-01 3.334453267107394536e-01 2.553540443617523366e-26 1.672619669267866240e-22 4.167108181085434938e-03 0.000000000000000000e+00
6.623875651081750915e-01 3.334453267107394536e-01 2.553540443617523366e-26 1.672619669267866240e-22 4.167108181085434938e-03 0.000000000000000000e+00
6.623875651081750915e-01 3.334453267107394536e-01 2.553540443617523366e-26 1.672619669267866240e-22 4.167108181085434938e-03 0.000000000000000000e+00
6.623875651081750915e-01 3.334453267107394536e-01 2.553540443617523366e-26 1.672619669267866240e-22 4.167108181085434938e-03 0.000000000000000000e+00
6.623875651081750915e-01 3.334453267107394536e-01 2.553540443617523366e-26 1.672619669267866240e-22 4.167108181085434938e-03 0.000000000000000000e+00
6.623875651081750915e-01 3.334453267107394536e-01 2.553540443617523366e-26 1.672619669267866240e-22 4.167108181085434938e-03 0.000000000000000000e+00
6.623875651081750915e-01 3.334453267107394536e-01 2.553540443617523366e-26 1.672619669267866240e-22 4.167108181085434938e-03 0.000000000000000000e+00
6.623875651081750915e-01 3.334453267107394536e-01 2.553540443617523366e-26 1.672619669267866240e-22 4.167108181085434938e-03 0.000000000000000000e+00
6.623875651081750915e-01 3.334453267107394536e-01 2.553540443617523366e-26 1.672619669267866240e-22 4.167108181085434938e-03 0.000000000000000000e+00
6.623875651081750915e-01 3.334453267107394536e-01 2.553540443617523366e-26 1.672619669267866240e-22 4.167108181085434938e-03 0.000000000000000000e+00
6.623875651081750915e-01 3.334453267107394536e-01 2.553540443617523366e-26 1.672619669267866240e-22 4.167108181085434938e-03 0.000000000000000000e+00
6.623875651081750915e-01 3.334453267107394536e-01 2.553540443617523366e-26 1.672619669267866240e-22 4.167108181085434938e-03 0.000000000000000000e+00
6.623875651081750915e-01 3.334453267107394536e-01 2.553540443617523366e-26 1.672619669267866240e-22 4.167108181085434938e-03 0.000000000000000000e+00
6.623875651081750915e-01 3.334453267107394536e-01 2.553540443617523366e-26 1.672619669267866240e-22 4.167108181085434938e-03 0.000000000000000000e+00
6.623875651081750915e-01 3.334453267107394536e-01 2.553540443617523366e-26 1.672619669267866240e-22 4.167108181085434938e-03 0.000000000000000000e+00
6.623875651081750915e-01 3.334453267107394536e-01 2.553540443617523366e-26 1.672619669267866240e-22 4.167108181085434938e-03 0.000000000000000000e+00
6.623875651081750915e-01 3.334453267107394536e-01 2.553540443617523366e-26 1.672619669267866240e-22 4.167108181085434938e-03 0.000000000000000000e+00
6.623875651081750915e-01 3.334453267107394536e-01 2.553540443617523366e-26 1.672619669267866240e-22 4.167108181085434938e-03 0.000000000000000000e+00
6.623875651081750915e-01 3.334453267107394536e-01 2.553540443617523366e-26 1.672619669267866240e-22 4.167108181085434938e-03 0.000000000000000000e+00
6.623875651081750915e-01 3.334453267107394536e-01 2.553540443617523366e-26 1.672619669267866240e-22 4.167108181085434938e-03 0.000000000000000000e+00
6.623875651081750915e-01 3.334453267107394536e-01 2.553540443617523366e-26 1.672619669267866240e-22 4.167108181085434938e-03 0.000000000000000000e+00
6.623875651081750915e-01 3.334453267107394536e-01 2.553540443617523366e-26 1.672619669267866240e-22 4.167108181085434938e-03 0.000000000000000000e+00
6.623875651081750915e-01 3.334453267107394536e-01 2.553540443617523366e-26 1.672619669267866240e-22 4.167108181085434938e-03 0.000000000000000000e+00
6.623875651081750915e-01 3.334453267107394536e-01 2.553540443617523366e-26 1.672619669267866240e-22 4.167108181085434938e-03 0.000000000000000000e+00
6.623875651081750915e-01 3.334453267107394536e-01 2.553540443617523366e-26 1.672619669267866240e-22 4.167108181085434938e-03 0.000000000000000000e+00
6.623875651081750915e-01 3.334453267107394536e-01 2.553540443617523366e-26 1.672619669267866240e-22 4.167108181085434938e-03 0.000000000000000000e+00
6.623875651081750915e-01 3.334453267107394536e-01 2.553540443617523366e-26 1.672619669267866240e-22 4.167108181085434938e-03 0.000000000000000000e+00
6.623875651081750915e-01 3.334453267107394536e-01 2.553540443617523366e-26 1.672619669267866240e-22 4.167108181085434938e-03 0.000000000000000000e+00
6.623875651081750915e-01 3.334453267107394536e-01 2.553540443617523366e-26 1.672619669267866240e-22 4.167108181085434938e-03 0.000000000000000000e+00
6.623875651081750915e-01 3.334453267107394536e-01 2.553540443617523366e-26 1.672619669267866240e-22 4.167108181085434938e-03 0.000000000000000000e+00
6.623875651081750915e-01 3.334453267107394536e-01 2.553540443617523366e-26 1.672619669267866240e-22 4.167108181085434938e-03 0.000000000000000000e+00
6.623875651081750915e-01 3.334453267107394536e-01 2.553540443617523366e-26 1.672619669267866240e-22 4.167108181085434938e-03 0.000000000000000000e+00
6.623875651081750915e-01 3.334453267107394536e-01 2.553540443617523366e-26 1.672619669267866240e-22 4.167108181085434938e-03 0.000000000000000000e+00
6.623875651081750915e-01 3.334453267107394536e-01 2.553540443617523366e-26 1.672619669267866240e-22 4.167108181085434938e-03 0.000000000000000000e+00
6.623875651081750915e-01 3.334453267107394536e-01 2.553540443617523366e-26 1.672619669267866240e-22 4.167108181085434938e-03 0.000000000000000000e+00
6.623875651081750915e-01 3.334453267107394536e-01 2.553540443617523366e-26 1.672619669267866240e-22 4.167108181085434938e-03 0.000000000000000000e+00
6.623875651081750915e-01 3.334453267107394536e-01 2.553540443617523366e-26 1.672619669267866240e-22 4.167108181085434938e-03 0.000000000000000000e+00
6.623875651081750915e-01 3.334453267107394536e-01 2.553540443617523366e-26 1.672619669267866240e-22 4.167108181085434938e-03 0.000000000000000000e+00
6.623875651081750915e-01 3.334453267107394536e-01 2.553540443617523366e-26 1.672619669267866240e-22 4.167108181085434938e-03 0.000000000000000000e+00
6.623875651081750915e-01 3.334453267107394536e-01 2.553540443617523366e-26 1.672619669267866240e-22 4.167108181085434938e-03 0.000000000000000000e+00
6.623875651081750915e-01 3.334453267107394536e-01 2.553540443617523366e-26 1.672619669267866240e-22 4.167108181085434938e-03 0.000000000000000000e+00
6.623875651081750915e-01 3.334453267107394536e-01 2.553540443617523366e-26 1.672619669267866240e-22 4.167108181085434938e-03 0.000000000000000000e+00
6.623875651081750915e-01 3.334453267107394536e-01 2.553540443617523366e-26 1.672619669267866240e-22 4.167108181085434938e-03 0.000000000000000000e+00
6.623875651081750915e-01 3.334453267107394536e-01 2.553540443617523366e-26 1.672619669267866240e-22 4.167108181085434938e-03 0.000000000000000000e+00
6.623875651081750915e-01 3.334453267107394536e-01 2.553540443617523366e-26 1.672619669267866240e-22 4.167108181085434938e-03 0.000000000000000000e+00
6.623875651081750915e-01 3.334453267107394536e-01 2.553540443617523366e-26 1.672619669267866240e-22 4.167108181085434938e-03 0.000000000000000000e+00
6.623875651081750915e-01 3.334453267107394536e-01 2.553540443617523366e-26 1.672619669267866240e-22 4.167108181085434938e-03 0.000000000000000000e+00
6.623875651081750915e-01 3.334453267107394536e-01 2.553540443617523366e-26 1.672619669267866240e-22 4.167108181085434938e-03 0.000000000000000000e+00
6.623875651081750915e-01 3.334453267107394536e-01 2.553540443617523366e-26 1.672619669267866240e-22 4.167108181085434938e-03 0.000000000000000000e+00
6.623875651081750915e-01 3.334453267107394536e-01 2.553540443617523366e-26 1.672619669267866240e-22 4.167108181085434938e-03 0.000000000000000000e+00
6.623875651081750915e-01 3.334453267107394536e-01 2.553540443617523366e-26 1.672619669267866240e-22 4.167108181085434938e-03 0.000000000000000000e+00
6.623875651081750915e-01 3.334453267107394536e-01 2.553540443617523366e-26 1.672619669267866240e-22 4.167108181085434938e-03 0.000000000000000000e+00
6.623875651081750915e-01 3.334453267107394536e-01 2.553540443617523366e-26 1.672619669267866240e-22 4.167108181085434938e-03 0.000000000000000000e+00
6.623875651081750915e-01 3.334453267107394536e-01 2.553540443617523366e-26 1.672619669267866240e-22 4.167108181085434938e-03 0.000000000000000000e+00
6.623875651081750915e-01 3.334453267107394536e-01 2.553540443617523366e-26 1.672619669267866240e-22 4.167108181085434938e-03 0.000000000000000000e+00
6.623875651081750915e-01 3.334453267107394536e-01 2.553540443617523366e-26 1.672619669267866240e-22 4.167108181085434938e-03 0.000000000000000000e+00
6.623875651081750915e-01 3.334453267107394536e-01 2.553540443617523366e-26 1.672619669267866240e-22 4.167108181085434938e-03 0.000000000000000000e+00
6.623875651081750915e-01 3.334453267107394536e-01 2.553540443617523366e-26 1.672619669267866240e-22 4.167108181085434938e-03 0.000000000000000000e+00
6.623875651081750915e-01 3.334453267107394536e-01 2.553540443617523366e-26 1.672619669267866240e-22 4.167108181085434938e-03 0.000000000000000000e+00
6.623875651081750915e-01 3.334453267107394536e-01 2.553540443617523366e-26 1.672619669267866240e-22 4.167108181085434938e-03 0.000000000000000000e+00
6.623875651081750915e-01 3.334453267107394536e-01 2.553540443617523366e-26 1.672619669267866240e-22 4.167108181085434938e-03 0.000000000000000000e+00
6.623875651081750915e-01 3.334453267107394536e-01 2.553540443617523366e-26 1.672619669267866240e-22 4.167108181085434938e-03 0.000000000000000000e+00
6.623875651081750915e-01 3.334453267107394536e-01 2.553540443617523366e-26 1.672619669267866240e-22 4.167108181085434938e-03 0.000000000000000000e+00
6.623875651081750915e-01 3.334453267107394536e-01 2.553540443617523366e-26 1.672619669267866240e-22 4.167108181085434938e-03 0.000000000000000000e+00
6.623875651081750915e-01 3.334453267107394536e-01 2.553540443617523366e-26 1.672619669267866240e-22 4.167108181085434938e-03 0.000000000000000000e+00
6.623875651081750915e-01 3.334453267107394536e-01 2.553540443617523366e-26 1.672619669267866240e-22 4.167108181085434938e-03 0.000000000000000000e+00
6.623875651081750915e-01 3.334453267107394536e-01 2.553540443617523366e-26 1.672619669267866240e-22 4.167108181085434938e-03 0.000000000000000000e+00
6.623875651081750915e-01 3.334453267107394536e-01 2.553540443617523366e-26 1.672619669267866240e-22 4.167108181085434938e-03 0.000000000000000000e+00
6.623875651081750915e-01 3.334453267107394536e-01 2.553540443617523366e-26 1.672619669267866240e-22 4.167108181085434938e-03 0.000000000000000000e+00
6.623875651081750915e-01 3.334453267107394536e-01 2.553540443617523366e-26 1.672619669267866240e-22 4.167108181085434938e-03 0.000000000000000000e+00
6.623875651081750915e-01 3.334453267107394536e-01 2.553540443617523366e-26 1.672619669267866240e-22 4.167108181085434938e-03 0.000000000000000000e+00
6.623875651081750915e-01 3.334453267107394536e-01 2.553540443617523366e-26 1.672619669267866240e-22 4.167108181085434938e-03 0.000000000000000000e+00
6.623875651081750915e-01 3.334453267107394536e-01 2.553540443617523366e-26 1.672619669267866240e-22 4.167108181085434938e-03 0.000000000000000000e+00
6.623875651081750915e-01 3.334453267107394536e-01 2.553540443617523366e-26 1.672619669267866240e-22 4.167108181085434938e-03 0.000000000000000000e+00
6.623875651081750915e-01 3.334453267107394536e-01 2.553540443617523366e-26 1.672619669267866240e-22 4.167108181085434938e-03 0.000000000000000000e+00
6.623875651081750915e-01 3.334453267107394536e-01 2.553540443617523366e-26 1.672619669267866240e-22 4.167108181085434938e-03 0.000000000000000000e+00
6.623875651081750915e-01 3.334453267107394536e-01 2.553540443617523366e-26 1.672619669267866240e-22 4.167108181085434938e-03 0.000000000000000000e+00
6.623875651081750915e-01 3.334453267107394536e-01 2.553540443617523366e-26 1.672619669267866240e-22 4.167108181085434938e-03 0.000000000000000000e+00
6.623875651081750915e-01 3.334453267107394536e-01 2.553540443617523366e-26 1.672619669267866240e-22 4.167108181085434938e-03 0.000000000000000000e+00
6.623875651081750915e-01 3.334453267107394536e-01 2.553540443617523366e-26 1.672619669267866240e-22 4.167108181085434938e-03 0.000000000000000000e+00
6.623875651081750915e-01 3.334453267107394536e-01 2.553540443617523366e-26 1.672619669267866240e-22 4.167108181085434938e-03 0.000000000000000000e+00
6.623875651081750915e-01 3.334453267107394536e-01 2.553540443617523366e-26 1.672619669267866240e-22 4.167108181085434938e-03 0.000000000000000000e+00
6.623875651081750915e-01 3.334453267107394536e-01 2.553540443617523366e-26 1.672619669267866240e-22 4.167108181085434938e-03 0.000000000000000000e+00
6.623875651081750915e-01 3.334453267107394536e-01 2.553540443617523366e-26 1.672619669267866240e-22 4.167108181085434938e-03 0.000000000000000000e+00
6.623875651081750915e-01 3.334453267107394536e-01 2.553540443617523366e-26 1.672619669267866240e-22 4.167108181085434938e-03 0.000000000000000000e+00
6.623875651081750915e-01 3.334453267107394536e-01 2.553540443617523366e-26 1.672619669267866240e-22 4.167108181085434938e-03 0.000000000000000000e+00
6.623875651081750915e-01 3.334453267107394536e-01 2.553540443617523366e-26 1.672619669267866240e-22 4.167108181085434938e-03 0.000000000000000000e+00
6.623875651081750915e-01 3.334453267107394536e-01 2.553540443617523366e-26 1.672619669267866240e-22 4.167108181085434938e-03 0.000000000000000000e+00
6.623875651081750915e-01 3.334453267107394536e-01 2.553540443617523366e-26 1.672619669267866240e-22 4.167108181085434938e-03 0.000000000000000000e+00
6.623875651081750915e-01 3.334453267107394536e-01 2.553540443617523366e-26 1.672619669267866240e-22 4.167108181085434938e-03 0.000000000000000000e+00
6.623875651081750915e-01 3.334453267107394536e-01 2.553540443617523366e-26 1.672619669267866240e-22 4.167108181085434938e-03 0.000000000000000000e+00
6.623875651081750915e-01 3.334453267107394536e-01 2.553540443617523366e-26 1.672619669267866240e-22 4.167108181085434938e-03 0.000000000000000000e+00
6.623875651081750915e-01 3.334453267107394536e-01 2.553540443617523366e-26 1.672619669267866240e-22 4.167108181085434938e-03 0.000000000000000000e+00
6.623875651081750915e-01 3.334453267107394536e-01 2.553540443617523366e-26 1.672619669267866240e-22 4.167108181085434938e-03 0.000000000000000000e+00
6.623875651081750915e-01 3.334453267107394536e-01 2.553540443617523366e-26 1.672619669267866240e-22 4.167108181085434938e-03 0.000000000000000000e+00
6.623875651081750915e-01 3.334453267107394536e-01 2.553540443617523366e-26 1.672619669267866240e-22 4.167108181085434938e-03 0.000000000000000000e+00
6.623875651081750915e-01 3.334453267107394536e-01 2.553540443617523366e-26 1.672619669267866240e-22 4.167108181085434938e-03 0.000000000000000000e+00
6.623875651081750915e-01 3.334453267107394536e-01 2.553540443617523366e-26 1.672619669267866240e-22 4.167108181085434938e-03 0.000000000000000000e+00
6.623875651081750915e-01 3.334453267107394536e-01 2.553540443617523366e-26 1.672619669267866240e-22 4.167108181085434938e-03 0.000000000000000000e+00
6.623875651081750915e-01 3.334453267107394536e-01 2.553540443617523366e-26 1.672619669267866240e-22 4.167108181085434938e-03 0.000000000000000000e+00
6.623875651081750915e-01 3.334453267107394536e-01 2.553540443617523366e-26 1.672619669267866240e-22 4.167108181085434938e-03 0.000000000000000000e+00
6.623875651081750915e-01 3.334453267107394536e-01 2.553540443617523366e-26 1.672619669267866240e-22 4.167108181085434938e-03 0.000000000000000000e+00
6.623875651081750915e-01 3.334453267107394536e-01 2.553540443617523366e-26 1.672619669267866240e-22 4.167108181085434938e-03 0.000000000000000000e+00
6.623875651081750915e-01 3.334453267107394536e-01 2.553540443617523366e-26 1.672619669267866240e-22 4.167108181085434938e-03 0.000000000000000000e+00
6.623875651081750915e-01 3.334453267107394536e-01 2.553540443617523366e-26 1.672619669267866240e-22 4.167108181085434938e-03 0.000000000000000000e+00
6.623875651081750915e-01 3.334453267107394536e-01 2.553540443617523366e-26 1.672619669267866240e-22 4.167108181085434938e-03 0.000000000000000000e+00
6.623875651081750915e-01 3.334453267107394536e-01 2.553540443617523366e-26 1.672619669267866240e-22 4.167108181085434938e-03 0.000000000000000000e+00
6.623875651081750915e-01 3.334453267107394536e-01 2.553540443617523366e-26 1.672619669267866240e-22 4.167108181085434938e-03 0.000000000000000000e+00
6.623875651081750915e-01 3.334453267107394536e-01 2.553540443617523366e-26 1.672619669267866240e-22 4.167108181085434938e-03 0.000000000000000000e+00
6.623875651081750915e-01 3.334453267107394536e-01 2.553540443617523366e-26 1.672619669267866240e-22 4.167108181085434938e-03 0.000000000000000000e+00
6.623875651081750915e-01 3.334453267107394536e-01 2.553540443617523366e-26 1.672619669267866240e-22 4.167108181085434938e-03 0.000000000000000000e+00
6.623875651081750915e-01 3.334453267107394536e-01 2.553540443617523366e-26 1.672619669267866240e-22 4.167108181085434938e-03 0.000000000000000000e+00
6.623875651081750915e-01 3.334453267107394536e-01 2.553540443617523366e-26 1.672619669267866240e-22 4.167108181085434938e-03 0.000000000000000000e+00
6.623875651081750915e-01 3.334453267107394536e-01 2.553540443617523366e-26 1.672619669267866240e-22 4.167108181085434938e-03 0.000000000000000000e+00
6.623875651081750915e-01 3.334453267107394536e-01 2.553540443617523366e-26 1.672619669267866240e-22 4.167108181085434938e-03 0.000000000000000000e+00
6.623875651081750915e-01 3.334453267107394536e-01 2.553540443617523366e-26 1.672619669267866240e-22 4.167108181085434938e-03 0.000000000000000000e+00
6.623875651081750915e-01 3.334453267107394536e-01 2.553540443617523366e-26 1.672619669267866240e-22 4.167108181085434938e-03 0.000000000000000000e+00
6.623875651081750915e-01 3.334453267107394536e-01 2.553540443617523366e-26 1.672619669267866240e-22 4.167108181085434938e-03 0.000000000000000000e+00
6.623875651081750915e-01 3.334453267107394536e-01 2.553540443617523366e-26 1.672619669267866240e-22 4.167108181085434938e-03 0.000000000000000000e+00
6.623875651081750915e-01 3.334453267107394536e-01 2.553540443617523366e-26 1.672619669267866240e-22 4.167108181085434938e-03 0.000000000000000000e+00
6.623875651081750915e-01 3.334453267107394536e-01 2.553540443617523366e-26 1.672619669267866240e-22 4.167108181085434938e-03 0.000000000000000000e+00
6.623875651081750915e-01 3.334453267107394536e-01 2.553540443617523366e-26 1.672619669267866240e-22 4.167108181085434938e-03 0.000000000000000000e+00
6.623875651081750915e-01 3.334453267107394536e-01 2.553540443617523366e-26 1.672619669267866240e-22 4.167108181085434938e-03 0.000000000000000000e+00
6.623875651081750915e-01 3.334453267107394536e-01 2.553540443617523366e-26 1.672619669267866240e-22 4.167108181085434938e-03 0.000000000000000000e+00
6.623875651081750915e-01 3.334453267107394536e-01 2.553540443617523366e-26 1.672619669267866240e-22 4.167108181085434938e-03 0.000000000000000000e+00
6.623875651081750915e-01 3.334453267107394536e-01 2.553540443617523366e-26 1.672619669267866240e-22 4.167108181085434938e-03 0.000000000000000000e+00
6.623875651081750915e-01 3.334453267107394536e-01 2.553540443617523366e-26 1.672619669267866240e-22 4.167108181085434938e-03 0.000000000000000000e+00
6.623875651081750915e-01 3.334453267107394536e-01 2.553540443617523366e-26 1.672619669267866240e-22 4.167108181085434938e-03 0.000000000000000000e+00
6.623875651081750915e-01 3.334453267107394536e-01 2.553540443617523366e-26 1.672619669267866240e-22 4.167108181085434938e-03 0.000000000000000000e+00
6.623875651081750915e-01 3.334453267107394536e-01 2.553540443617523366e-26 1.672619669267866240e-22 4.167108181085434938e-03 0.000000000000000000e+00
6.623875651081750915e-01 3.334453267107394536e-01 2.553540443617523366e-26 1.672619669267866240e-22 4.167108181085434938e-03 0.000000000000000000e+00
6.623875651081750915e-01 3.334453267107394536e-01 2.553540443617523366e-26 1.672619669267866240e-22 4.167108181085434938e-03 0.000000000000000000e+00
6.623875651081750915e-01 3.334453267107394536e-01 2.553540443617523366e-26 1.672619669267866240e-22 4.167108181085434938e-03 0.000000000000000000e+00
6.623875651081750915e-01 3.334453267107394536e-01 2.553540443617523366e-26 1.672619669267866240e-22 4.167108181085434938e-03 0.000000000000000000e+00
6.623875651081750915e-01 3.334453267107394536e-01 2.553540443617523366e-26 1.672619669267866240e-22 4.167108181085434938e-03 0.000000000000000000e+00
6.623875651081750915e-01 3.334453267107394536e-01 2.553540443617523366e-26 1.672619669267866240e-22 4.167108181085434938e-03 0.000000000000000000e+00
6.623875651081750915e-01 3.334453267107394536e-01 2.553540443617523366e-26 1.672619669267866240e-22 4.167108181085434938e-03 0.000000000000000000e+00
6.623875651081750915e-01 3.334453267107394536e-01 2.553540443617523366e-26 1.672619669267866240e-22 4.167108181085434938e-03 0.000000000000000000e+00
6.623875651081750915e-01 3.334453267107394536e-01 2.553540443617523366e-26 1.672619669267866240e-22 4.167108181085434938e-03 0.000000000000000000e+00
6.623875651081750915e-01 3.334453267107394536e-01 2.553540443617523366e-26 1.672619669267866240e-22 4.167108181085434938e-03 0.000000000000000000e+00
6.623875651081750915e-01 3.334453267107394536e-01 2.553540443617523366e-26 1.672619669267866240e-22 4.167108181085434938e-03 0.000000000000000000e+00
6.623875651081750915e-01 3.334453267107394536e-01 2.553540443617523366e-26 1.672619669267866240e-22 4.167108181085434938e-03 0.000000000000000000e+00
6.623875651081750915e-01 3.334453267107394536e-01 2.553540443617523366e-26 1.672619669267866240e-22 4.167108181085434938e-03 0.000000000000000000e+00
6.623875651081750915e-01 3.334453267107394536e-01 2.553540443617523366e-26 1.672619669267866240e-22 4.167108181085434938e-03 0.000000000000000000e+00
6.623875651081750915e-01 3.334453267107394536e-01 2.553540443617523366e-26 1.672619669267866240e-22 4.167108181085434938e-03 0.000000000000000000e+00
6.623875651081750915e-01 3.334453267107394536e-01 2.553540443617523366e-26 1.672619669267866240e-22 4.167108181085434938e-03 0.000000000000000000e+00
6.623875651081750915e-01 3.334453267107394536e-01 2.553540443617523366e-26 1.672619669267866240e-22 4.167108181085434938e-03 0.000000000000000000e+00
6.623875651081750915e-01 3.334453267107394536e-01 2.553540443617523366e-26 1.672619669267866240e-22 4.167108181085434938e-03 0.000000000000000000e+00
6.623875651081750915e-01 3.334453267107394536e-01 2.553540443617523366e-26 1.672619669267866240e-22 4.167108181085434938e-03 0.000000000000000000e+00
6.623875651081750915e-01 3.334453267107394536e-01 2.553540443617523366e-26 1.672619669267866240e-22 4.167108181085434938e-03 0.000000000000000000e+00
6.623875651081750915e-01 3.334453267107394536e-01 2.553540443617523366e-26 1.672619669267866240e-22 4.167108181085434938e-03 0.000000000000000000e+00
6.623875651081750915e-01 3.334453267107394536e-01 2.553540443617523366e-26 1.672619669267866240e-22 4.167108181085434938e-03 0.000000000000000000e+00
6.623875651081750915e-01 3.334453267107394536e-01 2.553540443617523366e-26 1.672619669267866240e-22 4.167108181085434938e-03 0.000000000000000000e+00
6.623875651081750915e-01 3.334453267107394536e-01 2.553540443617523366e-26 1.672619669267866240e-22 4.167108181085434938e-03 0.000000000000000000e+00
6.623875651081750915e-01 3.334453267107394536e-01 2.553540443617523366e-26 1.672619669267866240e-22 4.167108181085434938e-03 0.000000000000000000e+00
6.623875651081750915e-01 3.334453267107394536e-01 2.553540443617523366e-26 1.672619669267866240e-22 4.167108181085434938e-03 0.000000000000000000e+00
6.623875651081750915e-01 3.334453267107394536e-01 2.553540443617523366e-26 1.672619669267866240e-22 4.167108181085434938e-03 0.000000000000000000e+00
6.623875651081750915e-01 3.334453267107394536e-01 2.553540443617523366e-26 1.672619669267866240e-22 4.167108181085434938e-03 0.000000000000000000e+00
6.623875651081750915e-01 3.334453267107394536e-01 2.553540443617523366e-26 1.672619669267866240e-22 4.167108181085434938e-03 0.000000000000000000e+00
6.623875651081750915e-01 3.334453267107394536e-01 2.553540443617523366e-26 1.672619669267866240e-22 4.167108181085434938e-03 0.000000000000000000e+00
6.623875651081750915e-01 3.334453267107394536e-01 2.553540443617523366e-26 1.672619669267866240e-22 4.167108181085434938e-03 0.000000000000000000e+00
6.623875651081750915e-01 3.334453267107394536e-01 2.553540443617523366e-26 1.672619669267866240e-22 4.167108181085434938e-03 0.000000000000000000e+00
6.623875651081750915e-01 3.334453267107394536e-01 2.553540443617523366e-26 1.672619669267866240e-22 4.167108181085434938e-03 0.000000000000000000e+00
6.623875651081750915e-01 3.334453267107394536e-01 2.553540443617523366e-26 1.672619669267866240e-22 4.167108181085434938e-03 0.000000000000000000e+00
6.623875651081750915e-01 3.334453267107394536e-01 2.553540443617523366e-26 1.672619669267866240e-22 4.167108181085434938e-03 0.000000000000000000e+00
6.623875651081750915e-01 3.334453267107394536e-01 2.553540443617523366e-26 1.672619669267866240e-22 4.167108181085434938e-03 0.000000000000000000e+00
6.623875651081750915e-01 3.334453267107394536e-01 2.553540443617523366e-26 1.672619669267866240e-22 4.167108181085434938e-03 0.000000000000000000e+00
6.623875651081750915e-01 3.334453267107394536e-01 2.553540443617523366e-26 1.672619669267866240e-22 4.167108181085434938e-03 0.000000000000000000e+00
6.623875651081750915e-01 3.334453267107394536e-01 2.553540443617523366e-26 1.672619669267866240e-22 4.167108181085434938e-03 0.000000000000000000e+00
6.623875651081750915e-01 3.334453267107394536e-01 2.553540443617523366e-26 1.672619669267866240e-22 4.167108181085434938e-03 0.000000000000000000e+00
6.623875651081750915e-01 3.334453267107394536e-01 2.553540443617523366e-26 1.672619669267866240e-22 4.167108181085434938e-03 0.000000000000000000e+00
6.623875651081750915e-01 3.334453267107394536e-01 2.553540443617523366e-26 1.672619669267866240e-22 4.167108181085434938e-03 0.000000000000000000e+00
6.623875651081750915e-01 3.334453267107394536e-01 2.553540443617523366e-26 1.672619669267866240e-22 4.167108181085434938e-03 0.000000000000000000e+00
6.623875651081750915e-01 3.334453267107394536e-01 2.553540443617523366e-26 1.672619669267866240e-22 4.167108181085434938e-03 0.000000000000000000e+00
6.623875651081750915e-01 3.334453267107394536e-01 2.553540443617523366e-26 1.672619669267866240e-22 4.167108181085434938e-03 0.000000000000000000e+00
6.623875651081750915e-01 3.334453267107394536e-01 2.553540443617523366e-26 1.672619669267866240e-22 4.167108181085434938e-03 0.000000000000000000e+00
6.623875651081750915e-01 3.334453267107394536e-01 2.553540443617523366e-26 1.672619669267866240e-22 4.167108181085434938e-03 0.000000000000000000e+00
6.623875651081750915e-01 3.334453267107394536e-01 2.553540443617523366e-26 1.672619669267866240e-22 4.167108181085434938e-03 0.000000000000000000e+00
6.623875651081750915e-01 3.334453267107394536e-01 2.553540443617523366e-26 1.672619669267866240e-22 4.167108181085434938e-03 0.000000000000000000e+00
6.623875651081750915e-01 3.334453267107394536e-01 2.553540443617523366e-26 1.672619669267866240e-22 4.167108181085434938e-03 0.000000000000000000e+00
6.623875651081750915e-01 3.334453267107394536e-01 2.553540443617523366e-26 1.672619669267866240e-22 4.167108181085434938e-03 0.000000000000000000e+00
6.623875651081750915e-01 3.334453267107394536e-01 2.553540443617523366e-26 1.672619669267866240e-22 4.167108181085434938e-03 0.000000000000000000e+00
6.623875651081750915e-01 3.334453267107394536e-01 2.553540443617523366e-26 1.672619669267866240e-22 4.167108181085434938e-03 0.000000000000000000e+00
6.623875651081750915e-01 3.334453267107394536e-01 2.553540443617523366e-26 1.672619669267866240e-22 4.167108181085434938e-03 0.000000000000000000e+00
6.623875651081750915e-01 3.334453267107394536e-01 2.553540443617523366e-26 1.672619669267866240e-22 4.167108181085434938e-03 0.000000000000000000e+00
6.623875651081750915e-01 3.334453267107394536e-01 2.553540443617523366e-26 1.672619669267866240e-22 4.167108181085434938e-03 0.000000000000000000e+00
6.623875651081750915e-01 3.334453267107394536e-01 2.553540443617523366e-26 1.672619669267866240e-22 4.167108181085434938e-03 0.000000000000000000e+00
6.623875651081750915e-01 3.334453267107394536e-01 2.553540443617523366e-26 1.672619669267866240e-22 4.167108181085434938e-03 0.000000000000000000e+00
6.623875651081750915e-01 3.334453267107394536e-01 2.553540443617523366e-26 1.672619669267866240e-22 4.167108181085434938e-03 0.000000000000000000e+00
6.623875651081750915e-01 3.334453267107394536e-01 2.553540443617523366e-26 1.672619669267866240e-22 4.167108181085434938e-03 0.000000000000000000e+00
6.623875651081750915e-01 3.334453267107394536e-01 2.553540443617523366e-26 1.672619669267866240e-22 4.167108181085434938e-03 0.000000000000000000e+00
6.623875651081750915e-01 3.334453267107394536e-01 2.553540443617523366e-26 1.672619669267866240e-22 4.167108181085434938e-03 0.000000000000000000e+00
