8.451534597645095070e-01 1.530617189806077472e-01 1.197266442606346026e-09 9.832900980548079175e-10 1.784819074326117949e-03 0.000000000000000000e+00
8.451534444855477446e-01 1.530617340975275464e-01 9.490308450091452261e-10 8.188879281370743175e-10 1.784819644175450167e-03 0.000000000000000000e+00
8.451534444855478556e-01 1.530617340975276019e-01 6.805018384594709294e-10 6.301503672935747762e-10 1.784820105179906347e-03 0.000000000000000000e+00
8.451534444855477446e-01 1.530617340975275464e-01 4.850504736692181215e-10 4.825825022312686995e-10 1.784820447118460858e-03 0.000000000000000000e+00
8.451534444855478556e-01 1.530617340975276019e-01 3.437121751934175391e-10 3.678241129973172130e-10 1.784820702562053352e-03 0.000000000000000000e+00
8.451534444855478556e-01 1.530617340975276019e-01 2.421517407964883682e-10 2.790472387077616885e-10 1.784820893912925999e-03 0.000000000000000000e+00
8.451534444855477446e-01 1.530617340975275464e-01 1.696103492249287463e-10 2.107045457935995742e-10 1.784821036587986133e-03 0.000000000000000000e+00
8.451534444855478556e-01 1.530617340975276019e-01 1.180268894700143759e-10 1.582631259969698949e-10 1.784821139506080102e-03 0.000000000000000000e+00
8.451534444855477446e-01 1.530617340975275464e-01 8.164294234425854181e-11 1.183022933889044128e-10 1.784821216097501892e-03 0.000000000000000000e+00
8.451534444855478556e-01 1.530617340975276019e-01 5.613890178208815878e-11 8.800612310566054193e-11 1.784821272778582945e-03 0.000000000000000000e+00
8.451534444855478556e-01 1.530617340975276019e-01 3.833689536451720685e-11 6.510523384739242485e-11 1.784821312952427014e-03 0.000000000000000000e+00
8.451534444855478556e-01 1.530617340975275464e-01 2.602216296968990756e-11 4.792893717616735937e-11 1.784821342682701029e-03 0.000000000000000000e+00
8.451534444855478556e-01 1.530617340975276019e-01 1.754968504836639350e-11 3.510091909987211429e-11 1.784821364084568287e-03 0.000000000000000000e+00
8.451534444855478556e-01 1.530617340975276019e-01 1.175693232745898561e-11 2.556798778109178244e-11 1.784821379380978259e-03 0.000000000000000000e+00
8.451534444855478556e-01 1.530617340975276019e-01 7.827447966980491813e-12 1.853085897186634447e-11 1.784821390528212003e-03 0.000000000000000000e+00
8.451534444855478556e-01 1.530617340975276019e-01 5.173775421350562317e-12 1.335241479993465838e-11 1.784821398272250920e-03 0.000000000000000000e+00
8.451534444855477446e-01 1.530617340975276019e-01 3.398847680631271200e-12 9.573554916265998782e-12 1.784821403949578668e-03 0.000000000000000000e+00
8.451534444855478556e-01 1.530617340975276019e-01 2.215917316984451625e-12 6.822123212706839028e-12 1.784821407818673600e-03 0.000000000000000000e+00
8.451534444855477446e-01 1.530617340975275464e-01 1.435715993748370251e-12 4.837038534107030860e-12 1.784821410645811212e-03 0.000000000000000000e+00
8.451534444855477446e-01 1.530617340975275464e-01 9.230171478591665154e-13 3.408116055706718202e-12 1.784821412558651975e-03 0.000000000000000000e+00
8.451534444855478556e-01 1.530617340975276019e-01 5.895283736822127139e-13 2.388635931302175469e-12 1.784821413934714650e-03 0.000000000000000000e+00
8.451534444855477446e-01 1.530617340975276019e-01 3.736526874647948061e-13 1.663773264824903752e-12 1.784821414871981841e-03 0.000000000000000000e+00
8.451534444855477446e-01 1.530617340975276019e-01 2.351417315898898319e-13 1.152211913158515828e-12 1.784821415526141510e-03 0.000000000000000000e+00
8.451534444855478556e-01 1.530617340975276019e-01 1.469090635236919387e-13 7.932891689434600668e-13 1.784821415981081632e-03 0.000000000000000000e+00
8.451534444855478556e-01 1.530617340975276019e-01 9.105425528034913549e-14 5.426623789563333698e-13 1.784821416284319536e-03 0.000000000000000000e+00
8.451534444855478556e-01 1.530617340975276019e-01 5.604060823591973176e-14 3.691174861805770589e-13 1.784821416496964542e-03 0.000000000000000000e+00
8.451534444855478556e-01 1.530617340975276019e-01 3.421715038583272729e-14 2.494610631242848675e-13 1.784821416639110602e-03 0.000000000000000000e+00
8.451534444855477446e-01 1.530617340975275464e-01 2.072717703712006825e-14 1.675165155262298286e-13 1.784821416734165859e-03 0.000000000000000000e+00
8.451534444855478556e-01 1.530617340975276019e-01 1.246284245475890354e-14 1.118178343634623315e-13 1.784821416799492726e-03 0.000000000000000000e+00
8.451534444855477446e-01 1.530617340975276019e-01 7.432727935873873252e-15 7.414794611455828809e-14 1.784821416842688425e-03 0.000000000000000000e+00
8.451534444855477446e-01 1.530617340975276019e-01 4.395387809183118969e-15 4.883277205414266491e-14 1.784821416870778152e-03 0.000000000000000000e+00
8.451534444855477446e-01 1.530617340975275464e-01 2.578995225550196926e-15 3.195797247655430847e-14 1.784821416889722416e-03 0.000000000000000000e+00
8.451534444855478556e-01 1.530617340975276019e-01 1.501236621822209459e-15 2.078043818651848785e-14 1.784821416902342963e-03 0.000000000000000000e+00
8.451534444855478556e-01 1.530617340975276019e-01 8.660449162827200469e-16 1.341441586276930086e-14 1.784821416910333100e-03 0.000000000000000000e+00
8.451534444855478556e-01 1.530617340975276019e-01 4.953119458415016930e-16 8.599140709703957275e-15 1.784821416915490649e-03 0.000000000000000000e+00
8.451534444855478556e-01 1.530617340975275464e-01 2.809185873645664321e-16 5.475178510191315561e-15 1.784821416918869023e-03 0.000000000000000000e+00
8.451534444855478556e-01 1.530617340975276019e-01 1.579731100437026115e-16 3.462190173790651705e-15 1.784821416921059112e-03 0.000000000000000000e+00
8.451534444855478556e-01 1.530617340975276019e-01 8.806912554911552910e-17 2.174010708268350788e-15 1.784821416922460768e-03 0.000000000000000000e+00
8.451534444855477446e-01 1.530617340975275464e-01 4.863031229874130694e-17 1.354600363402849231e-15 1.784821416923316638e-03 0.000000000000000000e+00
8.451534444855477446e-01 1.530617340975275464e-01 2.660693695178366764e-17 8.377798694390300662e-16 1.784821416923853318e-03 0.000000000000000000e+00
8.451534444855477446e-01 1.530617340975276019e-01 1.442628051593016113e-17 5.143657265231692140e-16 1.784821416924190938e-03 0.000000000000000000e+00
8.451534444855477446e-01 1.530617340975276019e-01 7.750352339926028443e-18 3.134624055949621294e-16 1.784821416924402574e-03 0.000000000000000000e+00
8.451534444855478556e-01 1.530617340975276019e-01 4.125071593443650086e-18 1.895910268919038128e-16 1.784821416924533980e-03 0.000000000000000000e+00
8.451534444855477446e-01 1.530617340975276019e-01 2.174800647584388660e-18 1.137931584369799380e-16 1.784821416924612476e-03 0.000000000000000000e+00
8.451534444855478556e-01 1.530617340975276019e-01 1.135585769854668690e-18 6.776843818063197474e-17 1.784821416924661699e-03 0.000000000000000000e+00
8.451534444855478556e-01 1.530617340975276019e-01 5.871746893610789488e-19 4.004040443628716528e-17 1.784821416924690972e-03 0.000000000000000000e+00
8.451534444855478556e-01 1.530617340975276019e-01 3.005970723829257858e-19 2.346748493724158417e-17 1.784821416924707452e-03 0.000000000000000000e+00
8.451534444855477446e-01 1.530617340975276019e-01 1.523349121951389215e-19 1.364182872531371686e-17 1.784821416924718294e-03 0.000000000000000000e+00
8.451534444855477446e-01 1.530617340975276019e-01 7.640904946921158717e-20 7.864343261681576979e-18 1.784821416924723715e-03 0.000000000000000000e+00
8.451534444855478556e-01 1.530617340975276019e-01 3.807706633879603945e-20 4.509691548855304753e-18 1.784821416924727401e-03 0.000000000000000000e+00
8.451534444855478556e-01 1.530617340975276019e-01 3.807706633879603945e-20 4.509691548855304753e-18 1.784821416924727401e-03 0.000000000000000000e+00
8.451534444855478556e-01 1.530617340975276019e-01 3.807706633879603945e-20 4.509691548855304753e-18 1.784821416924727401e-03 0.000000000000000000e+00
8.451534444855478556e-01 1.530617340975276019e-01 3.807706633879603945e-20 4.509691548855304753e-18 1.784821416924727401e-03 0.000000000000000000e+00
8.451534444855478556e-01 1.530617340975276019e-01 3.807706633879603945e-20 4.509691548855304753e-18 1.784821416924727401e-03 0.000000000000000000e+00
8.451534444855478556e-01 1.530617340975276019e-01 3.807706633879603945e-20 4.509691548855304753e-18 1.784821416924727401e-03 0.000000000000000000e+00
8.451534444855478556e-01 1.530617340975276019e-01 3.807706633879603945e-20 4.509691548855304753e-18 1.784821416924727401e-03 0.000000000000000000e+00
8.451534444855478556e-01 1.530617340975276019e-01 3.807706633879603945e-20 4.509691548855304753e-18 1.784821416924727401e-03 0.000000000000000000e+00
8.451534444855478556e-01 1.530617340975276019e-01 3.807706633879603945e-20 4.509691548855304753e-18 1.784821416924727401e-03 0.000000000000000000e+00
8.451534444855478556e-01 1.530617340975276019e-01 3.807706633879603945e-20 4.509691548855304753e-18 1.784821416924727401e-03 0.000000000000000000e+00
8.451534444855478556e-01 1.530617340975276019e-01 3.807706633879603945e-20 4.509691548855304753e-18 1.784821416924727401e-03 0.000000000000000000e+00
8.451534444855478556e-01 1.530617340975276019e-01 3.807706633879603945e-20 4.509691548855304753e-18 1.784821416924727401e-03 0.000000000000000000e+00
8.451534444855478556e-01 1.530617340975276019e-01 3.807706633879603945e-20 4.509691548855304753e-18 1.784821416924727401e-03 0.000000000000000000e+00
8.451534444855478556e-01 1.530617340975276019e-01 3.807706633879603945e-20 4.509691548855304753e-18 1.784821416924727401e-03 0.000000000000000000e+00
8.451534444855478556e-01 1.530617340975276019e-01 3.807706633879603945e-20 4.509691548855304753e-18 1.784821416924727401e-03 0.000000000000000000e+00
8.451534444855478556e-01 1.530617340975276019e-01 3.807706633879603945e-20 4.509691548855304753e-18 1.784821416924727401e-03 0.000000000000000000e+00
8.451534444855478556e-01 1.530617340975276019e-01 3.807706633879603945e-20 4.509691548855304753e-18 1.784821416924727401e-03 0.000000000000000000e+00
8.451534444855478556e-01 1.530617340975276019e-01 3.807706633879603945e-20 4.509691548855304753e-18 1.784821416924727401e-03 0.000000000000000000e+00
8.451534444855478556e-01 1.530617340975276019e-01 3.807706633879603945e-20 4.509691548855304753e-18 1.784821416924727401e-03 0.000000000000000000e+00
8.451534444855478556e-01 1.530617340975276019e-01 3.807706633879603945e-20 4.509691548855304753e-18 1.784821416924727401e-03 0.000000000000000000e+00
8.451534444855478556e-01 1.530617340975276019e-01 3.807706633879603945e-20 4.509691548855304753e-18 1.784821416924727401e-03 0.000000000000000000e+00
8.451534444855478556e-01 1.530617340975276019e-01 3.807706633879603945e-20 4.509691548855304753e-18 1.784821416924727401e-03 0.000000000000000000e+00
8.451534444855478556e-01 1.530617340975276019e-01 3.807706633879603945e-20 4.509691548855304753e-18 1.784821416924727401e-03 0.000000000000000000e+00
8.451534444855478556e-01 1.530617340975276019e-01 3.807706633879603945e-20 4.509691548855304753e-18 1.784821416924727401e-03 0.000000000000000000e+00
8.451534444855478556e-01 1.530617340975276019e-01 3.807706633879603945e-20 4.509691548855304753e-18 1.784821416924727401e-03 0.000000000000000000e+00
8.451534444855478556e-01 1.530617340975276019e-01 3.807706633879603945e-20 4.509691548855304753e-18 1.784821416924727401e-03 0.000000000000000000e+00
8.451534444855478556e-01 1.530617340975276019e-01 3.807706633879603945e-20 4.509691548855304753e-18 1.784821416924727401e-03 0.000000000000000000e+00
8.451534444855478556e-01 1.530617340975276019e-01 3.807706633879603945e-20 4.509691548855304753e-18 1.784821416924727401e-03 0.000000000000000000e+00
8.451534444855478556e-01 1.530617340975276019e-01 3.807706633879603945e-20 4.509691548855304753e-18 1.784821416924727401e-03 0.000000000000000000e+00
8.451534444855478556e-01 1.530617340975276019e-01 3.807706633879603945e-20 4.509691548855304753e-18 1.784821416924727401e-03 0.000000000000000000e+00
8.451534444855478556e-01 1.530617340975276019e-01 3.807706633879603945e-20 4.509691548855304753e-18 1.784821416924727401e-03 0.000000000000000000e+00
8.451534444855478556e-01 1.530617340975276019e-01 3.807706633879603945e-20 4.509691548855304753e-18 1.784821416924727401e-03 0.000000000000000000e+00
8.451534444855478556e-01 1.530617340975276019e-01 3.807706633879603945e-20 4.509691548855304753e-18 1.784821416924727401e-03 0.000000000000000000e+00
8.451534444855478556e-01 1.530617340975276019e-01 3.807706633879603945e-20 4.509691548855304753e-18 1.784821416924727401e-03 0.000000000000000000e+00
8.451534444855478556e-01 1.530617340975276019e-01 3.807706633879603945e-20 4.509691548855304753e-18 1.784821416924727401e-03 0.000000000000000000e+00
8.451534444855478556e-01 1.530617340975276019e-01 3.807706633879603945e-20 4.509691548855304753e-18 1.784821416924727401e-03 0.000000000000000000e+00
8.451534444855478556e-01 1.530617340975276019e-01 3.807706633879603945e-20 4.509691548855304753e-18 1.784821416924727401e-03 0.000000000000000000e+00
8.451534444855478556e-01 1.530617340975276019e-01 3.807706633879603945e-20 4.509691548855304753e-18 1.784821416924727401e-03 0.000000000000000000e+00
8.451534444855478556e-01 1.530617340975276019e-01 3.807706633879603945e-20 4.509691548855304753e-18 1.784821416924727401e-03 0.000000000000000000e+00
8.451534444855478556e-01 1.530617340975276019e-01 3.807706633879603945e-20 4.509691548855304753e-18 1.784821416924727401e-03 0.000000000000000000e+00
8.451534444855478556e-01 1.530617340975276019e-01 3.807706633879603945e-20 4.509691548855304753e-18 1.784821416924727401e-03 0.000000000000000000e+00
8.451534444855478556e-01 1.530617340975276019e-01 3.807706633879603945e-20 4.509691548855304753e-18 1.784821416924727401e-03 0.000000000000000000e+00
8.451534444855478556e-01 1.530617340975276019e-01 3.807706633879603945e-20 4.509691548855304753e-18 1.784821416924727401e-03 0.000000000000000000e+00
8.451534444855478556e-01 1.530617340975276019e-01 3.807706633879603945e-20 4.509691548855304753e-18 1.784821416924727401e-03 0.000000000000000000e+00
8.451534444855478556e-01 1.530617340975276019e-01 3.807706633879603945e-20 4.509691548855304753e-18 1.784821416924727401e-03 0.000000000000000000e+00
8.451534444855478556e-01 1.530617340975276019e-01 3.807706633879603945e-20 4.509691548855304753e-18 1.784821416924727401e-03 0.000000000000000000e+00
8.451534444855478556e-01 1.530617340975276019e-01 3.807706633879603945e-20 4.509691548855304753e-18 1.784821416924727401e-03 0.000000000000000000e+00
8.451534444855478556e-01 1.530617340975276019e-01 3.807706633879603945e-20 4.509691548855304753e-18 1.784821416924727401e-03 0.000000000000000000e+00
8.451534444855478556e-01 1.530617340975276019e-01 3.807706633879603945e-20 4.509691548855304753e-18 1.784821416924727401e-03 0.000000000000000000e+00
8.451534444855478556e-01 1.530617340975276019e-01 3.807706633879603945e-20 4.509691548855304753e-18 1.784821416924727401e-03 0.000000000000000000e+00
8.451534444855478556e-01 1.530617340975276019e-01 3.807706633879603945e-20 4.509691548855304753e-18 1.784821416924727401e-03 0.000000000000000000e+00
8.451534444855478556e-01 1.530617340975276019e-01 3.807706633879603945e-20 4.509691548855304753e-18 1.784821416924727401e-03 0.000000000000000000e+00
8.451534444855478556e-01 1.530617340975276019e-01 3.807706633879603945e-20 4.509691548855304753e-18 1.784821416924727401e-03 0.000000000000000000e+00
8.451534444855478556e-01 1.530617340975276019e-01 3.807706633879603945e-20 4.509691548855304753e-18 1.784821416924727401e-03 0.000000000000000000e+00
8.451534444855478556e-01 1.530617340975276019e-01 3.807706633879603945e-20 4.509691548855304753e-18 1.784821416924727401e-03 0.000000000000000000e+00
8.451534444855478556e-01 1.530617340975276019e-01 3.807706633879603945e-20 4.509691548855304753e-18 1.784821416924727401e-03 0.000000000000000000e+00
8.451534444855478556e-01 1.530617340975276019e-01 3.807706633879603945e-20 4.509691548855304753e-18 1.784821416924727401e-03 0.000000000000000000e+00
8.451534444855478556e-01 1.530617340975276019e-01 3.807706633879603945e-20 4.509691548855304753e-18 1.784821416924727401e-03 0.000000000000000000e+00
8.451534444855478556e-01 1.530617340975276019e-01 3.807706633879603945e-20 4.509691548855304753e-18 1.784821416924727401e-03 0.000000000000000000e+00
8.451534444855478556e-01 1.530617340975276019e-01 3.807706633879603945e-20 4.509691548855304753e-18 1.784821416924727401e-03 0.000000000000000000e+00
8.451534444855478556e-01 1.530617340975276019e-01 3.807706633879603945e-20 4.509691548855304753e-18 1.784821416924727401e-03 0.000000000000000000e+00
8.451534444855478556e-01 1.530617340975276019e-01 3.807706633879603945e-20 4.509691548855304753e-18 1.784821416924727401e-03 0.000000000000000000e+00
8.451534444855478556e-01 1.530617340975276019e-01 3.807706633879603945e-20 4.509691548855304753e-18 1.784821416924727401e-03 0.000000000000000000e+00
8.451534444855478556e-01 1.530617340975276019e-01 3.807706633879603945e-20 4.509691548855304753e-18 1.784821416924727401e-03 0.000000000000000000e+00
8.451534444855478556e-01 1.530617340975276019e-01 3.807706633879603945e-20 4.509691548855304753e-18 1.784821416924727401e-03 0.000000000000000000e+00
8.451534444855478556e-01 1.530617340975276019e-01 3.807706633879603945e-20 4.509691548855304753e-18 1.784821416924727401e-03 0.000000000000000000e+00
8.451534444855478556e-01 1.530617340975276019e-01 3.807706633879603945e-20 4.509691548855304753e-18 1.784821416924727401e-03 0.000000000000000000e+00
8.451534444855478556e-01 1.530617340975276019e-01 3.807706633879603945e-20 4.509691548855304753e-18 1.784821416924727401e-03 0.000000000000000000e+00
8.451534444855478556e-01 1.530617340975276019e-01 3.807706633879603945e-20 4.509691548855304753e-18 1.784821416924727401e-03 0.000000000000000000e+00
8.451534444855478556e-01 1.530617340975276019e-01 3.807706633879603945e-20 4.509691548855304753e-18 1.784821416924727401e-03 0.000000000000000000e+00
8.451534444855478556e-01 1.530617340975276019e-01 3.807706633879603945e-20 4.509691548855304753e-18 1.784821416924727401e-03 0.000000000000000000e+00
8.451534444855478556e-01 1.530617340975276019e-01 3.807706633879603945e-20 4.509691548855304753e-18 1.784821416924727401e-03 0.000000000000000000e+00
8.451534444855478556e-01 1.530617340975276019e-01 3.807706633879603945e-20 4.509691548855304753e-18 1.784821416924727401e-03 0.000000000000000000e+00
8.451534444855478556e-01 1.530617340975276019e-01 3.807706633879603945e-20 4.509691548855304753e-18 1.784821416924727401e-03 0.000000000000000000e+00
8.451534444855478556e-01 1.530617340975276019e-01 3.807706633879603945e-20 4.509691548855304753e-18 1.784821416924727401e-03 0.000000000000000000e+00
8.451534444855478556e-01 1.530617340975276019e-01 3.807706633879603945e-20 4.509691548855304753e-18 1.784821416924727401e-03 0.000000000000000000e+00
8.451534444855478556e-01 1.530617340975276019e-01 3.807706633879603945e-20 4.509691548855304753e-18 1.784821416924727401e-03 0.000000000000000000e+00
8.451534444855478556e-01 1.530617340975276019e-01 3.807706633879603945e-20 4.509691548855304753e-18 1.784821416924727401e-03 0.000000000000000000e+00
8.451534444855478556e-01 1.530617340975276019e-01 3.807706633879603945e-20 4.509691548855304753e-18 1.784821416924727401e-03 0.000000000000000000e+00
8.451534444855478556e-01 1.530617340975276019e-01 3.807706633879603945e-20 4.509691548855304753e-18 1.784821416924727401e-03 0.000000000000000000e+00
8.451534444855478556e-01 1.530617340975276019e-01 3.807706633879603945e-20 4.509691548855304753e-18 1.784821416924727401e-03 0.000000000000000000e+00
8.451534444855478556e-01 1.530617340975276019e-01 3.807706633879603945e-20 4.509691548855304753e-18 1.784821416924727401e-03 0.000000000000000000e+00
8.451534444855478556e-01 1.530617340975276019e-01 3.807706633879603945e-20 4.509691548855304753e-18 1.784821416924727401e-03 0.000000000000000000e+00
8.451534444855478556e-01 1.530617340975276019e-01 3.807706633879603945e-20 4.509691548855304753e-18 1.784821416924727401e-03 0.000000000000000000e+00
8.451534444855478556e-01 1.530617340975276019e-01 3.807706633879603945e-20 4.509691548855304753e-18 1.784821416924727401e-03 0.000000000000000000e+00
8.451534444855478556e-01 1.530617340975276019e-01 3.807706633879603945e-20 4.509691548855304753e-18 1.784821416924727401e-03 0.000000000000000000e+00
8.451534444855478556e-01 1.530617340975276019e-01 3.807706633879603945e-20 4.509691548855304753e-18 1.784821416924727401e-03 0.000000000000000000e+00
8.451534444855478556e-01 1.530617340975276019e-01 3.807706633879603945e-20 4.509691548855304753e-18 1.784821416924727401e-03 0.000000000000000000e+00
8.451534444855478556e-01 1.530617340975276019e-01 3.807706633879603945e-20 4.509691548855304753e-18 1.784821416924727401e-03 0.000000000000000000e+00
8.451534444855478556e-01 1.530617340975276019e-01 3.807706633879603945e-20 4.509691548855304753e-18 1.784821416924727401e-03 0.000000000000000000e+00
8.451534444855478556e-01 1.530617340975276019e-01 3.807706633879603945e-20 4.509691548855304753e-18 1.784821416924727401e-03 0.000000000000000000e+00
8.451534444855478556e-01 1.530617340975276019e-01 3.807706633879603945e-20 4.509691548855304753e-18 1.784821416924727401e-03 0.000000000000000000e+00
8.451534444855478556e-01 1.530617340975276019e-01 3.807706633879603945e-20 4.509691548855304753e-18 1.784821416924727401e-03 0.000000000000000000e+00
8.451534444855478556e-01 1.530617340975276019e-01 3.807706633879603945e-20 4.509691548855304753e-18 1.784821416924727401e-03 0.000000000000000000e+00
8.451534444855478556e-01 1.530617340975276019e-01 3.807706633879603945e-20 4.509691548855304753e-18 1.784821416924727401e-03 0.000000000000000000e+00
8.451534444855478556e-01 1.530617340975276019e-01 3.807706633879603945e-20 4.509691548855304753e-18 1.784821416924727401e-03 0.000000000000000000e+00
8.451534444855478556e-01 1.530617340975276019e-01 3.807706633879603945e-20 4.509691548855304753e-18 1.784821416924727401e-03 0.000000000000000000e+00
8.451534444855478556e-01 1.530617340975276019e-01 3.807706633879603945e-20 4.509691548855304753e-18 1.784821416924727401e-03 0.000000000000000000e+00
8.451534444855478556e-01 1.530617340975276019e-01 3.807706633879603945e-20 4.509691548855304753e-18 1.784821416924727401e-03 0.000000000000000000e+00
8.451534444855478556e-01 1.530617340975276019e-01 3.807706633879603945e-20 4.509691548855304753e-18 1.784821416924727401e-03 0.000000000000000000e+00
8.451534444855478556e-01 1.530617340975276019e-01 3.807706633879603945e-20 4.509691548855304753e-18 1.784821416924727401e-03 0.000000000000000000e+00
8.451534444855478556e-01 1.530617340975276019e-01 3.807706633879603945e-20 4.509691548855304753e-18 1.784821416924727401e-03 0.000000000000000000e+00
8.451534444855478556e-01 1.530617340975276019e-01 3.807706633879603945e-20 4.509691548855304753e-18 1.784821416924727401e-03 0.000000000000000000e+00
8.451534444855478556e-01 1.530617340975276019e-01 3.807706633879603945e-20 4.509691548855304753e-18 1.784821416924727401e-03 0.000000000000000000e+00
8.451534444855478556e-01 1.530617340975276019e-01 3.807706633879603945e-20 4.509691548855304753e-18 1.784821416924727401e-03 0.000000000000000000e+00
8.451534444855478556e-01 1.530617340975276019e-01 3.807706633879603945e-20 4.509691548855304753e-18 1.784821416924727401e-03 0.000000000000000000e+00
8.451534444855478556e-01 1.530617340975276019e-01 3.807706633879603945e-20 4.509691548855304753e-18 1.784821416924727401e-03 0.000000000000000000e+00
8.451534444855478556e-01 1.530617340975276019e-01 3.807706633879603945e-20 4.509691548855304753e-18 1.784821416924727401e-03 0.000000000000000000e+00
8.451534444855478556e-01 1.530617340975276019e-01 3.807706633879603945e-20 4.509691548855304753e-18 1.784821416924727401e-03 0.000000000000000000e+00
8.451534444855478556e-01 1.530617340975276019e-01 3.807706633879603945e-20 4.509691548855304753e-18 1.784821416924727401e-03 0.000000000000000000e+00
8.451534444855478556e-01 1.530617340975276019e-01 3.807706633879603945e-20 4.509691548855304753e-18 1.784821416924727401e-03 0.000000000000000000e+00
8.451534444855478556e-01 1.530617340975276019e-01 3.807706633879603945e-20 4.509691548855304753e-18 1.784821416924727401e-03 0.000000000000000000e+00
8.451534444855478556e-01 1.530617340975276019e-01 3.807706633879603945e-20 4.509691548855304753e-18 1.784821416924727401e-03 0.000000000000000000e+00
8.451534444855478556e-01 1.530617340975276019e-01 3.807706633879603945e-20 4.509691548855304753e-18 1.784821416924727401e-03 0.000000000000000000e+00
8.451534444855478556e-01 1.530617340975276019e-01 3.807706633879603945e-20 4.509691548855304753e-18 1.784821416924727401e-03 0.000000000000000000e+00
8.451534444855478556e-01 1.530617340975276019e-01 3.807706633879603945e-20 4.509691548855304753e-18 1.784821416924727401e-03 0.000000000000000000e+00
8.451534444855478556e-01 1.530617340975276019e-01 3.807706633879603945e-20 4.509691548855304753e-18 1.784821416924727401e-03 0.000000000000000000e+00
8.451534444855478556e-01 1.530617340975276019e-01 3.807706633879603945e-20 4.509691548855304753e-18 1.784821416924727401e-03 0.000000000000000000e+00
8.451534444855478556e-01 1.530617340975276019e-01 3.807706633879603945e-20 4.509691548855304753e-18 1.784821416924727401e-03 0.000000000000000000e+00
8.451534444855478556e-01 1.530617340975276019e-01 3.807706633879603945e-20 4.509691548855304753e-18 1.784821416924727401e-03 0.000000000000000000e+00
8.451534444855478556e-01 1.530617340975276019e-01 3.807706633879603945e-20 4.509691548855304753e-18 1.784821416924727401e-03 0.000000000000000000e+00
8.451534444855478556e-01 1.530617340975276019e-01 3.807706633879603945e-20 4.509691548855304753e-18 1.784821416924727401e-03 0.000000000000000000e+00
8.451534444855478556e-01 1.530617340975276019e-01 3.807706633879603945e-20 4.509691548855304753e-18 1.784821416924727401e-03 0.000000000000000000e+00
8.451534444855478556e-01 1.530617340975276019e-01 3.807706633879603945e-20 4.509691548855304753e-18 1.784821416924727401e-03 0.000000000000000000e+00
8.451534444855478556e-01 1.530617340975276019e-01 3.807706633879603945e-20 4.509691548855304753e-18 1.784821416924727401e-03 0.000000000000000000e+00
8.451534444855478556e-01 1.530617340975276019e-01 3.807706633879603945e-20 4.509691548855304753e-18 1.784821416924727401e-03 0.000000000000000000e+00
8.451534444855478556e-01 1.530617340975276019e-01 3.807706633879603945e-20 4.509691548855304753e-18 1.784821416924727401e-03 0.000000000000000000e+00
8.451534444855478556e-01 1.530617340975276019e-01 3.807706633879603945e-20 4.509691548855304753e-18 1.784821416924727401e-03 0.000000000000000000e+00
8.451534444855478556e-01 1.530617340975276019e-01 3.807706633879603945e-20 4.509691548855304753e-18 1.784821416924727401e-03 0.000000000000000000e+00
8.451534444855478556e-01 1.530617340975276019e-01 3.807706633879603945e-20 4.509691548855304753e-18 1.784821416924727401e-03 0.000000000000000000e+00
8.451534444855478556e-01 1.530617340975276019e-01 3.807706633879603945e-20 4.509691548855304753e-18 1.784821416924727401e-03 0.000000000000000000e+00
8.451534444855478556e-01 1.530617340975276019e-01 3.807706633879603945e-20 4.509691548855304753e-18 1.784821416924727401e-03 0.000000000000000000e+00
8.451534444855478556e-01 1.530617340975276019e-01 3.807706633879603945e-20 4.509691548855304753e-18 1.784821416924727401e-03 0.000000000000000000e+00
8.451534444855478556e-01 1.530617340975276019e-01 3.807706633879603945e-20 4.509691548855304753e-18 1.784821416924727401e-03 0.000000000000000000e+00
8.451534444855478556e-01 1.530617340975276019e-01 3.807706633879603945e-20 4.509691548855304753e-18 1.784821416924727401e-03 0.000000000000000000e+00
8.451534444855478556e-01 1.530617340975276019e-01 3.807706633879603945e-20 4.509691548855304753e-18 1.784821416924727401e-03 0.000000000000000000e+00
8.451534444855478556e-01 1.530617340975276019e-01 3.807706633879603945e-20 4.509691548855304753e-18 1.784821416924727401e-03 0.000000000000000000e+00
8.451534444855478556e-01 1.530617340975276019e-01 3.807706633879603945e-20 4.509691548855304753e-18 1.784821416924727401e-03 0.000000000000000000e+00
8.451534444855478556e-01 1.530617340975276019e-01 3.807706633879603945e-20 4.509691548855304753e-18 1.784821416924727401e-03 0.000000000000000000e+00
8.451534444855478556e-01 1.530617340975276019e-01 3.807706633879603945e-20 4.509691548855304753e-18 1.784821416924727401e-03 0.000000000000000000e+00
8.451534444855478556e-01 1.530617340975276019e-01 3.807706633879603945e-20 4.509691548855304753e-18 1.784821416924727401e-03 0.000000000000000000e+00
8.451534444855478556e-01 1.530617340975276019e-01 3.807706633879603945e-20 4.509691548855304753e-18 1.784821416924727401e-03 0.000000000000000000e+00
8.451534444855478556e-01 1.530617340975276019e-01 3.807706633879603945e-20 4.509691548855304753e-18 1.784821416924727401e-03 0.000000000000000000e+00
8.451534444855478556e-01 1.530617340975276019e-01 3.807706633879603945e-20 4.509691548855304753e-18 1.784821416924727401e-03 0.000000000000000000e+00
8.451534444855478556e-01 1.530617340975276019e-01 3.807706633879603945e-20 4.509691548855304753e-18 1.784821416924727401e-03 0.000000000000000000e+00
8.451534444855478556e-01 1.530617340975276019e-01 3.807706633879603945e-20 4.509691548855304753e-18 1.784821416924727401e-03 0.000000000000000000e+00
8.451534444855478556e-01 1.530617340975276019e-01 3.807706633879603945e-20 4.509691548855304753e-18 1.784821416924727401e-03 0.000000000000000000e+00
8.451534444855478556e-01 1.530617340975276019e-01 3.807706633879603945e-20 4.509691548855304753e-18 1.784821416924727401e-03 0.000000000000000000e+00
8.451534444855478556e-01 1.530617340975276019e-01 3.807706633879603945e-20 4.509691548855304753e-18 1.784821416924727401e-03 0.000000000000000000e+00
8.451534444855478556e-01 1.530617340975276019e-01 3.807706633879603945e-20 4.509691548855304753e-18 1.784821416924727401e-03 0.000000000000000000e+00
8.451534444855478556e-01 1.530617340975276019e-01 3.807706633879603945e-20 4.509691548855304753e-18 1.784821416924727401e-03 0.000000000000000000e+00
8.451534444855478556e-01 1.530617340975276019e-01 3.807706633879603945e-20 4.509691548855304753e-18 1.784821416924727401e-03 0.000000000000000000e+00
8.451534444855478556e-01 1.530617340975276019e-01 3.807706633879603945e-20 4.509691548855304753e-18 1.784821416924727401e-03 0.000000000000000000e+00
8.451534444855478556e-01 1.530617340975276019e-01 3.807706633879603945e-20 4.509691548855304753e-18 1.784821416924727401e-03 0.000000000000000000e+00
8.451534444855478556e-01 1.530617340975276019e-01 3.807706633879603945e-20 4.509691548855304753e-18 1.784821416924727401e-03 0.000000000000000000e+00
8.451534444855478556e-01 1.530617340975276019e-01 3.807706633879603945e-20 4.509691548855304753e-18 1.784821416924727401e-03 0.000000000000000000e+00
8.451534444855478556e-01 1.530617340975276019e-01 3.807706633879603945e-20 4.509691548855304753e-18 1.784821416924727401e-03 0.000000000000000000e+00
8.451534444855478556e-01 1.530617340975276019e-01 3.807706633879603945e-20 4.509691548855304753e-18 1.784821416924727401e-03 0.000000000000000000e+00
8.451534444855478556e-01 1.530617340975276019e-01 3.807706633879603945e-20 4.509691548855304753e-18 1.784821416924727401e-03 0.000000000000000000e+00
8.451534444855478556e-01 1.530617340975276019e-01 3.807706633879603945e-20 4.509691548855304753e-18 1.784821416924727401e-03 0.000000000000000000e+00
8.451534444855478556e-01 1.530617340975276019e-01 3.807706633879603945e-20 4.509691548855304753e-18 1.784821416924727401e-03 0.000000000000000000e+00
8.451534444855478556e-01 1.530617340975276019e-01 3.807706633879603945e-20 4.509691548855304753e-18 1.784821416924727401e-03 0.000000000000000000e+00
8.451534444855478556e-01 1.530617340975276019e-01 3.807706633879603945e-20 4.509691548855304753e-18 1.784821416924727401e-03 0.000000000000000000e+00
8.451534444855478556e-01 1.530617340975276019e-01 3.807706633879603945e-20 4.509691548855304753e-18 1.784821416924727401e-03 0.000000000000000000e+00
8.451534444855478556e-01 1.530617340975276019e-01 3.807706633879603945e-20 4.509691548855304753e-18 1.784821416924727401e-03 0.000000000000000000e+00
8.451534444855478556e-01 1.530617340975276019e-01 3.807706633879603945e-20 4.509691548855304753e-18 1.784821416924727401e-03 0.000000000000000000e+00
8.451534444855478556e-01 1.530617340975276019e-01 3.807706633879603945e-20 4.509691548855304753e-18 1.784821416924727401e-03 0.000000000000000000e+00
8.451534444855478556e-01 1.530617340975276019e-01 3.807706633879603945e-20 4.509691548855304753e-18 1.784821416924727401e-03 0.000000000000000000e+00
8.451534444855478556e-01 1.530617340975276019e-01 3.807706633879603945e-20 4.509691548855304753e-18 1.784821416924727401e-03 0.000000000000000000e+00
8.451534444855478556e-01 1.530617340975276019e-01 3.807706633879603945e-20 4.509691548855304753e-18 1.784821416924727401e-03 0.000000000000000000e+00
8.451534444855478556e-01 1.530617340975276019e-01 3.807706633879603945e-20 4.509691548855304753e-18 1.784821416924727401e-03 0.000000000000000000e+00
8.451534444855478556e-01 1.530617340975276019e-01 3.807706633879603945e-20 4.509691548855304753e-18 1.784821416924727401e-03 0.000000000000000000e+00
8.451534444855478556e-01 1.530617340975276019e-01 3.807706633879603945e-20 4.509691548855304753e-18 1.784821416924727401e-03 0.000000000000000000e+00
8.451534444855478556e-01 1.530617340975276019e-01 3.807706633879603945e-20 4.509691548855304753e-18 1.784821416924727401e-03 0.000000000000000000e+00
8.451534444855478556e-01 1.530617340975276019e-01 3.807706633879603945e-20 4.509691548855304753e-18 1.784821416924727401e-03 0.000000000000000000e+00
8.451534444855478556e-01 1.530617340975276019e-01 3.807706633879603945e-20 4.509691548855304753e-18 1.784821416924727401e-03 0.000000000000000000e+00
8.451534444855478556e-01 1.530617340975276019e-01 3.807706633879603945e-20 4.509691548855304753e-18 1.784821416924727401e-03 0.000000000000000000e+00
8.451534444855478556e-01 1.530617340975276019e-01 3.807706633879603945e-20 4.509691548855304753e-18 1.784821416924727401e-03 0.000000000000000000e+00
8.451534444855478556e-01 1.530617340975276019e-01 3.807706633879603945e-20 4.509691548855304753e-18 1.784821416924727401e-03 0.000000000000000000e+00
8.451534444855478556e-01 1.530617340975276019e-01 3.807706633879603945e-20 4.509691548855304753e-18 1.784821416924727401e-03 0.000000000000000000e+00
8.451534444855478556e-01 1.530617340975276019e-01 3.807706633879603945e-20 4.509691548855304753e-18 1.784821416924727401e-03 0.000000000000000000e+00
8.451534444855478556e-01 1.530617340975276019e-01 3.807706633879603945e-20 4.509691548855304753e-18 1.784821416924727401e-03 0.000000000000000000e+00
8.451534444855478556e-01 1.530617340975276019e-01 3.807706633879603945e-20 4.509691548855304753e-18 1.784821416924727401e-03 0.000000000000000000e+00
8.451534444855478556e-01 1.530617340975276019e-01 3.807706633879603945e-20 4.509691548855304753e-18 1.784821416924727401e-03 0.000000000000000000e+00
8.451534444855478556e-01 1.530617340975276019e-01 3.807706633879603945e-20 4.509691548855304753e-18 1.784821416924727401e-03 0.000000000000000000e+00
8.451534444855478556e-01 1.530617340975276019e-01 3.807706633879603945e-20 4.509691548855304753e-18 1.784821416924727401e-03 0.000000000000000000e+00
8.451534444855478556e-01 1.530617340975276019e-01 3.807706633879603945e-20 4.509691548855304753e-18 1.784821416924727401e-03 0.000000000000000000e+00
8.451534444855478556e-01 1.530617340975276019e-01 3.807706633879603945e-20 4.509691548855304753e-18 1.784821416924727401e-03 0.000000000000000000e+00
8.451534444855478556e-01 1.530617340975276019e-01 3.807706633879603945e-20 4.509691548855304753e-18 1.784821416924727401e-03 0.000000000000000000e+00
8.451534444855478556e-01 1.530617340975276019e-01 3.807706633879603945e-20 4.509691548855304753e-18 1.784821416924727401e-03 0.000000000000000000e+00
8.451534444855478556e-01 1.530617340975276019e-01 3.807706633879603945e-20 4.509691548855304753e-18 1.784821416924727401e-03 0.000000000000000000e+00
8.451534444855478556e-01 1.530617340975276019e-01 3.807706633879603945e-20 4.509691548855304753e-18 1.784821416924727401e-03 0.000000000000000000e+00
8.451534444855478556e-01 1.530617340975276019e-01 3.807706633879603945e-20 4.509691548855304753e-18 1.784821416924727401e-03 0.000000000000000000e+00
8.451534444855478556e-01 1.530617340975276019e-01 3.807706633879603945e-20 4.509691548855304753e-18 1.784821416924727401e-03 0.000000000000000000e+00
8.451534444855478556e-01 1.530617340975276019e-01 3.807706633879603945e-20 4.509691548855304753e-18 1.784821416924727401e-03 0.000000000000000000e+00
8.451534444855478556e-01 1.530617340975276019e-01 3.807706633879603945e-20 4.509691548855304753e-18 1.784821416924727401e-03 0.000000000000000000e+00
8.451534444855478556e-01 1.530617340975276019e-01 3.807706633879603945e-20 4.509691548855304753e-18 1.784821416924727401e-03 0.000000000000000000e+00
8.451534444855478556e-01 1.530617340975276019e-01 3.807706633879603945e-20 4.509691548855304753e-18 1.784821416924727401e-03 0.000000000000000000e+00
8.451534444855478556e-01 1.530617340975276019e-01 3.807706633879603945e-20 4.509691548855304753e-18 1.784821416924727401e-03 0.000000000000000000e+00
8.451534444855478556e-01 1.530617340975276019e-01 3.807706633879603945e-20 4.509691548855304753e-18 1.784821416924727401e-03 0.000000000000000000e+00
8.451534444855478556e-01 1.530617340975276019e-01 3.807706633879603945e-20 4.509691548855304753e-18 1.784821416924727401e-03 0.000000000000000000e+00
8.451534444855478556e-01 1.530617340975276019e-01 3.807706633879603945e-20 4.509691548855304753e-18 1.784821416924727401e-03 0.000000000000000000e+00
8.451534444855478556e-01 1.530617340975276019e-01 3.807706633879603945e-20 4.509691548855304753e-18 1.784821416924727401e-03 0.000000000000000000e+00
8.451534444855478556e-01 1.530617340975276019e-01 3.807706633879603945e-20 4.509691548855304753e-18 1.784821416924727401e-03 0.000000000000000000e+00
8.451534444855478556e-01 1.530617340975276019e-01 3.807706633879603945e-20 4.509691548855304753e-18 1.784821416924727401e-03 0.000000000000000000e+00
8.451534444855478556e-01 1.530617340975276019e-01 3.807706633879603945e-20 4.509691548855304753e-18 1.784821416924727401e-03 0.000000000000000000e+00
8.451534444855478556e-01 1.530617340975276019e-01 3.807706633879603945e-20 4.509691548855304753e-18 1.784821416924727401e-03 0.000000000000000000e+00
8.451534444855478556e-01 1.530617340975276019e-01 3.807706633879603945e-20 4.509691548855304753e-18 1.784821416924727401e-03 0.000000000000000000e+00
8.451534444855478556e-01 1.530617340975276019e-01 3.807706633879603945e-20 4.509691548855304753e-18 1.784821416924727401e-03 0.000000000000000000e+00
8.451534444855478556e-01 1.530617340975276019e-01 3.807706633879603945e-20 4.509691548855304753e-18 1.784821416924727401e-03 0.000000000000000000e+00
8.451534444855478556e-01 1.530617340975276019e-01 3.807706633879603945e-20 4.509691548855304753e-18 1.784821416924727401e-03 0.000000000000000000e+00
8.451534444855478556e-01 1.530617340975276019e-01 3.807706633879603945e-20 4.509691548855304753e-18 1.784821416924727401e-03 0.000000000000000000e+00
8.451534444855478556e-01 1.530617340975276019e-01 3.807706633879603945e-20 4.509691548855304753e-18 1.784821416924727401e-03 0.000000000000000000e+00
8.451534444855478556e-01 1.530617340975276019e-01 3.807706633879603945e-20 4.509691548855304753e-18 1.784821416924727401e-03 0.000000000000000000e+00
8.451534444855478556e-01 1.530617340975276019e-01 3.807706633879603945e-20 4.509691548855304753e-18 1.784821416924727401e-03 0.000000000000000000e+00
8.451534444855478556e-01 1.530617340975276019e-01 3.807706633879603945e-20 4.509691548855304753e-18 1.784821416924727401e-03 0.000000000000000000e+00
8.451534444855478556e-01 1.530617340975276019e-01 3.807706633879603945e-20 4.509691548855304753e-18 1.784821416924727401e-03 0.000000000000000000e+00
8.451534444855478556e-01 1.530617340975276019e-01 3.807706633879603945e-20 4.509691548855304753e-18 1.784821416924727401e-03 0.000000000000000000e+00
8.451534444855478556e-01 1.530617340975276019e-01 3.807706633879603945e-20 4.509691548855304753e-18 1.784821416924727401e-03 0.000000000000000000e+00
8.451534444855478556e-01 1.530617340975276019e-01 3.807706633879603945e-20 4.509691548855304753e-18 1.784821416924727401e-03 0.000000000000000000e+00
8.451534444855478556e-01 1.530617340975276019e-01 3.807706633879603945e-20 4.509691548855304753e-18 1.784821416924727401e-03 0.000000000000000000e+00
8.451534444855478556e-01 1.530617340975276019e-01 3.807706633879603945e-20 4.509691548855304753e-18 1.784821416924727401e-03 0.000000000000000000e+00
8.451534444855478556e-01 1.530617340975276019e-01 3.807706633879603945e-20 4.509691548855304753e-18 1.784821416924727401e-03 0.000000000000000000e+00
8.451534444855478556e-01 1.530617340975276019e-01 3.807706633879603945e-20 4.509691548855304753e-18 1.784821416924727401e-03 0.000000000000000000e+00
8.451534444855478556e-01 1.530617340975276019e-01 3.807706633879603945e-20 4.509691548855304753e-18 1.784821416924727401e-03 0.000000000000000000e+00
8.451534444855478556e-01 1.530617340975276019e-01 3.807706633879603945e-20 4.509691548855304753e-18 1.784821416924727401e-03 0.000000000000000000e+00
8.451534444855478556e-01 1.530617340975276019e-01 3.807706633879603945e-20 4.509691548855304753e-18 1.784821416924727401e-03 0.000000000000000000e+00
8.451534444855478556e-01 1.530617340975276019e-01 3.807706633879603945e-20 4.509691548855304753e-18 1.784821416924727401e-03 0.000000000000000000e+00
8.451534444855478556e-01 1.530617340975276019e-01 3.807706633879603945e-20 4.509691548855304753e-18 1.784821416924727401e-03 0.000000000000000000e+00
8.451534444855478556e-01 1.530617340975276019e-01 3.807706633879603945e-20 4.509691548855304753e-18 1.784821416924727401e-03 0.000000000000000000e+00
8.451534444855478556e-01 1.530617340975276019e-01 3.807706633879603945e-20 4.509691548855304753e-18 1.784821416924727401e-03 0.000000000000000000e+00
8.451534444855478556e-01 1.530617340975276019e-01 3.807706633879603945e-20 4.509691548855304753e-18 1.784821416924727401e-03 0.000000000000000000e+00
8.451534444855478556e-01 1.530617340975276019e-01 3.807706633879603945e-20 4.509691548855304753e-18 1.784821416924727401e-03 0.000000000000000000e+00
8.451534444855478556e-01 1.530617340975276019e-01 3.807706633879603945e-20 4.509691548855304753e-18 1.784821416924727401e-03 0.000000000000000000e+00
8.451534444855478556e-01 1.530617340975276019e-01 3.807706633879603945e-20 4.509691548855304753e-18 1.784821416924727401e-03 0.000000000000000000e+00
8.451534444855478556e-01 1.530617340975276019e-01 3.807706633879603945e-20 4.509691548855304753e-18 1.784821416924727401e-03 0.000000000000000000e+00
8.451534444855478556e-01 1.530617340975276019e-01 3.807706633879603945e-20 4.509691548855304753e-18 1.784821416924727401e-03 0.000000000000000000e+00
8.451534444855478556e-01 1.530617340975276019e-01 3.807706633879603945e-20 4.509691548855304753e-18 1.784821416924727401e-03 0.000000000000000000e+00
8.451534444855478556e-01 1.530617340975276019e-01 3.807706633879603945e-20 4.509691548855304753e-18 1.784821416924727401e-03 0.000000000000000000e+00
8.451534444855478556e-01 1.530617340975276019e-01 3.807706633879603945e-20 4.509691548855304753e-18 1.784821416924727401e-03 0.000000000000000000e+00
8.451534444855478556e-01 1.530617340975276019e-01 3.807706633879603945e-20 4.509691548855304753e-18 1.784821416924727401e-03 0.000000000000000000e+00
8.451534444855478556e-01 1.530617340975276019e-01 3.807706633879603945e-20 4.509691548855304753e-18 1.784821416924727401e-03 0.000000000000000000e+00
8.451534444855478556e-01 1.530617340975276019e-01 3.807706633879603945e-20 4.509691548855304753e-18 1.784821416924727401e-03 0.000000000000000000e+00
8.451534444855478556e-01 1.530617340975276019e-01 3.807706633879603945e-20 4.509691548855304753e-18 1.784821416924727401e-03 0.000000000000000000e+00
8.451534444855478556e-01 1.530617340975276019e-01 3.807706633879603945e-20 4.509691548855304753e-18 1.784821416924727401e-03 0.000000000000000000e+00
8.451534444855478556e-01 1.530617340975276019e-01 3.807706633879603945e-20 4.509691548855304753e-18 1.784821416924727401e-03 0.000000000000000000e+00
8.451534444855478556e-01 1.530617340975276019e-01 3.807706633879603945e-20 4.509691548855304753e-18 1.784821416924727401e-03 0.000000000000000000e+00
8.451534444855478556e-01 1.530617340975276019e-01 3.807706633879603945e-20 4.509691548855304753e-18 1.784821416924727401e-03 0.000000000000000000e+00
8.451534444855478556e-01 1.530617340975276019e-01 3.807706633879603945e-20 4.509691548855304753e-18 1.784821416924727401e-03 0.000000000000000000e+00
8.451534444855478556e-01 1.530617340975276019e-01 3.807706633879603945e-20 4.509691548855304753e-18 1.784821416924727401e-03 0.000000000000000000e+00
8.451534444855478556e-01 1.530617340975276019e-01 3.807706633879603945e-20 4.509691548855304753e-18 1.784821416924727401e-03 0.000000000000000000e+00
8.451534444855478556e-01 1.530617340975276019e-01 3.807706633879603945e-20 4.509691548855304753e-18 1.784821416924727401e-03 0.000000000000000000e+00
8.451534444855478556e-01 1.530617340975276019e-01 3.807706633879603945e-20 4.509691548855304753e-18 1.784821416924727401e-03 0.000000000000000000e+00
8.451534444855478556e-01 1.530617340975276019e-01 3.807706633879603945e-20 4.509691548855304753e-18 1.784821416924727401e-03 0.000000000000000000e+00
8.451534444855478556e-01 1.530617340975276019e-01 3.807706633879603945e-20 4.509691548855304753e-18 1.784821416924727401e-03 0.000000000000000000e+00
8.451534444855478556e-01 1.530617340975276019e-01 3.807706633879603945e-20 4.509691548855304753e-18 1.784821416924727401e-03 0.000000000000000000e+00
8.451534444855478556e-01 1.530617340975276019e-01 3.807706633879603945e-20 4.509691548855304753e-18 1.784821416924727401e-03 0.000000000000000000e+00
8.451534444855478556e-01 1.530617340975276019e-01 3.807706633879603945e-20 4.509691548855304753e-18 1.784821416924727401e-03 0.000000000000000000e+00
8.451534444855478556e-01 1.530617340975276019e-01 3.807706633879603945e-20 4.509691548855304753e-18 1.784821416924727401e-03 0.000000000000000000e+00
8.451534444855478556e-01 1.530617340975276019e-01 3.807706633879603945e-20 4.509691548855304753e-18 1.784821416924727401e-03 0.000000000000000000e+00
8.451534444855478556e-01 1.530617340975276019e-01 3.807706633879603945e-20 4.509691548855304753e-18 1.784821416924727401e-03 0.000000000000000000e+00
8.451534444855478556e-01 1.530617340975276019e-01 3.807706633879603945e-20 4.509691548855304753e-18 1.784821416924727401e-03 0.000000000000000000e+00
8.451534444855478556e-01 1.530617340975276019e-01 3.807706633879603945e-20 4.509691548855304753e-18 1.784821416924727401e-03 0.000000000000000000e+00
8.451534444855478556e-01 1.530617340975276019e-01 3.807706633879603945e-20 4.509691548855304753e-18 1.784821416924727401e-03 0.000000000000000000e+00
8.451534444855478556e-01 1.530617340975276019e-01 3.807706633879603945e-20 4.509691548855304753e-18 1.784821416924727401e-03 0.000000000000000000e+00
8.451534444855478556e-01 1.530617340975276019e-01 3.807706633879603945e-20 4.509691548855304753e-18 1.784821416924727401e-03 0.000000000000000000e+00
8.451534444855478556e-01 1.530617340975276019e-01 3.807706633879603945e-20 4.509691548855304753e-18 1.784821416924727401e-03 0.000000000000000000e+00
8.451534444855478556e-01 1.530617340975276019e-01 3.807706633879603945e-20 4.509691548855304753e-18 1.784821416924727401e-03 0.000000000000000000e+00
8.451534444855478556e-01 1.530617340975276019e-01 3.807706633879603945e-20 4.509691548855304753e-18 1.784821416924727401e-03 0.000000000000000000e+00
8.451534444855478556e-01 1.530617340975276019e-01 3.807706633879603945e-20 4.509691548855304753e-18 1.784821416924727401e-03 0.000000000000000000e+00
8.451534444855478556e-01 1.530617340975276019e-01 3.807706633879603945e-20 4.509691548855304753e-18 1.784821416924727401e-03 0.000000000000000000e+00
8.451534444855478556e-01 1.530617340975276019e-01 3.807706633879603945e-20 4.509691548855304753e-18 1.784821416924727401e-03 0.000000000000000000e+00
8.451534444855478556e-01 1.530617340975276019e-01 3.807706633879603945e-20 4.509691548855304753e-18 1.784821416924727401e-03 0.000000000000000000e+00
8.451534444855478556e-01 1.530617340975276019e-01 3.807706633879603945e-20 4.509691548855304753e-18 1.784821416924727401e-03 0.000000000000000000e+00
8.451534444855478556e-01 1.530617340975276019e-01 3.807706633879603945e-20 4.509691548855304753e-18 1.784821416924727401e-03 0.000000000000000000e+00
8.451534444855478556e-01 1.530617340975276019e-01 3.807706633879603945e-20 4.509691548855304753e-18 1.784821416924727401e-03 0.000000000000000000e+00
8.451534444855478556e-01 1.530617340975276019e-01 3.807706633879603945e-20 4.509691548855304753e-18 1.784821416924727401e-03 0.000000000000000000e+00
8.451534444855478556e-01 1.530617340975276019e-01 3.807706633879603945e-20 4.509691548855304753e-18 1.784821416924727401e-03 0.000000000000000000e+00
8.451534444855478556e-01 1.530617340975276019e-01 3.807706633879603945e-20 4.509691548855304753e-18 1.784821416924727401e-03 0.000000000000000000e+00
8.451534444855478556e-01 1.530617340975276019e-01 3.807706633879603945e-20 4.509691548855304753e-18 1.784821416924727401e-03 0.000000000000000000e+00
8.451534444855478556e-01 1.530617340975276019e-01 3.807706633879603945e-20 4.509691548855304753e-18 1.784821416924727401e-03 0.000000000000000000e+00
8.451534444855478556e-01 1.530617340975276019e-01 3.807706633879603945e-20 4.509691548855304753e-18 1.784821416924727401e-03 0.000000000000000000e+00
8.451534444855478556e-01 1.530617340975276019e-01 3.807706633879603945e-20 4.509691548855304753e-18 1.784821416924727401e-03 0.000000000000000000e+00
8.451534444855478556e-01 1.530617340975276019e-01 3.807706633879603945e-20 4.509691548855304753e-18 1.784821416924727401e-03 0.000000000000000000e+00
8.451534444855478556e-01 1.530617340975276019e-01 3.807706633879603945e-20 4.509691548855304753e-18 1.784821416924727401e-03 0.000000000000000000e+00
8.451534444855478556e-01 1.530617340975276019e-01 3.807706633879603945e-20 4.509691548855304753e-18 1.784821416924727401e-03 0.000000000000000000e+00
8.451534444855478556e-01 1.530617340975276019e-01 3.807706633879603945e-20 4.509691548855304753e-18 1.784821416924727401e-03 0.000000000000000000e+00
8.451534444855478556e-01 1.530617340975276019e-01 3.807706633879603945e-20 4.509691548855304753e-18 1.784821416924727401e-03 0.000000000000000000e+00
8.451534444855478556e-01 1.530617340975276019e-01 3.807706633879603945e-20 4.509691548855304753e-18 1.784821416924727401e-03 0.000000000000000000e+00
8.451534444855478556e-01 1.530617340975276019e-01 3.807706633879603945e-20 4.509691548855304753e-18 1.784821416924727401e-03 0.000000000000000000e+00
8.451534444855478556e-01 1.530617340975276019e-01 3.807706633879603945e-20 4.509691548855304753e-18 1.784821416924727401e-03 0.000000000000000000e+00
8.451534444855478556e-01 1.530617340975276019e-01 3.807706633879603945e-20 4.509691548855304753e-18 1.784821416924727401e-03 0.000000000000000000e+00
8.451534444855478556e-01 1.530617340975276019e-01 3.807706633879603945e-20 4.509691548855304753e-18 1.784821416924727401e-03 0.000000000000000000e+00
8.451534444855478556e-01 1.530617340975276019e-01 3.807706633879603945e-20 4.509691548855304753e-18 1.784821416924727401e-03 0.000000000000000000e+00
8.451534444855478556e-01 1.530617340975276019e-01 3.807706633879603945e-20 4.509691548855304753e-18 1.784821416924727401e-03 0.000000000000000000e+00
8.451534444855478556e-01 1.530617340975276019e-01 3.807706633879603945e-20 4.509691548855304753e-18 1.784821416924727401e-03 0.000000000000000000e+00
8.451534444855478556e-01 1.530617340975276019e-01 3.807706633879603945e-20 4.509691548855304753e-18 1.784821416924727401e-03 0.000000000000000000e+00
8.451534444855478556e-01 1.530617340975276019e-01 3.807706633879603945e-20 4.509691548855304753e-18 1.784821416924727401e-03 0.000000000000000000e+00
8.451534444855478556e-01 1.530617340975276019e-01 3.807706633879603945e-20 4.509691548855304753e-18 1.784821416924727401e-03 0.000000000000000000e+00
8.451534444855478556e-01 1.530617340975276019e-01 3.807706633879603945e-20 4.509691548855304753e-18 1.784821416924727401e-03 0.000000000000000000e+00
8.451534444855478556e-01 1.530617340975276019e-01 3.807706633879603945e-20 4.509691548855304753e-18 1.784821416924727401e-03 0.000000000000000000e+00
8.451534444855478556e-01 1.530617340975276019e-01 3.807706633879603945e-20 4.509691548855304753e-18 1.784821416924727401e-03 0.000000000000000000e+00
8.451534444855478556e-01 1.530617340975276019e-01 3.807706633879603945e-20 4.509691548855304753e-18 1.784821416924727401e-03 0.000000000000000000e+00
8.451534444855478556e-01 1.530617340975276019e-01 3.807706633879603945e-20 4.509691548855304753e-18 1.784821416924727401e-03 0.000000000000000000e+00
8.451534444855478556e-01 1.530617340975276019e-01 3.807706633879603945e-20 4.509691548855304753e-18 1.784821416924727401e-03 0.000000000000000000e+00
8.451534444855478556e-01 1.530617340975276019e-01 3.807706633879603945e-20 4.509691548855304753e-18 1.784821416924727401e-03 0.000000000000000000e+00
8.451534444855478556e-01 1.530617340975276019e-01 3.807706633879603945e-20 4.509691548855304753e-18 1.784821416924727401e-03 0.000000000000000000e+00
8.451534444855478556e-01 1.530617340975276019e-01 3.807706633879603945e-20 4.509691548855304753e-18 1.784821416924727401e-03 0.000000000000000000e+00
8.451534444855478556e-01 1.530617340975276019e-01 3.807706633879603945e-20 4.509691548855304753e-18 1.784821416924727401e-03 0.000000000000000000e+00
8.451534444855478556e-01 1.530617340975276019e-01 3.807706633879603945e-20 4.509691548855304753e-18 1.784821416924727401e-03 0.000000000000000000e+00
8.451534444855478556e-01 1.530617340975276019e-01 3.807706633879603945e-20 4.509691548855304753e-18 1.784821416924727401e-03 0.000000000000000000e+00
8.451534444855478556e-01 1.530617340975276019e-01 3.807706633879603945e-20 4.509691548855304753e-18 1.784821416924727401e-03 0.000000000000000000e+00
8.451534444855478556e-01 1.530617340975276019e-01 3.807706633879603945e-20 4.509691548855304753e-18 1.784821416924727401e-03 0.000000000000000000e+00
8.451534444855478556e-01 1.530617340975276019e-01 3.807706633879603945e-20 4.509691548855304753e-18 1.784821416924727401e-03 0.000000000000000000e+00
8.451534444855478556e-01 1.530617340975276019e-01 3.807706633879603945e-20 4.509691548855304753e-18 1.784821416924727401e-03 0.000000000000000000e+00
8.451534444855478556e-01 1.530617340975276019e-01 3.807706633879603945e-20 4.509691548855304753e-18 1.784821416924727401e-03 0.000000000000000000e+00
8.451534444855478556e-01 1.530617340975276019e-01 3.807706633879603945e-20 4.509691548855304753e-18 1.784821416924727401e-03 0.000000000000000000e+00
8.451534444855478556e-01 1.530617340975276019e-01 3.807706633879603945e-20 4.509691548855304753e-18 1.784821416924727401e-03 0.000000000000000000e+00
8.451534444855478556e-01 1.530617340975276019e-01 3.807706633879603945e-20 4.509691548855304753e-18 1.784821416924727401e-03 0.000000000000000000e+00
8.451534444855478556e-01 1.530617340975276019e-01 3.807706633879603945e-20 4.509691548855304753e-18 1.784821416924727401e-03 0.000000000000000000e+00
8.451534444855478556e-01 1.530617340975276019e-01 3.807706633879603945e-20 4.509691548855304753e-18 1.784821416924727401e-03 0.000000000000000000e+00
8.451534444855478556e-01 1.530617340975276019e-01 3.807706633879603945e-20 4.509691548855304753e-18 1.784821416924727401e-03 0.000000000000000000e+00
8.451534444855478556e-01 1.530617340975276019e-01 3.807706633879603945e-20 4.509691548855304753e-18 1.784821416924727401e-03 0.000000000000000000e+00
8.451534444855478556e-01 1.530617340975276019e-01 3.807706633879603945e-20 4.509691548855304753e-18 1.784821416924727401e-03 0.000000000000000000e+00
8.451534444855478556e-01 1.530617340975276019e-01 3.807706633879603945e-20 4.509691548855304753e-18 1.784821416924727401e-03 0.000000000000000000e+00
8.451534444855478556e-01 1.530617340975276019e-01 3.807706633879603945e-20 4.509691548855304753e-18 1.784821416924727401e-03 0.000000000000000000e+00
8.451534444855478556e-01 1.530617340975276019e-01 3.807706633879603945e-20 4.509691548855304753e-18 1.784821416924727401e-03 0.000000000000000000e+00
8.451534444855478556e-01 1.530617340975276019e-01 3.807706633879603945e-20 4.509691548855304753e-18 1.784821416924727401e-03 0.000000000000000000e+00
8.451534444855478556e-01 1.530617340975276019e-01 3.807706633879603945e-20 4.509691548855304753e-18 1.784821416924727401e-03 0.000000000000000000e+00
8.451534444855478556e-01 1.530617340975276019e-01 3.807706633879603945e-20 4.509691548855304753e-18 1.784821416924727401e-03 0.000000000000000000e+00
8.451534444855478556e-01 1.530617340975276019e-01 3.807706633879603945e-20 4.509691548855304753e-18 1.784821416924727401e-03 0.000000000000000000e+00
8.451534444855478556e-01 1.530617340975276019e-01 3.807706633879603945e-20 4.509691548855304753e-18 1.784821416924727401e-03 0.000000000000000000e+00
8.451534444855478556e-01 1.530617340975276019e-01 3.807706633879603945e-20 4.509691548855304753e-18 1.784821416924727401e-03 0.000000000000000000e+00
8.451534444855478556e-01 1.530617340975276019e-01 3.807706633879603945e-20 4.509691548855304753e-18 1.784821416924727401e-03 0.000000000000000000e+00
8.451534444855478556e-01 1.530617340975276019e-01 3.807706633879603945e-20 4.509691548855304753e-18 1.784821416924727401e-03 0.000000000000000000e+00
8.451534444855478556e-01 1.530617340975276019e-01 3.807706633879603945e-20 4.509691548855304753e-18 1.784821416924727401e-03 0.000000000000000000e+00
8.451534444855478556e-01 1.530617340975276019e-01 3.807706633879603945e-20 4.509691548855304753e-18 1.784821416924727401e-03 0.000000000000000000e+00
8.451534444855478556e-01 1.530617340975276019e-01 3.807706633879603945e-20 4.509691548855304753e-18 1.784821416924727401e-03 0.000000000000000000e+00
8.451534444855478556e-01 1.530617340975276019e-01 3.807706633879603945e-20 4.509691548855304753e-18 1.784821416924727401e-03 0.000000000000000000e+00
8.451534444855478556e-01 1.530617340975276019e-01 3.807706633879603945e-20 4.509691548855304753e-18 1.784821416924727401e-03 0.000000000000000000e+00
8.451534444855478556e-01 1.530617340975276019e-01 3.807706633879603945e-20 4.509691548855304753e-18 1.784821416924727401e-03 0.000000000000000000e+00
8.451534444855478556e-01 1.530617340975276019e-01 3.807706633879603945e-20 4.509691548855304753e-18 1.784821416924727401e-03 0.000000000000000000e+00
8.451534444855478556e-01 1.530617340975276019e-01 3.807706633879603945e-20 4.509691548855304753e-18 1.784821416924727401e-03 0.000000000000000000e+00
8.451534444855478556e-01 1.530617340975276019e-01 3.807706633879603945e-20 4.509691548855304753e-18 1.784821416924727401e-03 0.000000000000000000e+00
8.451534444855478556e-01 1.530617340975276019e-01 3.807706633879603945e-20 4.509691548855304753e-18 1.784821416924727401e-03 0.000000000000000000e+00
8.451534444855478556e-01 1.530617340975276019e-01 3.807706633879603945e-20 4.509691548855304753e-18 1.784821416924727401e-03 0.000000000000000000e+00
8.451534444855478556e-01 1.530617340975276019e-01 3.807706633879603945e-20 4.509691548855304753e-18 1.784821416924727401e-03 0.000000000000000000e+00
8.451534444855478556e-01 1.530617340975276019e-01 3.807706633879603945e-20 4.509691548855304753e-18 1.784821416924727401e-03 0.000000000000000000e+00
8.451534444855478556e-01 1.530617340975276019e-01 3.807706633879603945e-20 4.509691548855304753e-18 1.784821416924727401e-03 0.000000000000000000e+00
8.451534444855478556e-01 1.530617340975276019e-01 3.807706633879603945e-20 4.509691548855304753e-18 1.784821416924727401e-03 0.000000000000000000e+00
8.451534444855478556e-01 1.530617340975276019e-01 3.807706633879603945e-20 4.509691548855304753e-18 1.784821416924727401e-03 0.000000000000000000e+00
8.451534444855478556e-01 1.530617340975276019e-01 3.807706633879603945e-20 4.509691548855304753e-18 1.784821416924727401e-03 0.000000000000000000e+00
8.451534444855478556e-01 1.530617340975276019e-01 3.807706633879603945e-20 4.509691548855304753e-18 1.784821416924727401e-03 0.000000000000000000e+00
8.451534444855478556e-01 1.530617340975276019e-01 3.807706633879603945e-20 4.509691548855304753e-18 1.784821416924727401e-03 0.000000000000000000e+00
8.451534444855478556e-01 1.530617340975276019e-01 3.807706633879603945e-20 4.509691548855304753e-18 1.784821416924727401e-03 0.000000000000000000e+00
8.451534444855478556e-01 1.530617340975276019e-01 3.807706633879603945e-20 4.509691548855304753e-18 1.784821416924727401e-03 0.000000000000000000e+00
8.451534444855478556e-01 1.530617340975276019e-01 3.807706633879603945e-20 4.509691548855304753e-18 1.784821416924727401e-03 0.000000000000000000e+00
8.451534444855478556e-01 1.530617340975276019e-01 3.807706633879603945e-20 4.509691548855304753e-18 1.784821416924727401e-03 0.000000000000000000e+00
8.451534444855478556e-01 1.530617340975276019e-01 3.807706633879603945e-20 4.509691548855304753e-18 1.784821416924727401e-03 0.000000000000000000e+00
8.451534444855478556e-01 1.530617340975276019e-01 3.807706633879603945e-20 4.509691548855304753e-18 1.784821416924727401e-03 0.000000000000000000e+00
8.451534444855478556e-01 1.530617340975276019e-01 3.807706633879603945e-20 4.509691548855304753e-18 1.784821416924727401e-03 0.000000000000000000e+00
8.451534444855478556e-01 1.530617340975276019e-01 3.807706633879603945e-20 4.509691548855304753e-18 1.784821416924727401e-03 0.000000000000000000e+00
8.451534444855478556e-01 1.530617340975276019e-01 3.807706633879603945e-20 4.509691548855304753e-18 1.784821416924727401e-03 0.000000000000000000e+00
8.451534444855478556e-01 1.530617340975276019e-01 3.807706633879603945e-20 4.509691548855304753e-18 1.784821416924727401e-03 0.000000000000000000e+00
8.451534444855478556e-01 1.530617340975276019e-01 3.807706633879603945e-20 4.509691548855304753e-18 1.784821416924727401e-03 0.000000000000000000e+00
8.451534444855478556e-01 1.530617340975276019e-01 3.807706633879603945e-20 4.509691548855304753e-18 1.784821416924727401e-03 0.000000000000000000e+00
8.451534444855478556e-01 1.530617340975276019e-01 3.807706633879603945e-20 4.509691548855304753e-18 1.784821416924727401e-03 0.000000000000000000e+00
8.451534444855478556e-01 1.530617340975276019e-01 3.807706633879603945e-20 4.509691548855304753e-18 1.784821416924727401e-03 0.000000000000000000e+00
8.451534444855478556e-01 1.530617340975276019e-01 3.807706633879603945e-20 4.509691548855304753e-18 1.784821416924727401e-03 0.000000000000000000e+00
8.451534444855478556e-01 1.530617340975276019e-01 3.807706633879603945e-20 4.509691548855304753e-18 1.784821416924727401e-03 0.000000000000000000e+00
8.451534444855478556e-01 1.530617340975276019e-01 3.807706633879603945e-20 4.509691548855304753e-18 1.784821416924727401e-03 0.000000000000000000e+00
8.451534444855478556e-01 1.530617340975276019e-01 3.807706633879603945e-20 4.509691548855304753e-18 1.784821416924727401e-03 0.000000000000000000e+00
8.451534444855478556e-01 1.530617340975276019e-01 3.807706633879603945e-20 4.509691548855304753e-18 1.784821416924727401e-03 0.000000000000000000e+00
8.451534444855478556e-01 1.530617340975276019e-01 3.807706633879603945e-20 4.509691548855304753e-18 1.784821416924727401e-03 0.000000000000000000e+00
8.451534444855478556e-01 1.530617340975276019e-01 3.807706633879603945e-20 4.509691548855304753e-18 1.784821416924727401e-03 0.000000000000000000e+00
8.451534444855478556e-01 1.530617340975276019e-01 3.807706633879603945e-20 4.509691548855304753e-18 1.784821416924727401e-03 0.000000000000000000e+00
8.451534444855478556e-01 1.530617340975276019e-01 3.807706633879603945e-20 4.509691548855304753e-18 1.784821416924727401e-03 0.000000000000000000e+00
8.451534444855478556e-01 1.530617340975276019e-01 3.807706633879603945e-20 4.509691548855304753e-18 1.784821416924727401e-03 0.000000000000000000e+00
8.451534444855478556e-01 1.530617340975276019e-01 3.807706633879603945e-20 4.509691548855304753e-18 1.784821416924727401e-03 0.000000000000000000e+00
8.451534444855478556e-01 1.530617340975276019e-01 3.807706633879603945e-20 4.509691548855304753e-18 1.784821416924727401e-03 0.000000000000000000e+00
8.451534444855478556e-01 1.530617340975276019e-01 3.807706633879603945e-20 4.509691548855304753e-18 1.784821416924727401e-03 0.000000000000000000e+00
8.451534444855478556e-01 1.530617340975276019e-01 3.807706633879603945e-20 4.509691548855304753e-18 1.784821416924727401e-03 0.000000000000000000e+00
8.451534444855478556e-01 1.530617340975276019e-01 3.807706633879603945e-20 4.509691548855304753e-18 1.784821416924727401e-03 0.000000000000000000e+00
8.451534444855478556e-01 1.530617340975276019e-01 3.807706633879603945e-20 4.509691548855304753e-18 1.784821416924727401e-03 0.000000000000000000e+00
8.451534444855478556e-01 1.530617340975276019e-01 3.807706633879603945e-20 4.509691548855304753e-18 1.784821416924727401e-03 0.000000000000000000e+00
8.451534444855478556e-01 1.530617340975276019e-01 3.807706633879603945e-20 4.509691548855304753e-18 1.784821416924727401e-03 0.000000000000000000e+00
8.451534444855478556e-01 1.530617340975276019e-01 3.807706633879603945e-20 4.509691548855304753e-18 1.784821416924727401e-03 0.000000000000000000e+00
8.451534444855478556e-01 1.530617340975276019e-01 3.807706633879603945e-20 4.509691548855304753e-18 1.784821416924727401e-03 0.000000000000000000e+00
8.451534444855478556e-01 1.530617340975276019e-01 3.807706633879603945e-20 4.509691548855304753e-18 1.784821416924727401e-03 0.000000000000000000e+00
8.451534444855478556e-01 1.530617340975276019e-01 3.807706633879603945e-20 4.509691548855304753e-18 1.784821416924727401e-03 0.000000000000000000e+00
8.451534444855478556e-01 1.530617340975276019e-01 3.807706633879603945e-20 4.509691548855304753e-18 1.784821416924727401e-03 0.000000000000000000e+00
8.451534444855478556e-01 1.530617340975276019e-01 3.807706633879603945e-20 4.509691548855304753e-18 1.784821416924727401e-03 0.000000000000000000e+00
8.451534444855478556e-01 1.530617340975276019e-01 3.807706633879603945e-20 4.509691548855304753e-18 1.784821416924727401e-03 0.000000000000000000e+00
8.451534444855478556e-01 1.530617340975276019e-01 3.807706633879603945e-20 4.509691548855304753e-18 1.784821416924727401e-03 0.000000000000000000e+00
8.451534444855478556e-01 1.530617340975276019e-01 3.807706633879603945e-20 4.509691548855304753e-18 1.784821416924727401e-03 0.000000000000000000e+00
8.451534444855478556e-01 1.530617340975276019e-01 3.807706633879603945e-20 4.509691548855304753e-18 1.784821416924727401e-03 0.000000000000000000e+00
8.451534444855478556e-01 1.530617340975276019e-01 3.807706633879603945e-20 4.509691548855304753e-18 1.784821416924727401e-03 0.000000000000000000e+00
8.451534444855478556e-01 1.530617340975276019e-01 3.807706633879603945e-20 4.509691548855304753e-18 1.784821416924727401e-03 0.000000000000000000e+00
8.451534444855478556e-01 1.530617340975276019e-01 3.807706633879603945e-20 4.509691548855304753e-18 1.784821416924727401e-03 0.000000000000000000e+00
8.451534444855478556e-01 1.530617340975276019e-01 3.807706633879603945e-20 4.509691548855304753e-18 1.784821416924727401e-03 0.000000000000000000e+00
8.451534444855478556e-01 1.530617340975276019e-01 3.807706633879603945e-20 4.509691548855304753e-18 1.784821416924727401e-03 0.000000000000000000e+00
8.451534444855478556e-01 1.530617340975276019e-01 3.807706633879603945e-20 4.509691548855304753e-18 1.784821416924727401e-03 0.000000000000000000e+00
8.451534444855478556e-01 1.530617340975276019e-01 3.807706633879603945e-20 4.509691548855304753e-18 1.784821416924727401e-03 0.000000000000000000e+00
8.451534444855478556e-01 1.530617340975276019e-01 3.807706633879603945e-20 4.509691548855304753e-18 1.784821416924727401e-03 0.000000000000000000e+00
8.451534444855478556e-01 1.530617340975276019e-01 3.807706633879603945e-20 4.509691548855304753e-18 1.784821416924727401e-03 0.000000000000000000e+00
8.451534444855478556e-01 1.530617340975276019e-01 3.807706633879603945e-20 4.509691548855304753e-18 1.784821416924727401e-03 0.000000000000000000e+00
8.451534444855478556e-01 1.530617340975276019e-01 3.807706633879603945e-20 4.509691548855304753e-18 1.784821416924727401e-03 0.000000000000000000e+00
8.451534444855478556e-01 1.530617340975276019e-01 3.807706633879603945e-20 4.509691548855304753e-18 1.784821416924727401e-03 0.000000000000000000e+00
8.451534444855478556e-01 1.530617340975276019e-01 3.807706633879603945e-20 4.509691548855304753e-18 1.784821416924727401e-03 0.000000000000000000e+00
8.451534444855478556e-01 1.530617340975276019e-01 3.807706633879603945e-20 4.509691548855304753e-18 1.784821416924727401e-03 0.000000000000000000e+00
8.451534444855478556e-01 1.530617340975276019e-01 3.807706633879603945e-20 4.509691548855304753e-18 1.784821416924727401e-03 0.000000000000000000e+00
8.451534444855478556e-01 1.530617340975276019e-01 3.807706633879603945e-20 4.509691548855304753e-18 1.784821416924727401e-03 0.000000000000000000e+00
8.451534444855478556e-01 1.530617340975276019e-01 3.807706633879603945e-20 4.509691548855304753e-18 1.784821416924727401e-03 0.000000000000000000e+00
8.451534444855478556e-01 1.530617340975276019e-01 3.807706633879603945e-20 4.509691548855304753e-18 1.784821416924727401e-03 0.000000000000000000e+00
8.451534444855478556e-01 1.530617340975276019e-01 3.807706633879603945e-20 4.509691548855304753e-18 1.784821416924727401e-03 0.000000000000000000e+00
8.451534444855478556e-01 1.530617340975276019e-01 3.807706633879603945e-20 4.509691548855304753e-18 1.784821416924727401e-03 0.000000000000000000e+00
8.451534444855478556e-01 1.530617340975276019e-01 3.807706633879603945e-20 4.509691548855304753e-18 1.784821416924727401e-03 0.000000000000000000e+00
8.451534444855478556e-01 1.530617340975276019e-01 3.807706633879603945e-20 4.509691548855304753e-18 1.784821416924727401e-03 0.000000000000000000e+00
8.451534444855478556e-01 1.530617340975276019e-01 3.807706633879603945e-20 4.509691548855304753e-18 1.784821416924727401e-03 0.000000000000000000e+00
8.451534444855478556e-01 1.530617340975276019e-01 3.807706633879603945e-20 4.509691548855304753e-18 1.784821416924727401e-03 0.000000000000000000e+00
8.451534444855478556e-01 1.530617340975276019e-01 3.807706633879603945e-20 4.509691548855304753e-18 1.784821416924727401e-03 0.000000000000000000e+00
8.451534444855478556e-01 1.530617340975276019e-01 3.807706633879603945e-20 4.509691548855304753e-18 1.784821416924727401e-03 0.000000000000000000e+00
8.451534444855478556e-01 1.530617340975276019e-01 3.807706633879603945e-20 4.509691548855304753e-18 1.784821416924727401e-03 0.000000000000000000e+00
8.451534444855478556e-01 1.530617340975276019e-01 3.807706633879603945e-20 4.509691548855304753e-18 1.784821416924727401e-03 0.000000000000000000e+00
8.451534444855478556e-01 1.530617340975276019e-01 3.807706633879603945e-20 4.509691548855304753e-18 1.784821416924727401e-03 0.000000000000000000e+00
8.451534444855478556e-01 1.530617340975276019e-01 3.807706633879603945e-20 4.509691548855304753e-18 1.784821416924727401e-03 0.000000000000000000e+00
8.451534444855478556e-01 1.530617340975276019e-01 3.807706633879603945e-20 4.509691548855304753e-18 1.784821416924727401e-03 0.000000000000000000e+00
8.451534444855478556e-01 1.530617340975276019e-01 3.807706633879603945e-20 4.509691548855304753e-18 1.784821416924727401e-03 0.000000000000000000e+00
8.451534444855478556e-01 1.530617340975276019e-01 3.807706633879603945e-20 4.509691548855304753e-18 1.784821416924727401e-03 0.000000000000000000e+00
8.451534444855478556e-01 1.530617340975276019e-01 3.807706633879603945e-20 4.509691548855304753e-18 1.784821416924727401e-03 0.000000000000000000e+00
8.451534444855478556e-01 1.530617340975276019e-01 3.807706633879603945e-20 4.509691548855304753e-18 1.784821416924727401e-03 0.000000000000000000e+00
8.451534444855478556e-01 1.530617340975276019e-01 3.807706633879603945e-20 4.509691548855304753e-18 1.784821416924727401e-03 0.000000000000000000e+00
8.451534444855478556e-01 1.530617340975276019e-01 3.807706633879603945e-20 4.509691548855304753e-18 1.784821416924727401e-03 0.000000000000000000e+00
8.451534444855478556e-01 1.530617340975276019e-01 3.807706633879603945e-20 4.509691548855304753e-18 1.784821416924727401e-03 0.000000000000000000e+00
8.451534444855478556e-01 1.530617340975276019e-01 3.807706633879603945e-20 4.509691548855304753e-18 1.784821416924727401e-03 0.000000000000000000e+00
8.451534444855478556e-01 1.530617340975276019e-01 3.807706633879603945e-20 4.509691548855304753e-18 1.784821416924727401e-03 0.000000000000000000e+00
8.451534444855478556e-01 1.530617340975276019e-01 3.807706633879603945e-20 4.509691548855304753e-18 1.784821416924727401e-03 0.000000000000000000e+00
8.451534444855478556e-01 1.530617340975276019e-01 3.807706633879603945e-20 4.509691548855304753e-18 1.784821416924727401e-03 0.000000000000000000e+00
8.451534444855478556e-01 1.530617340975276019e-01 3.807706633879603945e-20 4.509691548855304753e-18 1.784821416924727401e-03 0.000000000000000000e+00
8.451534444855478556e-01 1.530617340975276019e-01 3.807706633879603945e-20 4.509691548855304753e-18 1.784821416924727401e-03 0.000000000000000000e+00
8.451534444855478556e-01 1.530617340975276019e-01 3.807706633879603945e-20 4.509691548855304753e-18 1.784821416924727401e-03 0.000000000000000000e+00
8.451534444855478556e-01 1.530617340975276019e-01 3.807706633879603945e-20 4.509691548855304753e-18 1.784821416924727401e-03 0.000000000000000000e+00
8.451534444855478556e-01 1.530617340975276019e-01 3.807706633879603945e-20 4.509691548855304753e-18 1.784821416924727401e-03 0.000000000000000000e+00
8.451534444855478556e-01 1.530617340975276019e-01 3.807706633879603945e-20 4.509691548855304753e-18 1.784821416924727401e-03 0.000000000000000000e+00
8.451534444855478556e-01 1.530617340975276019e-01 3.807706633879603945e-20 4.509691548855304753e-18 1.784821416924727401e-03 0.000000000000000000e+00
8.451534444855478556e-01 1.530617340975276019e-01 3.807706633879603945e-20 4.509691548855304753e-18 1.784821416924727401e-03 0.000000000000000000e+00
8.451534444855478556e-01 1.530617340975276019e-01 3.807706633879603945e-20 4.509691548855304753e-18 1.784821416924727401e-03 0.000000000000000000e+00
8.451534444855478556e-01 1.530617340975276019e-01 3.807706633879603945e-20 4.509691548855304753e-18 1.784821416924727401e-03 0.000000000000000000e+00
8.451534444855478556e-01 1.530617340975276019e-01 3.807706633879603945e-20 4.509691548855304753e-18 1.784821416924727401e-03 0.000000000000000000e+00
8.451534444855478556e-01 1.530617340975276019e-01 3.807706633879603945e-20 4.509691548855304753e-18 1.784821416924727401e-03 0.000000000000000000e+00
8.451534444855478556e-01 1.530617340975276019e-01 3.807706633879603945e-20 4.509691548855304753e-18 1.784821416924727401e-03 0.000000000000000000e+00
