9.993448977891552509e-01 2.592588384219540528e-05 5.661932271396556077e-17 2.029247186817681848e-20 6.291763270024848314e-04 0.000000000000000000e+00
9.993448977923220511e-01 2.592588378907782347e-05 3.803724961660674063e-17 1.479996503445126472e-20 6.291763238888887534e-04 0.000000000000000000e+00
9.993448977923220511e-01 2.592588378907782347e-05 2.437905245626621628e-17 1.039754949206616008e-20 6.291763238889021975e-04 0.000000000000000000e+00
9.993448977923220511e-01 2.592588378907782347e-05 1.551222001331112416e-17 7.262042921190071115e-21 6.291763238889118469e-04 0.000000000000000000e+00
9.993448977923219401e-01 2.592588378907776926e-05 9.798295556782595812e-18 5.042195948107903314e-21 6.291763238889170511e-04 0.000000000000000000e+00
9.993448977923220511e-01 2.592588378907782347e-05 6.143281935894854626e-18 3.479976192215753362e-21 6.291763238889208458e-04 0.000000000000000000e+00
9.993448977923219401e-01 2.592588378907782347e-05 3.822767221012706295e-18 2.387213396483084012e-21 6.291763238889234479e-04 0.000000000000000000e+00
9.993448977923220511e-01 2.592588378907782347e-05 2.360681175537462016e-18 1.627525240649695393e-21 6.291763238889247489e-04 0.000000000000000000e+00
9.993448977923219401e-01 2.592588378907782347e-05 1.446554790302502679e-18 1.102681256376125097e-21 6.291763238889253994e-04 0.000000000000000000e+00
9.993448977923220511e-01 2.592588378907782347e-05 8.795251942905995584e-19 7.424039455274290503e-22 6.291763238889260500e-04 0.000000000000000000e+00
9.993448977923219401e-01 2.592588378907782347e-05 5.305725382657903778e-19 4.966747253171448021e-22 6.291763238889267005e-04 0.000000000000000000e+00
9.993448977923220511e-01 2.592588378907782347e-05 3.175289309735287587e-19 3.301505100209212034e-22 6.291763238889267005e-04 0.000000000000000000e+00
9.993448977923220511e-01 2.592588378907782347e-05 1.884957789803825002e-19 2.180266001971172547e-22 6.291763238889267005e-04 0.000000000000000000e+00
9.993448977923220511e-01 2.592588378907782347e-05 1.109815711469705927e-19 1.430292479757035665e-22 6.291763238889267005e-04 0.000000000000000000e+00
9.993448977923219401e-01 2.592588378907782347e-05 6.480601249100272533e-20 9.320627158940180714e-23 6.291763238889267005e-04 0.000000000000000000e+00
9.993448977923219401e-01 2.592588378907782347e-05 3.752387674055693774e-20 6.032531774955555165e-23 6.291763238889273510e-04 0.000000000000000000e+00
9.993448977923220511e-01 2.592588378907782347e-05 2.154306432499844157e-20 3.877674987410531744e-23 6.291763238889273510e-04 0.000000000000000000e+00
9.993448977923221621e-01 2.592588378907782347e-05 1.226160446131549617e-20 2.475174634808253552e-23 6.291763238889273510e-04 0.000000000000000000e+00
9.993448977923220511e-01 2.592588378907782347e-05 6.918350002463584337e-21 1.568854858347880176e-23 6.291763238889267005e-04 0.000000000000000000e+00
9.993448977923219401e-01 2.592588378907782347e-05 3.868779425645882985e-21 9.872377761734106708e-24 6.291763238889273510e-04 0.000000000000000000e+00
9.993448977923219401e-01 2.592588378907782347e-05 2.144193845574126819e-21 6.167718308836386272e-24 6.291763238889267005e-04 0.000000000000000000e+00
9.993448977923220511e-01 2.592588378907782347e-05 1.177632649724960044e-21 3.825075033612225959e-24 6.291763238889267005e-04 0.000000000000000000e+00
9.993448977923220511e-01 2.592588378907782347e-05 6.407801891725774505e-22 2.354426492894050182e-24 6.291763238889273510e-04 0.000000000000000000e+00
9.993448977923220511e-01 2.592588378907782347e-05 3.454283604736994231e-22 1.438324190479693576e-24 6.291763238889273510e-04 0.000000000000000000e+00
9.993448977923220511e-01 2.592588378907782347e-05 1.844584412300604215e-22 8.719824278241978612e-25 6.291763238889267005e-04 0.000000000000000000e+00
9.993448977923220511e-01 2.592588378907782347e-05 9.756010645987411955e-23 5.245543296098986780e-25 6.291763238889267005e-04 0.000000000000000000e+00
9.993448977923220511e-01 2.592588378907782347e-05 5.110004959545211591e-23 3.130819064834359195e-25 6.291763238889273510e-04 0.000000000000000000e+00
9.993448977923219401e-01 2.592588378907782347e-05 2.650260898874528221e-23 1.853803960449541928e-25 6.291763238889273510e-04 0.000000000000000000e+00
9.993448977923220511e-01 2.592588378907782347e-05 1.360874718580887403e-23 1.088835834522709791e-25 6.291763238889273510e-04 0.000000000000000000e+00
9.993448977923220511e-01 2.592588378907782347e-05 6.917595038207594497e-24 6.343212233178119539e-26 6.291763238889273510e-04 0.000000000000000000e+00
9.993448977923219401e-01 2.592588378907782347e-05 3.480529068225130737e-24 3.664882892655685843e-26 6.291763238889273510e-04 0.000000000000000000e+00
9.993448977923220511e-01 2.592588378907782347e-05 1.733058424829939504e-24 2.099682233737266667e-26 6.291763238889273510e-04 0.000000000000000000e+00
9.993448977923221621e-01 2.592588378907782347e-05 8.537538441209077643e-25 1.192579061201145192e-26 6.291763238889273510e-04 0.000000000000000000e+00
9.993448977923220511e-01 2.592588378907782347e-05 4.161151090321851548e-25 6.715349174030231181e-27 6.291763238889273510e-04 0.000000000000000000e+00
9.993448977923220511e-01 2.592588378907782347e-05 2.006365613820350606e-25 3.748527651648333966e-27 6.291763238889273510e-04 0.000000000000000000e+00
9.993448977923219401e-01 2.592588378907782347e-05 9.566743598874151042e-26 2.073648825838573125e-27 6.291763238889273510e-04 0.000000000000000000e+00
9.993448977923220511e-01 2.592588378907782347e-05 4.511256450910296712e-26 1.136866568457571787e-27 6.291763238889273510e-04 0.000000000000000000e+00
9.993448977923220511e-01 2.592588378907782347e-05 2.103380558931825019e-26 6.176018527807354110e-28 6.291763238889267005e-04 0.000000000000000000e+00
9.993448977923220511e-01 2.592588378907782347e-05 9.694913753608861192e-27 3.324042231245188198e-28 6.291763238889273510e-04 0.000000000000000000e+00
9.993448977923219401e-01 2.592588378907782347e-05 4.416978820128315284e-27 1.772320118479094419e-28 6.291763238889273510e-04 0.000000000000000000e+00
9.993448977923219401e-01 2.592588378907782347e-05 1.988626303766940733e-27 9.359369791936480507e-29 6.291763238889273510e-04 0.000000000000000000e+00
9.993448977923220511e-01 2.592588378907782347e-05 8.844436411864099061e-28 4.893865823545534846e-29 6.291763238889273510e-04 0.000000000000000000e+00
9.993448977923220511e-01 2.592588378907782347e-05 3.886093805300425400e-28 2.533892863149562196e-29 6.291763238889267005e-04 0.000000000000000000e+00
9.993448977923220511e-01 2.592588378907782347e-05 1.686336275975304561e-28 1.298802015749342185e-29 6.291763238889267005e-04 0.000000000000000000e+00
9.993448977923220511e-01 2.592588378907782347e-05 7.225172829207570685e-29 6.589055061106957091e-30 6.291763238889267005e-04 0.000000000000000000e+00
9.993448977923220511e-01 2.592588378907782347e-05 3.056541323478601674e-29 3.308510110456120181e-30 6.291763238889273510e-04 0.000000000000000000e+00
9.993448977923219401e-01 2.592588378907782347e-05 1.276451393413751287e-29 1.643997252770579639e-30 6.291763238889273510e-04 0.000000000000000000e+00
9.993448977923220511e-01 2.592588378907782347e-05 5.261193907239086413e-30 8.082750429162259923e-31 6.291763238889267005e-04 0.000000000000000000e+00
9.993448977923219401e-01 2.592588378907782347e-05 2.139856449429727433e-30 3.931308077508680755e-31 6.291763238889273510e-04 0.000000000000000000e+00
9.993448977923219401e-01 2.592588378907782347e-05 8.586494753140723023e-31 1.891307647805662814e-31 6.291763238889273510e-04 0.000000000000000000e+00
9.993448977923220511e-01 2.592588378907782347e-05 4.657409753755775780e-31 1.158370892471708406e-31 6.291763238889273510e-04 0.000000000000000000e+00
9.993448977923220511e-01 2.592588378907782347e-05 4.657409753755775780e-31 1.158370892471708406e-31 6.291763238889273510e-04 0.000000000000000000e+00
9.993448977923220511e-01 2.592588378907782347e-05 4.657409753755775780e-31 1.158370892471708406e-31 6.291763238889273510e-04 0.000000000000000000e+00
9.993448977923220511e-01 2.592588378907782347e-05 4.657409753755775780e-31 1.158370892471708406e-31 6.291763238889273510e-04 0.000000000000000000e+00
9.993448977923220511e-01 2.592588378907782347e-05 4.657409753755775780e-31 1.158370892471708406e-31 6.291763238889273510e-04 0.000000000000000000e+00
9.993448977923220511e-01 2.592588378907782347e-05 4.657409753755775780e-31 1.158370892471708406e-31 6.291763238889273510e-04 0.000000000000000000e+00
9.993448977923220511e-01 2.592588378907782347e-05 4.657409753755775780e-31 1.158370892471708406e-31 6.291763238889273510e-04 0.000000000000000000e+00
9.993448977923220511e-01 2.592588378907782347e-05 4.657409753755775780e-31 1.158370892471708406e-31 6.291763238889273510e-04 0.000000000000000000e+00
9.993448977923220511e-01 2.592588378907782347e-05 4.657409753755775780e-31 1.158370892471708406e-31 6.291763238889273510e-04 0.000000000000000000e+00
9.993448977923220511e-01 2.592588378907782347e-05 4.657409753755775780e-31 1.158370892471708406e-31 6.291763238889273510e-04 0.000000000000000000e+00
9.993448977923220511e-01 2.592588378907782347e-05 4.657409753755775780e-31 1.158370892471708406e-31 6.291763238889273510e-04 0.000000000000000000e+00
9.993448977923220511e-01 2.592588378907782347e-05 4.657409753755775780e-31 1.158370892471708406e-31 6.291763238889273510e-04 0.000000000000000000e+00
9.993448977923220511e-01 2.592588378907782347e-05 4.657409753755775780e-31 1.158370892471708406e-31 6.291763238889273510e-04 0.000000000000000000e+00
9.993448977923220511e-01 2.592588378907782347e-05 4.657409753755775780e-31 1.158370892471708406e-31 6.291763238889273510e-04 0.000000000000000000e+00
9.993448977923220511e-01 2.592588378907782347e-05 4.657409753755775780e-31 1.158370892471708406e-31 6.291763238889273510e-04 0.000000000000000000e+00
9.993448977923220511e-01 2.592588378907782347e-05 4.657409753755775780e-31 1.158370892471708406e-31 6.291763238889273510e-04 0.000000000000000000e+00
9.993448977923220511e-01 2.592588378907782347e-05 4.657409753755775780e-31 1.158370892471708406e-31 6.291763238889273510e-04 0.000000000000000000e+00
9.993448977923220511e-01 2.592588378907782347e-05 4.657409753755775780e-31 1.158370892471708406e-31 6.291763238889273510e-04 0.000000000000000000e+00
9.993448977923220511e-01 2.592588378907782347e-05 4.657409753755775780e-31 1.158370892471708406e-31 6.291763238889273510e-04 0.000000000000000000e+00
9.993448977923220511e-01 2.592588378907782347e-05 4.657409753755775780e-31 1.158370892471708406e-31 6.291763238889273510e-04 0.000000000000000000e+00
9.993448977923220511e-01 2.592588378907782347e-05 4.657409753755775780e-31 1.158370892471708406e-31 6.291763238889273510e-04 0.000000000000000000e+00
9.993448977923220511e-01 2.592588378907782347e-05 4.657409753755775780e-31 1.158370892471708406e-31 6.291763238889273510e-04 0.000000000000000000e+00
9.993448977923220511e-01 2.592588378907782347e-05 4.657409753755775780e-31 1.158370892471708406e-31 6.291763238889273510e-04 0.000000000000000000e+00
9.993448977923220511e-01 2.592588378907782347e-05 4.657409753755775780e-31 1.158370892471708406e-31 6.291763238889273510e-04 0.000000000000000000e+00
9.993448977923220511e-01 2.592588378907782347e-05 4.657409753755775780e-31 1.158370892471708406e-31 6.291763238889273510e-04 0.000000000000000000e+00
9.993448977923220511e-01 2.592588378907782347e-05 4.657409753755775780e-31 1.158370892471708406e-31 6.291763238889273510e-04 0.000000000000000000e+00
9.993448977923220511e-01 2.592588378907782347e-05 4.657409753755775780e-31 1.158370892471708406e-31 6.291763238889273510e-04 0.000000000000000000e+00
9.993448977923220511e-01 2.592588378907782347e-05 4.657409753755775780e-31 1.158370892471708406e-31 6.291763238889273510e-04 0.000000000000000000e+00
9.993448977923220511e-01 2.592588378907782347e-05 4.657409753755775780e-31 1.158370892471708406e-31 6.291763238889273510e-04 0.000000000000000000e+00
9.993448977923220511e-01 2.592588378907782347e-05 4.657409753755775780e-31 1.158370892471708406e-31 6.291763238889273510e-04 0.000000000000000000e+00
9.993448977923220511e-01 2.592588378907782347e-05 4.657409753755775780e-31 1.158370892471708406e-31 6.291763238889273510e-04 0.000000000000000000e+00
9.993448977923220511e-01 2.592588378907782347e-05 4.657409753755775780e-31 1.158370892471708406e-31 6.291763238889273510e-04 0.000000000000000000e+00
9.993448977923220511e-01 2.592588378907782347e-05 4.657409753755775780e-31 1.158370892471708406e-31 6.291763238889273510e-04 0.000000000000000000e+00
9.993448977923220511e-01 2.592588378907782347e-05 4.657409753755775780e-31 1.158370892471708406e-31 6.291763238889273510e-04 0.000000000000000000e+00
9.993448977923220511e-01 2.592588378907782347e-05 4.657409753755775780e-31 1.158370892471708406e-31 6.291763238889273510e-04 0.000000000000000000e+00
9.993448977923220511e-01 2.592588378907782347e-05 4.657409753755775780e-31 1.158370892471708406e-31 6.291763238889273510e-04 0.000000000000000000e+00
9.993448977923220511e-01 2.592588378907782347e-05 4.657409753755775780e-31 1.158370892471708406e-31 6.291763238889273510e-04 0.000000000000000000e+00
9.993448977923220511e-01 2.592588378907782347e-05 4.657409753755775780e-31 1.158370892471708406e-31 6.291763238889273510e-04 0.000000000000000000e+00
9.993448977923220511e-01 2.592588378907782347e-05 4.657409753755775780e-31 1.158370892471708406e-31 6.291763238889273510e-04 0.000000000000000000e+00
9.993448977923220511e-01 2.592588378907782347e-05 4.657409753755775780e-31 1.158370892471708406e-31 6.291763238889273510e-04 0.000000000000000000e+00
9.993448977923220511e-01 2.592588378907782347e-05 4.657409753755775780e-31 1.158370892471708406e-31 6.291763238889273510e-04 0.000000000000000000e+00
9.993448977923220511e-01 2.592588378907782347e-05 4.657409753755775780e-31 1.158370892471708406e-31 6.291763238889273510e-04 0.000000000000000000e+00
9.993448977923220511e-01 2.592588378907782347e-05 4.657409753755775780e-31 1.158370892471708406e-31 6.291763238889273510e-04 0.000000000000000000e+00
9.993448977923220511e-01 2.592588378907782347e-05 4.657409753755775780e-31 1.158370892471708406e-31 6.291763238889273510e-04 0.000000000000000000e+00
9.993448977923220511e-01 2.592588378907782347e-05 4.657409753755775780e-31 1.158370892471708406e-31 6.291763238889273510e-04 0.000000000000000000e+00
9.993448977923220511e-01 2.592588378907782347e-05 4.657409753755775780e-31 1.158370892471708406e-31 6.291763238889273510e-04 0.000000000000000000e+00
9.993448977923220511e-01 2.592588378907782347e-05 4.657409753755775780e-31 1.158370892471708406e-31 6.291763238889273510e-04 0.000000000000000000e+00
9.993448977923220511e-01 2.592588378907782347e-05 4.657409753755775780e-31 1.158370892471708406e-31 6.291763238889273510e-04 0.000000000000000000e+00
9.993448977923220511e-01 2.592588378907782347e-05 4.657409753755775780e-31 1.158370892471708406e-31 6.291763238889273510e-04 0.000000000000000000e+00
9.993448977923220511e-01 2.592588378907782347e-05 4.657409753755775780e-31 1.158370892471708406e-31 6.291763238889273510e-04 0.000000000000000000e+00
9.993448977923220511e-01 2.592588378907782347e-05 4.657409753755775780e-31 1.158370892471708406e-31 6.291763238889273510e-04 0.000000000000000000e+00
9.993448977923220511e-01 2.592588378907782347e-05 4.657409753755775780e-31 1.158370892471708406e-31 6.291763238889273510e-04 0.000000000000000000e+00
9.993448977923220511e-01 2.592588378907782347e-05 4.657409753755775780e-31 1.158370892471708406e-31 6.291763238889273510e-04 0.000000000000000000e+00
9.993448977923220511e-01 2.592588378907782347e-05 4.657409753755775780e-31 1.158370892471708406e-31 6.291763238889273510e-04 0.000000000000000000e+00
9.993448977923220511e-01 2.592588378907782347e-05 4.657409753755775780e-31 1.158370892471708406e-31 6.291763238889273510e-04 0.000000000000000000e+00
9.993448977923220511e-01 2.592588378907782347e-05 4.657409753755775780e-31 1.158370892471708406e-31 6.291763238889273510e-04 0.000000000000000000e+00
9.993448977923220511e-01 2.592588378907782347e-05 4.657409753755775780e-31 1.158370892471708406e-31 6.291763238889273510e-04 0.000000000000000000e+00
9.993448977923220511e-01 2.592588378907782347e-05 4.657409753755775780e-31 1.158370892471708406e-31 6.291763238889273510e-04 0.000000000000000000e+00
9.993448977923220511e-01 2.592588378907782347e-05 4.657409753755775780e-31 1.158370892471708406e-31 6.291763238889273510e-04 0.000000000000000000e+00
9.993448977923220511e-01 2.592588378907782347e-05 4.657409753755775780e-31 1.158370892471708406e-31 6.291763238889273510e-04 0.000000000000000000e+00
9.993448977923220511e-01 2.592588378907782347e-05 4.657409753755775780e-31 1.158370892471708406e-31 6.291763238889273510e-04 0.000000000000000000e+00
9.993448977923220511e-01 2.592588378907782347e-05 4.657409753755775780e-31 1.158370892471708406e-31 6.291763238889273510e-04 0.000000000000000000e+00
9.993448977923220511e-01 2.592588378907782347e-05 4.657409753755775780e-31 1.158370892471708406e-31 6.291763238889273510e-04 0.000000000000000000e+00
9.993448977923220511e-01 2.592588378907782347e-05 4.657409753755775780e-31 1.158370892471708406e-31 6.291763238889273510e-04 0.000000000000000000e+00
9.993448977923220511e-01 2.592588378907782347e-05 4.657409753755775780e-31 1.158370892471708406e-31 6.291763238889273510e-04 0.000000000000000000e+00
9.993448977923220511e-01 2.592588378907782347e-05 4.657409753755775780e-31 1.158370892471708406e-31 6.291763238889273510e-04 0.000000000000000000e+00
9.993448977923220511e-01 2.592588378907782347e-05 4.657409753755775780e-31 1.158370892471708406e-31 6.291763238889273510e-04 0.000000000000000000e+00
9.993448977923220511e-01 2.592588378907782347e-05 4.657409753755775780e-31 1.158370892471708406e-31 6.291763238889273510e-04 0.000000000000000000e+00
9.993448977923220511e-01 2.592588378907782347e-05 4.657409753755775780e-31 1.158370892471708406e-31 6.291763238889273510e-04 0.000000000000000000e+00
9.993448977923220511e-01 2.592588378907782347e-05 4.657409753755775780e-31 1.158370892471708406e-31 6.291763238889273510e-04 0.000000000000000000e+00
9.993448977923220511e-01 2.592588378907782347e-05 4.657409753755775780e-31 1.158370892471708406e-31 6.291763238889273510e-04 0.000000000000000000e+00
9.993448977923220511e-01 2.592588378907782347e-05 4.657409753755775780e-31 1.158370892471708406e-31 6.291763238889273510e-04 0.000000000000000000e+00
9.993448977923220511e-01 2.592588378907782347e-05 4.657409753755775780e-31 1.158370892471708406e-31 6.291763238889273510e-04 0.000000000000000000e+00
9.993448977923220511e-01 2.592588378907782347e-05 4.657409753755775780e-31 1.158370892471708406e-31 6.291763238889273510e-04 0.000000000000000000e+00
9.993448977923220511e-01 2.592588378907782347e-05 4.657409753755775780e-31 1.158370892471708406e-31 6.291763238889273510e-04 0.000000000000000000e+00
9.993448977923220511e-01 2.592588378907782347e-05 4.657409753755775780e-31 1.158370892471708406e-31 6.291763238889273510e-04 0.000000000000000000e+00
9.993448977923220511e-01 2.592588378907782347e-05 4.657409753755775780e-31 1.158370892471708406e-31 6.291763238889273510e-04 0.000000000000000000e+00
9.993448977923220511e-01 2.592588378907782347e-05 4.657409753755775780e-31 1.158370892471708406e-31 6.291763238889273510e-04 0.000000000000000000e+00
9.993448977923220511e-01 2.592588378907782347e-05 4.657409753755775780e-31 1.158370892471708406e-31 6.291763238889273510e-04 0.000000000000000000e+00
9.993448977923220511e-01 2.592588378907782347e-05 4.657409753755775780e-31 1.158370892471708406e-31 6.291763238889273510e-04 0.000000000000000000e+00
9.993448977923220511e-01 2.592588378907782347e-05 4.657409753755775780e-31 1.158370892471708406e-31 6.291763238889273510e-04 0.000000000000000000e+00
9.993448977923220511e-01 2.592588378907782347e-05 4.657409753755775780e-31 1.158370892471708406e-31 6.291763238889273510e-04 0.000000000000000000e+00
9.993448977923220511e-01 2.592588378907782347e-05 4.657409753755775780e-31 1.158370892471708406e-31 6.291763238889273510e-04 0.000000000000000000e+00
9.993448977923220511e-01 2.592588378907782347e-05 4.657409753755775780e-31 1.158370892471708406e-31 6.291763238889273510e-04 0.000000000000000000e+00
9.993448977923220511e-01 2.592588378907782347e-05 4.657409753755775780e-31 1.158370892471708406e-31 6.291763238889273510e-04 0.000000000000000000e+00
9.993448977923220511e-01 2.592588378907782347e-05 4.657409753755775780e-31 1.158370892471708406e-31 6.291763238889273510e-04 0.000000000000000000e+00
9.993448977923220511e-01 2.592588378907782347e-05 4.657409753755775780e-31 1.158370892471708406e-31 6.291763238889273510e-04 0.000000000000000000e+00
9.993448977923220511e-01 2.592588378907782347e-05 4.657409753755775780e-31 1.158370892471708406e-31 6.291763238889273510e-04 0.000000000000000000e+00
9.993448977923220511e-01 2.592588378907782347e-05 4.657409753755775780e-31 1.158370892471708406e-31 6.291763238889273510e-04 0.000000000000000000e+00
9.993448977923220511e-01 2.592588378907782347e-05 4.657409753755775780e-31 1.158370892471708406e-31 6.291763238889273510e-04 0.000000000000000000e+00
9.993448977923220511e-01 2.592588378907782347e-05 4.657409753755775780e-31 1.158370892471708406e-31 6.291763238889273510e-04 0.000000000000000000e+00
9.993448977923220511e-01 2.592588378907782347e-05 4.657409753755775780e-31 1.158370892471708406e-31 6.291763238889273510e-04 0.000000000000000000e+00
9.993448977923220511e-01 2.592588378907782347e-05 4.657409753755775780e-31 1.158370892471708406e-31 6.291763238889273510e-04 0.000000000000000000e+00
9.993448977923220511e-01 2.592588378907782347e-05 4.657409753755775780e-31 1.158370892471708406e-31 6.291763238889273510e-04 0.000000000000000000e+00
9.993448977923220511e-01 2.592588378907782347e-05 4.657409753755775780e-31 1.158370892471708406e-31 6.291763238889273510e-04 0.000000000000000000e+00
9.993448977923220511e-01 2.592588378907782347e-05 4.657409753755775780e-31 1.158370892471708406e-31 6.291763238889273510e-04 0.000000000000000000e+00
9.993448977923220511e-01 2.592588378907782347e-05 4.657409753755775780e-31 1.158370892471708406e-31 6.291763238889273510e-04 0.000000000000000000e+00
9.993448977923220511e-01 2.592588378907782347e-05 4.657409753755775780e-31 1.158370892471708406e-31 6.291763238889273510e-04 0.000000000000000000e+00
9.993448977923220511e-01 2.592588378907782347e-05 4.657409753755775780e-31 1.158370892471708406e-31 6.291763238889273510e-04 0.000000000000000000e+00
9.993448977923220511e-01 2.592588378907782347e-05 4.657409753755775780e-31 1.158370892471708406e-31 6.291763238889273510e-04 0.000000000000000000e+00
9.993448977923220511e-01 2.592588378907782347e-05 4.657409753755775780e-31 1.158370892471708406e-31 6.291763238889273510e-04 0.000000000000000000e+00
9.993448977923220511e-01 2.592588378907782347e-05 4.657409753755775780e-31 1.158370892471708406e-31 6.291763238889273510e-04 0.000000000000000000e+00
9.993448977923220511e-01 2.592588378907782347e-05 4.657409753755775780e-31 1.158370892471708406e-31 6.291763238889273510e-04 0.000000000000000000e+00
9.993448977923220511e-01 2.592588378907782347e-05 4.657409753755775780e-31 1.158370892471708406e-31 6.291763238889273510e-04 0.000000000000000000e+00
9.993448977923220511e-01 2.592588378907782347e-05 4.657409753755775780e-31 1.158370892471708406e-31 6.291763238889273510e-04 0.000000000000000000e+00
9.993448977923220511e-01 2.592588378907782347e-05 4.657409753755775780e-31 1.158370892471708406e-31 6.291763238889273510e-04 0.000000000000000000e+00
9.993448977923220511e-01 2.592588378907782347e-05 4.657409753755775780e-31 1.158370892471708406e-31 6.291763238889273510e-04 0.000000000000000000e+00
9.993448977923220511e-01 2.592588378907782347e-05 4.657409753755775780e-31 1.158370892471708406e-31 6.291763238889273510e-04 0.000000000000000000e+00
9.993448977923220511e-01 2.592588378907782347e-05 4.657409753755775780e-31 1.158370892471708406e-31 6.291763238889273510e-04 0.000000000000000000e+00
9.993448977923220511e-01 2.592588378907782347e-05 4.657409753755775780e-31 1.158370892471708406e-31 6.291763238889273510e-04 0.000000000000000000e+00
9.993448977923220511e-01 2.592588378907782347e-05 4.657409753755775780e-31 1.158370892471708406e-31 6.291763238889273510e-04 0.000000000000000000e+00
9.993448977923220511e-01 2.592588378907782347e-05 4.657409753755775780e-31 1.158370892471708406e-31 6.291763238889273510e-04 0.000000000000000000e+00
9.993448977923220511e-01 2.592588378907782347e-05 4.657409753755775780e-31 1.158370892471708406e-31 6.291763238889273510e-04 0.000000000000000000e+00
9.993448977923220511e-01 2.592588378907782347e-05 4.657409753755775780e-31 1.158370892471708406e-31 6.291763238889273510e-04 0.000000000000000000e+00
9.993448977923220511e-01 2.592588378907782347e-05 4.657409753755775780e-31 1.158370892471708406e-31 6.291763238889273510e-04 0.000000000000000000e+00
9.993448977923220511e-01 2.592588378907782347e-05 4.657409753755775780e-31 1.158370892471708406e-31 6.291763238889273510e-04 0.000000000000000000e+00
9.993448977923220511e-01 2.592588378907782347e-05 4.657409753755775780e-31 1.158370892471708406e-31 6.291763238889273510e-04 0.000000000000000000e+00
9.993448977923220511e-01 2.592588378907782347e-05 4.657409753755775780e-31 1.158370892471708406e-31 6.291763238889273510e-04 0.000000000000000000e+00
9.993448977923220511e-01 2.592588378907782347e-05 4.657409753755775780e-31 1.158370892471708406e-31 6.291763238889273510e-04 0.000000000000000000e+00
9.993448977923220511e-01 2.592588378907782347e-05 4.657409753755775780e-31 1.158370892471708406e-31 6.291763238889273510e-04 0.000000000000000000e+00
9.993448977923220511e-01 2.592588378907782347e-05 4.657409753755775780e-31 1.158370892471708406e-31 6.291763238889273510e-04 0.000000000000000000e+00
9.993448977923220511e-01 2.592588378907782347e-05 4.657409753755775780e-31 1.158370892471708406e-31 6.291763238889273510e-04 0.000000000000000000e+00
9.993448977923220511e-01 2.592588378907782347e-05 4.657409753755775780e-31 1.158370892471708406e-31 6.291763238889273510e-04 0.000000000000000000e+00
9.993448977923220511e-01 2.592588378907782347e-05 4.657409753755775780e-31 1.158370892471708406e-31 6.291763238889273510e-04 0.000000000000000000e+00
9.993448977923220511e-01 2.592588378907782347e-05 4.657409753755775780e-31 1.158370892471708406e-31 6.291763238889273510e-04 0.000000000000000000e+00
9.993448977923220511e-01 2.592588378907782347e-05 4.657409753755775780e-31 1.158370892471708406e-31 6.291763238889273510e-04 0.000000000000000000e+00
9.993448977923220511e-01 2.592588378907782347e-05 4.657409753755775780e-31 1.158370892471708406e-31 6.291763238889273510e-04 0.000000000000000000e+00
9.993448977923220511e-01 2.592588378907782347e-05 4.657409753755775780e-31 1.158370892471708406e-31 6.291763238889273510e-04 0.000000000000000000e+00
9.993448977923220511e-01 2.592588378907782347e-05 4.657409753755775780e-31 1.158370892471708406e-31 6.291763238889273510e-04 0.000000000000000000e+00
9.993448977923220511e-01 2.592588378907782347e-05 4.657409753755775780e-31 1.158370892471708406e-31 6.291763238889273510e-04 0.000000000000000000e+00
9.993448977923220511e-01 2.592588378907782347e-05 4.657409753755775780e-31 1.158370892471708406e-31 6.291763238889273510e-04 0.000000000000000000e+00
9.993448977923220511e-01 2.592588378907782347e-05 4.657409753755775780e-31 1.158370892471708406e-31 6.291763238889273510e-04 0.000000000000000000e+00
9.993448977923220511e-01 2.592588378907782347e-05 4.657409753755775780e-31 1.158370892471708406e-31 6.291763238889273510e-04 0.000000000000000000e+00
9.993448977923220511e-01 2.592588378907782347e-05 4.657409753755775780e-31 1.158370892471708406e-31 6.291763238889273510e-04 0.000000000000000000e+00
9.993448977923220511e-01 2.592588378907782347e-05 4.657409753755775780e-31 1.158370892471708406e-31 6.291763238889273510e-04 0.000000000000000000e+00
9.993448977923220511e-01 2.592588378907782347e-05 4.657409753755775780e-31 1.158370892471708406e-31 6.291763238889273510e-04 0.000000000000000000e+00
9.993448977923220511e-01 2.592588378907782347e-05 4.657409753755775780e-31 1.158370892471708406e-31 6.291763238889273510e-04 0.000000000000000000e+00
9.993448977923220511e-01 2.592588378907782347e-05 4.657409753755775780e-31 1.158370892471708406e-31 6.291763238889273510e-04 0.000000000000000000e+00
9.993448977923220511e-01 2.592588378907782347e-05 4.657409753755775780e-31 1.158370892471708406e-31 6.291763238889273510e-04 0.000000000000000000e+00
9.993448977923220511e-01 2.592588378907782347e-05 4.657409753755775780e-31 1.158370892471708406e-31 6.291763238889273510e-04 0.000000000000000000e+00
9.993448977923220511e-01 2.592588378907782347e-05 4.657409753755775780e-31 1.158370892471708406e-31 6.291763238889273510e-04 0.000000000000000000e+00
9.993448977923220511e-01 2.592588378907782347e-05 4.657409753755775780e-31 1.158370892471708406e-31 6.291763238889273510e-04 0.000000000000000000e+00
9.993448977923220511e-01 2.592588378907782347e-05 4.657409753755775780e-31 1.158370892471708406e-31 6.291763238889273510e-04 0.000000000000000000e+00
9.993448977923220511e-01 2.592588378907782347e-05 4.657409753755775780e-31 1.158370892471708406e-31 6.291763238889273510e-04 0.000000000000000000e+00
9.993448977923220511e-01 2.592588378907782347e-05 4.657409753755775780e-31 1.158370892471708406e-31 6.291763238889273510e-04 0.000000000000000000e+00
9.993448977923220511e-01 2.592588378907782347e-05 4.657409753755775780e-31 1.158370892471708406e-31 6.291763238889273510e-04 0.000000000000000000e+00
9.993448977923220511e-01 2.592588378907782347e-05 4.657409753755775780e-31 1.158370892471708406e-31 6.291763238889273510e-04 0.000000000000000000e+00
9.993448977923220511e-01 2.592588378907782347e-05 4.657409753755775780e-31 1.158370892471708406e-31 6.291763238889273510e-04 0.000000000000000000e+00
9.993448977923220511e-01 2.592588378907782347e-05 4.657409753755775780e-31 1.158370892471708406e-31 6.291763238889273510e-04 0.000000000000000000e+00
9.993448977923220511e-01 2.592588378907782347e-05 4.657409753755775780e-31 1.158370892471708406e-31 6.291763238889273510e-04 0.000000000000000000e+00
9.993448977923220511e-01 2.592588378907782347e-05 4.657409753755775780e-31 1.158370892471708406e-31 6.291763238889273510e-04 0.000000000000000000e+00
9.993448977923220511e-01 2.592588378907782347e-05 4.657409753755775780e-31 1.158370892471708406e-31 6.291763238889273510e-04 0.000000000000000000e+00
9.993448977923220511e-01 2.592588378907782347e-05 4.657409753755775780e-31 1.158370892471708406e-31 6.291763238889273510e-04 0.000000000000000000e+00
9.993448977923220511e-01 2.592588378907782347e-05 4.657409753755775780e-31 1.158370892471708406e-31 6.291763238889273510e-04 0.000000000000000000e+00
9.993448977923220511e-01 2.592588378907782347e-05 4.657409753755775780e-31 1.158370892471708406e-31 6.291763238889273510e-04 0.000000000000000000e+00
9.993448977923220511e-01 2.592588378907782347e-05 4.657409753755775780e-31 1.158370892471708406e-31 6.291763238889273510e-04 0.000000000000000000e+00
9.993448977923220511e-01 2.592588378907782347e-05 4.657409753755775780e-31 1.158370892471708406e-31 6.291763238889273510e-04 0.000000000000000000e+00
9.993448977923220511e-01 2.592588378907782347e-05 4.657409753755775780e-31 1.158370892471708406e-31 6.291763238889273510e-04 0.000000000000000000e+00
9.993448977923220511e-01 2.592588378907782347e-05 4.657409753755775780e-31 1.158370892471708406e-31 6.291763238889273510e-04 0.000000000000000000e+00
9.993448977923220511e-01 2.592588378907782347e-05 4.657409753755775780e-31 1.158370892471708406e-31 6.291763238889273510e-04 0.000000000000000000e+00
9.993448977923220511e-01 2.592588378907782347e-05 4.657409753755775780e-31 1.158370892471708406e-31 6.291763238889273510e-04 0.000000000000000000e+00
9.993448977923220511e-01 2.592588378907782347e-05 4.657409753755775780e-31 1.158370892471708406e-31 6.291763238889273510e-04 0.000000000000000000e+00
9.993448977923220511e-01 2.592588378907782347e-05 4.657409753755775780e-31 1.158370892471708406e-31 6.291763238889273510e-04 0.000000000000000000e+00
9.993448977923220511e-01 2.592588378907782347e-05 4.657409753755775780e-31 1.158370892471708406e-31 6.291763238889273510e-04 0.000000000000000000e+00
9.993448977923220511e-01 2.592588378907782347e-05 4.657409753755775780e-31 1.158370892471708406e-31 6.291763238889273510e-04 0.000000000000000000e+00
9.993448977923220511e-01 2.592588378907782347e-05 4.657409753755775780e-31 1.158370892471708406e-31 6.291763238889273510e-04 0.000000000000000000e+00
9.993448977923220511e-01 2.592588378907782347e-05 4.657409753755775780e-31 1.158370892471708406e-31 6.291763238889273510e-04 0.000000000000000000e+00
9.993448977923220511e-01 2.592588378907782347e-05 4.657409753755775780e-31 1.158370892471708406e-31 6.291763238889273510e-04 0.000000000000000000e+00
9.993448977923220511e-01 2.592588378907782347e-05 4.657409753755775780e-31 1.158370892471708406e-31 6.291763238889273510e-04 0.000000000000000000e+00
9.993448977923220511e-01 2.592588378907782347e-05 4.657409753755775780e-31 1.158370892471708406e-31 6.291763238889273510e-04 0.000000000000000000e+00
9.993448977923220511e-01 2.592588378907782347e-05 4.657409753755775780e-31 1.158370892471708406e-31 6.291763238889273510e-04 0.000000000000000000e+00
9.993448977923220511e-01 2.592588378907782347e-05 4.657409753755775780e-31 1.158370892471708406e-31 6.291763238889273510e-04 0.000000000000000000e+00
9.993448977923220511e-01 2.592588378907782347e-05 4.657409753755775780e-31 1.158370892471708406e-31 6.291763238889273510e-04 0.000000000000000000e+00
9.993448977923220511e-01 2.592588378907782347e-05 4.657409753755775780e-31 1.158370892471708406e-31 6.291763238889273510e-04 0.000000000000000000e+00
9.993448977923220511e-01 2.592588378907782347e-05 4.657409753755775780e-31 1.158370892471708406e-31 6.291763238889273510e-04 0.000000000000000000e+00
9.993448977923220511e-01 2.592588378907782347e-05 4.657409753755775780e-31 1.158370892471708406e-31 6.291763238889273510e-04 0.000000000000000000e+00
9.993448977923220511e-01 2.592588378907782347e-05 4.657409753755775780e-31 1.158370892471708406e-31 6.291763238889273510e-04 0.000000000000000000e+00
9.993448977923220511e-01 2.592588378907782347e-05 4.657409753755775780e-31 1.158370892471708406e-31 6.291763238889273510e-04 0.000000000000000000e+00
9.993448977923220511e-01 2.592588378907782347e-05 4.657409753755775780e-31 1.158370892471708406e-31 6.291763238889273510e-04 0.000000000000000000e+00
9.993448977923220511e-01 2.592588378907782347e-05 4.657409753755775780e-31 1.158370892471708406e-31 6.291763238889273510e-04 0.000000000000000000e+00
9.993448977923220511e-01 2.592588378907782347e-05 4.657409753755775780e-31 1.158370892471708406e-31 6.291763238889273510e-04 0.000000000000000000e+00
9.993448977923220511e-01 2.592588378907782347e-05 4.657409753755775780e-31 1.158370892471708406e-31 6.291763238889273510e-04 0.000000000000000000e+00
9.993448977923220511e-01 2.592588378907782347e-05 4.657409753755775780e-31 1.158370892471708406e-31 6.291763238889273510e-04 0.000000000000000000e+00
9.993448977923220511e-01 2.592588378907782347e-05 4.657409753755775780e-31 1.158370892471708406e-31 6.291763238889273510e-04 0.000000000000000000e+00
9.993448977923220511e-01 2.592588378907782347e-05 4.657409753755775780e-31 1.158370892471708406e-31 6.291763238889273510e-04 0.000000000000000000e+00
9.993448977923220511e-01 2.592588378907782347e-05 4.657409753755775780e-31 1.158370892471708406e-31 6.291763238889273510e-04 0.000000000000000000e+00
9.993448977923220511e-01 2.592588378907782347e-05 4.657409753755775780e-31 1.158370892471708406e-31 6.291763238889273510e-04 0.000000000000000000e+00
9.993448977923220511e-01 2.592588378907782347e-05 4.657409753755775780e-31 1.158370892471708406e-31 6.291763238889273510e-04 0.000000000000000000e+00
9.993448977923220511e-01 2.592588378907782347e-05 4.657409753755775780e-31 1.158370892471708406e-31 6.291763238889273510e-04 0.000000000000000000e+00
9.993448977923220511e-01 2.592588378907782347e-05 4.657409753755775780e-31 1.158370892471708406e-31 6.291763238889273510e-04 0.000000000000000000e+00
9.993448977923220511e-01 2.592588378907782347e-05 4.657409753755775780e-31 1.158370892471708406e-31 6.291763238889273510e-04 0.000000000000000000e+00
9.993448977923220511e-01 2.592588378907782347e-05 4.657409753755775780e-31 1.158370892471708406e-31 6.291763238889273510e-04 0.000000000000000000e+00
9.993448977923220511e-01 2.592588378907782347e-05 4.657409753755775780e-31 1.158370892471708406e-31 6.291763238889273510e-04 0.000000000000000000e+00
9.993448977923220511e-01 2.592588378907782347e-05 4.657409753755775780e-31 1.158370892471708406e-31 6.291763238889273510e-04 0.000000000000000000e+00
9.993448977923220511e-01 2.592588378907782347e-05 4.657409753755775780e-31 1.158370892471708406e-31 6.291763238889273510e-04 0.000000000000000000e+00
9.993448977923220511e-01 2.592588378907782347e-05 4.657409753755775780e-31 1.158370892471708406e-31 6.291763238889273510e-04 0.000000000000000000e+00
9.993448977923220511e-01 2.592588378907782347e-05 4.657409753755775780e-31 1.158370892471708406e-31 6.291763238889273510e-04 0.000000000000000000e+00
9.993448977923220511e-01 2.592588378907782347e-05 4.657409753755775780e-31 1.158370892471708406e-31 6.291763238889273510e-04 0.000000000000000000e+00
9.993448977923220511e-01 2.592588378907782347e-05 4.657409753755775780e-31 1.158370892471708406e-31 6.291763238889273510e-04 0.000000000000000000e+00
9.993448977923220511e-01 2.592588378907782347e-05 4.657409753755775780e-31 1.158370892471708406e-31 6.291763238889273510e-04 0.000000000000000000e+00
9.993448977923220511e-01 2.592588378907782347e-05 4.657409753755775780e-31 1.158370892471708406e-31 6.291763238889273510e-04 0.000000000000000000e+00
9.993448977923220511e-01 2.592588378907782347e-05 4.657409753755775780e-31 1.158370892471708406e-31 6.291763238889273510e-04 0.000000000000000000e+00
9.993448977923220511e-01 2.592588378907782347e-05 4.657409753755775780e-31 1.158370892471708406e-31 6.291763238889273510e-04 0.000000000000000000e+00
9.993448977923220511e-01 2.592588378907782347e-05 4.657409753755775780e-31 1.158370892471708406e-31 6.291763238889273510e-04 0.000000000000000000e+00
9.993448977923220511e-01 2.592588378907782347e-05 4.657409753755775780e-31 1.158370892471708406e-31 6.291763238889273510e-04 0.000000000000000000e+00
9.993448977923220511e-01 2.592588378907782347e-05 4.657409753755775780e-31 1.158370892471708406e-31 6.291763238889273510e-04 0.000000000000000000e+00
9.993448977923220511e-01 2.592588378907782347e-05 4.657409753755775780e-31 1.158370892471708406e-31 6.291763238889273510e-04 0.000000000000000000e+00
9.993448977923220511e-01 2.592588378907782347e-05 4.657409753755775780e-31 1.158370892471708406e-31 6.291763238889273510e-04 0.000000000000000000e+00
9.993448977923220511e-01 2.592588378907782347e-05 4.657409753755775780e-31 1.158370892471708406e-31 6.291763238889273510e-04 0.000000000000000000e+00
9.993448977923220511e-01 2.592588378907782347e-05 4.657409753755775780e-31 1.158370892471708406e-31 6.291763238889273510e-04 0.000000000000000000e+00
9.993448977923220511e-01 2.592588378907782347e-05 4.657409753755775780e-31 1.158370892471708406e-31 6.291763238889273510e-04 0.000000000000000000e+00
9.993448977923220511e-01 2.592588378907782347e-05 4.657409753755775780e-31 1.158370892471708406e-31 6.291763238889273510e-04 0.000000000000000000e+00
9.993448977923220511e-01 2.592588378907782347e-05 4.657409753755775780e-31 1.158370892471708406e-31 6.291763238889273510e-04 0.000000000000000000e+00
9.993448977923220511e-01 2.592588378907782347e-05 4.657409753755775780e-31 1.158370892471708406e-31 6.291763238889273510e-04 0.000000000000000000e+00
9.993448977923220511e-01 2.592588378907782347e-05 4.657409753755775780e-31 1.158370892471708406e-31 6.291763238889273510e-04 0.000000000000000000e+00
9.993448977923220511e-01 2.592588378907782347e-05 4.657409753755775780e-31 1.158370892471708406e-31 6.291763238889273510e-04 0.000000000000000000e+00
9.993448977923220511e-01 2.592588378907782347e-05 4.657409753755775780e-31 1.158370892471708406e-31 6.291763238889273510e-04 0.000000000000000000e+00
9.993448977923220511e-01 2.592588378907782347e-05 4.657409753755775780e-31 1.158370892471708406e-31 6.291763238889273510e-04 0.000000000000000000e+00
9.993448977923220511e-01 2.592588378907782347e-05 4.657409753755775780e-31 1.158370892471708406e-31 6.291763238889273510e-04 0.000000000000000000e+00
9.993448977923220511e-01 2.592588378907782347e-05 4.657409753755775780e-31 1.158370892471708406e-31 6.291763238889273510e-04 0.000000000000000000e+00
9.993448977923220511e-01 2.592588378907782347e-05 4.657409753755775780e-31 1.158370892471708406e-31 6.291763238889273510e-04 0.000000000000000000e+00
9.993448977923220511e-01 2.592588378907782347e-05 4.657409753755775780e-31 1.158370892471708406e-31 6.291763238889273510e-04 0.000000000000000000e+00
9.993448977923220511e-01 2.592588378907782347e-05 4.657409753755775780e-31 1.158370892471708406e-31 6.291763238889273510e-04 0.000000000000000000e+00
9.993448977923220511e-01 2.592588378907782347e-05 4.657409753755775780e-31 1.158370892471708406e-31 6.291763238889273510e-04 0.000000000000000000e+00
9.993448977923220511e-01 2.592588378907782347e-05 4.657409753755775780e-31 1.158370892471708406e-31 6.291763238889273510e-04 0.000000000000000000e+00
9.993448977923220511e-01 2.592588378907782347e-05 4.657409753755775780e-31 1.158370892471708406e-31 6.291763238889273510e-04 0.000000000000000000e+00
9.993448977923220511e-01 2.592588378907782347e-05 4.657409753755775780e-31 1.158370892471708406e-31 6.291763238889273510e-04 0.000000000000000000e+00
9.993448977923220511e-01 2.592588378907782347e-05 4.657409753755775780e-31 1.158370892471708406e-31 6.291763238889273510e-04 0.000000000000000000e+00
9.993448977923220511e-01 2.592588378907782347e-05 4.657409753755775780e-31 1.158370892471708406e-31 6.291763238889273510e-04 0.000000000000000000e+00
9.993448977923220511e-01 2.592588378907782347e-05 4.657409753755775780e-31 1.158370892471708406e-31 6.291763238889273510e-04 0.000000000000000000e+00
9.993448977923220511e-01 2.592588378907782347e-05 4.657409753755775780e-31 1.158370892471708406e-31 6.291763238889273510e-04 0.000000000000000000e+00
9.993448977923220511e-01 2.592588378907782347e-05 4.657409753755775780e-31 1.158370892471708406e-31 6.291763238889273510e-04 0.000000000000000000e+00
9.993448977923220511e-01 2.592588378907782347e-05 4.657409753755775780e-31 1.158370892471708406e-31 6.291763238889273510e-04 0.000000000000000000e+00
9.993448977923220511e-01 2.592588378907782347e-05 4.657409753755775780e-31 1.158370892471708406e-31 6.291763238889273510e-04 0.000000000000000000e+00
9.993448977923220511e-01 2.592588378907782347e-05 4.657409753755775780e-31 1.158370892471708406e-31 6.291763238889273510e-04 0.000000000000000000e+00
9.993448977923220511e-01 2.592588378907782347e-05 4.657409753755775780e-31 1.158370892471708406e-31 6.291763238889273510e-04 0.000000000000000000e+00
9.993448977923220511e-01 2.592588378907782347e-05 4.657409753755775780e-31 1.158370892471708406e-31 6.291763238889273510e-04 0.000000000000000000e+00
9.993448977923220511e-01 2.592588378907782347e-05 4.657409753755775780e-31 1.158370892471708406e-31 6.291763238889273510e-04 0.000000000000000000e+00
9.993448977923220511e-01 2.592588378907782347e-05 4.657409753755775780e-31 1.158370892471708406e-31 6.291763238889273510e-04 0.000000000000000000e+00
9.993448977923220511e-01 2.592588378907782347e-05 4.657409753755775780e-31 1.158370892471708406e-31 6.291763238889273510e-04 0.000000000000000000e+00
9.993448977923220511e-01 2.592588378907782347e-05 4.657409753755775780e-31 1.158370892471708406e-31 6.291763238889273510e-04 0.000000000000000000e+00
9.993448977923220511e-01 2.592588378907782347e-05 4.657409753755775780e-31 1.158370892471708406e-31 6.291763238889273510e-04 0.000000000000000000e+00
9.993448977923220511e-01 2.592588378907782347e-05 4.657409753755775780e-31 1.158370892471708406e-31 6.291763238889273510e-04 0.000000000000000000e+00
9.993448977923220511e-01 2.592588378907782347e-05 4.657409753755775780e-31 1.158370892471708406e-31 6.291763238889273510e-04 0.000000000000000000e+00
9.993448977923220511e-01 2.592588378907782347e-05 4.657409753755775780e-31 1.158370892471708406e-31 6.291763238889273510e-04 0.000000000000000000e+00
9.993448977923220511e-01 2.592588378907782347e-05 4.657409753755775780e-31 1.158370892471708406e-31 6.291763238889273510e-04 0.000000000000000000e+00
9.993448977923220511e-01 2.592588378907782347e-05 4.657409753755775780e-31 1.158370892471708406e-31 6.291763238889273510e-04 0.000000000000000000e+00
9.993448977923220511e-01 2.592588378907782347e-05 4.657409753755775780e-31 1.158370892471708406e-31 6.291763238889273510e-04 0.000000000000000000e+00
9.993448977923220511e-01 2.592588378907782347e-05 4.657409753755775780e-31 1.158370892471708406e-31 6.291763238889273510e-04 0.000000000000000000e+00
9.993448977923220511e-01 2.592588378907782347e-05 4.657409753755775780e-31 1.158370892471708406e-31 6.291763238889273510e-04 0.000000000000000000e+00
9.993448977923220511e-01 2.592588378907782347e-05 4.657409753755775780e-31 1.158370892471708406e-31 6.291763238889273510e-04 0.000000000000000000e+00
9.993448977923220511e-01 2.592588378907782347e-05 4.657409753755775780e-31 1.158370892471708406e-31 6.291763238889273510e-04 0.000000000000000000e+00
9.993448977923220511e-01 2.592588378907782347e-05 4.657409753755775780e-31 1.158370892471708406e-31 6.291763238889273510e-04 0.000000000000000000e+00
9.993448977923220511e-01 2.592588378907782347e-05 4.657409753755775780e-31 1.158370892471708406e-31 6.291763238889273510e-04 0.000000000000000000e+00
9.993448977923220511e-01 2.592588378907782347e-05 4.657409753755775780e-31 1.158370892471708406e-31 6.291763238889273510e-04 0.000000000000000000e+00
9.993448977923220511e-01 2.592588378907782347e-05 4.657409753755775780e-31 1.158370892471708406e-31 6.291763238889273510e-04 0.000000000000000000e+00
9.993448977923220511e-01 2.592588378907782347e-05 4.657409753755775780e-31 1.158370892471708406e-31 6.291763238889273510e-04 0.000000000000000000e+00
9.993448977923220511e-01 2.592588378907782347e-05 4.657409753755775780e-31 1.158370892471708406e-31 6.291763238889273510e-04 0.000000000000000000e+00
9.993448977923220511e-01 2.592588378907782347e-05 4.657409753755775780e-31 1.158370892471708406e-31 6.291763238889273510e-04 0.000000000000000000e+00
9.993448977923220511e-01 2.592588378907782347e-05 4.657409753755775780e-31 1.158370892471708406e-31 6.291763238889273510e-04 0.000000000000000000e+00
9.993448977923220511e-01 2.592588378907782347e-05 4.657409753755775780e-31 1.158370892471708406e-31 6.291763238889273510e-04 0.000000000000000000e+00
9.993448977923220511e-01 2.592588378907782347e-05 4.657409753755775780e-31 1.158370892471708406e-31 6.291763238889273510e-04 0.000000000000000000e+00
9.993448977923220511e-01 2.592588378907782347e-05 4.657409753755775780e-31 1.158370892471708406e-31 6.291763238889273510e-04 0.000000000000000000e+00
9.993448977923220511e-01 2.592588378907782347e-05 4.657409753755775780e-31 1.158370892471708406e-31 6.291763238889273510e-04 0.000000000000000000e+00
9.993448977923220511e-01 2.592588378907782347e-05 4.657409753755775780e-31 1.158370892471708406e-31 6.291763238889273510e-04 0.000000000000000000e+00
9.993448977923220511e-01 2.592588378907782347e-05 4.657409753755775780e-31 1.158370892471708406e-31 6.291763238889273510e-04 0.000000000000000000e+00
9.993448977923220511e-01 2.592588378907782347e-05 4.657409753755775780e-31 1.158370892471708406e-31 6.291763238889273510e-04 0.000000000000000000e+00
9.993448977923220511e-01 2.592588378907782347e-05 4.657409753755775780e-31 1.158370892471708406e-31 6.291763238889273510e-04 0.000000000000000000e+00
9.993448977923220511e-01 2.592588378907782347e-05 4.657409753755775780e-31 1.158370892471708406e-31 6.291763238889273510e-04 0.000000000000000000e+00
9.993448977923220511e-01 2.592588378907782347e-05 4.657409753755775780e-31 1.158370892471708406e-31 6.291763238889273510e-04 0.000000000000000000e+00
9.993448977923220511e-01 2.592588378907782347e-05 4.657409753755775780e-31 1.158370892471708406e-31 6.291763238889273510e-04 0.000000000000000000e+00
9.993448977923220511e-01 2.592588378907782347e-05 4.657409753755775780e-31 1.158370892471708406e-31 6.291763238889273510e-04 0.000000000000000000e+00
9.993448977923220511e-01 2.592588378907782347e-05 4.657409753755775780e-31 1.158370892471708406e-31 6.291763238889273510e-04 0.000000000000000000e+00
9.993448977923220511e-01 2.592588378907782347e-05 4.657409753755775780e-31 1.158370892471708406e-31 6.291763238889273510e-04 0.000000000000000000e+00
9.993448977923220511e-01 2.592588378907782347e-05 4.657409753755775780e-31 1.158370892471708406e-31 6.291763238889273510e-04 0.000000000000000000e+00
9.993448977923220511e-01 2.592588378907782347e-05 4.657409753755775780e-31 1.158370892471708406e-31 6.291763238889273510e-04 0.000000000000000000e+00
9.993448977923220511e-01 2.592588378907782347e-05 4.657409753755775780e-31 1.158370892471708406e-31 6.291763238889273510e-04 0.000000000000000000e+00
9.993448977923220511e-01 2.592588378907782347e-05 4.657409753755775780e-31 1.158370892471708406e-31 6.291763238889273510e-04 0.000000000000000000e+00
9.993448977923220511e-01 2.592588378907782347e-05 4.657409753755775780e-31 1.158370892471708406e-31 6.291763238889273510e-04 0.000000000000000000e+00
9.993448977923220511e-01 2.592588378907782347e-05 4.657409753755775780e-31 1.158370892471708406e-31 6.291763238889273510e-04 0.000000000000000000e+00
9.993448977923220511e-01 2.592588378907782347e-05 4.657409753755775780e-31 1.158370892471708406e-31 6.291763238889273510e-04 0.000000000000000000e+00
9.993448977923220511e-01 2.592588378907782347e-05 4.657409753755775780e-31 1.158370892471708406e-31 6.291763238889273510e-04 0.000000000000000000e+00
9.993448977923220511e-01 2.592588378907782347e-05 4.657409753755775780e-31 1.158370892471708406e-31 6.291763238889273510e-04 0.000000000000000000e+00
9.993448977923220511e-01 2.592588378907782347e-05 4.657409753755775780e-31 1.158370892471708406e-31 6.291763238889273510e-04 0.000000000000000000e+00
9.993448977923220511e-01 2.592588378907782347e-05 4.657409753755775780e-31 1.158370892471708406e-31 6.291763238889273510e-04 0.000000000000000000e+00
9.993448977923220511e-01 2.592588378907782347e-05 4.657409753755775780e-31 1.158370892471708406e-31 6.291763238889273510e-04 0.000000000000000000e+00
9.993448977923220511e-01 2.592588378907782347e-05 4.657409753755775780e-31 1.158370892471708406e-31 6.291763238889273510e-04 0.000000000000000000e+00
9.993448977923220511e-01 2.592588378907782347e-05 4.657409753755775780e-31 1.158370892471708406e-31 6.291763238889273510e-04 0.000000000000000000e+00
9.993448977923220511e-01 2.592588378907782347e-05 4.657409753755775780e-31 1.158370892471708406e-31 6.291763238889273510e-04 0.000000000000000000e+00
9.993448977923220511e-01 2.592588378907782347e-05 4.657409753755775780e-31 1.158370892471708406e-31 6.291763238889273510e-04 0.000000000000000000e+00
9.993448977923220511e-01 2.592588378907782347e-05 4.657409753755775780e-31 1.158370892471708406e-31 6.291763238889273510e-04 0.000000000000000000e+00
9.993448977923220511e-01 2.592588378907782347e-05 4.657409753755775780e-31 1.158370892471708406e-31 6.291763238889273510e-04 0.000000000000000000e+00
9.993448977923220511e-01 2.592588378907782347e-05 4.657409753755775780e-31 1.158370892471708406e-31 6.291763238889273510e-04 0.000000000000000000e+00
9.993448977923220511e-01 2.592588378907782347e-05 4.657409753755775780e-31 1.158370892471708406e-31 6.291763238889273510e-04 0.000000000000000000e+00
9.993448977923220511e-01 2.592588378907782347e-05 4.657409753755775780e-31 1.158370892471708406e-31 6.291763238889273510e-04 0.000000000000000000e+00
9.993448977923220511e-01 2.592588378907782347e-05 4.657409753755775780e-31 1.158370892471708406e-31 6.291763238889273510e-04 0.000000000000000000e+00
9.993448977923220511e-01 2.592588378907782347e-05 4.657409753755775780e-31 1.158370892471708406e-31 6.291763238889273510e-04 0.000000000000000000e+00
9.993448977923220511e-01 2.592588378907782347e-05 4.657409753755775780e-31 1.158370892471708406e-31 6.291763238889273510e-04 0.000000000000000000e+00
9.993448977923220511e-01 2.592588378907782347e-05 4.657409753755775780e-31 1.158370892471708406e-31 6.291763238889273510e-04 0.000000000000000000e+00
9.993448977923220511e-01 2.592588378907782347e-05 4.657409753755775780e-31 1.158370892471708406e-31 6.291763238889273510e-04 0.000000000000000000e+00
9.993448977923220511e-01 2.592588378907782347e-05 4.657409753755775780e-31 1.158370892471708406e-31 6.291763238889273510e-04 0.000000000000000000e+00
9.993448977923220511e-01 2.592588378907782347e-05 4.657409753755775780e-31 1.158370892471708406e-31 6.291763238889273510e-04 0.000000000000000000e+00
9.993448977923220511e-01 2.592588378907782347e-05 4.657409753755775780e-31 1.158370892471708406e-31 6.291763238889273510e-04 0.000000000000000000e+00
9.993448977923220511e-01 2.592588378907782347e-05 4.657409753755775780e-31 1.158370892471708406e-31 6.291763238889273510e-04 0.000000000000000000e+00
9.993448977923220511e-01 2.592588378907782347e-05 4.657409753755775780e-31 1.158370892471708406e-31 6.291763238889273510e-04 0.000000000000000000e+00
9.993448977923220511e-01 2.592588378907782347e-05 4.657409753755775780e-31 1.158370892471708406e-31 6.291763238889273510e-04 0.000000000000000000e+00
9.993448977923220511e-01 2.592588378907782347e-05 4.657409753755775780e-31 1.158370892471708406e-31 6.291763238889273510e-04 0.000000000000000000e+00
9.993448977923220511e-01 2.592588378907782347e-05 4.657409753755775780e-31 1.158370892471708406e-31 6.291763238889273510e-04 0.000000000000000000e+00
9.993448977923220511e-01 2.592588378907782347e-05 4.657409753755775780e-31 1.158370892471708406e-31 6.291763238889273510e-04 0.000000000000000000e+00
9.993448977923220511e-01 2.592588378907782347e-05 4.657409753755775780e-31 1.158370892471708406e-31 6.291763238889273510e-04 0.000000000000000000e+00
9.993448977923220511e-01 2.592588378907782347e-05 4.657409753755775780e-31 1.158370892471708406e-31 6.291763238889273510e-04 0.000000000000000000e+00
9.993448977923220511e-01 2.592588378907782347e-05 4.657409753755775780e-31 1.158370892471708406e-31 6.291763238889273510e-04 0.000000000000000000e+00
9.993448977923220511e-01 2.592588378907782347e-05 4.657409753755775780e-31 1.158370892471708406e-31 6.291763238889273510e-04 0.000000000000000000e+00
9.993448977923220511e-01 2.592588378907782347e-05 4.657409753755775780e-31 1.158370892471708406e-31 6.291763238889273510e-04 0.000000000000000000e+00
9.993448977923220511e-01 2.592588378907782347e-05 4.657409753755775780e-31 1.158370892471708406e-31 6.291763238889273510e-04 0.000000000000000000e+00
9.993448977923220511e-01 2.592588378907782347e-05 4.657409753755775780e-31 1.158370892471708406e-31 6.291763238889273510e-04 0.000000000000000000e+00
9.993448977923220511e-01 2.592588378907782347e-05 4.657409753755775780e-31 1.158370892471708406e-31 6.291763238889273510e-04 0.000000000000000000e+00
9.993448977923220511e-01 2.592588378907782347e-05 4.657409753755775780e-31 1.158370892471708406e-31 6.291763238889273510e-04 0.000000000000000000e+00
9.993448977923220511e-01 2.592588378907782347e-05 4.657409753755775780e-31 1.158370892471708406e-31 6.291763238889273510e-04 0.000000000000000000e+00
9.993448977923220511e-01 2.592588378907782347e-05 4.657409753755775780e-31 1.158370892471708406e-31 6.291763238889273510e-04 0.000000000000000000e+00
9.993448977923220511e-01 2.592588378907782347e-05 4.657409753755775780e-31 1.158370892471708406e-31 6.291763238889273510e-04 0.000000000000000000e+00
9.993448977923220511e-01 2.592588378907782347e-05 4.657409753755775780e-31 1.158370892471708406e-31 6.291763238889273510e-04 0.000000000000000000e+00
9.993448977923220511e-01 2.592588378907782347e-05 4.657409753755775780e-31 1.158370892471708406e-31 6.291763238889273510e-04 0.000000000000000000e+00
9.993448977923220511e-01 2.592588378907782347e-05 4.657409753755775780e-31 1.158370892471708406e-31 6.291763238889273510e-04 0.000000000000000000e+00
9.993448977923220511e-01 2.592588378907782347e-05 4.657409753755775780e-31 1.158370892471708406e-31 6.291763238889273510e-04 0.000000000000000000e+00
9.993448977923220511e-01 2.592588378907782347e-05 4.657409753755775780e-31 1.158370892471708406e-31 6.291763238889273510e-04 0.000000000000000000e+00
9.993448977923220511e-01 2.592588378907782347e-05 4.657409753755775780e-31 1.158370892471708406e-31 6.291763238889273510e-04 0.000000000000000000e+00
9.993448977923220511e-01 2.592588378907782347e-05 4.657409753755775780e-31 1.158370892471708406e-31 6.291763238889273510e-04 0.000000000000000000e+00
9.993448977923220511e-01 2.592588378907782347e-05 4.657409753755775780e-31 1.158370892471708406e-31 6.291763238889273510e-04 0.000000000000000000e+00
9.993448977923220511e-01 2.592588378907782347e-05 4.657409753755775780e-31 1.158370892471708406e-31 6.291763238889273510e-04 0.000000000000000000e+00
9.993448977923220511e-01 2.592588378907782347e-05 4.657409753755775780e-31 1.158370892471708406e-31 6.291763238889273510e-04 0.000000000000000000e+00
9.993448977923220511e-01 2.592588378907782347e-05 4.657409753755775780e-31 1.158370892471708406e-31 6.291763238889273510e-04 0.000000000000000000e+00
9.993448977923220511e-01 2.592588378907782347e-05 4.657409753755775780e-31 1.158370892471708406e-31 6.291763238889273510e-04 0.000000000000000000e+00
9.993448977923220511e-01 2.592588378907782347e-05 4.657409753755775780e-31 1.158370892471708406e-31 6.291763238889273510e-04 0.000000000000000000e+00
9.993448977923220511e-01 2.592588378907782347e-05 4.657409753755775780e-31 1.158370892471708406e-31 6.291763238889273510e-04 0.000000000000000000e+00
9.993448977923220511e-01 2.592588378907782347e-05 4.657409753755775780e-31 1.158370892471708406e-31 6.291763238889273510e-04 0.000000000000000000e+00
9.993448977923220511e-01 2.592588378907782347e-05 4.657409753755775780e-31 1.158370892471708406e-31 6.291763238889273510e-04 0.000000000000000000e+00
9.993448977923220511e-01 2.592588378907782347e-05 4.657409753755775780e-31 1.158370892471708406e-31 6.291763238889273510e-04 0.000000000000000000e+00
9.993448977923220511e-01 2.592588378907782347e-05 4.657409753755775780e-31 1.158370892471708406e-31 6.291763238889273510e-04 0.000000000000000000e+00
9.993448977923220511e-01 2.592588378907782347e-05 4.657409753755775780e-31 1.158370892471708406e-31 6.291763238889273510e-04 0.000000000000000000e+00
9.993448977923220511e-01 2.592588378907782347e-05 4.657409753755775780e-31 1.158370892471708406e-31 6.291763238889273510e-04 0.000000000000000000e+00
9.993448977923220511e-01 2.592588378907782347e-05 4.657409753755775780e-31 1.158370892471708406e-31 6.291763238889273510e-04 0.000000000000000000e+00
9.993448977923220511e-01 2.592588378907782347e-05 4.657409753755775780e-31 1.158370892471708406e-31 6.291763238889273510e-04 0.000000000000000000e+00
9.993448977923220511e-01 2.592588378907782347e-05 4.657409753755775780e-31 1.158370892471708406e-31 6.291763238889273510e-04 0.000000000000000000e+00
9.993448977923220511e-01 2.592588378907782347e-05 4.657409753755775780e-31 1.158370892471708406e-31 6.291763238889273510e-04 0.000000000000000000e+00
9.993448977923220511e-01 2.592588378907782347e-05 4.657409753755775780e-31 1.158370892471708406e-31 6.291763238889273510e-04 0.000000000000000000e+00
9.993448977923220511e-01 2.592588378907782347e-05 4.657409753755775780e-31 1.158370892471708406e-31 6.291763238889273510e-04 0.000000000000000000e+00
9.993448977923220511e-01 2.592588378907782347e-05 4.657409753755775780e-31 1.158370892471708406e-31 6.291763238889273510e-04 0.000000000000000000e+00
9.993448977923220511e-01 2.592588378907782347e-05 4.657409753755775780e-31 1.158370892471708406e-31 6.291763238889273510e-04 0.000000000000000000e+00
9.993448977923220511e-01 2.592588378907782347e-05 4.657409753755775780e-31 1.158370892471708406e-31 6.291763238889273510e-04 0.000000000000000000e+00
9.993448977923220511e-01 2.592588378907782347e-05 4.657409753755775780e-31 1.158370892471708406e-31 6.291763238889273510e-04 0.000000000000000000e+00
9.993448977923220511e-01 2.592588378907782347e-05 4.657409753755775780e-31 1.158370892471708406e-31 6.291763238889273510e-04 0.000000000000000000e+00
9.993448977923220511e-01 2.592588378907782347e-05 4.657409753755775780e-31 1.158370892471708406e-31 6.291763238889273510e-04 0.000000000000000000e+00
9.993448977923220511e-01 2.592588378907782347e-05 4.657409753755775780e-31 1.158370892471708406e-31 6.291763238889273510e-04 0.000000000000000000e+00
9.993448977923220511e-01 2.592588378907782347e-05 4.657409753755775780e-31 1.158370892471708406e-31 6.291763238889273510e-04 0.000000000000000000e+00
9.993448977923220511e-01 2.592588378907782347e-05 4.657409753755775780e-31 1.158370892471708406e-31 6.291763238889273510e-04 0.000000000000000000e+00
9.993448977923220511e-01 2.592588378907782347e-05 4.657409753755775780e-31 1.158370892471708406e-31 6.291763238889273510e-04 0.000000000000000000e+00
9.993448977923220511e-01 2.592588378907782347e-05 4.657409753755775780e-31 1.158370892471708406e-31 6.291763238889273510e-04 0.000000000000000000e+00
9.993448977923220511e-01 2.592588378907782347e-05 4.657409753755775780e-31 1.158370892471708406e-31 6.291763238889273510e-04 0.000000000000000000e+00
9.993448977923220511e-01 2.592588378907782347e-05 4.657409753755775780e-31 1.158370892471708406e-31 6.291763238889273510e-04 0.000000000000000000e+00
9.993448977923220511e-01 2.592588378907782347e-05 4.657409753755775780e-31 1.158370892471708406e-31 6.291763238889273510e-04 0.000000000000000000e+00
9.993448977923220511e-01 2.592588378907782347e-05 4.657409753755775780e-31 1.158370892471708406e-31 6.291763238889273510e-04 0.000000000000000000e+00
9.993448977923220511e-01 2.592588378907782347e-05 4.657409753755775780e-31 1.158370892471708406e-31 6.291763238889273510e-04 0.000000000000000000e+00
9.993448977923220511e-01 2.592588378907782347e-05 4.657409753755775780e-31 1.158370892471708406e-31 6.291763238889273510e-04 0.000000000000000000e+00
9.993448977923220511e-01 2.592588378907782347e-05 4.657409753755775780e-31 1.158370892471708406e-31 6.291763238889273510e-04 0.000000000000000000e+00
9.993448977923220511e-01 2.592588378907782347e-05 4.657409753755775780e-31 1.158370892471708406e-31 6.291763238889273510e-04 0.000000000000000000e+00
9.993448977923220511e-01 2.592588378907782347e-05 4.657409753755775780e-31 1.158370892471708406e-31 6.291763238889273510e-04 0.000000000000000000e+00
9.993448977923220511e-01 2.592588378907782347e-05 4.657409753755775780e-31 1.158370892471708406e-31 6.291763238889273510e-04 0.000000000000000000e+00
9.993448977923220511e-01 2.592588378907782347e-05 4.657409753755775780e-31 1.158370892471708406e-31 6.291763238889273510e-04 0.000000000000000000e+00
9.993448977923220511e-01 2.592588378907782347e-05 4.657409753755775780e-31 1.158370892471708406e-31 6.291763238889273510e-04 0.000000000000000000e+00
9.993448977923220511e-01 2.592588378907782347e-05 4.657409753755775780e-31 1.158370892471708406e-31 6.291763238889273510e-04 0.000000000000000000e+00
9.993448977923220511e-01 2.592588378907782347e-05 4.657409753755775780e-31 1.158370892471708406e-31 6.291763238889273510e-04 0.000000000000000000e+00
9.993448977923220511e-01 2.592588378907782347e-05 4.657409753755775780e-31 1.158370892471708406e-31 6.291763238889273510e-04 0.000000000000000000e+00
9.993448977923220511e-01 2.592588378907782347e-05 4.657409753755775780e-31 1.158370892471708406e-31 6.291763238889273510e-04 0.000000000000000000e+00
9.993448977923220511e-01 2.592588378907782347e-05 4.657409753755775780e-31 1.158370892471708406e-31 6.291763238889273510e-04 0.000000000000000000e+00
9.993448977923220511e-01 2.592588378907782347e-05 4.657409753755775780e-31 1.158370892471708406e-31 6.291763238889273510e-04 0.000000000000000000e+00
9.993448977923220511e-01 2.592588378907782347e-05 4.657409753755775780e-31 1.158370892471708406e-31 6.291763238889273510e-04 0.000000000000000000e+00
9.993448977923220511e-01 2.592588378907782347e-05 4.657409753755775780e-31 1.158370892471708406e-31 6.291763238889273510e-04 0.000000000000000000e+00
9.993448977923220511e-01 2.592588378907782347e-05 4.657409753755775780e-31 1.158370892471708406e-31 6.291763238889273510e-04 0.000000000000000000e+00
9.993448977923220511e-01 2.592588378907782347e-05 4.657409753755775780e-31 1.158370892471708406e-31 6.291763238889273510e-04 0.000000000000000000e+00
9.993448977923220511e-01 2.592588378907782347e-05 4.657409753755775780e-31 1.158370892471708406e-31 6.291763238889273510e-04 0.000000000000000000e+00
9.993448977923220511e-01 2.592588378907782347e-05 4.657409753755775780e-31 1.158370892471708406e-31 6.291763238889273510e-04 0.000000000000000000e+00
9.993448977923220511e-01 2.592588378907782347e-05 4.657409753755775780e-31 1.158370892471708406e-31 6.291763238889273510e-04 0.000000000000000000e+00
9.993448977923220511e-01 2.592588378907782347e-05 4.657409753755775780e-31 1.158370892471708406e-31 6.291763238889273510e-04 0.000000000000000000e+00
9.993448977923220511e-01 2.592588378907782347e-05 4.657409753755775780e-31 1.158370892471708406e-31 6.291763238889273510e-04 0.000000000000000000e+00
9.993448977923220511e-01 2.592588378907782347e-05 4.657409753755775780e-31 1.158370892471708406e-31 6.291763238889273510e-04 0.000000000000000000e+00
9.993448977923220511e-01 2.592588378907782347e-05 4.657409753755775780e-31 1.158370892471708406e-31 6.291763238889273510e-04 0.000000000000000000e+00
9.993448977923220511e-01 2.592588378907782347e-05 4.657409753755775780e-31 1.158370892471708406e-31 6.291763238889273510e-04 0.000000000000000000e+00
9.993448977923220511e-01 2.592588378907782347e-05 4.657409753755775780e-31 1.158370892471708406e-31 6.291763238889273510e-04 0.000000000000000000e+00
9.993448977923220511e-01 2.592588378907782347e-05 4.657409753755775780e-31 1.158370892471708406e-31 6.291763238889273510e-04 0.000000000000000000e+00
9.993448977923220511e-01 2.592588378907782347e-05 4.657409753755775780e-31 1.158370892471708406e-31 6.291763238889273510e-04 0.000000000000000000e+00
9.993448977923220511e-01 2.592588378907782347e-05 4.657409753755775780e-31 1.158370892471708406e-31 6.291763238889273510e-04 0.000000000000000000e+00
9.993448977923220511e-01 2.592588378907782347e-05 4.657409753755775780e-31 1.158370892471708406e-31 6.291763238889273510e-04 0.000000000000000000e+00
9.993448977923220511e-01 2.592588378907782347e-05 4.657409753755775780e-31 1.158370892471708406e-31 6.291763238889273510e-04 0.000000000000000000e+00
9.993448977923220511e-01 2.592588378907782347e-05 4.657409753755775780e-31 1.158370892471708406e-31 6.291763238889273510e-04 0.000000000000000000e+00
9.993448977923220511e-01 2.592588378907782347e-05 4.657409753755775780e-31 1.158370892471708406e-31 6.291763238889273510e-04 0.000000000000000000e+00
9.993448977923220511e-01 2.592588378907782347e-05 4.657409753755775780e-31 1.158370892471708406e-31 6.291763238889273510e-04 0.000000000000000000e+00
9.993448977923220511e-01 2.592588378907782347e-05 4.657409753755775780e-31 1.158370892471708406e-31 6.291763238889273510e-04 0.000000000000000000e+00
9.993448977923220511e-01 2.592588378907782347e-05 4.657409753755775780e-31 1.158370892471708406e-31 6.291763238889273510e-04 0.000000000000000000e+00
9.993448977923220511e-01 2.592588378907782347e-05 4.657409753755775780e-31 1.158370892471708406e-31 6.291763238889273510e-04 0.000000000000000000e+00
9.993448977923220511e-01 2.592588378907782347e-05 4.657409753755775780e-31 1.158370892471708406e-31 6.291763238889273510e-04 0.000000000000000000e+00
9.993448977923220511e-01 2.592588378907782347e-05 4.657409753755775780e-31 1.158370892471708406e-31 6.291763238889273510e-04 0.000000000000000000e+00
9.993448977923220511e-01 2.592588378907782347e-05 4.657409753755775780e-31 1.158370892471708406e-31 6.291763238889273510e-04 0.000000000000000000e+00
9.993448977923220511e-01 2.592588378907782347e-05 4.657409753755775780e-31 1.158370892471708406e-31 6.291763238889273510e-04 0.000000000000000000e+00
9.993448977923220511e-01 2.592588378907782347e-05 4.657409753755775780e-31 1.158370892471708406e-31 6.291763238889273510e-04 0.000000000000000000e+00
9.993448977923220511e-01 2.592588378907782347e-05 4.657409753755775780e-31 1.158370892471708406e-31 6.291763238889273510e-04 0.000000000000000000e+00
9.993448977923220511e-01 2.592588378907782347e-05 4.657409753755775780e-31 1.158370892471708406e-31 6.291763238889273510e-04 0.000000000000000000e+00
9.993448977923220511e-01 2.592588378907782347e-05 4.657409753755775780e-31 1.158370892471708406e-31 6.291763238889273510e-04 0.000000000000000000e+00
9.993448977923220511e-01 2.592588378907782347e-05 4.657409753755775780e-31 1.158370892471708406e-31 6.291763238889273510e-04 0.000000000000000000e+00
9.993448977923220511e-01 2.592588378907782347e-05 4.657409753755775780e-31 1.158370892471708406e-31 6.291763238889273510e-04 0.000000000000000000e+00
9.993448977923220511e-01 2.592588378907782347e-05 4.657409753755775780e-31 1.158370892471708406e-31 6.291763238889273510e-04 0.000000000000000000e+00
9.993448977923220511e-01 2.592588378907782347e-05 4.657409753755775780e-31 1.158370892471708406e-31 6.291763238889273510e-04 0.000000000000000000e+00
9.993448977923220511e-01 2.592588378907782347e-05 4.657409753755775780e-31 1.158370892471708406e-31 6.291763238889273510e-04 0.000000000000000000e+00
9.993448977923220511e-01 2.592588378907782347e-05 4.657409753755775780e-31 1.158370892471708406e-31 6.291763238889273510e-04 0.000000000000000000e+00
9.993448977923220511e-01 2.592588378907782347e-05 4.657409753755775780e-31 1.158370892471708406e-31 6.291763238889273510e-04 0.000000000000000000e+00
9.993448977923220511e-01 2.592588378907782347e-05 4.657409753755775780e-31 1.158370892471708406e-31 6.291763238889273510e-04 0.000000000000000000e+00
9.993448977923220511e-01 2.592588378907782347e-05 4.657409753755775780e-31 1.158370892471708406e-31 6.291763238889273510e-04 0.000000000000000000e+00
9.993448977923220511e-01 2.592588378907782347e-05 4.657409753755775780e-31 1.158370892471708406e-31 6.291763238889273510e-04 0.000000000000000000e+00
9.993448977923220511e-01 2.592588378907782347e-05 4.657409753755775780e-31 1.158370892471708406e-31 6.291763238889273510e-04 0.000000000000000000e+00
9.993448977923220511e-01 2.592588378907782347e-05 4.657409753755775780e-31 1.158370892471708406e-31 6.291763238889273510e-04 0.000000000000000000e+00
9.993448977923220511e-01 2.592588378907782347e-05 4.657409753755775780e-31 1.158370892471708406e-31 6.291763238889273510e-04 0.000000000000000000e+00
9.993448977923220511e-01 2.592588378907782347e-05 4.657409753755775780e-31 1.158370892471708406e-31 6.291763238889273510e-04 0.000000000000000000e+00
9.993448977923220511e-01 2.592588378907782347e-05 4.657409753755775780e-31 1.158370892471708406e-31 6.291763238889273510e-04 0.000000000000000000e+00
9.993448977923220511e-01 2.592588378907782347e-05 4.657409753755775780e-31 1.158370892471708406e-31 6.291763238889273510e-04 0.000000000000000000e+00
9.993448977923220511e-01 2.592588378907782347e-05 4.657409753755775780e-31 1.158370892471708406e-31 6.291763238889273510e-04 0.000000000000000000e+00
9.993448977923220511e-01 2.592588378907782347e-05 4.657409753755775780e-31 1.158370892471708406e-31 6.291763238889273510e-04 0.000000000000000000e+00
9.993448977923220511e-01 2.592588378907782347e-05 4.657409753755775780e-31 1.158370892471708406e-31 6.291763238889273510e-04 0.000000000000000000e+00
9.993448977923220511e-01 2.592588378907782347e-05 4.657409753755775780e-31 1.158370892471708406e-31 6.291763238889273510e-04 0.000000000000000000e+00
9.993448977923220511e-01 2.592588378907782347e-05 4.657409753755775780e-31 1.158370892471708406e-31 6.291763238889273510e-04 0.000000000000000000e+00
9.993448977923220511e-01 2.592588378907782347e-05 4.657409753755775780e-31 1.158370892471708406e-31 6.291763238889273510e-04 0.000000000000000000e+00
9.993448977923220511e-01 2.592588378907782347e-05 4.657409753755775780e-31 1.158370892471708406e-31 6.291763238889273510e-04 0.000000000000000000e+00
9.993448977923220511e-01 2.592588378907782347e-05 4.657409753755775780e-31 1.158370892471708406e-31 6.291763238889273510e-04 0.000000000000000000e+00
9.993448977923220511e-01 2.592588378907782347e-05 4.657409753755775780e-31 1.158370892471708406e-31 6.291763238889273510e-04 0.000000000000000000e+00
9.993448977923220511e-01 2.592588378907782347e-05 4.657409753755775780e-31 1.158370892471708406e-31 6.291763238889273510e-04 0.000000000000000000e+00
9.993448977923220511e-01 2.592588378907782347e-05 4.657409753755775780e-31 1.158370892471708406e-31 6.291763238889273510e-04 0.000000000000000000e+00
9.993448977923220511e-01 2.592588378907782347e-05 4.657409753755775780e-31 1.158370892471708406e-31 6.291763238889273510e-04 0.000000000000000000e+00
9.993448977923220511e-01 2.592588378907782347e-05 4.657409753755775780e-31 1.158370892471708406e-31 6.291763238889273510e-04 0.000000000000000000e+00
9.993448977923220511e-01 2.592588378907782347e-05 4.657409753755775780e-31 1.158370892471708406e-31 6.291763238889273510e-04 0.000000000000000000e+00
9.993448977923220511e-01 2.592588378907782347e-05 4.657409753755775780e-31 1.158370892471708406e-31 6.291763238889273510e-04 0.000000000000000000e+00
9.993448977923220511e-01 2.592588378907782347e-05 4.657409753755775780e-31 1.158370892471708406e-31 6.291763238889273510e-04 0.000000000000000000e+00
9.993448977923220511e-01 2.592588378907782347e-05 4.657409753755775780e-31 1.158370892471708406e-31 6.291763238889273510e-04 0.000000000000000000e+00
9.993448977923220511e-01 2.592588378907782347e-05 4.657409753755775780e-31 1.158370892471708406e-31 6.291763238889273510e-04 0.000000000000000000e+00
9.993448977923220511e-01 2.592588378907782347e-05 4.657409753755775780e-31 1.158370892471708406e-31 6.291763238889273510e-04 0.000000000000000000e+00
9.993448977923220511e-01 2.592588378907782347e-05 4.657409753755775780e-31 1.158370892471708406e-31 6.291763238889273510e-04 0.000000000000000000e+00
9.993448977923220511e-01 2.592588378907782347e-05 4.657409753755775780e-31 1.158370892471708406e-31 6.291763238889273510e-04 0.000000000000000000e+00
9.993448977923220511e-01 2.592588378907782347e-05 4.657409753755775780e-31 1.158370892471708406e-31 6.291763238889273510e-04 0.000000000000000000e+00
9.993448977923220511e-01 2.592588378907782347e-05 4.657409753755775780e-31 1.158370892471708406e-31 6.291763238889273510e-04 0.000000000000000000e+00
9.993448977923220511e-01 2.592588378907782347e-05 4.657409753755775780e-31 1.158370892471708406e-31 6.291763238889273510e-04 0.000000000000000000e+00
9.993448977923220511e-01 2.592588378907782347e-05 4.657409753755775780e-31 1.158370892471708406e-31 6.291763238889273510e-04 0.000000000000000000e+00
9.993448977923220511e-01 2.592588378907782347e-05 4.657409753755775780e-31 1.158370892471708406e-31 6.291763238889273510e-04 0.000000000000000000e+00
