8.291699796791605070e-01 1.703080872800378232e-01 3.386162818065065947e-14 1.546252696783187790e-13 5.219330406131809279e-04 0.000000000000000000e+00
8.291699065371358479e-01 1.703081602787943349e-01 2.347789007288117025e-14 1.156586208800300573e-13 5.219331839298921825e-04 0.000000000000000000e+00
8.291699065371359589e-01 1.703081602787943349e-01 1.483888285758574693e-14 8.038131952292730154e-14 5.219331839742286788e-04 0.000000000000000000e+00
8.291699065371357369e-01 1.703081602787943349e-01 9.306962269534775254e-15 5.551844391076184145e-14 5.219331840045035066e-04 0.000000000000000000e+00
8.291699065371358479e-01 1.703081602787943349e-01 5.796984898884569302e-15 3.813164591794227627e-14 5.219331840258112235e-04 0.000000000000000000e+00
8.291699065371357369e-01 1.703081602787943349e-01 3.581487720987126264e-15 2.601833329514407153e-14 5.219331840399634229e-04 0.000000000000000000e+00
8.291699065371357369e-01 1.703081602787943349e-01 2.197466120625706817e-15 1.765417251095318755e-14 5.219331840499410102e-04 0.000000000000000000e+00
8.291699065371359589e-01 1.703081602787943905e-01 1.336935052976735556e-15 1.189732366246777222e-14 5.219331840564596673e-04 0.000000000000000000e+00
8.291699065371359589e-01 1.703081602787943905e-01 8.076167292859481487e-16 7.971713038866806598e-15 5.219331840610106060e-04 0.000000000000000000e+00
8.291699065371358479e-01 1.703081602787943349e-01 4.837275399427777284e-16 5.304742491301662143e-15 5.219331840639748147e-04 0.000000000000000000e+00
8.291699065371358479e-01 1.703081602787943349e-01 2.875412797877742304e-16 3.508431732866404375e-15 5.219331840659938160e-04 0.000000000000000000e+00
8.291699065371358479e-01 1.703081602787943349e-01 1.695137229039857893e-16 2.304922348576225540e-15 5.219331840673258668e-04 0.000000000000000000e+00
8.291699065371357369e-01 1.703081602787943349e-01 9.910025103286830596e-17 1.504047507703615561e-15 5.219331840681963727e-04 0.000000000000000000e+00
8.291699065371358479e-01 1.703081602787943349e-01 5.749213657222242298e-17 9.753712736832022940e-16 5.219331840687856366e-04 0.000000000000000000e+00
8.291699065371357369e-01 1.703081602787943349e-01 3.303885830294816664e-17 6.276969713486074916e-16 5.219331840691501453e-04 0.000000000000000000e+00
8.291699065371358479e-01 1.703081602787943349e-01 1.883514706515604909e-17 4.013493966504657947e-16 5.219331840693934403e-04 0.000000000000000000e+00
8.291699065371358479e-01 1.703081602787943349e-01 1.064845728617173122e-17 2.548961408523918825e-16 5.219331840695524928e-04 0.000000000000000000e+00
8.291699065371358479e-01 1.703081602787943349e-01 5.962224345803895809e-18 1.606242430954985103e-16 5.219331840696501794e-04 0.000000000000000000e+00
8.291699065371358479e-01 1.703081602787943349e-01 3.310422366877421063e-18 1.005333984506122937e-16 5.219331840697137136e-04 0.000000000000000000e+00
8.291699065371357369e-01 1.703081602787943349e-01 1.822458092453903964e-18 6.249093427261178098e-17 5.219331840697548049e-04 0.000000000000000000e+00
8.291699065371357369e-01 1.703081602787943349e-01 9.933140381874595446e-19 3.853096956399628662e-17 5.219331840697787658e-04 0.000000000000000000e+00
8.291699065371358479e-01 1.703081602787943349e-01 5.365183022998900324e-19 2.358434105180863579e-17 5.219331840697942699e-04 0.000000000000000000e+00
8.291699065371358479e-01 1.703081602787943349e-01 2.871989605295674450e-19 1.433123616007689731e-17 5.219331840698044614e-04 0.000000000000000000e+00
8.291699065371358479e-01 1.703081602787943349e-01 1.523402091417405332e-19 8.644408568344232268e-18 5.219331840698103160e-04 0.000000000000000000e+00
8.291699065371359589e-01 1.703081602787943905e-01 7.996439568707209824e-20 5.170194924161288181e-18 5.219331840698140023e-04 0.000000000000000000e+00
8.291699065371358479e-01 1.703081602787943349e-01 4.156971109344008206e-20 3.068171660286429067e-18 5.219331840698161707e-04 0.000000000000000000e+00
8.291699065371358479e-01 1.703081602787943905e-01 2.140335321423938286e-20 1.806651730873420477e-18 5.219331840698172549e-04 0.000000000000000000e+00
8.291699065371358479e-01 1.703081602787943349e-01 1.091266191410560417e-20 1.055421431291373683e-18 5.219331840698183391e-04 0.000000000000000000e+00
8.291699065371358479e-01 1.703081602787943349e-01 5.508712625841844401e-21 6.116096650828317785e-19 5.219331840698183391e-04 0.000000000000000000e+00
8.291699065371358479e-01 1.703081602787943905e-01 2.751931469609082231e-21 3.514436630866584919e-19 5.219331840698188812e-04 0.000000000000000000e+00
8.291699065371358479e-01 1.703081602787943349e-01 1.359575236062890826e-21 2.001405972343332751e-19 5.219331840698188812e-04 0.000000000000000000e+00
8.291699065371358479e-01 1.703081602787943349e-01 6.647172345092623795e-22 1.130178815171099303e-19 5.219331840698188812e-04 0.000000000000000000e+00
8.291699065371359589e-01 1.703081602787943349e-01 3.215630941807606044e-22 6.327508838416807101e-20 5.219331840698188812e-04 0.000000000000000000e+00
8.291699065371358479e-01 1.703081602787943349e-01 1.538927252645340489e-22 3.511824120921977350e-20 5.219331840698188812e-04 0.000000000000000000e+00
8.291699065371358479e-01 1.703081602787943349e-01 7.284828883231908884e-23 1.931913411701194044e-20 5.219331840698188812e-04 0.000000000000000000e+00
8.291699065371357369e-01 1.703081602787943349e-01 3.410290902467180848e-23 1.053255187270006968e-20 5.219331840698188812e-04 0.000000000000000000e+00
8.291699065371358479e-01 1.703081602787943349e-01 1.578513505739790517e-23 5.689847750148653908e-21 5.219331840698188812e-04 0.000000000000000000e+00
8.291699065371358479e-01 1.703081602787943905e-01 7.222886737795342548e-24 3.045260281384156273e-21 5.219331840698188812e-04 0.000000000000000000e+00
8.291699065371358479e-01 1.703081602787943349e-01 3.266669315289196341e-24 1.614525868279326128e-21 5.219331840698188812e-04 0.000000000000000000e+00
8.291699065371358479e-01 1.703081602787943905e-01 1.460017859676427578e-24 8.478185560114517886e-22 5.219331840698188812e-04 0.000000000000000000e+00
8.291699065371359589e-01 1.703081602787943349e-01 6.447588663738221497e-25 4.408991608003905683e-22 5.219331840698188812e-04 0.000000000000000000e+00
8.291699065371357369e-01 1.703081602787943349e-01 2.812880117752413080e-25 2.270366897236413239e-22 5.219331840698188812e-04 0.000000000000000000e+00
8.291699065371358479e-01 1.703081602787943349e-01 1.212131753341466115e-25 1.157487534707573558e-22 5.219331840698188812e-04 0.000000000000000000e+00
8.291699065371358479e-01 1.703081602787943349e-01 5.158516584053104167e-26 5.841771803199500651e-23 5.219331840698188812e-04 0.000000000000000000e+00
8.291699065371358479e-01 1.703081602787943349e-01 2.167754357579009265e-26 2.918280693035690432e-23 5.219331840698188812e-04 0.000000000000000000e+00
8.291699065371358479e-01 1.703081602787943349e-01 8.993691777772284424e-27 1.442808892692447646e-23 5.219331840698188812e-04 0.000000000000000000e+00
8.291699065371358479e-01 1.703081602787943349e-01 3.682689941537982120e-27 7.057853777530956414e-24 5.219331840698188812e-04 0.000000000000000000e+00
8.291699065371358479e-01 1.703081602787943349e-01 1.487912980720256330e-27 3.415274083397556908e-24 5.219331840698188812e-04 0.000000000000000000e+00
8.291699065371358479e-01 1.703081602787943349e-01 5.930881542057650167e-28 1.634639893472879258e-24 5.219331840698188812e-04 0.000000000000000000e+00
8.291699065371358479e-01 1.703081602787943349e-01 2.332059916280387118e-28 7.737863997155259714e-25 5.219331840698188812e-04 0.000000000000000000e+00
8.291699065371357369e-01 1.703081602787943349e-01 1.035528087060010937e-28 4.037268797096013609e-25 5.219331840698188812e-04 0.000000000000000000e+00
8.291699065371357369e-01 1.703081602787943349e-01 1.035528087060010937e-28 4.037268797096013609e-25 5.219331840698188812e-04 0.000000000000000000e+00
8.291699065371357369e-01 1.703081602787943349e-01 1.035528087060010937e-28 4.037268797096013609e-25 5.219331840698188812e-04 0.000000000000000000e+00
8.291699065371357369e-01 1.703081602787943349e-01 1.035528087060010937e-28 4.037268797096013609e-25 5.219331840698188812e-04 0.000000000000000000e+00
8.291699065371357369e-01 1.703081602787943349e-01 1.035528087060010937e-28 4.037268797096013609e-25 5.219331840698188812e-04 0.000000000000000000e+00
8.291699065371357369e-01 1.703081602787943349e-01 1.035528087060010937e-28 4.037268797096013609e-25 5.219331840698188812e-04 0.000000000000000000e+00
8.291699065371357369e-01 1.703081602787943349e-01 1.035528087060010937e-28 4.037268797096013609e-25 5.219331840698188812e-04 0.000000000000000000e+00
8.291699065371357369e-01 1.703081602787943349e-01 1.035528087060010937e-28 4.037268797096013609e-25 5.219331840698188812e-04 0.000000000000000000e+00
8.291699065371357369e-01 1.703081602787943349e-01 1.035528087060010937e-28 4.037268797096013609e-25 5.219331840698188812e-04 0.000000000000000000e+00
8.291699065371357369e-01 1.703081602787943349e-01 1.035528087060010937e-28 4.037268797096013609e-25 5.219331840698188812e-04 0.000000000000000000e+00
8.291699065371357369e-01 1.703081602787943349e-01 1.035528087060010937e-28 4.037268797096013609e-25 5.219331840698188812e-04 0.000000000000000000e+00
8.291699065371357369e-01 1.703081602787943349e-01 1.035528087060010937e-28 4.037268797096013609e-25 5.219331840698188812e-04 0.000000000000000000e+00
8.291699065371357369e-01 1.703081602787943349e-01 1.035528087060010937e-28 4.037268797096013609e-25 5.219331840698188812e-04 0.000000000000000000e+00
8.291699065371357369e-01 1.703081602787943349e-01 1.035528087060010937e-28 4.037268797096013609e-25 5.219331840698188812e-04 0.000000000000000000e+00
8.291699065371357369e-01 1.703081602787943349e-01 1.035528087060010937e-28 4.037268797096013609e-25 5.219331840698188812e-04 0.000000000000000000e+00
8.291699065371357369e-01 1.703081602787943349e-01 1.035528087060010937e-28 4.037268797096013609e-25 5.219331840698188812e-04 0.000000000000000000e+00
8.291699065371357369e-01 1.703081602787943349e-01 1.035528087060010937e-28 4.037268797096013609e-25 5.219331840698188812e-04 0.000000000000000000e+00
8.291699065371357369e-01 1.703081602787943349e-01 1.035528087060010937e-28 4.037268797096013609e-25 5.219331840698188812e-04 0.000000000000000000e+00
8.291699065371357369e-01 1.703081602787943349e-01 1.035528087060010937e-28 4.037268797096013609e-25 5.219331840698188812e-04 0.000000000000000000e+00
8.291699065371357369e-01 1.703081602787943349e-01 1.035528087060010937e-28 4.037268797096013609e-25 5.219331840698188812e-04 0.000000000000000000e+00
8.291699065371357369e-01 1.703081602787943349e-01 1.035528087060010937e-28 4.037268797096013609e-25 5.219331840698188812e-04 0.000000000000000000e+00
8.291699065371357369e-01 1.703081602787943349e-01 1.035528087060010937e-28 4.037268797096013609e-25 5.219331840698188812e-04 0.000000000000000000e+00
8.291699065371357369e-01 1.703081602787943349e-01 1.035528087060010937e-28 4.037268797096013609e-25 5.219331840698188812e-04 0.000000000000000000e+00
8.291699065371357369e-01 1.703081602787943349e-01 1.035528087060010937e-28 4.037268797096013609e-25 5.219331840698188812e-04 0.000000000000000000e+00
8.291699065371357369e-01 1.703081602787943349e-01 1.035528087060010937e-28 4.037268797096013609e-25 5.219331840698188812e-04 0.000000000000000000e+00
8.291699065371357369e-01 1.703081602787943349e-01 1.035528087060010937e-28 4.037268797096013609e-25 5.219331840698188812e-04 0.000000000000000000e+00
8.291699065371357369e-01 1.703081602787943349e-01 1.035528087060010937e-28 4.037268797096013609e-25 5.219331840698188812e-04 0.000000000000000000e+00
8.291699065371357369e-01 1.703081602787943349e-01 1.035528087060010937e-28 4.037268797096013609e-25 5.219331840698188812e-04 0.000000000000000000e+00
8.291699065371357369e-01 1.703081602787943349e-01 1.035528087060010937e-28 4.037268797096013609e-25 5.219331840698188812e-04 0.000000000000000000e+00
8.291699065371357369e-01 1.703081602787943349e-01 1.035528087060010937e-28 4.037268797096013609e-25 5.219331840698188812e-04 0.000000000000000000e+00
8.291699065371357369e-01 1.703081602787943349e-01 1.035528087060010937e-28 4.037268797096013609e-25 5.219331840698188812e-04 0.000000000000000000e+00
8.291699065371357369e-01 1.703081602787943349e-01 1.035528087060010937e-28 4.037268797096013609e-25 5.219331840698188812e-04 0.000000000000000000e+00
8.291699065371357369e-01 1.703081602787943349e-01 1.035528087060010937e-28 4.037268797096013609e-25 5.219331840698188812e-04 0.000000000000000000e+00
8.291699065371357369e-01 1.703081602787943349e-01 1.035528087060010937e-28 4.037268797096013609e-25 5.219331840698188812e-04 0.000000000000000000e+00
8.291699065371357369e-01 1.703081602787943349e-01 1.035528087060010937e-28 4.037268797096013609e-25 5.219331840698188812e-04 0.000000000000000000e+00
8.291699065371357369e-01 1.703081602787943349e-01 1.035528087060010937e-28 4.037268797096013609e-25 5.219331840698188812e-04 0.000000000000000000e+00
8.291699065371357369e-01 1.703081602787943349e-01 1.035528087060010937e-28 4.037268797096013609e-25 5.219331840698188812e-04 0.000000000000000000e+00
8.291699065371357369e-01 1.703081602787943349e-01 1.035528087060010937e-28 4.037268797096013609e-25 5.219331840698188812e-04 0.000000000000000000e+00
8.291699065371357369e-01 1.703081602787943349e-01 1.035528087060010937e-28 4.037268797096013609e-25 5.219331840698188812e-04 0.000000000000000000e+00
8.291699065371357369e-01 1.703081602787943349e-01 1.035528087060010937e-28 4.037268797096013609e-25 5.219331840698188812e-04 0.000000000000000000e+00
8.291699065371357369e-01 1.703081602787943349e-01 1.035528087060010937e-28 4.037268797096013609e-25 5.219331840698188812e-04 0.000000000000000000e+00
8.291699065371357369e-01 1.703081602787943349e-01 1.035528087060010937e-28 4.037268797096013609e-25 5.219331840698188812e-04 0.000000000000000000e+00
8.291699065371357369e-01 1.703081602787943349e-01 1.035528087060010937e-28 4.037268797096013609e-25 5.219331840698188812e-04 0.000000000000000000e+00
8.291699065371357369e-01 1.703081602787943349e-01 1.035528087060010937e-28 4.037268797096013609e-25 5.219331840698188812e-04 0.000000000000000000e+00
8.291699065371357369e-01 1.703081602787943349e-01 1.035528087060010937e-28 4.037268797096013609e-25 5.219331840698188812e-04 0.000000000000000000e+00
8.291699065371357369e-01 1.703081602787943349e-01 1.035528087060010937e-28 4.037268797096013609e-25 5.219331840698188812e-04 0.000000000000000000e+00
8.291699065371357369e-01 1.703081602787943349e-01 1.035528087060010937e-28 4.037268797096013609e-25 5.219331840698188812e-04 0.000000000000000000e+00
8.291699065371357369e-01 1.703081602787943349e-01 1.035528087060010937e-28 4.037268797096013609e-25 5.219331840698188812e-04 0.000000000000000000e+00
8.291699065371357369e-01 1.703081602787943349e-01 1.035528087060010937e-28 4.037268797096013609e-25 5.219331840698188812e-04 0.000000000000000000e+00
8.291699065371357369e-01 1.703081602787943349e-01 1.035528087060010937e-28 4.037268797096013609e-25 5.219331840698188812e-04 0.000000000000000000e+00
8.291699065371357369e-01 1.703081602787943349e-01 1.035528087060010937e-28 4.037268797096013609e-25 5.219331840698188812e-04 0.000000000000000000e+00
8.291699065371357369e-01 1.703081602787943349e-01 1.035528087060010937e-28 4.037268797096013609e-25 5.219331840698188812e-04 0.000000000000000000e+00
8.291699065371357369e-01 1.703081602787943349e-01 1.035528087060010937e-28 4.037268797096013609e-25 5.219331840698188812e-04 0.000000000000000000e+00
8.291699065371357369e-01 1.703081602787943349e-01 1.035528087060010937e-28 4.037268797096013609e-25 5.219331840698188812e-04 0.000000000000000000e+00
8.291699065371357369e-01 1.703081602787943349e-01 1.035528087060010937e-28 4.037268797096013609e-25 5.219331840698188812e-04 0.000000000000000000e+00
8.291699065371357369e-01 1.703081602787943349e-01 1.035528087060010937e-28 4.037268797096013609e-25 5.219331840698188812e-04 0.000000000000000000e+00
8.291699065371357369e-01 1.703081602787943349e-01 1.035528087060010937e-28 4.037268797096013609e-25 5.219331840698188812e-04 0.000000000000000000e+00
8.291699065371357369e-01 1.703081602787943349e-01 1.035528087060010937e-28 4.037268797096013609e-25 5.219331840698188812e-04 0.000000000000000000e+00
8.291699065371357369e-01 1.703081602787943349e-01 1.035528087060010937e-28 4.037268797096013609e-25 5.219331840698188812e-04 0.000000000000000000e+00
8.291699065371357369e-01 1.703081602787943349e-01 1.035528087060010937e-28 4.037268797096013609e-25 5.219331840698188812e-04 0.000000000000000000e+00
8.291699065371357369e-01 1.703081602787943349e-01 1.035528087060010937e-28 4.037268797096013609e-25 5.219331840698188812e-04 0.000000000000000000e+00
8.291699065371357369e-01 1.703081602787943349e-01 1.035528087060010937e-28 4.037268797096013609e-25 5.219331840698188812e-04 0.000000000000000000e+00
8.291699065371357369e-01 1.703081602787943349e-01 1.035528087060010937e-28 4.037268797096013609e-25 5.219331840698188812e-04 0.000000000000000000e+00
8.291699065371357369e-01 1.703081602787943349e-01 1.035528087060010937e-28 4.037268797096013609e-25 5.219331840698188812e-04 0.000000000000000000e+00
8.291699065371357369e-01 1.703081602787943349e-01 1.035528087060010937e-28 4.037268797096013609e-25 5.219331840698188812e-04 0.000000000000000000e+00
8.291699065371357369e-01 1.703081602787943349e-01 1.035528087060010937e-28 4.037268797096013609e-25 5.219331840698188812e-04 0.000000000000000000e+00
8.291699065371357369e-01 1.703081602787943349e-01 1.035528087060010937e-28 4.037268797096013609e-25 5.219331840698188812e-04 0.000000000000000000e+00
8.291699065371357369e-01 1.703081602787943349e-01 1.035528087060010937e-28 4.037268797096013609e-25 5.219331840698188812e-04 0.000000000000000000e+00
8.291699065371357369e-01 1.703081602787943349e-01 1.035528087060010937e-28 4.037268797096013609e-25 5.219331840698188812e-04 0.000000000000000000e+00
8.291699065371357369e-01 1.703081602787943349e-01 1.035528087060010937e-28 4.037268797096013609e-25 5.219331840698188812e-04 0.000000000000000000e+00
8.291699065371357369e-01 1.703081602787943349e-01 1.035528087060010937e-28 4.037268797096013609e-25 5.219331840698188812e-04 0.000000000000000000e+00
8.291699065371357369e-01 1.703081602787943349e-01 1.035528087060010937e-28 4.037268797096013609e-25 5.219331840698188812e-04 0.000000000000000000e+00
8.291699065371357369e-01 1.703081602787943349e-01 1.035528087060010937e-28 4.037268797096013609e-25 5.219331840698188812e-04 0.000000000000000000e+00
8.291699065371357369e-01 1.703081602787943349e-01 1.035528087060010937e-28 4.037268797096013609e-25 5.219331840698188812e-04 0.000000000000000000e+00
8.291699065371357369e-01 1.703081602787943349e-01 1.035528087060010937e-28 4.037268797096013609e-25 5.219331840698188812e-04 0.000000000000000000e+00
8.291699065371357369e-01 1.703081602787943349e-01 1.035528087060010937e-28 4.037268797096013609e-25 5.219331840698188812e-04 0.000000000000000000e+00
8.291699065371357369e-01 1.703081602787943349e-01 1.035528087060010937e-28 4.037268797096013609e-25 5.219331840698188812e-04 0.000000000000000000e+00
8.291699065371357369e-01 1.703081602787943349e-01 1.035528087060010937e-28 4.037268797096013609e-25 5.219331840698188812e-04 0.000000000000000000e+00
8.291699065371357369e-01 1.703081602787943349e-01 1.035528087060010937e-28 4.037268797096013609e-25 5.219331840698188812e-04 0.000000000000000000e+00
8.291699065371357369e-01 1.703081602787943349e-01 1.035528087060010937e-28 4.037268797096013609e-25 5.219331840698188812e-04 0.000000000000000000e+00
8.291699065371357369e-01 1.703081602787943349e-01 1.035528087060010937e-28 4.037268797096013609e-25 5.219331840698188812e-04 0.000000000000000000e+00
8.291699065371357369e-01 1.703081602787943349e-01 1.035528087060010937e-28 4.037268797096013609e-25 5.219331840698188812e-04 0.000000000000000000e+00
8.291699065371357369e-01 1.703081602787943349e-01 1.035528087060010937e-28 4.037268797096013609e-25 5.219331840698188812e-04 0.000000000000000000e+00
8.291699065371357369e-01 1.703081602787943349e-01 1.035528087060010937e-28 4.037268797096013609e-25 5.219331840698188812e-04 0.000000000000000000e+00
8.291699065371357369e-01 1.703081602787943349e-01 1.035528087060010937e-28 4.037268797096013609e-25 5.219331840698188812e-04 0.000000000000000000e+00
8.291699065371357369e-01 1.703081602787943349e-01 1.035528087060010937e-28 4.037268797096013609e-25 5.219331840698188812e-04 0.000000000000000000e+00
8.291699065371357369e-01 1.703081602787943349e-01 1.035528087060010937e-28 4.037268797096013609e-25 5.219331840698188812e-04 0.000000000000000000e+00
8.291699065371357369e-01 1.703081602787943349e-01 1.035528087060010937e-28 4.037268797096013609e-25 5.219331840698188812e-04 0.000000000000000000e+00
8.291699065371357369e-01 1.703081602787943349e-01 1.035528087060010937e-28 4.037268797096013609e-25 5.219331840698188812e-04 0.000000000000000000e+00
8.291699065371357369e-01 1.703081602787943349e-01 1.035528087060010937e-28 4.037268797096013609e-25 5.219331840698188812e-04 0.000000000000000000e+00
8.291699065371357369e-01 1.703081602787943349e-01 1.035528087060010937e-28 4.037268797096013609e-25 5.219331840698188812e-04 0.000000000000000000e+00
8.291699065371357369e-01 1.703081602787943349e-01 1.035528087060010937e-28 4.037268797096013609e-25 5.219331840698188812e-04 0.000000000000000000e+00
8.291699065371357369e-01 1.703081602787943349e-01 1.035528087060010937e-28 4.037268797096013609e-25 5.219331840698188812e-04 0.000000000000000000e+00
8.291699065371357369e-01 1.703081602787943349e-01 1.035528087060010937e-28 4.037268797096013609e-25 5.219331840698188812e-04 0.000000000000000000e+00
8.291699065371357369e-01 1.703081602787943349e-01 1.035528087060010937e-28 4.037268797096013609e-25 5.219331840698188812e-04 0.000000000000000000e+00
8.291699065371357369e-01 1.703081602787943349e-01 1.035528087060010937e-28 4.037268797096013609e-25 5.219331840698188812e-04 0.000000000000000000e+00
8.291699065371357369e-01 1.703081602787943349e-01 1.035528087060010937e-28 4.037268797096013609e-25 5.219331840698188812e-04 0.000000000000000000e+00
8.291699065371357369e-01 1.703081602787943349e-01 1.035528087060010937e-28 4.037268797096013609e-25 5.219331840698188812e-04 0.000000000000000000e+00
8.291699065371357369e-01 1.703081602787943349e-01 1.035528087060010937e-28 4.037268797096013609e-25 5.219331840698188812e-04 0.000000000000000000e+00
8.291699065371357369e-01 1.703081602787943349e-01 1.035528087060010937e-28 4.037268797096013609e-25 5.219331840698188812e-04 0.000000000000000000e+00
8.291699065371357369e-01 1.703081602787943349e-01 1.035528087060010937e-28 4.037268797096013609e-25 5.219331840698188812e-04 0.000000000000000000e+00
8.291699065371357369e-01 1.703081602787943349e-01 1.035528087060010937e-28 4.037268797096013609e-25 5.219331840698188812e-04 0.000000000000000000e+00
8.291699065371357369e-01 1.703081602787943349e-01 1.035528087060010937e-28 4.037268797096013609e-25 5.219331840698188812e-04 0.000000000000000000e+00
8.291699065371357369e-01 1.703081602787943349e-01 1.035528087060010937e-28 4.037268797096013609e-25 5.219331840698188812e-04 0.000000000000000000e+00
8.291699065371357369e-01 1.703081602787943349e-01 1.035528087060010937e-28 4.037268797096013609e-25 5.219331840698188812e-04 0.000000000000000000e+00
8.291699065371357369e-01 1.703081602787943349e-01 1.035528087060010937e-28 4.037268797096013609e-25 5.219331840698188812e-04 0.000000000000000000e+00
8.291699065371357369e-01 1.703081602787943349e-01 1.035528087060010937e-28 4.037268797096013609e-25 5.219331840698188812e-04 0.000000000000000000e+00
8.291699065371357369e-01 1.703081602787943349e-01 1.035528087060010937e-28 4.037268797096013609e-25 5.219331840698188812e-04 0.000000000000000000e+00
8.291699065371357369e-01 1.703081602787943349e-01 1.035528087060010937e-28 4.037268797096013609e-25 5.219331840698188812e-04 0.000000000000000000e+00
8.291699065371357369e-01 1.703081602787943349e-01 1.035528087060010937e-28 4.037268797096013609e-25 5.219331840698188812e-04 0.000000000000000000e+00
8.291699065371357369e-01 1.703081602787943349e-01 1.035528087060010937e-28 4.037268797096013609e-25 5.219331840698188812e-04 0.000000000000000000e+00
8.291699065371357369e-01 1.703081602787943349e-01 1.035528087060010937e-28 4.037268797096013609e-25 5.219331840698188812e-04 0.000000000000000000e+00
8.291699065371357369e-01 1.703081602787943349e-01 1.035528087060010937e-28 4.037268797096013609e-25 5.219331840698188812e-04 0.000000000000000000e+00
8.291699065371357369e-01 1.703081602787943349e-01 1.035528087060010937e-28 4.037268797096013609e-25 5.219331840698188812e-04 0.000000000000000000e+00
8.291699065371357369e-01 1.703081602787943349e-01 1.035528087060010937e-28 4.037268797096013609e-25 5.219331840698188812e-04 0.000000000000000000e+00
8.291699065371357369e-01 1.703081602787943349e-01 1.035528087060010937e-28 4.037268797096013609e-25 5.219331840698188812e-04 0.000000000000000000e+00
8.291699065371357369e-01 1.703081602787943349e-01 1.035528087060010937e-28 4.037268797096013609e-25 5.219331840698188812e-04 0.000000000000000000e+00
8.291699065371357369e-01 1.703081602787943349e-01 1.035528087060010937e-28 4.037268797096013609e-25 5.219331840698188812e-04 0.000000000000000000e+00
8.291699065371357369e-01 1.703081602787943349e-01 1.035528087060010937e-28 4.037268797096013609e-25 5.219331840698188812e-04 0.000000000000000000e+00
8.291699065371357369e-01 1.703081602787943349e-01 1.035528087060010937e-28 4.037268797096013609e-25 5.219331840698188812e-04 0.000000000000000000e+00
8.291699065371357369e-01 1.703081602787943349e-01 1.035528087060010937e-28 4.037268797096013609e-25 5.219331840698188812e-04 0.000000000000000000e+00
8.291699065371357369e-01 1.703081602787943349e-01 1.035528087060010937e-28 4.037268797096013609e-25 5.219331840698188812e-04 0.000000000000000000e+00
8.291699065371357369e-01 1.703081602787943349e-01 1.035528087060010937e-28 4.037268797096013609e-25 5.219331840698188812e-04 0.000000000000000000e+00
8.291699065371357369e-01 1.703081602787943349e-01 1.035528087060010937e-28 4.037268797096013609e-25 5.219331840698188812e-04 0.000000000000000000e+00
8.291699065371357369e-01 1.703081602787943349e-01 1.035528087060010937e-28 4.037268797096013609e-25 5.219331840698188812e-04 0.000000000000000000e+00
8.291699065371357369e-01 1.703081602787943349e-01 1.035528087060010937e-28 4.037268797096013609e-25 5.219331840698188812e-04 0.000000000000000000e+00
8.291699065371357369e-01 1.703081602787943349e-01 1.035528087060010937e-28 4.037268797096013609e-25 5.219331840698188812e-04 0.000000000000000000e+00
8.291699065371357369e-01 1.703081602787943349e-01 1.035528087060010937e-28 4.037268797096013609e-25 5.219331840698188812e-04 0.000000000000000000e+00
8.291699065371357369e-01 1.703081602787943349e-01 1.035528087060010937e-28 4.037268797096013609e-25 5.219331840698188812e-04 0.000000000000000000e+00
8.291699065371357369e-01 1.703081602787943349e-01 1.035528087060010937e-28 4.037268797096013609e-25 5.219331840698188812e-04 0.000000000000000000e+00
8.291699065371357369e-01 1.703081602787943349e-01 1.035528087060010937e-28 4.037268797096013609e-25 5.219331840698188812e-04 0.000000000000000000e+00
8.291699065371357369e-01 1.703081602787943349e-01 1.035528087060010937e-28 4.037268797096013609e-25 5.219331840698188812e-04 0.000000000000000000e+00
8.291699065371357369e-01 1.703081602787943349e-01 1.035528087060010937e-28 4.037268797096013609e-25 5.219331840698188812e-04 0.000000000000000000e+00
8.291699065371357369e-01 1.703081602787943349e-01 1.035528087060010937e-28 4.037268797096013609e-25 5.219331840698188812e-04 0.000000000000000000e+00
8.291699065371357369e-01 1.703081602787943349e-01 1.035528087060010937e-28 4.037268797096013609e-25 5.219331840698188812e-04 0.000000000000000000e+00
8.291699065371357369e-01 1.703081602787943349e-01 1.035528087060010937e-28 4.037268797096013609e-25 5.219331840698188812e-04 0.000000000000000000e+00
8.291699065371357369e-01 1.703081602787943349e-01 1.035528087060010937e-28 4.037268797096013609e-25 5.219331840698188812e-04 0.000000000000000000e+00
8.291699065371357369e-01 1.703081602787943349e-01 1.035528087060010937e-28 4.037268797096013609e-25 5.219331840698188812e-04 0.000000000000000000e+00
8.291699065371357369e-01 1.703081602787943349e-01 1.035528087060010937e-28 4.037268797096013609e-25 5.219331840698188812e-04 0.000000000000000000e+00
8.291699065371357369e-01 1.703081602787943349e-01 1.035528087060010937e-28 4.037268797096013609e-25 5.219331840698188812e-04 0.000000000000000000e+00
8.291699065371357369e-01 1.703081602787943349e-01 1.035528087060010937e-28 4.037268797096013609e-25 5.219331840698188812e-04 0.000000000000000000e+00
8.291699065371357369e-01 1.703081602787943349e-01 1.035528087060010937e-28 4.037268797096013609e-25 5.219331840698188812e-04 0.000000000000000000e+00
8.291699065371357369e-01 1.703081602787943349e-01 1.035528087060010937e-28 4.037268797096013609e-25 5.219331840698188812e-04 0.000000000000000000e+00
8.291699065371357369e-01 1.703081602787943349e-01 1.035528087060010937e-28 4.037268797096013609e-25 5.219331840698188812e-04 0.000000000000000000e+00
8.291699065371357369e-01 1.703081602787943349e-01 1.035528087060010937e-28 4.037268797096013609e-25 5.219331840698188812e-04 0.000000000000000000e+00
8.291699065371357369e-01 1.703081602787943349e-01 1.035528087060010937e-28 4.037268797096013609e-25 5.219331840698188812e-04 0.000000000000000000e+00
8.291699065371357369e-01 1.703081602787943349e-01 1.035528087060010937e-28 4.037268797096013609e-25 5.219331840698188812e-04 0.000000000000000000e+00
8.291699065371357369e-01 1.703081602787943349e-01 1.035528087060010937e-28 4.037268797096013609e-25 5.219331840698188812e-04 0.000000000000000000e+00
8.291699065371357369e-01 1.703081602787943349e-01 1.035528087060010937e-28 4.037268797096013609e-25 5.219331840698188812e-04 0.000000000000000000e+00
8.291699065371357369e-01 1.703081602787943349e-01 1.035528087060010937e-28 4.037268797096013609e-25 5.219331840698188812e-04 0.000000000000000000e+00
8.291699065371357369e-01 1.703081602787943349e-01 1.035528087060010937e-28 4.037268797096013609e-25 5.219331840698188812e-04 0.000000000000000000e+00
8.291699065371357369e-01 1.703081602787943349e-01 1.035528087060010937e-28 4.037268797096013609e-25 5.219331840698188812e-04 0.000000000000000000e+00
8.291699065371357369e-01 1.703081602787943349e-01 1.035528087060010937e-28 4.037268797096013609e-25 5.219331840698188812e-04 0.000000000000000000e+00
8.291699065371357369e-01 1.703081602787943349e-01 1.035528087060010937e-28 4.037268797096013609e-25 5.219331840698188812e-04 0.000000000000000000e+00
8.291699065371357369e-01 1.703081602787943349e-01 1.035528087060010937e-28 4.037268797096013609e-25 5.219331840698188812e-04 0.000000000000000000e+00
8.291699065371357369e-01 1.703081602787943349e-01 1.035528087060010937e-28 4.037268797096013609e-25 5.219331840698188812e-04 0.000000000000000000e+00
8.291699065371357369e-01 1.703081602787943349e-01 1.035528087060010937e-28 4.037268797096013609e-25 5.219331840698188812e-04 0.000000000000000000e+00
8.291699065371357369e-01 1.703081602787943349e-01 1.035528087060010937e-28 4.037268797096013609e-25 5.219331840698188812e-04 0.000000000000000000e+00
8.291699065371357369e-01 1.703081602787943349e-01 1.035528087060010937e-28 4.037268797096013609e-25 5.219331840698188812e-04 0.000000000000000000e+00
8.291699065371357369e-01 1.703081602787943349e-01 1.035528087060010937e-28 4.037268797096013609e-25 5.219331840698188812e-04 0.000000000000000000e+00
8.291699065371357369e-01 1.703081602787943349e-01 1.035528087060010937e-28 4.037268797096013609e-25 5.219331840698188812e-04 0.000000000000000000e+00
8.291699065371357369e-01 1.703081602787943349e-01 1.035528087060010937e-28 4.037268797096013609e-25 5.219331840698188812e-04 0.000000000000000000e+00
8.291699065371357369e-01 1.703081602787943349e-01 1.035528087060010937e-28 4.037268797096013609e-25 5.219331840698188812e-04 0.000000000000000000e+00
8.291699065371357369e-01 1.703081602787943349e-01 1.035528087060010937e-28 4.037268797096013609e-25 5.219331840698188812e-04 0.000000000000000000e+00
8.291699065371357369e-01 1.703081602787943349e-01 1.035528087060010937e-28 4.037268797096013609e-25 5.219331840698188812e-04 0.000000000000000000e+00
8.291699065371357369e-01 1.703081602787943349e-01 1.035528087060010937e-28 4.037268797096013609e-25 5.219331840698188812e-04 0.000000000000000000e+00
8.291699065371357369e-01 1.703081602787943349e-01 1.035528087060010937e-28 4.037268797096013609e-25 5.219331840698188812e-04 0.000000000000000000e+00
8.291699065371357369e-01 1.703081602787943349e-01 1.035528087060010937e-28 4.037268797096013609e-25 5.219331840698188812e-04 0.000000000000000000e+00
8.291699065371357369e-01 1.703081602787943349e-01 1.035528087060010937e-28 4.037268797096013609e-25 5.219331840698188812e-04 0.000000000000000000e+00
8.291699065371357369e-01 1.703081602787943349e-01 1.035528087060010937e-28 4.037268797096013609e-25 5.219331840698188812e-04 0.000000000000000000e+00
8.291699065371357369e-01 1.703081602787943349e-01 1.035528087060010937e-28 4.037268797096013609e-25 5.219331840698188812e-04 0.000000000000000000e+00
8.291699065371357369e-01 1.703081602787943349e-01 1.035528087060010937e-28 4.037268797096013609e-25 5.219331840698188812e-04 0.000000000000000000e+00
8.291699065371357369e-01 1.703081602787943349e-01 1.035528087060010937e-28 4.037268797096013609e-25 5.219331840698188812e-04 0.000000000000000000e+00
8.291699065371357369e-01 1.703081602787943349e-01 1.035528087060010937e-28 4.037268797096013609e-25 5.219331840698188812e-04 0.000000000000000000e+00
8.291699065371357369e-01 1.703081602787943349e-01 1.035528087060010937e-28 4.037268797096013609e-25 5.219331840698188812e-04 0.000000000000000000e+00
8.291699065371357369e-01 1.703081602787943349e-01 1.035528087060010937e-28 4.037268797096013609e-25 5.219331840698188812e-04 0.000000000000000000e+00
8.291699065371357369e-01 1.703081602787943349e-01 1.035528087060010937e-28 4.037268797096013609e-25 5.219331840698188812e-04 0.000000000000000000e+00
8.291699065371357369e-01 1.703081602787943349e-01 1.035528087060010937e-28 4.037268797096013609e-25 5.219331840698188812e-04 0.000000000000000000e+00
8.291699065371357369e-01 1.703081602787943349e-01 1.035528087060010937e-28 4.037268797096013609e-25 5.219331840698188812e-04 0.000000000000000000e+00
8.291699065371357369e-01 1.703081602787943349e-01 1.035528087060010937e-28 4.037268797096013609e-25 5.219331840698188812e-04 0.000000000000000000e+00
8.291699065371357369e-01 1.703081602787943349e-01 1.035528087060010937e-28 4.037268797096013609e-25 5.219331840698188812e-04 0.000000000000000000e+00
8.291699065371357369e-01 1.703081602787943349e-01 1.035528087060010937e-28 4.037268797096013609e-25 5.219331840698188812e-04 0.000000000000000000e+00
8.291699065371357369e-01 1.703081602787943349e-01 1.035528087060010937e-28 4.037268797096013609e-25 5.219331840698188812e-04 0.000000000000000000e+00
8.291699065371357369e-01 1.703081602787943349e-01 1.035528087060010937e-28 4.037268797096013609e-25 5.219331840698188812e-04 0.000000000000000000e+00
8.291699065371357369e-01 1.703081602787943349e-01 1.035528087060010937e-28 4.037268797096013609e-25 5.219331840698188812e-04 0.000000000000000000e+00
8.291699065371357369e-01 1.703081602787943349e-01 1.035528087060010937e-28 4.037268797096013609e-25 5.219331840698188812e-04 0.000000000000000000e+00
8.291699065371357369e-01 1.703081602787943349e-01 1.035528087060010937e-28 4.037268797096013609e-25 5.219331840698188812e-04 0.000000000000000000e+00
8.291699065371357369e-01 1.703081602787943349e-01 1.035528087060010937e-28 4.037268797096013609e-25 5.219331840698188812e-04 0.000000000000000000e+00
8.291699065371357369e-01 1.703081602787943349e-01 1.035528087060010937e-28 4.037268797096013609e-25 5.219331840698188812e-04 0.000000000000000000e+00
8.291699065371357369e-01 1.703081602787943349e-01 1.035528087060010937e-28 4.037268797096013609e-25 5.219331840698188812e-04 0.000000000000000000e+00
8.291699065371357369e-01 1.703081602787943349e-01 1.035528087060010937e-28 4.037268797096013609e-25 5.219331840698188812e-04 0.000000000000000000e+00
8.291699065371357369e-01 1.703081602787943349e-01 1.035528087060010937e-28 4.037268797096013609e-25 5.219331840698188812e-04 0.000000000000000000e+00
8.291699065371357369e-01 1.703081602787943349e-01 1.035528087060010937e-28 4.037268797096013609e-25 5.219331840698188812e-04 0.000000000000000000e+00
8.291699065371357369e-01 1.703081602787943349e-01 1.035528087060010937e-28 4.037268797096013609e-25 5.219331840698188812e-04 0.000000000000000000e+00
8.291699065371357369e-01 1.703081602787943349e-01 1.035528087060010937e-28 4.037268797096013609e-25 5.219331840698188812e-04 0.000000000000000000e+00
8.291699065371357369e-01 1.703081602787943349e-01 1.035528087060010937e-28 4.037268797096013609e-25 5.219331840698188812e-04 0.000000000000000000e+00
8.291699065371357369e-01 1.703081602787943349e-01 1.035528087060010937e-28 4.037268797096013609e-25 5.219331840698188812e-04 0.000000000000000000e+00
8.291699065371357369e-01 1.703081602787943349e-01 1.035528087060010937e-28 4.037268797096013609e-25 5.219331840698188812e-04 0.000000000000000000e+00
8.291699065371357369e-01 1.703081602787943349e-01 1.035528087060010937e-28 4.037268797096013609e-25 5.219331840698188812e-04 0.000000000000000000e+00
8.291699065371357369e-01 1.703081602787943349e-01 1.035528087060010937e-28 4.037268797096013609e-25 5.219331840698188812e-04 0.000000000000000000e+00
8.291699065371357369e-01 1.703081602787943349e-01 1.035528087060010937e-28 4.037268797096013609e-25 5.219331840698188812e-04 0.000000000000000000e+00
8.291699065371357369e-01 1.703081602787943349e-01 1.035528087060010937e-28 4.037268797096013609e-25 5.219331840698188812e-04 0.000000000000000000e+00
8.291699065371357369e-01 1.703081602787943349e-01 1.035528087060010937e-28 4.037268797096013609e-25 5.219331840698188812e-04 0.000000000000000000e+00
8.291699065371357369e-01 1.703081602787943349e-01 1.035528087060010937e-28 4.037268797096013609e-25 5.219331840698188812e-04 0.000000000000000000e+00
8.291699065371357369e-01 1.703081602787943349e-01 1.035528087060010937e-28 4.037268797096013609e-25 5.219331840698188812e-04 0.000000000000000000e+00
8.291699065371357369e-01 1.703081602787943349e-01 1.035528087060010937e-28 4.037268797096013609e-25 5.219331840698188812e-04 0.000000000000000000e+00
8.291699065371357369e-01 1.703081602787943349e-01 1.035528087060010937e-28 4.037268797096013609e-25 5.219331840698188812e-04 0.000000000000000000e+00
8.291699065371357369e-01 1.703081602787943349e-01 1.035528087060010937e-28 4.037268797096013609e-25 5.219331840698188812e-04 0.000000000000000000e+00
8.291699065371357369e-01 1.703081602787943349e-01 1.035528087060010937e-28 4.037268797096013609e-25 5.219331840698188812e-04 0.000000000000000000e+00
8.291699065371357369e-01 1.703081602787943349e-01 1.035528087060010937e-28 4.037268797096013609e-25 5.219331840698188812e-04 0.000000000000000000e+00
8.291699065371357369e-01 1.703081602787943349e-01 1.035528087060010937e-28 4.037268797096013609e-25 5.219331840698188812e-04 0.000000000000000000e+00
8.291699065371357369e-01 1.703081602787943349e-01 1.035528087060010937e-28 4.037268797096013609e-25 5.219331840698188812e-04 0.000000000000000000e+00
8.291699065371357369e-01 1.703081602787943349e-01 1.035528087060010937e-28 4.037268797096013609e-25 5.219331840698188812e-04 0.000000000000000000e+00
8.291699065371357369e-01 1.703081602787943349e-01 1.035528087060010937e-28 4.037268797096013609e-25 5.219331840698188812e-04 0.000000000000000000e+00
8.291699065371357369e-01 1.703081602787943349e-01 1.035528087060010937e-28 4.037268797096013609e-25 5.219331840698188812e-04 0.000000000000000000e+00
8.291699065371357369e-01 1.703081602787943349e-01 1.035528087060010937e-28 4.037268797096013609e-25 5.219331840698188812e-04 0.000000000000000000e+00
8.291699065371357369e-01 1.703081602787943349e-01 1.035528087060010937e-28 4.037268797096013609e-25 5.219331840698188812e-04 0.000000000000000000e+00
8.291699065371357369e-01 1.703081602787943349e-01 1.035528087060010937e-28 4.037268797096013609e-25 5.219331840698188812e-04 0.000000000000000000e+00
8.291699065371357369e-01 1.703081602787943349e-01 1.035528087060010937e-28 4.037268797096013609e-25 5.219331840698188812e-04 0.000000000000000000e+00
8.291699065371357369e-01 1.703081602787943349e-01 1.035528087060010937e-28 4.037268797096013609e-25 5.219331840698188812e-04 0.000000000000000000e+00
8.291699065371357369e-01 1.703081602787943349e-01 1.035528087060010937e-28 4.037268797096013609e-25 5.219331840698188812e-04 0.000000000000000000e+00
8.291699065371357369e-01 1.703081602787943349e-01 1.035528087060010937e-28 4.037268797096013609e-25 5.219331840698188812e-04 0.000000000000000000e+00
8.291699065371357369e-01 1.703081602787943349e-01 1.035528087060010937e-28 4.037268797096013609e-25 5.219331840698188812e-04 0.000000000000000000e+00
8.291699065371357369e-01 1.703081602787943349e-01 1.035528087060010937e-28 4.037268797096013609e-25 5.219331840698188812e-04 0.000000000000000000e+00
8.291699065371357369e-01 1.703081602787943349e-01 1.035528087060010937e-28 4.037268797096013609e-25 5.219331840698188812e-04 0.000000000000000000e+00
8.291699065371357369e-01 1.703081602787943349e-01 1.035528087060010937e-28 4.037268797096013609e-25 5.219331840698188812e-04 0.000000000000000000e+00
8.291699065371357369e-01 1.703081602787943349e-01 1.035528087060010937e-28 4.037268797096013609e-25 5.219331840698188812e-04 0.000000000000000000e+00
8.291699065371357369e-01 1.703081602787943349e-01 1.035528087060010937e-28 4.037268797096013609e-25 5.219331840698188812e-04 0.000000000000000000e+00
8.291699065371357369e-01 1.703081602787943349e-01 1.035528087060010937e-28 4.037268797096013609e-25 5.219331840698188812e-04 0.000000000000000000e+00
8.291699065371357369e-01 1.703081602787943349e-01 1.035528087060010937e-28 4.037268797096013609e-25 5.219331840698188812e-04 0.000000000000000000e+00
8.291699065371357369e-01 1.703081602787943349e-01 1.035528087060010937e-28 4.037268797096013609e-25 5.219331840698188812e-04 0.000000000000000000e+00
8.291699065371357369e-01 1.703081602787943349e-01 1.035528087060010937e-28 4.037268797096013609e-25 5.219331840698188812e-04 0.000000000000000000e+00
8.291699065371357369e-01 1.703081602787943349e-01 1.035528087060010937e-28 4.037268797096013609e-25 5.219331840698188812e-04 0.000000000000000000e+00
8.291699065371357369e-01 1.703081602787943349e-01 1.035528087060010937e-28 4.037268797096013609e-25 5.219331840698188812e-04 0.000000000000000000e+00
8.291699065371357369e-01 1.703081602787943349e-01 1.035528087060010937e-28 4.037268797096013609e-25 5.219331840698188812e-04 0.000000000000000000e+00
8.291699065371357369e-01 1.703081602787943349e-01 1.035528087060010937e-28 4.037268797096013609e-25 5.219331840698188812e-04 0.000000000000000000e+00
8.291699065371357369e-01 1.703081602787943349e-01 1.035528087060010937e-28 4.037268797096013609e-25 5.219331840698188812e-04 0.000000000000000000e+00
8.291699065371357369e-01 1.703081602787943349e-01 1.035528087060010937e-28 4.037268797096013609e-25 5.219331840698188812e-04 0.000000000000000000e+00
8.291699065371357369e-01 1.703081602787943349e-01 1.035528087060010937e-28 4.037268797096013609e-25 5.219331840698188812e-04 0.000000000000000000e+00
8.291699065371357369e-01 1.703081602787943349e-01 1.035528087060010937e-28 4.037268797096013609e-25 5.219331840698188812e-04 0.000000000000000000e+00
8.291699065371357369e-01 1.703081602787943349e-01 1.035528087060010937e-28 4.037268797096013609e-25 5.219331840698188812e-04 0.000000000000000000e+00
8.291699065371357369e-01 1.703081602787943349e-01 1.035528087060010937e-28 4.037268797096013609e-25 5.219331840698188812e-04 0.000000000000000000e+00
8.291699065371357369e-01 1.703081602787943349e-01 1.035528087060010937e-28 4.037268797096013609e-25 5.219331840698188812e-04 0.000000000000000000e+00
8.291699065371357369e-01 1.703081602787943349e-01 1.035528087060010937e-28 4.037268797096013609e-25 5.219331840698188812e-04 0.000000000000000000e+00
8.291699065371357369e-01 1.703081602787943349e-01 1.035528087060010937e-28 4.037268797096013609e-25 5.219331840698188812e-04 0.000000000000000000e+00
8.291699065371357369e-01 1.703081602787943349e-01 1.035528087060010937e-28 4.037268797096013609e-25 5.219331840698188812e-04 0.000000000000000000e+00
8.291699065371357369e-01 1.703081602787943349e-01 1.035528087060010937e-28 4.037268797096013609e-25 5.219331840698188812e-04 0.000000000000000000e+00
8.291699065371357369e-01 1.703081602787943349e-01 1.035528087060010937e-28 4.037268797096013609e-25 5.219331840698188812e-04 0.000000000000000000e+00
8.291699065371357369e-01 1.703081602787943349e-01 1.035528087060010937e-28 4.037268797096013609e-25 5.219331840698188812e-04 0.000000000000000000e+00
8.291699065371357369e-01 1.703081602787943349e-01 1.035528087060010937e-28 4.037268797096013609e-25 5.219331840698188812e-04 0.000000000000000000e+00
8.291699065371357369e-01 1.703081602787943349e-01 1.035528087060010937e-28 4.037268797096013609e-25 5.219331840698188812e-04 0.000000000000000000e+00
8.291699065371357369e-01 1.703081602787943349e-01 1.035528087060010937e-28 4.037268797096013609e-25 5.219331840698188812e-04 0.000000000000000000e+00
8.291699065371357369e-01 1.703081602787943349e-01 1.035528087060010937e-28 4.037268797096013609e-25 5.219331840698188812e-04 0.000000000000000000e+00
8.291699065371357369e-01 1.703081602787943349e-01 1.035528087060010937e-28 4.037268797096013609e-25 5.219331840698188812e-04 0.000000000000000000e+00
8.291699065371357369e-01 1.703081602787943349e-01 1.035528087060010937e-28 4.037268797096013609e-25 5.219331840698188812e-04 0.000000000000000000e+00
8.291699065371357369e-01 1.703081602787943349e-01 1.035528087060010937e-28 4.037268797096013609e-25 5.219331840698188812e-04 0.000000000000000000e+00
8.291699065371357369e-01 1.703081602787943349e-01 1.035528087060010937e-28 4.037268797096013609e-25 5.219331840698188812e-04 0.000000000000000000e+00
8.291699065371357369e-01 1.703081602787943349e-01 1.035528087060010937e-28 4.037268797096013609e-25 5.219331840698188812e-04 0.000000000000000000e+00
8.291699065371357369e-01 1.703081602787943349e-01 1.035528087060010937e-28 4.037268797096013609e-25 5.219331840698188812e-04 0.000000000000000000e+00
8.291699065371357369e-01 1.703081602787943349e-01 1.035528087060010937e-28 4.037268797096013609e-25 5.219331840698188812e-04 0.000000000000000000e+00
8.291699065371357369e-01 1.703081602787943349e-01 1.035528087060010937e-28 4.037268797096013609e-25 5.219331840698188812e-04 0.000000000000000000e+00
8.291699065371357369e-01 1.703081602787943349e-01 1.035528087060010937e-28 4.037268797096013609e-25 5.219331840698188812e-04 0.000000000000000000e+00
8.291699065371357369e-01 1.703081602787943349e-01 1.035528087060010937e-28 4.037268797096013609e-25 5.219331840698188812e-04 0.000000000000000000e+00
8.291699065371357369e-01 1.703081602787943349e-01 1.035528087060010937e-28 4.037268797096013609e-25 5.219331840698188812e-04 0.000000000000000000e+00
8.291699065371357369e-01 1.703081602787943349e-01 1.035528087060010937e-28 4.037268797096013609e-25 5.219331840698188812e-04 0.000000000000000000e+00
8.291699065371357369e-01 1.703081602787943349e-01 1.035528087060010937e-28 4.037268797096013609e-25 5.219331840698188812e-04 0.000000000000000000e+00
8.291699065371357369e-01 1.703081602787943349e-01 1.035528087060010937e-28 4.037268797096013609e-25 5.219331840698188812e-04 0.000000000000000000e+00
8.291699065371357369e-01 1.703081602787943349e-01 1.035528087060010937e-28 4.037268797096013609e-25 5.219331840698188812e-04 0.000000000000000000e+00
8.291699065371357369e-01 1.703081602787943349e-01 1.035528087060010937e-28 4.037268797096013609e-25 5.219331840698188812e-04 0.000000000000000000e+00
8.291699065371357369e-01 1.703081602787943349e-01 1.035528087060010937e-28 4.037268797096013609e-25 5.219331840698188812e-04 0.000000000000000000e+00
8.291699065371357369e-01 1.703081602787943349e-01 1.035528087060010937e-28 4.037268797096013609e-25 5.219331840698188812e-04 0.000000000000000000e+00
8.291699065371357369e-01 1.703081602787943349e-01 1.035528087060010937e-28 4.037268797096013609e-25 5.219331840698188812e-04 0.000000000000000000e+00
8.291699065371357369e-01 1.703081602787943349e-01 1.035528087060010937e-28 4.037268797096013609e-25 5.219331840698188812e-04 0.000000000000000000e+00
8.291699065371357369e-01 1.703081602787943349e-01 1.035528087060010937e-28 4.037268797096013609e-25 5.219331840698188812e-04 0.000000000000000000e+00
8.291699065371357369e-01 1.703081602787943349e-01 1.035528087060010937e-28 4.037268797096013609e-25 5.219331840698188812e-04 0.000000000000000000e+00
8.291699065371357369e-01 1.703081602787943349e-01 1.035528087060010937e-28 4.037268797096013609e-25 5.219331840698188812e-04 0.000000000000000000e+00
8.291699065371357369e-01 1.703081602787943349e-01 1.035528087060010937e-28 4.037268797096013609e-25 5.219331840698188812e-04 0.000000000000000000e+00
8.291699065371357369e-01 1.703081602787943349e-01 1.035528087060010937e-28 4.037268797096013609e-25 5.219331840698188812e-04 0.000000000000000000e+00
8.291699065371357369e-01 1.703081602787943349e-01 1.035528087060010937e-28 4.037268797096013609e-25 5.219331840698188812e-04 0.000000000000000000e+00
8.291699065371357369e-01 1.703081602787943349e-01 1.035528087060010937e-28 4.037268797096013609e-25 5.219331840698188812e-04 0.000000000000000000e+00
8.291699065371357369e-01 1.703081602787943349e-01 1.035528087060010937e-28 4.037268797096013609e-25 5.219331840698188812e-04 0.000000000000000000e+00
8.291699065371357369e-01 1.703081602787943349e-01 1.035528087060010937e-28 4.037268797096013609e-25 5.219331840698188812e-04 0.000000000000000000e+00
8.291699065371357369e-01 1.703081602787943349e-01 1.035528087060010937e-28 4.037268797096013609e-25 5.219331840698188812e-04 0.000000000000000000e+00
8.291699065371357369e-01 1.703081602787943349e-01 1.035528087060010937e-28 4.037268797096013609e-25 5.219331840698188812e-04 0.000000000000000000e+00
8.291699065371357369e-01 1.703081602787943349e-01 1.035528087060010937e-28 4.037268797096013609e-25 5.219331840698188812e-04 0.000000000000000000e+00
8.291699065371357369e-01 1.703081602787943349e-01 1.035528087060010937e-28 4.037268797096013609e-25 5.219331840698188812e-04 0.000000000000000000e+00
8.291699065371357369e-01 1.703081602787943349e-01 1.035528087060010937e-28 4.037268797096013609e-25 5.219331840698188812e-04 0.000000000000000000e+00
8.291699065371357369e-01 1.703081602787943349e-01 1.035528087060010937e-28 4.037268797096013609e-25 5.219331840698188812e-04 0.000000000000000000e+00
8.291699065371357369e-01 1.703081602787943349e-01 1.035528087060010937e-28 4.037268797096013609e-25 5.219331840698188812e-04 0.000000000000000000e+00
8.291699065371357369e-01 1.703081602787943349e-01 1.035528087060010937e-28 4.037268797096013609e-25 5.219331840698188812e-04 0.000000000000000000e+00
8.291699065371357369e-01 1.703081602787943349e-01 1.035528087060010937e-28 4.037268797096013609e-25 5.219331840698188812e-04 0.000000000000000000e+00
8.291699065371357369e-01 1.703081602787943349e-01 1.035528087060010937e-28 4.037268797096013609e-25 5.219331840698188812e-04 0.000000000000000000e+00
8.291699065371357369e-01 1.703081602787943349e-01 1.035528087060010937e-28 4.037268797096013609e-25 5.219331840698188812e-04 0.000000000000000000e+00
8.291699065371357369e-01 1.703081602787943349e-01 1.035528087060010937e-28 4.037268797096013609e-25 5.219331840698188812e-04 0.000000000000000000e+00
8.291699065371357369e-01 1.703081602787943349e-01 1.035528087060010937e-28 4.037268797096013609e-25 5.219331840698188812e-04 0.000000000000000000e+00
8.291699065371357369e-01 1.703081602787943349e-01 1.035528087060010937e-28 4.037268797096013609e-25 5.219331840698188812e-04 0.000000000000000000e+00
8.291699065371357369e-01 1.703081602787943349e-01 1.035528087060010937e-28 4.037268797096013609e-25 5.219331840698188812e-04 0.000000000000000000e+00
8.291699065371357369e-01 1.703081602787943349e-01 1.035528087060010937e-28 4.037268797096013609e-25 5.219331840698188812e-04 0.000000000000000000e+00
8.291699065371357369e-01 1.703081602787943349e-01 1.035528087060010937e-28 4.037268797096013609e-25 5.219331840698188812e-04 0.000000000000000000e+00
8.291699065371357369e-01 1.703081602787943349e-01 1.035528087060010937e-28 4.037268797096013609e-25 5.219331840698188812e-04 0.000000000000000000e+00
8.291699065371357369e-01 1.703081602787943349e-01 1.035528087060010937e-28 4.037268797096013609e-25 5.219331840698188812e-04 0.000000000000000000e+00
8.291699065371357369e-01 1.703081602787943349e-01 1.035528087060010937e-28 4.037268797096013609e-25 5.219331840698188812e-04 0.000000000000000000e+00
8.291699065371357369e-01 1.703081602787943349e-01 1.035528087060010937e-28 4.037268797096013609e-25 5.219331840698188812e-04 0.000000000000000000e+00
8.291699065371357369e-01 1.703081602787943349e-01 1.035528087060010937e-28 4.037268797096013609e-25 5.219331840698188812e-04 0.000000000000000000e+00
8.291699065371357369e-01 1.703081602787943349e-01 1.035528087060010937e-28 4.037268797096013609e-25 5.219331840698188812e-04 0.000000000000000000e+00
8.291699065371357369e-01 1.703081602787943349e-01 1.035528087060010937e-28 4.037268797096013609e-25 5.219331840698188812e-04 0.000000000000000000e+00
8.291699065371357369e-01 1.703081602787943349e-01 1.035528087060010937e-28 4.037268797096013609e-25 5.219331840698188812e-04 0.000000000000000000e+00
8.291699065371357369e-01 1.703081602787943349e-01 1.035528087060010937e-28 4.037268797096013609e-25 5.219331840698188812e-04 0.000000000000000000e+00
8.291699065371357369e-01 1.703081602787943349e-01 1.035528087060010937e-28 4.037268797096013609e-25 5.219331840698188812e-04 0.000000000000000000e+00
8.291699065371357369e-01 1.703081602787943349e-01 1.035528087060010937e-28 4.037268797096013609e-25 5.219331840698188812e-04 0.000000000000000000e+00
8.291699065371357369e-01 1.703081602787943349e-01 1.035528087060010937e-28 4.037268797096013609e-25 5.219331840698188812e-04 0.000000000000000000e+00
8.291699065371357369e-01 1.703081602787943349e-01 1.035528087060010937e-28 4.037268797096013609e-25 5.219331840698188812e-04 0.000000000000000000e+00
8.291699065371357369e-01 1.703081602787943349e-01 1.035528087060010937e-28 4.037268797096013609e-25 5.219331840698188812e-04 0.000000000000000000e+00
8.291699065371357369e-01 1.703081602787943349e-01 1.035528087060010937e-28 4.037268797096013609e-25 5.219331840698188812e-04 0.000000000000000000e+00
8.291699065371357369e-01 1.703081602787943349e-01 1.035528087060010937e-28 4.037268797096013609e-25 5.219331840698188812e-04 0.000000000000000000e+00
8.291699065371357369e-01 1.703081602787943349e-01 1.035528087060010937e-28 4.037268797096013609e-25 5.219331840698188812e-04 0.000000000000000000e+00
8.291699065371357369e-01 1.703081602787943349e-01 1.035528087060010937e-28 4.037268797096013609e-25 5.219331840698188812e-04 0.000000000000000000e+00
8.291699065371357369e-01 1.703081602787943349e-01 1.035528087060010937e-28 4.037268797096013609e-25 5.219331840698188812e-04 0.000000000000000000e+00
8.291699065371357369e-01 1.703081602787943349e-01 1.035528087060010937e-28 4.037268797096013609e-25 5.219331840698188812e-04 0.000000000000000000e+00
8.291699065371357369e-01 1.703081602787943349e-01 1.035528087060010937e-28 4.037268797096013609e-25 5.219331840698188812e-04 0.000000000000000000e+00
8.291699065371357369e-01 1.703081602787943349e-01 1.035528087060010937e-28 4.037268797096013609e-25 5.219331840698188812e-04 0.000000000000000000e+00
8.291699065371357369e-01 1.703081602787943349e-01 1.035528087060010937e-28 4.037268797096013609e-25 5.219331840698188812e-04 0.000000000000000000e+00
8.291699065371357369e-01 1.703081602787943349e-01 1.035528087060010937e-28 4.037268797096013609e-25 5.219331840698188812e-04 0.000000000000000000e+00
8.291699065371357369e-01 1.703081602787943349e-01 1.035528087060010937e-28 4.037268797096013609e-25 5.219331840698188812e-04 0.000000000000000000e+00
8.291699065371357369e-01 1.703081602787943349e-01 1.035528087060010937e-28 4.037268797096013609e-25 5.219331840698188812e-04 0.000000000000000000e+00
8.291699065371357369e-01 1.703081602787943349e-01 1.035528087060010937e-28 4.037268797096013609e-25 5.219331840698188812e-04 0.000000000000000000e+00
8.291699065371357369e-01 1.703081602787943349e-01 1.035528087060010937e-28 4.037268797096013609e-25 5.219331840698188812e-04 0.000000000000000000e+00
8.291699065371357369e-01 1.703081602787943349e-01 1.035528087060010937e-28 4.037268797096013609e-25 5.219331840698188812e-04 0.000000000000000000e+00
8.291699065371357369e-01 1.703081602787943349e-01 1.035528087060010937e-28 4.037268797096013609e-25 5.219331840698188812e-04 0.000000000000000000e+00
8.291699065371357369e-01 1.703081602787943349e-01 1.035528087060010937e-28 4.037268797096013609e-25 5.219331840698188812e-04 0.000000000000000000e+00
8.291699065371357369e-01 1.703081602787943349e-01 1.035528087060010937e-28 4.037268797096013609e-25 5.219331840698188812e-04 0.000000000000000000e+00
8.291699065371357369e-01 1.703081602787943349e-01 1.035528087060010937e-28 4.037268797096013609e-25 5.219331840698188812e-04 0.000000000000000000e+00
8.291699065371357369e-01 1.703081602787943349e-01 1.035528087060010937e-28 4.037268797096013609e-25 5.219331840698188812e-04 0.000000000000000000e+00
8.291699065371357369e-01 1.703081602787943349e-01 1.035528087060010937e-28 4.037268797096013609e-25 5.219331840698188812e-04 0.000000000000000000e+00
8.291699065371357369e-01 1.703081602787943349e-01 1.035528087060010937e-28 4.037268797096013609e-25 5.219331840698188812e-04 0.000000000000000000e+00
8.291699065371357369e-01 1.703081602787943349e-01 1.035528087060010937e-28 4.037268797096013609e-25 5.219331840698188812e-04 0.000000000000000000e+00
8.291699065371357369e-01 1.703081602787943349e-01 1.035528087060010937e-28 4.037268797096013609e-25 5.219331840698188812e-04 0.000000000000000000e+00
8.291699065371357369e-01 1.703081602787943349e-01 1.035528087060010937e-28 4.037268797096013609e-25 5.219331840698188812e-04 0.000000000000000000e+00
8.291699065371357369e-01 1.703081602787943349e-01 1.035528087060010937e-28 4.037268797096013609e-25 5.219331840698188812e-04 0.000000000000000000e+00
8.291699065371357369e-01 1.703081602787943349e-01 1.035528087060010937e-28 4.037268797096013609e-25 5.219331840698188812e-04 0.000000000000000000e+00
8.291699065371357369e-01 1.703081602787943349e-01 1.035528087060010937e-28 4.037268797096013609e-25 5.219331840698188812e-04 0.000000000000000000e+00
8.291699065371357369e-01 1.703081602787943349e-01 1.035528087060010937e-28 4.037268797096013609e-25 5.219331840698188812e-04 0.000000000000000000e+00
8.291699065371357369e-01 1.703081602787943349e-01 1.035528087060010937e-28 4.037268797096013609e-25 5.219331840698188812e-04 0.000000000000000000e+00
8.291699065371357369e-01 1.703081602787943349e-01 1.035528087060010937e-28 4.037268797096013609e-25 5.219331840698188812e-04 0.000000000000000000e+00
8.291699065371357369e-01 1.703081602787943349e-01 1.035528087060010937e-28 4.037268797096013609e-25 5.219331840698188812e-04 0.000000000000000000e+00
8.291699065371357369e-01 1.703081602787943349e-01 1.035528087060010937e-28 4.037268797096013609e-25 5.219331840698188812e-04 0.000000000000000000e+00
8.291699065371357369e-01 1.703081602787943349e-01 1.035528087060010937e-28 4.037268797096013609e-25 5.219331840698188812e-04 0.000000000000000000e+00
8.291699065371357369e-01 1.703081602787943349e-01 1.035528087060010937e-28 4.037268797096013609e-25 5.219331840698188812e-04 0.000000000000000000e+00
8.291699065371357369e-01 1.703081602787943349e-01 1.035528087060010937e-28 4.037268797096013609e-25 5.219331840698188812e-04 0.000000000000000000e+00
8.291699065371357369e-01 1.703081602787943349e-01 1.035528087060010937e-28 4.037268797096013609e-25 5.219331840698188812e-04 0.000000000000000000e+00
8.291699065371357369e-01 1.703081602787943349e-01 1.035528087060010937e-28 4.037268797096013609e-25 5.219331840698188812e-04 0.000000000000000000e+00
8.291699065371357369e-01 1.703081602787943349e-01 1.035528087060010937e-28 4.037268797096013609e-25 5.219331840698188812e-04 0.000000000000000000e+00
8.291699065371357369e-01 1.703081602787943349e-01 1.035528087060010937e-28 4.037268797096013609e-25 5.219331840698188812e-04 0.000000000000000000e+00
8.291699065371357369e-01 1.703081602787943349e-01 1.035528087060010937e-28 4.037268797096013609e-25 5.219331840698188812e-04 0.000000000000000000e+00
8.291699065371357369e-01 1.703081602787943349e-01 1.035528087060010937e-28 4.037268797096013609e-25 5.219331840698188812e-04 0.000000000000000000e+00
8.291699065371357369e-01 1.703081602787943349e-01 1.035528087060010937e-28 4.037268797096013609e-25 5.219331840698188812e-04 0.000000000000000000e+00
8.291699065371357369e-01 1.703081602787943349e-01 1.035528087060010937e-28 4.037268797096013609e-25 5.219331840698188812e-04 0.000000000000000000e+00
8.291699065371357369e-01 1.703081602787943349e-01 1.035528087060010937e-28 4.037268797096013609e-25 5.219331840698188812e-04 0.000000000000000000e+00
8.291699065371357369e-01 1.703081602787943349e-01 1.035528087060010937e-28 4.037268797096013609e-25 5.219331840698188812e-04 0.000000000000000000e+00
8.291699065371357369e-01 1.703081602787943349e-01 1.035528087060010937e-28 4.037268797096013609e-25 5.219331840698188812e-04 0.000000000000000000e+00
8.291699065371357369e-01 1.703081602787943349e-01 1.035528087060010937e-28 4.037268797096013609e-25 5.219331840698188812e-04 0.000000000000000000e+00
8.291699065371357369e-01 1.703081602787943349e-01 1.035528087060010937e-28 4.037268797096013609e-25 5.219331840698188812e-04 0.000000000000000000e+00
8.291699065371357369e-01 1.703081602787943349e-01 1.035528087060010937e-28 4.037268797096013609e-25 5.219331840698188812e-04 0.000000000000000000e+00
8.291699065371357369e-01 1.703081602787943349e-01 1.035528087060010937e-28 4.037268797096013609e-25 5.219331840698188812e-04 0.000000000000000000e+00
8.291699065371357369e-01 1.703081602787943349e-01 1.035528087060010937e-28 4.037268797096013609e-25 5.219331840698188812e-04 0.000000000000000000e+00
8.291699065371357369e-01 1.703081602787943349e-01 1.035528087060010937e-28 4.037268797096013609e-25 5.219331840698188812e-04 0.000000000000000000e+00
8.291699065371357369e-01 1.703081602787943349e-01 1.035528087060010937e-28 4.037268797096013609e-25 5.219331840698188812e-04 0.000000000000000000e+00
8.291699065371357369e-01 1.703081602787943349e-01 1.035528087060010937e-28 4.037268797096013609e-25 5.219331840698188812e-04 0.000000000000000000e+00
8.291699065371357369e-01 1.703081602787943349e-01 1.035528087060010937e-28 4.037268797096013609e-25 5.219331840698188812e-04 0.000000000000000000e+00
8.291699065371357369e-01 1.703081602787943349e-01 1.035528087060010937e-28 4.037268797096013609e-25 5.219331840698188812e-04 0.000000000000000000e+00
8.291699065371357369e-01 1.703081602787943349e-01 1.035528087060010937e-28 4.037268797096013609e-25 5.219331840698188812e-04 0.000000000000000000e+00
8.291699065371357369e-01 1.703081602787943349e-01 1.035528087060010937e-28 4.037268797096013609e-25 5.219331840698188812e-04 0.000000000000000000e+00
8.291699065371357369e-01 1.703081602787943349e-01 1.035528087060010937e-28 4.037268797096013609e-25 5.219331840698188812e-04 0.000000000000000000e+00
8.291699065371357369e-01 1.703081602787943349e-01 1.035528087060010937e-28 4.037268797096013609e-25 5.219331840698188812e-04 0.000000000000000000e+00
8.291699065371357369e-01 1.703081602787943349e-01 1.035528087060010937e-28 4.037268797096013609e-25 5.219331840698188812e-04 0.000000000000000000e+00
8.291699065371357369e-01 1.703081602787943349e-01 1.035528087060010937e-28 4.037268797096013609e-25 5.219331840698188812e-04 0.000000000000000000e+00
8.291699065371357369e-01 1.703081602787943349e-01 1.035528087060010937e-28 4.037268797096013609e-25 5.219331840698188812e-04 0.000000000000000000e+00
8.291699065371357369e-01 1.703081602787943349e-01 1.035528087060010937e-28 4.037268797096013609e-25 5.219331840698188812e-04 0.000000000000000000e+00
8.291699065371357369e-01 1.703081602787943349e-01 1.035528087060010937e-28 4.037268797096013609e-25 5.219331840698188812e-04 0.000000000000000000e+00
8.291699065371357369e-01 1.703081602787943349e-01 1.035528087060010937e-28 4.037268797096013609e-25 5.219331840698188812e-04 0.000000000000000000e+00
8.291699065371357369e-01 1.703081602787943349e-01 1.035528087060010937e-28 4.037268797096013609e-25 5.219331840698188812e-04 0.000000000000000000e+00
8.291699065371357369e-01 1.703081602787943349e-01 1.035528087060010937e-28 4.037268797096013609e-25 5.219331840698188812e-04 0.000000000000000000e+00
8.291699065371357369e-01 1.703081602787943349e-01 1.035528087060010937e-28 4.037268797096013609e-25 5.219331840698188812e-04 0.000000000000000000e+00
8.291699065371357369e-01 1.703081602787943349e-01 1.035528087060010937e-28 4.037268797096013609e-25 5.219331840698188812e-04 0.000000000000000000e+00
8.291699065371357369e-01 1.703081602787943349e-01 1.035528087060010937e-28 4.037268797096013609e-25 5.219331840698188812e-04 0.000000000000000000e+00
8.291699065371357369e-01 1.703081602787943349e-01 1.035528087060010937e-28 4.037268797096013609e-25 5.219331840698188812e-04 0.000000000000000000e+00
8.291699065371357369e-01 1.703081602787943349e-01 1.035528087060010937e-28 4.037268797096013609e-25 5.219331840698188812e-04 0.000000000000000000e+00
8.291699065371357369e-01 1.703081602787943349e-01 1.035528087060010937e-28 4.037268797096013609e-25 5.219331840698188812e-04 0.000000000000000000e+00
8.291699065371357369e-01 1.703081602787943349e-01 1.035528087060010937e-28 4.037268797096013609e-25 5.219331840698188812e-04 0.000000000000000000e+00
8.291699065371357369e-01 1.703081602787943349e-01 1.035528087060010937e-28 4.037268797096013609e-25 5.219331840698188812e-04 0.000000000000000000e+00
8.291699065371357369e-01 1.703081602787943349e-01 1.035528087060010937e-28 4.037268797096013609e-25 5.219331840698188812e-04 0.000000000000000000e+00
8.291699065371357369e-01 1.703081602787943349e-01 1.035528087060010937e-28 4.037268797096013609e-25 5.219331840698188812e-04 0.000000000000000000e+00
8.291699065371357369e-01 1.703081602787943349e-01 1.035528087060010937e-28 4.037268797096013609e-25 5.219331840698188812e-04 0.000000000000000000e+00
8.291699065371357369e-01 1.703081602787943349e-01 1.035528087060010937e-28 4.037268797096013609e-25 5.219331840698188812e-04 0.000000000000000000e+00
8.291699065371357369e-01 1.703081602787943349e-01 1.035528087060010937e-28 4.037268797096013609e-25 5.219331840698188812e-04 0.000000000000000000e+00
8.291699065371357369e-01 1.703081602787943349e-01 1.035528087060010937e-28 4.037268797096013609e-25 5.219331840698188812e-04 0.000000000000000000e+00
8.291699065371357369e-01 1.703081602787943349e-01 1.035528087060010937e-28 4.037268797096013609e-25 5.219331840698188812e-04 0.000000000000000000e+00
8.291699065371357369e-01 1.703081602787943349e-01 1.035528087060010937e-28 4.037268797096013609e-25 5.219331840698188812e-04 0.000000000000000000e+00
8.291699065371357369e-01 1.703081602787943349e-01 1.035528087060010937e-28 4.037268797096013609e-25 5.219331840698188812e-04 0.000000000000000000e+00
8.291699065371357369e-01 1.703081602787943349e-01 1.035528087060010937e-28 4.037268797096013609e-25 5.219331840698188812e-04 0.000000000000000000e+00
8.291699065371357369e-01 1.703081602787943349e-01 1.035528087060010937e-28 4.037268797096013609e-25 5.219331840698188812e-04 0.000000000000000000e+00
8.291699065371357369e-01 1.703081602787943349e-01 1.035528087060010937e-28 4.037268797096013609e-25 5.219331840698188812e-04 0.000000000000000000e+00
8.291699065371357369e-01 1.703081602787943349e-01 1.035528087060010937e-28 4.037268797096013609e-25 5.219331840698188812e-04 0.000000000000000000e+00
8.291699065371357369e-01 1.703081602787943349e-01 1.035528087060010937e-28 4.037268797096013609e-25 5.219331840698188812e-04 0.000000000000000000e+00
8.291699065371357369e-01 1.703081602787943349e-01 1.035528087060010937e-28 4.037268797096013609e-25 5.219331840698188812e-04 0.000000000000000000e+00
8.291699065371357369e-01 1.703081602787943349e-01 1.035528087060010937e-28 4.037268797096013609e-25 5.219331840698188812e-04 0.000000000000000000e+00
8.291699065371357369e-01 1.703081602787943349e-01 1.035528087060010937e-28 4.037268797096013609e-25 5.219331840698188812e-04 0.000000000000000000e+00
8.291699065371357369e-01 1.703081602787943349e-01 1.035528087060010937e-28 4.037268797096013609e-25 5.219331840698188812e-04 0.000000000000000000e+00
8.291699065371357369e-01 1.703081602787943349e-01 1.035528087060010937e-28 4.037268797096013609e-25 5.219331840698188812e-04 0.000000000000000000e+00
8.291699065371357369e-01 1.703081602787943349e-01 1.035528087060010937e-28 4.037268797096013609e-25 5.219331840698188812e-04 0.000000000000000000e+00
8.291699065371357369e-01 1.703081602787943349e-01 1.035528087060010937e-28 4.037268797096013609e-25 5.219331840698188812e-04 0.000000000000000000e+00
8.291699065371357369e-01 1.703081602787943349e-01 1.035528087060010937e-28 4.037268797096013609e-25 5.219331840698188812e-04 0.000000000000000000e+00
8.291699065371357369e-01 1.703081602787943349e-01 1.035528087060010937e-28 4.037268797096013609e-25 5.219331840698188812e-04 0.000000000000000000e+00
8.291699065371357369e-01 1.703081602787943349e-01 1.035528087060010937e-28 4.037268797096013609e-25 5.219331840698188812e-04 0.000000000000000000e+00
8.291699065371357369e-01 1.703081602787943349e-01 1.035528087060010937e-28 4.037268797096013609e-25 5.219331840698188812e-04 0.000000000000000000e+00
8.291699065371357369e-01 1.703081602787943349e-01 1.035528087060010937e-28 4.037268797096013609e-25 5.219331840698188812e-04 0.000000000000000000e+00
8.291699065371357369e-01 1.703081602787943349e-01 1.035528087060010937e-28 4.037268797096013609e-25 5.219331840698188812e-04 0.000000000000000000e+00
8.291699065371357369e-01 1.703081602787943349e-01 1.035528087060010937e-28 4.037268797096013609e-25 5.219331840698188812e-04 0.000000000000000000e+00
8.291699065371357369e-01 1.703081602787943349e-01 1.035528087060010937e-28 4.037268797096013609e-25 5.219331840698188812e-04 0.000000000000000000e+00
8.291699065371357369e-01 1.703081602787943349e-01 1.035528087060010937e-28 4.037268797096013609e-25 5.219331840698188812e-04 0.000000000000000000e+00
8.291699065371357369e-01 1.703081602787943349e-01 1.035528087060010937e-28 4.037268797096013609e-25 5.219331840698188812e-04 0.000000000000000000e+00
8.291699065371357369e-01 1.703081602787943349e-01 1.035528087060010937e-28 4.037268797096013609e-25 5.219331840698188812e-04 0.000000000000000000e+00
8.291699065371357369e-01 1.703081602787943349e-01 1.035528087060010937e-28 4.037268797096013609e-25 5.219331840698188812e-04 0.000000000000000000e+00
8.291699065371357369e-01 1.703081602787943349e-01 1.035528087060010937e-28 4.037268797096013609e-25 5.219331840698188812e-04 0.000000000000000000e+00
8.291699065371357369e-01 1.703081602787943349e-01 1.035528087060010937e-28 4.037268797096013609e-25 5.219331840698188812e-04 0.000000000000000000e+00
8.291699065371357369e-01 1.703081602787943349e-01 1.035528087060010937e-28 4.037268797096013609e-25 5.219331840698188812e-04 0.000000000000000000e+00
8.291699065371357369e-01 1.703081602787943349e-01 1.035528087060010937e-28 4.037268797096013609e-25 5.219331840698188812e-04 0.000000000000000000e+00
8.291699065371357369e-01 1.703081602787943349e-01 1.035528087060010937e-28 4.037268797096013609e-25 5.219331840698188812e-04 0.000000000000000000e+00
8.291699065371357369e-01 1.703081602787943349e-01 1.035528087060010937e-28 4.037268797096013609e-25 5.219331840698188812e-04 0.000000000000000000e+00
8.291699065371357369e-01 1.703081602787943349e-01 1.035528087060010937e-28 4.037268797096013609e-25 5.219331840698188812e-04 0.000000000000000000e+00
8.291699065371357369e-01 1.703081602787943349e-01 1.035528087060010937e-28 4.037268797096013609e-25 5.219331840698188812e-04 0.000000000000000000e+00
8.291699065371357369e-01 1.703081602787943349e-01 1.035528087060010937e-28 4.037268797096013609e-25 5.219331840698188812e-04 0.000000000000000000e+00
8.291699065371357369e-01 1.703081602787943349e-01 1.035528087060010937e-28 4.037268797096013609e-25 5.219331840698188812e-04 0.000000000000000000e+00
8.291699065371357369e-01 1.703081602787943349e-01 1.035528087060010937e-28 4.037268797096013609e-25 5.219331840698188812e-04 0.000000000000000000e+00
8.291699065371357369e-01 1.703081602787943349e-01 1.035528087060010937e-28 4.037268797096013609e-25 5.219331840698188812e-04 0.000000000000000000e+00
8.291699065371357369e-01 1.703081602787943349e-01 1.035528087060010937e-28 4.037268797096013609e-25 5.219331840698188812e-04 0.000000000000000000e+00
8.291699065371357369e-01 1.703081602787943349e-01 1.035528087060010937e-28 4.037268797096013609e-25 5.219331840698188812e-04 0.000000000000000000e+00
8.291699065371357369e-01 1.703081602787943349e-01 1.035528087060010937e-28 4.037268797096013609e-25 5.219331840698188812e-04 0.000000000000000000e+00
8.291699065371357369e-01 1.703081602787943349e-01 1.035528087060010937e-28 4.037268797096013609e-25 5.219331840698188812e-04 0.000000000000000000e+00
8.291699065371357369e-01 1.703081602787943349e-01 1.035528087060010937e-28 4.037268797096013609e-25 5.219331840698188812e-04 0.000000000000000000e+00
8.291699065371357369e-01 1.703081602787943349e-01 1.035528087060010937e-28 4.037268797096013609e-25 5.219331840698188812e-04 0.000000000000000000e+00
8.291699065371357369e-01 1.703081602787943349e-01 1.035528087060010937e-28 4.037268797096013609e-25 5.219331840698188812e-04 0.000000000000000000e+00
8.291699065371357369e-01 1.703081602787943349e-01 1.035528087060010937e-28 4.037268797096013609e-25 5.219331840698188812e-04 0.000000000000000000e+00
8.291699065371357369e-01 1.703081602787943349e-01 1.035528087060010937e-28 4.037268797096013609e-25 5.219331840698188812e-04 0.000000000000000000e+00
8.291699065371357369e-01 1.703081602787943349e-01 1.035528087060010937e-28 4.037268797096013609e-25 5.219331840698188812e-04 0.000000000000000000e+00
8.291699065371357369e-01 1.703081602787943349e-01 1.035528087060010937e-28 4.037268797096013609e-25 5.219331840698188812e-04 0.000000000000000000e+00
8.291699065371357369e-01 1.703081602787943349e-01 1.035528087060010937e-28 4.037268797096013609e-25 5.219331840698188812e-04 0.000000000000000000e+00
8.291699065371357369e-01 1.703081602787943349e-01 1.035528087060010937e-28 4.037268797096013609e-25 5.219331840698188812e-04 0.000000000000000000e+00
8.291699065371357369e-01 1.703081602787943349e-01 1.035528087060010937e-28 4.037268797096013609e-25 5.219331840698188812e-04 0.000000000000000000e+00
8.291699065371357369e-01 1.703081602787943349e-01 1.035528087060010937e-28 4.037268797096013609e-25 5.219331840698188812e-04 0.000000000000000000e+00
