9.974962912627431955e-01 1.908458273263471559e-03 2.240530321717893799e-15 6.533846280293860981e-17 5.952504639909247507e-04 0.000000000000000000e+00
9.974962911832463419e-01 1.908458358794343007e-03 1.534170967957488505e-15 4.837583062393759714e-17 5.952504579578475011e-04 0.000000000000000000e+00
9.974962911931756215e-01 1.908458383765700454e-03 9.762814284628490089e-16 3.379046628302190750e-17 5.952504230576881328e-04 0.000000000000000000e+00
9.974962911931758436e-01 1.908458383765700454e-03 6.167370945281011085e-16 2.346369953661097804e-17 5.952504230580588215e-04 0.000000000000000000e+00
9.974962911931756215e-01 1.908458383765700454e-03 3.866635024014344097e-16 1.619353730106447331e-17 5.952504230582956113e-04 0.000000000000000000e+00
9.974962911931757326e-01 1.908458383765700454e-03 2.406164687574800263e-16 1.110889396525069649e-17 5.952504230584470743e-04 0.000000000000000000e+00
9.974962911931755105e-01 1.908458383765700454e-03 1.486104630424461533e-16 7.574633134438360135e-18 5.952504230585438936e-04 0.000000000000000000e+00
9.974962911931756215e-01 1.908458383765700454e-03 9.106218273592751132e-17 5.131907998405072281e-18 5.952504230586035247e-04 0.000000000000000000e+00
9.974962911931756215e-01 1.908458383765700454e-03 5.537035958074913326e-17 3.455351437227414509e-18 5.952504230586412549e-04 0.000000000000000000e+00
9.974962911931758436e-01 1.908458383765700454e-03 3.340666792546054828e-17 2.311926738205617385e-18 5.952504230586644568e-04 0.000000000000000000e+00
9.974962911931756215e-01 1.908458383765700454e-03 1.999168077182390576e-17 1.536731600529596970e-18 5.952504230586784430e-04 0.000000000000000000e+00
9.974962911931756215e-01 1.908458383765700454e-03 1.187020732167613772e-17 1.015011190362329236e-18 5.952504230586868998e-04 0.000000000000000000e+00
9.974962911931757326e-01 1.908458383765700454e-03 6.988493100847541874e-18 6.658384497496152599e-19 5.952504230586917787e-04 0.000000000000000000e+00
9.974962911931756215e-01 1.908458383765700454e-03 4.081528389209701432e-18 4.339619206421325487e-19 5.952504230586954650e-04 0.000000000000000000e+00
9.974962911931756215e-01 1.908458383765700454e-03 2.363199626730292305e-18 2.808640331395554532e-19 5.952504230586973082e-04 0.000000000000000000e+00
9.974962911931757326e-01 1.908458383765700454e-03 1.356897394309423127e-18 1.805542407686554318e-19 5.952504230586985008e-04 0.000000000000000000e+00
9.974962911931756215e-01 1.908458383765698502e-03 7.723884567565783839e-19 1.152613223100183702e-19 5.952504230586991513e-04 0.000000000000000000e+00
9.974962911931757326e-01 1.908458383765700454e-03 4.357818122888727651e-19 7.305412101308674351e-20 5.952504230586996934e-04 0.000000000000000000e+00
9.974962911931757326e-01 1.908458383765700454e-03 2.437422661375080130e-19 4.597889695097074597e-20 5.952504230586996934e-04 0.000000000000000000e+00
9.974962911931756215e-01 1.908458383765700454e-03 1.350996283511176676e-19 2.872698225243892463e-20 5.952504230586996934e-04 0.000000000000000000e+00
9.974962911931755105e-01 1.908458383765700454e-03 7.419368488799637647e-20 1.781478430226798002e-20 5.952504230586996934e-04 0.000000000000000000e+00
9.974962911931757326e-01 1.908458383765700454e-03 4.037610277121376160e-20 1.096666499952645413e-20 5.952504230586996934e-04 0.000000000000000000e+00
9.974962911931756215e-01 1.908458383765700454e-03 2.177033086510929357e-20 6.700729978331019638e-21 5.952504230586996934e-04 0.000000000000000000e+00
9.974962911931758436e-01 1.908458383765700454e-03 1.162688245837179302e-20 4.062762646999244182e-21 5.952504230586996934e-04 0.000000000000000000e+00
9.974962911931755105e-01 1.908458383765700454e-03 6.149257527889528207e-21 2.443961277720355642e-21 5.952504230586996934e-04 0.000000000000000000e+00
9.974962911931756215e-01 1.908458383765700454e-03 3.220949531436130027e-21 1.458724741317657131e-21 5.952504230586996934e-04 0.000000000000000000e+00
9.974962911931756215e-01 1.908458383765700454e-03 1.670640247674757972e-21 8.637866456197175196e-22 5.952504230586996934e-04 0.000000000000000000e+00
9.974962911931755105e-01 1.908458383765698502e-03 8.579375780144296668e-22 5.073897384301350541e-22 5.952504230586996934e-04 0.000000000000000000e+00
9.974962911931756215e-01 1.908458383765700454e-03 4.361524134666366417e-22 2.956153661635540612e-22 5.952504230586996934e-04 0.000000000000000000e+00
9.974962911931756215e-01 1.908458383765700454e-03 2.194645845759368874e-22 1.708081454446949772e-22 5.952504230586996934e-04 0.000000000000000000e+00
9.974962911931756215e-01 1.908458383765700454e-03 1.092834796146985771e-22 9.786366392727498466e-23 5.952504230586996934e-04 0.000000000000000000e+00
9.974962911931757326e-01 1.908458383765700454e-03 5.384449470543183475e-23 5.559183844538999626e-23 5.952504230586996934e-04 0.000000000000000000e+00
9.974962911931756215e-01 1.908458383765700454e-03 2.624598450855476112e-23 3.130595111478693986e-23 5.952504230586996934e-04 0.000000000000000000e+00
9.974962911931756215e-01 1.908458383765700454e-03 1.265489448445119815e-23 1.747510248028527865e-23 5.952504230586996934e-04 0.000000000000000000e+00
9.974962911931757326e-01 1.908458383765700454e-03 6.034888004962060724e-24 9.668107643971465162e-24 5.952504230586996934e-04 0.000000000000000000e+00
9.974962911931756215e-01 1.908458383765700454e-03 2.846019179567061285e-24 5.300852068578893656e-24 5.952504230586996934e-04 0.000000000000000000e+00
9.974962911931757326e-01 1.908458383765700454e-03 1.327118258306575569e-24 2.879969049185546039e-24 5.952504230586996934e-04 0.000000000000000000e+00
9.974962911931758436e-01 1.908458383765700454e-03 6.118327723048006968e-25 1.550335359278014017e-24 5.952504230586996934e-04 0.000000000000000000e+00
9.974962911931755105e-01 1.908458383765698502e-03 2.788365537042801247e-25 8.268225990971868449e-25 5.952504230586996934e-04 0.000000000000000000e+00
9.974962911931755105e-01 1.908458383765698502e-03 1.255276620264527864e-25 4.366034353303053342e-25 5.952504230586996934e-04 0.000000000000000000e+00
9.974962911931757326e-01 1.908458383765700454e-03 5.582638541886535697e-26 2.282864456540868500e-25 5.952504230586996934e-04 0.000000000000000000e+00
9.974962911931756215e-01 1.908458383765700454e-03 2.452905978112789669e-26 1.181996325328576244e-25 5.952504230586996934e-04 0.000000000000000000e+00
9.974962911931755105e-01 1.908458383765700454e-03 1.064699107565753176e-26 6.059896383637664319e-26 5.952504230586996934e-04 0.000000000000000000e+00
9.974962911931756215e-01 1.908458383765700454e-03 4.563136719716499855e-27 3.075061972123861157e-26 5.952504230586996934e-04 0.000000000000000000e+00
9.974962911931755105e-01 1.908458383765700454e-03 1.929980817791165344e-27 1.543794425330691882e-26 5.952504230586996934e-04 0.000000000000000000e+00
9.974962911931757326e-01 1.908458383765700454e-03 8.060956330269650482e-28 7.671980366983015725e-27 5.952504230586996934e-04 0.000000000000000000e+00
9.974962911931756215e-01 1.908458383765700454e-03 3.324106200516709402e-28 3.773422094027625368e-27 5.952504230586996934e-04 0.000000000000000000e+00
9.974962911931755105e-01 1.908458383765698502e-03 1.351402538520732241e-28 1.834679404935341240e-27 5.952504230586996934e-04 0.000000000000000000e+00
9.974962911931756215e-01 1.908458383765700454e-03 5.423734336792776087e-29 8.827811468647328515e-28 5.952504230586996934e-04 0.000000000000000000e+00
9.974962911931758436e-01 1.908458383765700454e-03 2.146466967385268425e-29 4.199661629033708058e-28 5.952504230586996934e-04 0.000000000000000000e+00
9.974962911931758436e-01 1.908458383765700454e-03 1.084733132751747709e-29 2.430153992170357251e-28 5.952504230586996934e-04 0.000000000000000000e+00
9.974962911931758436e-01 1.908458383765700454e-03 1.084733132751747709e-29 2.430153992170357251e-28 5.952504230586996934e-04 0.000000000000000000e+00
9.974962911931758436e-01 1.908458383765700454e-03 1.084733132751747709e-29 2.430153992170357251e-28 5.952504230586996934e-04 0.000000000000000000e+00
9.974962911931758436e-01 1.908458383765700454e-03 1.084733132751747709e-29 2.430153992170357251e-28 5.952504230586996934e-04 0.000000000000000000e+00
9.974962911931758436e-01 1.908458383765700454e-03 1.084733132751747709e-29 2.430153992170357251e-28 5.952504230586996934e-04 0.000000000000000000e+00
9.974962911931758436e-01 1.908458383765700454e-03 1.084733132751747709e-29 2.430153992170357251e-28 5.952504230586996934e-04 0.000000000000000000e+00
9.974962911931758436e-01 1.908458383765700454e-03 1.084733132751747709e-29 2.430153992170357251e-28 5.952504230586996934e-04 0.000000000000000000e+00
9.974962911931758436e-01 1.908458383765700454e-03 1.084733132751747709e-29 2.430153992170357251e-28 5.952504230586996934e-04 0.000000000000000000e+00
9.974962911931758436e-01 1.908458383765700454e-03 1.084733132751747709e-29 2.430153992170357251e-28 5.952504230586996934e-04 0.000000000000000000e+00
9.974962911931758436e-01 1.908458383765700454e-03 1.084733132751747709e-29 2.430153992170357251e-28 5.952504230586996934e-04 0.000000000000000000e+00
9.974962911931758436e-01 1.908458383765700454e-03 1.084733132751747709e-29 2.430153992170357251e-28 5.952504230586996934e-04 0.000000000000000000e+00
9.974962911931758436e-01 1.908458383765700454e-03 1.084733132751747709e-29 2.430153992170357251e-28 5.952504230586996934e-04 0.000000000000000000e+00
9.974962911931758436e-01 1.908458383765700454e-03 1.084733132751747709e-29 2.430153992170357251e-28 5.952504230586996934e-04 0.000000000000000000e+00
9.974962911931758436e-01 1.908458383765700454e-03 1.084733132751747709e-29 2.430153992170357251e-28 5.952504230586996934e-04 0.000000000000000000e+00
9.974962911931758436e-01 1.908458383765700454e-03 1.084733132751747709e-29 2.430153992170357251e-28 5.952504230586996934e-04 0.000000000000000000e+00
9.974962911931758436e-01 1.908458383765700454e-03 1.084733132751747709e-29 2.430153992170357251e-28 5.952504230586996934e-04 0.000000000000000000e+00
9.974962911931758436e-01 1.908458383765700454e-03 1.084733132751747709e-29 2.430153992170357251e-28 5.952504230586996934e-04 0.000000000000000000e+00
9.974962911931758436e-01 1.908458383765700454e-03 1.084733132751747709e-29 2.430153992170357251e-28 5.952504230586996934e-04 0.000000000000000000e+00
9.974962911931758436e-01 1.908458383765700454e-03 1.084733132751747709e-29 2.430153992170357251e-28 5.952504230586996934e-04 0.000000000000000000e+00
9.974962911931758436e-01 1.908458383765700454e-03 1.084733132751747709e-29 2.430153992170357251e-28 5.952504230586996934e-04 0.000000000000000000e+00
9.974962911931758436e-01 1.908458383765700454e-03 1.084733132751747709e-29 2.430153992170357251e-28 5.952504230586996934e-04 0.000000000000000000e+00
9.974962911931758436e-01 1.908458383765700454e-03 1.084733132751747709e-29 2.430153992170357251e-28 5.952504230586996934e-04 0.000000000000000000e+00
9.974962911931758436e-01 1.908458383765700454e-03 1.084733132751747709e-29 2.430153992170357251e-28 5.952504230586996934e-04 0.000000000000000000e+00
9.974962911931758436e-01 1.908458383765700454e-03 1.084733132751747709e-29 2.430153992170357251e-28 5.952504230586996934e-04 0.000000000000000000e+00
9.974962911931758436e-01 1.908458383765700454e-03 1.084733132751747709e-29 2.430153992170357251e-28 5.952504230586996934e-04 0.000000000000000000e+00
9.974962911931758436e-01 1.908458383765700454e-03 1.084733132751747709e-29 2.430153992170357251e-28 5.952504230586996934e-04 0.000000000000000000e+00
9.974962911931758436e-01 1.908458383765700454e-03 1.084733132751747709e-29 2.430153992170357251e-28 5.952504230586996934e-04 0.000000000000000000e+00
9.974962911931758436e-01 1.908458383765700454e-03 1.084733132751747709e-29 2.430153992170357251e-28 5.952504230586996934e-04 0.000000000000000000e+00
9.974962911931758436e-01 1.908458383765700454e-03 1.084733132751747709e-29 2.430153992170357251e-28 5.952504230586996934e-04 0.000000000000000000e+00
9.974962911931758436e-01 1.908458383765700454e-03 1.084733132751747709e-29 2.430153992170357251e-28 5.952504230586996934e-04 0.000000000000000000e+00
9.974962911931758436e-01 1.908458383765700454e-03 1.084733132751747709e-29 2.430153992170357251e-28 5.952504230586996934e-04 0.000000000000000000e+00
9.974962911931758436e-01 1.908458383765700454e-03 1.084733132751747709e-29 2.430153992170357251e-28 5.952504230586996934e-04 0.000000000000000000e+00
9.974962911931758436e-01 1.908458383765700454e-03 1.084733132751747709e-29 2.430153992170357251e-28 5.952504230586996934e-04 0.000000000000000000e+00
9.974962911931758436e-01 1.908458383765700454e-03 1.084733132751747709e-29 2.430153992170357251e-28 5.952504230586996934e-04 0.000000000000000000e+00
9.974962911931758436e-01 1.908458383765700454e-03 1.084733132751747709e-29 2.430153992170357251e-28 5.952504230586996934e-04 0.000000000000000000e+00
9.974962911931758436e-01 1.908458383765700454e-03 1.084733132751747709e-29 2.430153992170357251e-28 5.952504230586996934e-04 0.000000000000000000e+00
9.974962911931758436e-01 1.908458383765700454e-03 1.084733132751747709e-29 2.430153992170357251e-28 5.952504230586996934e-04 0.000000000000000000e+00
9.974962911931758436e-01 1.908458383765700454e-03 1.084733132751747709e-29 2.430153992170357251e-28 5.952504230586996934e-04 0.000000000000000000e+00
9.974962911931758436e-01 1.908458383765700454e-03 1.084733132751747709e-29 2.430153992170357251e-28 5.952504230586996934e-04 0.000000000000000000e+00
9.974962911931758436e-01 1.908458383765700454e-03 1.084733132751747709e-29 2.430153992170357251e-28 5.952504230586996934e-04 0.000000000000000000e+00
9.974962911931758436e-01 1.908458383765700454e-03 1.084733132751747709e-29 2.430153992170357251e-28 5.952504230586996934e-04 0.000000000000000000e+00
9.974962911931758436e-01 1.908458383765700454e-03 1.084733132751747709e-29 2.430153992170357251e-28 5.952504230586996934e-04 0.000000000000000000e+00
9.974962911931758436e-01 1.908458383765700454e-03 1.084733132751747709e-29 2.430153992170357251e-28 5.952504230586996934e-04 0.000000000000000000e+00
9.974962911931758436e-01 1.908458383765700454e-03 1.084733132751747709e-29 2.430153992170357251e-28 5.952504230586996934e-04 0.000000000000000000e+00
9.974962911931758436e-01 1.908458383765700454e-03 1.084733132751747709e-29 2.430153992170357251e-28 5.952504230586996934e-04 0.000000000000000000e+00
9.974962911931758436e-01 1.908458383765700454e-03 1.084733132751747709e-29 2.430153992170357251e-28 5.952504230586996934e-04 0.000000000000000000e+00
9.974962911931758436e-01 1.908458383765700454e-03 1.084733132751747709e-29 2.430153992170357251e-28 5.952504230586996934e-04 0.000000000000000000e+00
9.974962911931758436e-01 1.908458383765700454e-03 1.084733132751747709e-29 2.430153992170357251e-28 5.952504230586996934e-04 0.000000000000000000e+00
9.974962911931758436e-01 1.908458383765700454e-03 1.084733132751747709e-29 2.430153992170357251e-28 5.952504230586996934e-04 0.000000000000000000e+00
9.974962911931758436e-01 1.908458383765700454e-03 1.084733132751747709e-29 2.430153992170357251e-28 5.952504230586996934e-04 0.000000000000000000e+00
9.974962911931758436e-01 1.908458383765700454e-03 1.084733132751747709e-29 2.430153992170357251e-28 5.952504230586996934e-04 0.000000000000000000e+00
9.974962911931758436e-01 1.908458383765700454e-03 1.084733132751747709e-29 2.430153992170357251e-28 5.952504230586996934e-04 0.000000000000000000e+00
9.974962911931758436e-01 1.908458383765700454e-03 1.084733132751747709e-29 2.430153992170357251e-28 5.952504230586996934e-04 0.000000000000000000e+00
9.974962911931758436e-01 1.908458383765700454e-03 1.084733132751747709e-29 2.430153992170357251e-28 5.952504230586996934e-04 0.000000000000000000e+00
9.974962911931758436e-01 1.908458383765700454e-03 1.084733132751747709e-29 2.430153992170357251e-28 5.952504230586996934e-04 0.000000000000000000e+00
9.974962911931758436e-01 1.908458383765700454e-03 1.084733132751747709e-29 2.430153992170357251e-28 5.952504230586996934e-04 0.000000000000000000e+00
9.974962911931758436e-01 1.908458383765700454e-03 1.084733132751747709e-29 2.430153992170357251e-28 5.952504230586996934e-04 0.000000000000000000e+00
9.974962911931758436e-01 1.908458383765700454e-03 1.084733132751747709e-29 2.430153992170357251e-28 5.952504230586996934e-04 0.000000000000000000e+00
9.974962911931758436e-01 1.908458383765700454e-03 1.084733132751747709e-29 2.430153992170357251e-28 5.952504230586996934e-04 0.000000000000000000e+00
9.974962911931758436e-01 1.908458383765700454e-03 1.084733132751747709e-29 2.430153992170357251e-28 5.952504230586996934e-04 0.000000000000000000e+00
9.974962911931758436e-01 1.908458383765700454e-03 1.084733132751747709e-29 2.430153992170357251e-28 5.952504230586996934e-04 0.000000000000000000e+00
9.974962911931758436e-01 1.908458383765700454e-03 1.084733132751747709e-29 2.430153992170357251e-28 5.952504230586996934e-04 0.000000000000000000e+00
9.974962911931758436e-01 1.908458383765700454e-03 1.084733132751747709e-29 2.430153992170357251e-28 5.952504230586996934e-04 0.000000000000000000e+00
9.974962911931758436e-01 1.908458383765700454e-03 1.084733132751747709e-29 2.430153992170357251e-28 5.952504230586996934e-04 0.000000000000000000e+00
9.974962911931758436e-01 1.908458383765700454e-03 1.084733132751747709e-29 2.430153992170357251e-28 5.952504230586996934e-04 0.000000000000000000e+00
9.974962911931758436e-01 1.908458383765700454e-03 1.084733132751747709e-29 2.430153992170357251e-28 5.952504230586996934e-04 0.000000000000000000e+00
9.974962911931758436e-01 1.908458383765700454e-03 1.084733132751747709e-29 2.430153992170357251e-28 5.952504230586996934e-04 0.000000000000000000e+00
9.974962911931758436e-01 1.908458383765700454e-03 1.084733132751747709e-29 2.430153992170357251e-28 5.952504230586996934e-04 0.000000000000000000e+00
9.974962911931758436e-01 1.908458383765700454e-03 1.084733132751747709e-29 2.430153992170357251e-28 5.952504230586996934e-04 0.000000000000000000e+00
9.974962911931758436e-01 1.908458383765700454e-03 1.084733132751747709e-29 2.430153992170357251e-28 5.952504230586996934e-04 0.000000000000000000e+00
9.974962911931758436e-01 1.908458383765700454e-03 1.084733132751747709e-29 2.430153992170357251e-28 5.952504230586996934e-04 0.000000000000000000e+00
9.974962911931758436e-01 1.908458383765700454e-03 1.084733132751747709e-29 2.430153992170357251e-28 5.952504230586996934e-04 0.000000000000000000e+00
9.974962911931758436e-01 1.908458383765700454e-03 1.084733132751747709e-29 2.430153992170357251e-28 5.952504230586996934e-04 0.000000000000000000e+00
9.974962911931758436e-01 1.908458383765700454e-03 1.084733132751747709e-29 2.430153992170357251e-28 5.952504230586996934e-04 0.000000000000000000e+00
9.974962911931758436e-01 1.908458383765700454e-03 1.084733132751747709e-29 2.430153992170357251e-28 5.952504230586996934e-04 0.000000000000000000e+00
9.974962911931758436e-01 1.908458383765700454e-03 1.084733132751747709e-29 2.430153992170357251e-28 5.952504230586996934e-04 0.000000000000000000e+00
9.974962911931758436e-01 1.908458383765700454e-03 1.084733132751747709e-29 2.430153992170357251e-28 5.952504230586996934e-04 0.000000000000000000e+00
9.974962911931758436e-01 1.908458383765700454e-03 1.084733132751747709e-29 2.430153992170357251e-28 5.952504230586996934e-04 0.000000000000000000e+00
9.974962911931758436e-01 1.908458383765700454e-03 1.084733132751747709e-29 2.430153992170357251e-28 5.952504230586996934e-04 0.000000000000000000e+00
9.974962911931758436e-01 1.908458383765700454e-03 1.084733132751747709e-29 2.430153992170357251e-28 5.952504230586996934e-04 0.000000000000000000e+00
9.974962911931758436e-01 1.908458383765700454e-03 1.084733132751747709e-29 2.430153992170357251e-28 5.952504230586996934e-04 0.000000000000000000e+00
9.974962911931758436e-01 1.908458383765700454e-03 1.084733132751747709e-29 2.430153992170357251e-28 5.952504230586996934e-04 0.000000000000000000e+00
9.974962911931758436e-01 1.908458383765700454e-03 1.084733132751747709e-29 2.430153992170357251e-28 5.952504230586996934e-04 0.000000000000000000e+00
9.974962911931758436e-01 1.908458383765700454e-03 1.084733132751747709e-29 2.430153992170357251e-28 5.952504230586996934e-04 0.000000000000000000e+00
9.974962911931758436e-01 1.908458383765700454e-03 1.084733132751747709e-29 2.430153992170357251e-28 5.952504230586996934e-04 0.000000000000000000e+00
9.974962911931758436e-01 1.908458383765700454e-03 1.084733132751747709e-29 2.430153992170357251e-28 5.952504230586996934e-04 0.000000000000000000e+00
9.974962911931758436e-01 1.908458383765700454e-03 1.084733132751747709e-29 2.430153992170357251e-28 5.952504230586996934e-04 0.000000000000000000e+00
9.974962911931758436e-01 1.908458383765700454e-03 1.084733132751747709e-29 2.430153992170357251e-28 5.952504230586996934e-04 0.000000000000000000e+00
9.974962911931758436e-01 1.908458383765700454e-03 1.084733132751747709e-29 2.430153992170357251e-28 5.952504230586996934e-04 0.000000000000000000e+00
9.974962911931758436e-01 1.908458383765700454e-03 1.084733132751747709e-29 2.430153992170357251e-28 5.952504230586996934e-04 0.000000000000000000e+00
9.974962911931758436e-01 1.908458383765700454e-03 1.084733132751747709e-29 2.430153992170357251e-28 5.952504230586996934e-04 0.000000000000000000e+00
9.974962911931758436e-01 1.908458383765700454e-03 1.084733132751747709e-29 2.430153992170357251e-28 5.952504230586996934e-04 0.000000000000000000e+00
9.974962911931758436e-01 1.908458383765700454e-03 1.084733132751747709e-29 2.430153992170357251e-28 5.952504230586996934e-04 0.000000000000000000e+00
9.974962911931758436e-01 1.908458383765700454e-03 1.084733132751747709e-29 2.430153992170357251e-28 5.952504230586996934e-04 0.000000000000000000e+00
9.974962911931758436e-01 1.908458383765700454e-03 1.084733132751747709e-29 2.430153992170357251e-28 5.952504230586996934e-04 0.000000000000000000e+00
9.974962911931758436e-01 1.908458383765700454e-03 1.084733132751747709e-29 2.430153992170357251e-28 5.952504230586996934e-04 0.000000000000000000e+00
9.974962911931758436e-01 1.908458383765700454e-03 1.084733132751747709e-29 2.430153992170357251e-28 5.952504230586996934e-04 0.000000000000000000e+00
9.974962911931758436e-01 1.908458383765700454e-03 1.084733132751747709e-29 2.430153992170357251e-28 5.952504230586996934e-04 0.000000000000000000e+00
9.974962911931758436e-01 1.908458383765700454e-03 1.084733132751747709e-29 2.430153992170357251e-28 5.952504230586996934e-04 0.000000000000000000e+00
9.974962911931758436e-01 1.908458383765700454e-03 1.084733132751747709e-29 2.430153992170357251e-28 5.952504230586996934e-04 0.000000000000000000e+00
9.974962911931758436e-01 1.908458383765700454e-03 1.084733132751747709e-29 2.430153992170357251e-28 5.952504230586996934e-04 0.000000000000000000e+00
9.974962911931758436e-01 1.908458383765700454e-03 1.084733132751747709e-29 2.430153992170357251e-28 5.952504230586996934e-04 0.000000000000000000e+00
9.974962911931758436e-01 1.908458383765700454e-03 1.084733132751747709e-29 2.430153992170357251e-28 5.952504230586996934e-04 0.000000000000000000e+00
9.974962911931758436e-01 1.908458383765700454e-03 1.084733132751747709e-29 2.430153992170357251e-28 5.952504230586996934e-04 0.000000000000000000e+00
9.974962911931758436e-01 1.908458383765700454e-03 1.084733132751747709e-29 2.430153992170357251e-28 5.952504230586996934e-04 0.000000000000000000e+00
9.974962911931758436e-01 1.908458383765700454e-03 1.084733132751747709e-29 2.430153992170357251e-28 5.952504230586996934e-04 0.000000000000000000e+00
9.974962911931758436e-01 1.908458383765700454e-03 1.084733132751747709e-29 2.430153992170357251e-28 5.952504230586996934e-04 0.000000000000000000e+00
9.974962911931758436e-01 1.908458383765700454e-03 1.084733132751747709e-29 2.430153992170357251e-28 5.952504230586996934e-04 0.000000000000000000e+00
9.974962911931758436e-01 1.908458383765700454e-03 1.084733132751747709e-29 2.430153992170357251e-28 5.952504230586996934e-04 0.000000000000000000e+00
9.974962911931758436e-01 1.908458383765700454e-03 1.084733132751747709e-29 2.430153992170357251e-28 5.952504230586996934e-04 0.000000000000000000e+00
9.974962911931758436e-01 1.908458383765700454e-03 1.084733132751747709e-29 2.430153992170357251e-28 5.952504230586996934e-04 0.000000000000000000e+00
9.974962911931758436e-01 1.908458383765700454e-03 1.084733132751747709e-29 2.430153992170357251e-28 5.952504230586996934e-04 0.000000000000000000e+00
9.974962911931758436e-01 1.908458383765700454e-03 1.084733132751747709e-29 2.430153992170357251e-28 5.952504230586996934e-04 0.000000000000000000e+00
9.974962911931758436e-01 1.908458383765700454e-03 1.084733132751747709e-29 2.430153992170357251e-28 5.952504230586996934e-04 0.000000000000000000e+00
9.974962911931758436e-01 1.908458383765700454e-03 1.084733132751747709e-29 2.430153992170357251e-28 5.952504230586996934e-04 0.000000000000000000e+00
9.974962911931758436e-01 1.908458383765700454e-03 1.084733132751747709e-29 2.430153992170357251e-28 5.952504230586996934e-04 0.000000000000000000e+00
9.974962911931758436e-01 1.908458383765700454e-03 1.084733132751747709e-29 2.430153992170357251e-28 5.952504230586996934e-04 0.000000000000000000e+00
9.974962911931758436e-01 1.908458383765700454e-03 1.084733132751747709e-29 2.430153992170357251e-28 5.952504230586996934e-04 0.000000000000000000e+00
9.974962911931758436e-01 1.908458383765700454e-03 1.084733132751747709e-29 2.430153992170357251e-28 5.952504230586996934e-04 0.000000000000000000e+00
9.974962911931758436e-01 1.908458383765700454e-03 1.084733132751747709e-29 2.430153992170357251e-28 5.952504230586996934e-04 0.000000000000000000e+00
9.974962911931758436e-01 1.908458383765700454e-03 1.084733132751747709e-29 2.430153992170357251e-28 5.952504230586996934e-04 0.000000000000000000e+00
9.974962911931758436e-01 1.908458383765700454e-03 1.084733132751747709e-29 2.430153992170357251e-28 5.952504230586996934e-04 0.000000000000000000e+00
9.974962911931758436e-01 1.908458383765700454e-03 1.084733132751747709e-29 2.430153992170357251e-28 5.952504230586996934e-04 0.000000000000000000e+00
9.974962911931758436e-01 1.908458383765700454e-03 1.084733132751747709e-29 2.430153992170357251e-28 5.952504230586996934e-04 0.000000000000000000e+00
9.974962911931758436e-01 1.908458383765700454e-03 1.084733132751747709e-29 2.430153992170357251e-28 5.952504230586996934e-04 0.000000000000000000e+00
9.974962911931758436e-01 1.908458383765700454e-03 1.084733132751747709e-29 2.430153992170357251e-28 5.952504230586996934e-04 0.000000000000000000e+00
9.974962911931758436e-01 1.908458383765700454e-03 1.084733132751747709e-29 2.430153992170357251e-28 5.952504230586996934e-04 0.000000000000000000e+00
9.974962911931758436e-01 1.908458383765700454e-03 1.084733132751747709e-29 2.430153992170357251e-28 5.952504230586996934e-04 0.000000000000000000e+00
9.974962911931758436e-01 1.908458383765700454e-03 1.084733132751747709e-29 2.430153992170357251e-28 5.952504230586996934e-04 0.000000000000000000e+00
9.974962911931758436e-01 1.908458383765700454e-03 1.084733132751747709e-29 2.430153992170357251e-28 5.952504230586996934e-04 0.000000000000000000e+00
9.974962911931758436e-01 1.908458383765700454e-03 1.084733132751747709e-29 2.430153992170357251e-28 5.952504230586996934e-04 0.000000000000000000e+00
9.974962911931758436e-01 1.908458383765700454e-03 1.084733132751747709e-29 2.430153992170357251e-28 5.952504230586996934e-04 0.000000000000000000e+00
9.974962911931758436e-01 1.908458383765700454e-03 1.084733132751747709e-29 2.430153992170357251e-28 5.952504230586996934e-04 0.000000000000000000e+00
9.974962911931758436e-01 1.908458383765700454e-03 1.084733132751747709e-29 2.430153992170357251e-28 5.952504230586996934e-04 0.000000000000000000e+00
9.974962911931758436e-01 1.908458383765700454e-03 1.084733132751747709e-29 2.430153992170357251e-28 5.952504230586996934e-04 0.000000000000000000e+00
9.974962911931758436e-01 1.908458383765700454e-03 1.084733132751747709e-29 2.430153992170357251e-28 5.952504230586996934e-04 0.000000000000000000e+00
9.974962911931758436e-01 1.908458383765700454e-03 1.084733132751747709e-29 2.430153992170357251e-28 5.952504230586996934e-04 0.000000000000000000e+00
9.974962911931758436e-01 1.908458383765700454e-03 1.084733132751747709e-29 2.430153992170357251e-28 5.952504230586996934e-04 0.000000000000000000e+00
9.974962911931758436e-01 1.908458383765700454e-03 1.084733132751747709e-29 2.430153992170357251e-28 5.952504230586996934e-04 0.000000000000000000e+00
9.974962911931758436e-01 1.908458383765700454e-03 1.084733132751747709e-29 2.430153992170357251e-28 5.952504230586996934e-04 0.000000000000000000e+00
9.974962911931758436e-01 1.908458383765700454e-03 1.084733132751747709e-29 2.430153992170357251e-28 5.952504230586996934e-04 0.000000000000000000e+00
9.974962911931758436e-01 1.908458383765700454e-03 1.084733132751747709e-29 2.430153992170357251e-28 5.952504230586996934e-04 0.000000000000000000e+00
9.974962911931758436e-01 1.908458383765700454e-03 1.084733132751747709e-29 2.430153992170357251e-28 5.952504230586996934e-04 0.000000000000000000e+00
9.974962911931758436e-01 1.908458383765700454e-03 1.084733132751747709e-29 2.430153992170357251e-28 5.952504230586996934e-04 0.000000000000000000e+00
9.974962911931758436e-01 1.908458383765700454e-03 1.084733132751747709e-29 2.430153992170357251e-28 5.952504230586996934e-04 0.000000000000000000e+00
9.974962911931758436e-01 1.908458383765700454e-03 1.084733132751747709e-29 2.430153992170357251e-28 5.952504230586996934e-04 0.000000000000000000e+00
9.974962911931758436e-01 1.908458383765700454e-03 1.084733132751747709e-29 2.430153992170357251e-28 5.952504230586996934e-04 0.000000000000000000e+00
9.974962911931758436e-01 1.908458383765700454e-03 1.084733132751747709e-29 2.430153992170357251e-28 5.952504230586996934e-04 0.000000000000000000e+00
9.974962911931758436e-01 1.908458383765700454e-03 1.084733132751747709e-29 2.430153992170357251e-28 5.952504230586996934e-04 0.000000000000000000e+00
9.974962911931758436e-01 1.908458383765700454e-03 1.084733132751747709e-29 2.430153992170357251e-28 5.952504230586996934e-04 0.000000000000000000e+00
9.974962911931758436e-01 1.908458383765700454e-03 1.084733132751747709e-29 2.430153992170357251e-28 5.952504230586996934e-04 0.000000000000000000e+00
9.974962911931758436e-01 1.908458383765700454e-03 1.084733132751747709e-29 2.430153992170357251e-28 5.952504230586996934e-04 0.000000000000000000e+00
9.974962911931758436e-01 1.908458383765700454e-03 1.084733132751747709e-29 2.430153992170357251e-28 5.952504230586996934e-04 0.000000000000000000e+00
9.974962911931758436e-01 1.908458383765700454e-03 1.084733132751747709e-29 2.430153992170357251e-28 5.952504230586996934e-04 0.000000000000000000e+00
9.974962911931758436e-01 1.908458383765700454e-03 1.084733132751747709e-29 2.430153992170357251e-28 5.952504230586996934e-04 0.000000000000000000e+00
9.974962911931758436e-01 1.908458383765700454e-03 1.084733132751747709e-29 2.430153992170357251e-28 5.952504230586996934e-04 0.000000000000000000e+00
9.974962911931758436e-01 1.908458383765700454e-03 1.084733132751747709e-29 2.430153992170357251e-28 5.952504230586996934e-04 0.000000000000000000e+00
9.974962911931758436e-01 1.908458383765700454e-03 1.084733132751747709e-29 2.430153992170357251e-28 5.952504230586996934e-04 0.000000000000000000e+00
9.974962911931758436e-01 1.908458383765700454e-03 1.084733132751747709e-29 2.430153992170357251e-28 5.952504230586996934e-04 0.000000000000000000e+00
9.974962911931758436e-01 1.908458383765700454e-03 1.084733132751747709e-29 2.430153992170357251e-28 5.952504230586996934e-04 0.000000000000000000e+00
9.974962911931758436e-01 1.908458383765700454e-03 1.084733132751747709e-29 2.430153992170357251e-28 5.952504230586996934e-04 0.000000000000000000e+00
9.974962911931758436e-01 1.908458383765700454e-03 1.084733132751747709e-29 2.430153992170357251e-28 5.952504230586996934e-04 0.000000000000000000e+00
9.974962911931758436e-01 1.908458383765700454e-03 1.084733132751747709e-29 2.430153992170357251e-28 5.952504230586996934e-04 0.000000000000000000e+00
9.974962911931758436e-01 1.908458383765700454e-03 1.084733132751747709e-29 2.430153992170357251e-28 5.952504230586996934e-04 0.000000000000000000e+00
9.974962911931758436e-01 1.908458383765700454e-03 1.084733132751747709e-29 2.430153992170357251e-28 5.952504230586996934e-04 0.000000000000000000e+00
9.974962911931758436e-01 1.908458383765700454e-03 1.084733132751747709e-29 2.430153992170357251e-28 5.952504230586996934e-04 0.000000000000000000e+00
9.974962911931758436e-01 1.908458383765700454e-03 1.084733132751747709e-29 2.430153992170357251e-28 5.952504230586996934e-04 0.000000000000000000e+00
9.974962911931758436e-01 1.908458383765700454e-03 1.084733132751747709e-29 2.430153992170357251e-28 5.952504230586996934e-04 0.000000000000000000e+00
9.974962911931758436e-01 1.908458383765700454e-03 1.084733132751747709e-29 2.430153992170357251e-28 5.952504230586996934e-04 0.000000000000000000e+00
9.974962911931758436e-01 1.908458383765700454e-03 1.084733132751747709e-29 2.430153992170357251e-28 5.952504230586996934e-04 0.000000000000000000e+00
9.974962911931758436e-01 1.908458383765700454e-03 1.084733132751747709e-29 2.430153992170357251e-28 5.952504230586996934e-04 0.000000000000000000e+00
9.974962911931758436e-01 1.908458383765700454e-03 1.084733132751747709e-29 2.430153992170357251e-28 5.952504230586996934e-04 0.000000000000000000e+00
9.974962911931758436e-01 1.908458383765700454e-03 1.084733132751747709e-29 2.430153992170357251e-28 5.952504230586996934e-04 0.000000000000000000e+00
9.974962911931758436e-01 1.908458383765700454e-03 1.084733132751747709e-29 2.430153992170357251e-28 5.952504230586996934e-04 0.000000000000000000e+00
9.974962911931758436e-01 1.908458383765700454e-03 1.084733132751747709e-29 2.430153992170357251e-28 5.952504230586996934e-04 0.000000000000000000e+00
9.974962911931758436e-01 1.908458383765700454e-03 1.084733132751747709e-29 2.430153992170357251e-28 5.952504230586996934e-04 0.000000000000000000e+00
9.974962911931758436e-01 1.908458383765700454e-03 1.084733132751747709e-29 2.430153992170357251e-28 5.952504230586996934e-04 0.000000000000000000e+00
9.974962911931758436e-01 1.908458383765700454e-03 1.084733132751747709e-29 2.430153992170357251e-28 5.952504230586996934e-04 0.000000000000000000e+00
9.974962911931758436e-01 1.908458383765700454e-03 1.084733132751747709e-29 2.430153992170357251e-28 5.952504230586996934e-04 0.000000000000000000e+00
9.974962911931758436e-01 1.908458383765700454e-03 1.084733132751747709e-29 2.430153992170357251e-28 5.952504230586996934e-04 0.000000000000000000e+00
9.974962911931758436e-01 1.908458383765700454e-03 1.084733132751747709e-29 2.430153992170357251e-28 5.952504230586996934e-04 0.000000000000000000e+00
9.974962911931758436e-01 1.908458383765700454e-03 1.084733132751747709e-29 2.430153992170357251e-28 5.952504230586996934e-04 0.000000000000000000e+00
9.974962911931758436e-01 1.908458383765700454e-03 1.084733132751747709e-29 2.430153992170357251e-28 5.952504230586996934e-04 0.000000000000000000e+00
9.974962911931758436e-01 1.908458383765700454e-03 1.084733132751747709e-29 2.430153992170357251e-28 5.952504230586996934e-04 0.000000000000000000e+00
9.974962911931758436e-01 1.908458383765700454e-03 1.084733132751747709e-29 2.430153992170357251e-28 5.952504230586996934e-04 0.000000000000000000e+00
9.974962911931758436e-01 1.908458383765700454e-03 1.084733132751747709e-29 2.430153992170357251e-28 5.952504230586996934e-04 0.000000000000000000e+00
9.974962911931758436e-01 1.908458383765700454e-03 1.084733132751747709e-29 2.430153992170357251e-28 5.952504230586996934e-04 0.000000000000000000e+00
9.974962911931758436e-01 1.908458383765700454e-03 1.084733132751747709e-29 2.430153992170357251e-28 5.952504230586996934e-04 0.000000000000000000e+00
9.974962911931758436e-01 1.908458383765700454e-03 1.084733132751747709e-29 2.430153992170357251e-28 5.952504230586996934e-04 0.000000000000000000e+00
9.974962911931758436e-01 1.908458383765700454e-03 1.084733132751747709e-29 2.430153992170357251e-28 5.952504230586996934e-04 0.000000000000000000e+00
9.974962911931758436e-01 1.908458383765700454e-03 1.084733132751747709e-29 2.430153992170357251e-28 5.952504230586996934e-04 0.000000000000000000e+00
9.974962911931758436e-01 1.908458383765700454e-03 1.084733132751747709e-29 2.430153992170357251e-28 5.952504230586996934e-04 0.000000000000000000e+00
9.974962911931758436e-01 1.908458383765700454e-03 1.084733132751747709e-29 2.430153992170357251e-28 5.952504230586996934e-04 0.000000000000000000e+00
9.974962911931758436e-01 1.908458383765700454e-03 1.084733132751747709e-29 2.430153992170357251e-28 5.952504230586996934e-04 0.000000000000000000e+00
9.974962911931758436e-01 1.908458383765700454e-03 1.084733132751747709e-29 2.430153992170357251e-28 5.952504230586996934e-04 0.000000000000000000e+00
9.974962911931758436e-01 1.908458383765700454e-03 1.084733132751747709e-29 2.430153992170357251e-28 5.952504230586996934e-04 0.000000000000000000e+00
9.974962911931758436e-01 1.908458383765700454e-03 1.084733132751747709e-29 2.430153992170357251e-28 5.952504230586996934e-04 0.000000000000000000e+00
9.974962911931758436e-01 1.908458383765700454e-03 1.084733132751747709e-29 2.430153992170357251e-28 5.952504230586996934e-04 0.000000000000000000e+00
9.974962911931758436e-01 1.908458383765700454e-03 1.084733132751747709e-29 2.430153992170357251e-28 5.952504230586996934e-04 0.000000000000000000e+00
9.974962911931758436e-01 1.908458383765700454e-03 1.084733132751747709e-29 2.430153992170357251e-28 5.952504230586996934e-04 0.000000000000000000e+00
9.974962911931758436e-01 1.908458383765700454e-03 1.084733132751747709e-29 2.430153992170357251e-28 5.952504230586996934e-04 0.000000000000000000e+00
9.974962911931758436e-01 1.908458383765700454e-03 1.084733132751747709e-29 2.430153992170357251e-28 5.952504230586996934e-04 0.000000000000000000e+00
9.974962911931758436e-01 1.908458383765700454e-03 1.084733132751747709e-29 2.430153992170357251e-28 5.952504230586996934e-04 0.000000000000000000e+00
9.974962911931758436e-01 1.908458383765700454e-03 1.084733132751747709e-29 2.430153992170357251e-28 5.952504230586996934e-04 0.000000000000000000e+00
9.974962911931758436e-01 1.908458383765700454e-03 1.084733132751747709e-29 2.430153992170357251e-28 5.952504230586996934e-04 0.000000000000000000e+00
9.974962911931758436e-01 1.908458383765700454e-03 1.084733132751747709e-29 2.430153992170357251e-28 5.952504230586996934e-04 0.000000000000000000e+00
9.974962911931758436e-01 1.908458383765700454e-03 1.084733132751747709e-29 2.430153992170357251e-28 5.952504230586996934e-04 0.000000000000000000e+00
9.974962911931758436e-01 1.908458383765700454e-03 1.084733132751747709e-29 2.430153992170357251e-28 5.952504230586996934e-04 0.000000000000000000e+00
9.974962911931758436e-01 1.908458383765700454e-03 1.084733132751747709e-29 2.430153992170357251e-28 5.952504230586996934e-04 0.000000000000000000e+00
9.974962911931758436e-01 1.908458383765700454e-03 1.084733132751747709e-29 2.430153992170357251e-28 5.952504230586996934e-04 0.000000000000000000e+00
9.974962911931758436e-01 1.908458383765700454e-03 1.084733132751747709e-29 2.430153992170357251e-28 5.952504230586996934e-04 0.000000000000000000e+00
9.974962911931758436e-01 1.908458383765700454e-03 1.084733132751747709e-29 2.430153992170357251e-28 5.952504230586996934e-04 0.000000000000000000e+00
9.974962911931758436e-01 1.908458383765700454e-03 1.084733132751747709e-29 2.430153992170357251e-28 5.952504230586996934e-04 0.000000000000000000e+00
9.974962911931758436e-01 1.908458383765700454e-03 1.084733132751747709e-29 2.430153992170357251e-28 5.952504230586996934e-04 0.000000000000000000e+00
9.974962911931758436e-01 1.908458383765700454e-03 1.084733132751747709e-29 2.430153992170357251e-28 5.952504230586996934e-04 0.000000000000000000e+00
9.974962911931758436e-01 1.908458383765700454e-03 1.084733132751747709e-29 2.430153992170357251e-28 5.952504230586996934e-04 0.000000000000000000e+00
9.974962911931758436e-01 1.908458383765700454e-03 1.084733132751747709e-29 2.430153992170357251e-28 5.952504230586996934e-04 0.000000000000000000e+00
9.974962911931758436e-01 1.908458383765700454e-03 1.084733132751747709e-29 2.430153992170357251e-28 5.952504230586996934e-04 0.000000000000000000e+00
9.974962911931758436e-01 1.908458383765700454e-03 1.084733132751747709e-29 2.430153992170357251e-28 5.952504230586996934e-04 0.000000000000000000e+00
9.974962911931758436e-01 1.908458383765700454e-03 1.084733132751747709e-29 2.430153992170357251e-28 5.952504230586996934e-04 0.000000000000000000e+00
9.974962911931758436e-01 1.908458383765700454e-03 1.084733132751747709e-29 2.430153992170357251e-28 5.952504230586996934e-04 0.000000000000000000e+00
9.974962911931758436e-01 1.908458383765700454e-03 1.084733132751747709e-29 2.430153992170357251e-28 5.952504230586996934e-04 0.000000000000000000e+00
9.974962911931758436e-01 1.908458383765700454e-03 1.084733132751747709e-29 2.430153992170357251e-28 5.952504230586996934e-04 0.000000000000000000e+00
9.974962911931758436e-01 1.908458383765700454e-03 1.084733132751747709e-29 2.430153992170357251e-28 5.952504230586996934e-04 0.000000000000000000e+00
9.974962911931758436e-01 1.908458383765700454e-03 1.084733132751747709e-29 2.430153992170357251e-28 5.952504230586996934e-04 0.000000000000000000e+00
9.974962911931758436e-01 1.908458383765700454e-03 1.084733132751747709e-29 2.430153992170357251e-28 5.952504230586996934e-04 0.000000000000000000e+00
9.974962911931758436e-01 1.908458383765700454e-03 1.084733132751747709e-29 2.430153992170357251e-28 5.952504230586996934e-04 0.000000000000000000e+00
9.974962911931758436e-01 1.908458383765700454e-03 1.084733132751747709e-29 2.430153992170357251e-28 5.952504230586996934e-04 0.000000000000000000e+00
9.974962911931758436e-01 1.908458383765700454e-03 1.084733132751747709e-29 2.430153992170357251e-28 5.952504230586996934e-04 0.000000000000000000e+00
9.974962911931758436e-01 1.908458383765700454e-03 1.084733132751747709e-29 2.430153992170357251e-28 5.952504230586996934e-04 0.000000000000000000e+00
9.974962911931758436e-01 1.908458383765700454e-03 1.084733132751747709e-29 2.430153992170357251e-28 5.952504230586996934e-04 0.000000000000000000e+00
9.974962911931758436e-01 1.908458383765700454e-03 1.084733132751747709e-29 2.430153992170357251e-28 5.952504230586996934e-04 0.000000000000000000e+00
9.974962911931758436e-01 1.908458383765700454e-03 1.084733132751747709e-29 2.430153992170357251e-28 5.952504230586996934e-04 0.000000000000000000e+00
9.974962911931758436e-01 1.908458383765700454e-03 1.084733132751747709e-29 2.430153992170357251e-28 5.952504230586996934e-04 0.000000000000000000e+00
9.974962911931758436e-01 1.908458383765700454e-03 1.084733132751747709e-29 2.430153992170357251e-28 5.952504230586996934e-04 0.000000000000000000e+00
9.974962911931758436e-01 1.908458383765700454e-03 1.084733132751747709e-29 2.430153992170357251e-28 5.952504230586996934e-04 0.000000000000000000e+00
9.974962911931758436e-01 1.908458383765700454e-03 1.084733132751747709e-29 2.430153992170357251e-28 5.952504230586996934e-04 0.000000000000000000e+00
9.974962911931758436e-01 1.908458383765700454e-03 1.084733132751747709e-29 2.430153992170357251e-28 5.952504230586996934e-04 0.000000000000000000e+00
9.974962911931758436e-01 1.908458383765700454e-03 1.084733132751747709e-29 2.430153992170357251e-28 5.952504230586996934e-04 0.000000000000000000e+00
9.974962911931758436e-01 1.908458383765700454e-03 1.084733132751747709e-29 2.430153992170357251e-28 5.952504230586996934e-04 0.000000000000000000e+00
9.974962911931758436e-01 1.908458383765700454e-03 1.084733132751747709e-29 2.430153992170357251e-28 5.952504230586996934e-04 0.000000000000000000e+00
9.974962911931758436e-01 1.908458383765700454e-03 1.084733132751747709e-29 2.430153992170357251e-28 5.952504230586996934e-04 0.000000000000000000e+00
9.974962911931758436e-01 1.908458383765700454e-03 1.084733132751747709e-29 2.430153992170357251e-28 5.952504230586996934e-04 0.000000000000000000e+00
9.974962911931758436e-01 1.908458383765700454e-03 1.084733132751747709e-29 2.430153992170357251e-28 5.952504230586996934e-04 0.000000000000000000e+00
9.974962911931758436e-01 1.908458383765700454e-03 1.084733132751747709e-29 2.430153992170357251e-28 5.952504230586996934e-04 0.000000000000000000e+00
9.974962911931758436e-01 1.908458383765700454e-03 1.084733132751747709e-29 2.430153992170357251e-28 5.952504230586996934e-04 0.000000000000000000e+00
9.974962911931758436e-01 1.908458383765700454e-03 1.084733132751747709e-29 2.430153992170357251e-28 5.952504230586996934e-04 0.000000000000000000e+00
9.974962911931758436e-01 1.908458383765700454e-03 1.084733132751747709e-29 2.430153992170357251e-28 5.952504230586996934e-04 0.000000000000000000e+00
9.974962911931758436e-01 1.908458383765700454e-03 1.084733132751747709e-29 2.430153992170357251e-28 5.952504230586996934e-04 0.000000000000000000e+00
9.974962911931758436e-01 1.908458383765700454e-03 1.084733132751747709e-29 2.430153992170357251e-28 5.952504230586996934e-04 0.000000000000000000e+00
9.974962911931758436e-01 1.908458383765700454e-03 1.084733132751747709e-29 2.430153992170357251e-28 5.952504230586996934e-04 0.000000000000000000e+00
9.974962911931758436e-01 1.908458383765700454e-03 1.084733132751747709e-29 2.430153992170357251e-28 5.952504230586996934e-04 0.000000000000000000e+00
9.974962911931758436e-01 1.908458383765700454e-03 1.084733132751747709e-29 2.430153992170357251e-28 5.952504230586996934e-04 0.000000000000000000e+00
9.974962911931758436e-01 1.908458383765700454e-03 1.084733132751747709e-29 2.430153992170357251e-28 5.952504230586996934e-04 0.000000000000000000e+00
9.974962911931758436e-01 1.908458383765700454e-03 1.084733132751747709e-29 2.430153992170357251e-28 5.952504230586996934e-04 0.000000000000000000e+00
9.974962911931758436e-01 1.908458383765700454e-03 1.084733132751747709e-29 2.430153992170357251e-28 5.952504230586996934e-04 0.000000000000000000e+00
9.974962911931758436e-01 1.908458383765700454e-03 1.084733132751747709e-29 2.430153992170357251e-28 5.952504230586996934e-04 0.000000000000000000e+00
9.974962911931758436e-01 1.908458383765700454e-03 1.084733132751747709e-29 2.430153992170357251e-28 5.952504230586996934e-04 0.000000000000000000e+00
9.974962911931758436e-01 1.908458383765700454e-03 1.084733132751747709e-29 2.430153992170357251e-28 5.952504230586996934e-04 0.000000000000000000e+00
9.974962911931758436e-01 1.908458383765700454e-03 1.084733132751747709e-29 2.430153992170357251e-28 5.952504230586996934e-04 0.000000000000000000e+00
9.974962911931758436e-01 1.908458383765700454e-03 1.084733132751747709e-29 2.430153992170357251e-28 5.952504230586996934e-04 0.000000000000000000e+00
9.974962911931758436e-01 1.908458383765700454e-03 1.084733132751747709e-29 2.430153992170357251e-28 5.952504230586996934e-04 0.000000000000000000e+00
9.974962911931758436e-01 1.908458383765700454e-03 1.084733132751747709e-29 2.430153992170357251e-28 5.952504230586996934e-04 0.000000000000000000e+00
9.974962911931758436e-01 1.908458383765700454e-03 1.084733132751747709e-29 2.430153992170357251e-28 5.952504230586996934e-04 0.000000000000000000e+00
9.974962911931758436e-01 1.908458383765700454e-03 1.084733132751747709e-29 2.430153992170357251e-28 5.952504230586996934e-04 0.000000000000000000e+00
9.974962911931758436e-01 1.908458383765700454e-03 1.084733132751747709e-29 2.430153992170357251e-28 5.952504230586996934e-04 0.000000000000000000e+00
9.974962911931758436e-01 1.908458383765700454e-03 1.084733132751747709e-29 2.430153992170357251e-28 5.952504230586996934e-04 0.000000000000000000e+00
9.974962911931758436e-01 1.908458383765700454e-03 1.084733132751747709e-29 2.430153992170357251e-28 5.952504230586996934e-04 0.000000000000000000e+00
9.974962911931758436e-01 1.908458383765700454e-03 1.084733132751747709e-29 2.430153992170357251e-28 5.952504230586996934e-04 0.000000000000000000e+00
9.974962911931758436e-01 1.908458383765700454e-03 1.084733132751747709e-29 2.430153992170357251e-28 5.952504230586996934e-04 0.000000000000000000e+00
9.974962911931758436e-01 1.908458383765700454e-03 1.084733132751747709e-29 2.430153992170357251e-28 5.952504230586996934e-04 0.000000000000000000e+00
9.974962911931758436e-01 1.908458383765700454e-03 1.084733132751747709e-29 2.430153992170357251e-28 5.952504230586996934e-04 0.000000000000000000e+00
9.974962911931758436e-01 1.908458383765700454e-03 1.084733132751747709e-29 2.430153992170357251e-28 5.952504230586996934e-04 0.000000000000000000e+00
9.974962911931758436e-01 1.908458383765700454e-03 1.084733132751747709e-29 2.430153992170357251e-28 5.952504230586996934e-04 0.000000000000000000e+00
9.974962911931758436e-01 1.908458383765700454e-03 1.084733132751747709e-29 2.430153992170357251e-28 5.952504230586996934e-04 0.000000000000000000e+00
9.974962911931758436e-01 1.908458383765700454e-03 1.084733132751747709e-29 2.430153992170357251e-28 5.952504230586996934e-04 0.000000000000000000e+00
9.974962911931758436e-01 1.908458383765700454e-03 1.084733132751747709e-29 2.430153992170357251e-28 5.952504230586996934e-04 0.000000000000000000e+00
9.974962911931758436e-01 1.908458383765700454e-03 1.084733132751747709e-29 2.430153992170357251e-28 5.952504230586996934e-04 0.000000000000000000e+00
9.974962911931758436e-01 1.908458383765700454e-03 1.084733132751747709e-29 2.430153992170357251e-28 5.952504230586996934e-04 0.000000000000000000e+00
9.974962911931758436e-01 1.908458383765700454e-03 1.084733132751747709e-29 2.430153992170357251e-28 5.952504230586996934e-04 0.000000000000000000e+00
9.974962911931758436e-01 1.908458383765700454e-03 1.084733132751747709e-29 2.430153992170357251e-28 5.952504230586996934e-04 0.000000000000000000e+00
9.974962911931758436e-01 1.908458383765700454e-03 1.084733132751747709e-29 2.430153992170357251e-28 5.952504230586996934e-04 0.000000000000000000e+00
9.974962911931758436e-01 1.908458383765700454e-03 1.084733132751747709e-29 2.430153992170357251e-28 5.952504230586996934e-04 0.000000000000000000e+00
9.974962911931758436e-01 1.908458383765700454e-03 1.084733132751747709e-29 2.430153992170357251e-28 5.952504230586996934e-04 0.000000000000000000e+00
9.974962911931758436e-01 1.908458383765700454e-03 1.084733132751747709e-29 2.430153992170357251e-28 5.952504230586996934e-04 0.000000000000000000e+00
9.974962911931758436e-01 1.908458383765700454e-03 1.084733132751747709e-29 2.430153992170357251e-28 5.952504230586996934e-04 0.000000000000000000e+00
9.974962911931758436e-01 1.908458383765700454e-03 1.084733132751747709e-29 2.430153992170357251e-28 5.952504230586996934e-04 0.000000000000000000e+00
9.974962911931758436e-01 1.908458383765700454e-03 1.084733132751747709e-29 2.430153992170357251e-28 5.952504230586996934e-04 0.000000000000000000e+00
9.974962911931758436e-01 1.908458383765700454e-03 1.084733132751747709e-29 2.430153992170357251e-28 5.952504230586996934e-04 0.000000000000000000e+00
9.974962911931758436e-01 1.908458383765700454e-03 1.084733132751747709e-29 2.430153992170357251e-28 5.952504230586996934e-04 0.000000000000000000e+00
9.974962911931758436e-01 1.908458383765700454e-03 1.084733132751747709e-29 2.430153992170357251e-28 5.952504230586996934e-04 0.000000000000000000e+00
9.974962911931758436e-01 1.908458383765700454e-03 1.084733132751747709e-29 2.430153992170357251e-28 5.952504230586996934e-04 0.000000000000000000e+00
9.974962911931758436e-01 1.908458383765700454e-03 1.084733132751747709e-29 2.430153992170357251e-28 5.952504230586996934e-04 0.000000000000000000e+00
9.974962911931758436e-01 1.908458383765700454e-03 1.084733132751747709e-29 2.430153992170357251e-28 5.952504230586996934e-04 0.000000000000000000e+00
9.974962911931758436e-01 1.908458383765700454e-03 1.084733132751747709e-29 2.430153992170357251e-28 5.952504230586996934e-04 0.000000000000000000e+00
9.974962911931758436e-01 1.908458383765700454e-03 1.084733132751747709e-29 2.430153992170357251e-28 5.952504230586996934e-04 0.000000000000000000e+00
9.974962911931758436e-01 1.908458383765700454e-03 1.084733132751747709e-29 2.430153992170357251e-28 5.952504230586996934e-04 0.000000000000000000e+00
9.974962911931758436e-01 1.908458383765700454e-03 1.084733132751747709e-29 2.430153992170357251e-28 5.952504230586996934e-04 0.000000000000000000e+00
9.974962911931758436e-01 1.908458383765700454e-03 1.084733132751747709e-29 2.430153992170357251e-28 5.952504230586996934e-04 0.000000000000000000e+00
9.974962911931758436e-01 1.908458383765700454e-03 1.084733132751747709e-29 2.430153992170357251e-28 5.952504230586996934e-04 0.000000000000000000e+00
9.974962911931758436e-01 1.908458383765700454e-03 1.084733132751747709e-29 2.430153992170357251e-28 5.952504230586996934e-04 0.000000000000000000e+00
9.974962911931758436e-01 1.908458383765700454e-03 1.084733132751747709e-29 2.430153992170357251e-28 5.952504230586996934e-04 0.000000000000000000e+00
9.974962911931758436e-01 1.908458383765700454e-03 1.084733132751747709e-29 2.430153992170357251e-28 5.952504230586996934e-04 0.000000000000000000e+00
9.974962911931758436e-01 1.908458383765700454e-03 1.084733132751747709e-29 2.430153992170357251e-28 5.952504230586996934e-04 0.000000000000000000e+00
9.974962911931758436e-01 1.908458383765700454e-03 1.084733132751747709e-29 2.430153992170357251e-28 5.952504230586996934e-04 0.000000000000000000e+00
9.974962911931758436e-01 1.908458383765700454e-03 1.084733132751747709e-29 2.430153992170357251e-28 5.952504230586996934e-04 0.000000000000000000e+00
9.974962911931758436e-01 1.908458383765700454e-03 1.084733132751747709e-29 2.430153992170357251e-28 5.952504230586996934e-04 0.000000000000000000e+00
9.974962911931758436e-01 1.908458383765700454e-03 1.084733132751747709e-29 2.430153992170357251e-28 5.952504230586996934e-04 0.000000000000000000e+00
9.974962911931758436e-01 1.908458383765700454e-03 1.084733132751747709e-29 2.430153992170357251e-28 5.952504230586996934e-04 0.000000000000000000e+00
9.974962911931758436e-01 1.908458383765700454e-03 1.084733132751747709e-29 2.430153992170357251e-28 5.952504230586996934e-04 0.000000000000000000e+00
9.974962911931758436e-01 1.908458383765700454e-03 1.084733132751747709e-29 2.430153992170357251e-28 5.952504230586996934e-04 0.000000000000000000e+00
9.974962911931758436e-01 1.908458383765700454e-03 1.084733132751747709e-29 2.430153992170357251e-28 5.952504230586996934e-04 0.000000000000000000e+00
9.974962911931758436e-01 1.908458383765700454e-03 1.084733132751747709e-29 2.430153992170357251e-28 5.952504230586996934e-04 0.000000000000000000e+00
9.974962911931758436e-01 1.908458383765700454e-03 1.084733132751747709e-29 2.430153992170357251e-28 5.952504230586996934e-04 0.000000000000000000e+00
9.974962911931758436e-01 1.908458383765700454e-03 1.084733132751747709e-29 2.430153992170357251e-28 5.952504230586996934e-04 0.000000000000000000e+00
9.974962911931758436e-01 1.908458383765700454e-03 1.084733132751747709e-29 2.430153992170357251e-28 5.952504230586996934e-04 0.000000000000000000e+00
9.974962911931758436e-01 1.908458383765700454e-03 1.084733132751747709e-29 2.430153992170357251e-28 5.952504230586996934e-04 0.000000000000000000e+00
9.974962911931758436e-01 1.908458383765700454e-03 1.084733132751747709e-29 2.430153992170357251e-28 5.952504230586996934e-04 0.000000000000000000e+00
9.974962911931758436e-01 1.908458383765700454e-03 1.084733132751747709e-29 2.430153992170357251e-28 5.952504230586996934e-04 0.000000000000000000e+00
9.974962911931758436e-01 1.908458383765700454e-03 1.084733132751747709e-29 2.430153992170357251e-28 5.952504230586996934e-04 0.000000000000000000e+00
9.974962911931758436e-01 1.908458383765700454e-03 1.084733132751747709e-29 2.430153992170357251e-28 5.952504230586996934e-04 0.000000000000000000e+00
9.974962911931758436e-01 1.908458383765700454e-03 1.084733132751747709e-29 2.430153992170357251e-28 5.952504230586996934e-04 0.000000000000000000e+00
9.974962911931758436e-01 1.908458383765700454e-03 1.084733132751747709e-29 2.430153992170357251e-28 5.952504230586996934e-04 0.000000000000000000e+00
9.974962911931758436e-01 1.908458383765700454e-03 1.084733132751747709e-29 2.430153992170357251e-28 5.952504230586996934e-04 0.000000000000000000e+00
9.974962911931758436e-01 1.908458383765700454e-03 1.084733132751747709e-29 2.430153992170357251e-28 5.952504230586996934e-04 0.000000000000000000e+00
9.974962911931758436e-01 1.908458383765700454e-03 1.084733132751747709e-29 2.430153992170357251e-28 5.952504230586996934e-04 0.000000000000000000e+00
9.974962911931758436e-01 1.908458383765700454e-03 1.084733132751747709e-29 2.430153992170357251e-28 5.952504230586996934e-04 0.000000000000000000e+00
9.974962911931758436e-01 1.908458383765700454e-03 1.084733132751747709e-29 2.430153992170357251e-28 5.952504230586996934e-04 0.000000000000000000e+00
9.974962911931758436e-01 1.908458383765700454e-03 1.084733132751747709e-29 2.430153992170357251e-28 5.952504230586996934e-04 0.000000000000000000e+00
9.974962911931758436e-01 1.908458383765700454e-03 1.084733132751747709e-29 2.430153992170357251e-28 5.952504230586996934e-04 0.000000000000000000e+00
9.974962911931758436e-01 1.908458383765700454e-03 1.084733132751747709e-29 2.430153992170357251e-28 5.952504230586996934e-04 0.000000000000000000e+00
9.974962911931758436e-01 1.908458383765700454e-03 1.084733132751747709e-29 2.430153992170357251e-28 5.952504230586996934e-04 0.000000000000000000e+00
9.974962911931758436e-01 1.908458383765700454e-03 1.084733132751747709e-29 2.430153992170357251e-28 5.952504230586996934e-04 0.000000000000000000e+00
9.974962911931758436e-01 1.908458383765700454e-03 1.084733132751747709e-29 2.430153992170357251e-28 5.952504230586996934e-04 0.000000000000000000e+00
9.974962911931758436e-01 1.908458383765700454e-03 1.084733132751747709e-29 2.430153992170357251e-28 5.952504230586996934e-04 0.000000000000000000e+00
9.974962911931758436e-01 1.908458383765700454e-03 1.084733132751747709e-29 2.430153992170357251e-28 5.952504230586996934e-04 0.000000000000000000e+00
9.974962911931758436e-01 1.908458383765700454e-03 1.084733132751747709e-29 2.430153992170357251e-28 5.952504230586996934e-04 0.000000000000000000e+00
9.974962911931758436e-01 1.908458383765700454e-03 1.084733132751747709e-29 2.430153992170357251e-28 5.952504230586996934e-04 0.000000000000000000e+00
9.974962911931758436e-01 1.908458383765700454e-03 1.084733132751747709e-29 2.430153992170357251e-28 5.952504230586996934e-04 0.000000000000000000e+00
9.974962911931758436e-01 1.908458383765700454e-03 1.084733132751747709e-29 2.430153992170357251e-28 5.952504230586996934e-04 0.000000000000000000e+00
9.974962911931758436e-01 1.908458383765700454e-03 1.084733132751747709e-29 2.430153992170357251e-28 5.952504230586996934e-04 0.000000000000000000e+00
9.974962911931758436e-01 1.908458383765700454e-03 1.084733132751747709e-29 2.430153992170357251e-28 5.952504230586996934e-04 0.000000000000000000e+00
9.974962911931758436e-01 1.908458383765700454e-03 1.084733132751747709e-29 2.430153992170357251e-28 5.952504230586996934e-04 0.000000000000000000e+00
9.974962911931758436e-01 1.908458383765700454e-03 1.084733132751747709e-29 2.430153992170357251e-28 5.952504230586996934e-04 0.000000000000000000e+00
9.974962911931758436e-01 1.908458383765700454e-03 1.084733132751747709e-29 2.430153992170357251e-28 5.952504230586996934e-04 0.000000000000000000e+00
9.974962911931758436e-01 1.908458383765700454e-03 1.084733132751747709e-29 2.430153992170357251e-28 5.952504230586996934e-04 0.000000000000000000e+00
9.974962911931758436e-01 1.908458383765700454e-03 1.084733132751747709e-29 2.430153992170357251e-28 5.952504230586996934e-04 0.000000000000000000e+00
9.974962911931758436e-01 1.908458383765700454e-03 1.084733132751747709e-29 2.430153992170357251e-28 5.952504230586996934e-04 0.000000000000000000e+00
9.974962911931758436e-01 1.908458383765700454e-03 1.084733132751747709e-29 2.430153992170357251e-28 5.952504230586996934e-04 0.000000000000000000e+00
9.974962911931758436e-01 1.908458383765700454e-03 1.084733132751747709e-29 2.430153992170357251e-28 5.952504230586996934e-04 0.000000000000000000e+00
9.974962911931758436e-01 1.908458383765700454e-03 1.084733132751747709e-29 2.430153992170357251e-28 5.952504230586996934e-04 0.000000000000000000e+00
9.974962911931758436e-01 1.908458383765700454e-03 1.084733132751747709e-29 2.430153992170357251e-28 5.952504230586996934e-04 0.000000000000000000e+00
9.974962911931758436e-01 1.908458383765700454e-03 1.084733132751747709e-29 2.430153992170357251e-28 5.952504230586996934e-04 0.000000000000000000e+00
9.974962911931758436e-01 1.908458383765700454e-03 1.084733132751747709e-29 2.430153992170357251e-28 5.952504230586996934e-04 0.000000000000000000e+00
9.974962911931758436e-01 1.908458383765700454e-03 1.084733132751747709e-29 2.430153992170357251e-28 5.952504230586996934e-04 0.000000000000000000e+00
9.974962911931758436e-01 1.908458383765700454e-03 1.084733132751747709e-29 2.430153992170357251e-28 5.952504230586996934e-04 0.000000000000000000e+00
9.974962911931758436e-01 1.908458383765700454e-03 1.084733132751747709e-29 2.430153992170357251e-28 5.952504230586996934e-04 0.000000000000000000e+00
9.974962911931758436e-01 1.908458383765700454e-03 1.084733132751747709e-29 2.430153992170357251e-28 5.952504230586996934e-04 0.000000000000000000e+00
9.974962911931758436e-01 1.908458383765700454e-03 1.084733132751747709e-29 2.430153992170357251e-28 5.952504230586996934e-04 0.000000000000000000e+00
9.974962911931758436e-01 1.908458383765700454e-03 1.084733132751747709e-29 2.430153992170357251e-28 5.952504230586996934e-04 0.000000000000000000e+00
9.974962911931758436e-01 1.908458383765700454e-03 1.084733132751747709e-29 2.430153992170357251e-28 5.952504230586996934e-04 0.000000000000000000e+00
9.974962911931758436e-01 1.908458383765700454e-03 1.084733132751747709e-29 2.430153992170357251e-28 5.952504230586996934e-04 0.000000000000000000e+00
9.974962911931758436e-01 1.908458383765700454e-03 1.084733132751747709e-29 2.430153992170357251e-28 5.952504230586996934e-04 0.000000000000000000e+00
9.974962911931758436e-01 1.908458383765700454e-03 1.084733132751747709e-29 2.430153992170357251e-28 5.952504230586996934e-04 0.000000000000000000e+00
9.974962911931758436e-01 1.908458383765700454e-03 1.084733132751747709e-29 2.430153992170357251e-28 5.952504230586996934e-04 0.000000000000000000e+00
9.974962911931758436e-01 1.908458383765700454e-03 1.084733132751747709e-29 2.430153992170357251e-28 5.952504230586996934e-04 0.000000000000000000e+00
9.974962911931758436e-01 1.908458383765700454e-03 1.084733132751747709e-29 2.430153992170357251e-28 5.952504230586996934e-04 0.000000000000000000e+00
9.974962911931758436e-01 1.908458383765700454e-03 1.084733132751747709e-29 2.430153992170357251e-28 5.952504230586996934e-04 0.000000000000000000e+00
9.974962911931758436e-01 1.908458383765700454e-03 1.084733132751747709e-29 2.430153992170357251e-28 5.952504230586996934e-04 0.000000000000000000e+00
9.974962911931758436e-01 1.908458383765700454e-03 1.084733132751747709e-29 2.430153992170357251e-28 5.952504230586996934e-04 0.000000000000000000e+00
9.974962911931758436e-01 1.908458383765700454e-03 1.084733132751747709e-29 2.430153992170357251e-28 5.952504230586996934e-04 0.000000000000000000e+00
9.974962911931758436e-01 1.908458383765700454e-03 1.084733132751747709e-29 2.430153992170357251e-28 5.952504230586996934e-04 0.000000000000000000e+00
9.974962911931758436e-01 1.908458383765700454e-03 1.084733132751747709e-29 2.430153992170357251e-28 5.952504230586996934e-04 0.000000000000000000e+00
9.974962911931758436e-01 1.908458383765700454e-03 1.084733132751747709e-29 2.430153992170357251e-28 5.952504230586996934e-04 0.000000000000000000e+00
9.974962911931758436e-01 1.908458383765700454e-03 1.084733132751747709e-29 2.430153992170357251e-28 5.952504230586996934e-04 0.000000000000000000e+00
9.974962911931758436e-01 1.908458383765700454e-03 1.084733132751747709e-29 2.430153992170357251e-28 5.952504230586996934e-04 0.000000000000000000e+00
9.974962911931758436e-01 1.908458383765700454e-03 1.084733132751747709e-29 2.430153992170357251e-28 5.952504230586996934e-04 0.000000000000000000e+00
9.974962911931758436e-01 1.908458383765700454e-03 1.084733132751747709e-29 2.430153992170357251e-28 5.952504230586996934e-04 0.000000000000000000e+00
9.974962911931758436e-01 1.908458383765700454e-03 1.084733132751747709e-29 2.430153992170357251e-28 5.952504230586996934e-04 0.000000000000000000e+00
9.974962911931758436e-01 1.908458383765700454e-03 1.084733132751747709e-29 2.430153992170357251e-28 5.952504230586996934e-04 0.000000000000000000e+00
9.974962911931758436e-01 1.908458383765700454e-03 1.084733132751747709e-29 2.430153992170357251e-28 5.952504230586996934e-04 0.000000000000000000e+00
9.974962911931758436e-01 1.908458383765700454e-03 1.084733132751747709e-29 2.430153992170357251e-28 5.952504230586996934e-04 0.000000000000000000e+00
9.974962911931758436e-01 1.908458383765700454e-03 1.084733132751747709e-29 2.430153992170357251e-28 5.952504230586996934e-04 0.000000000000000000e+00
9.974962911931758436e-01 1.908458383765700454e-03 1.084733132751747709e-29 2.430153992170357251e-28 5.952504230586996934e-04 0.000000000000000000e+00
9.974962911931758436e-01 1.908458383765700454e-03 1.084733132751747709e-29 2.430153992170357251e-28 5.952504230586996934e-04 0.000000000000000000e+00
9.974962911931758436e-01 1.908458383765700454e-03 1.084733132751747709e-29 2.430153992170357251e-28 5.952504230586996934e-04 0.000000000000000000e+00
9.974962911931758436e-01 1.908458383765700454e-03 1.084733132751747709e-29 2.430153992170357251e-28 5.952504230586996934e-04 0.000000000000000000e+00
9.974962911931758436e-01 1.908458383765700454e-03 1.084733132751747709e-29 2.430153992170357251e-28 5.952504230586996934e-04 0.000000000000000000e+00
9.974962911931758436e-01 1.908458383765700454e-03 1.084733132751747709e-29 2.430153992170357251e-28 5.952504230586996934e-04 0.000000000000000000e+00
9.974962911931758436e-01 1.908458383765700454e-03 1.084733132751747709e-29 2.430153992170357251e-28 5.952504230586996934e-04 0.000000000000000000e+00
9.974962911931758436e-01 1.908458383765700454e-03 1.084733132751747709e-29 2.430153992170357251e-28 5.952504230586996934e-04 0.000000000000000000e+00
9.974962911931758436e-01 1.908458383765700454e-03 1.084733132751747709e-29 2.430153992170357251e-28 5.952504230586996934e-04 0.000000000000000000e+00
9.974962911931758436e-01 1.908458383765700454e-03 1.084733132751747709e-29 2.430153992170357251e-28 5.952504230586996934e-04 0.000000000000000000e+00
9.974962911931758436e-01 1.908458383765700454e-03 1.084733132751747709e-29 2.430153992170357251e-28 5.952504230586996934e-04 0.000000000000000000e+00
9.974962911931758436e-01 1.908458383765700454e-03 1.084733132751747709e-29 2.430153992170357251e-28 5.952504230586996934e-04 0.000000000000000000e+00
9.974962911931758436e-01 1.908458383765700454e-03 1.084733132751747709e-29 2.430153992170357251e-28 5.952504230586996934e-04 0.000000000000000000e+00
9.974962911931758436e-01 1.908458383765700454e-03 1.084733132751747709e-29 2.430153992170357251e-28 5.952504230586996934e-04 0.000000000000000000e+00
9.974962911931758436e-01 1.908458383765700454e-03 1.084733132751747709e-29 2.430153992170357251e-28 5.952504230586996934e-04 0.000000000000000000e+00
9.974962911931758436e-01 1.908458383765700454e-03 1.084733132751747709e-29 2.430153992170357251e-28 5.952504230586996934e-04 0.000000000000000000e+00
9.974962911931758436e-01 1.908458383765700454e-03 1.084733132751747709e-29 2.430153992170357251e-28 5.952504230586996934e-04 0.000000000000000000e+00
9.974962911931758436e-01 1.908458383765700454e-03 1.084733132751747709e-29 2.430153992170357251e-28 5.952504230586996934e-04 0.000000000000000000e+00
9.974962911931758436e-01 1.908458383765700454e-03 1.084733132751747709e-29 2.430153992170357251e-28 5.952504230586996934e-04 0.000000000000000000e+00
9.974962911931758436e-01 1.908458383765700454e-03 1.084733132751747709e-29 2.430153992170357251e-28 5.952504230586996934e-04 0.000000000000000000e+00
9.974962911931758436e-01 1.908458383765700454e-03 1.084733132751747709e-29 2.430153992170357251e-28 5.952504230586996934e-04 0.000000000000000000e+00
9.974962911931758436e-01 1.908458383765700454e-03 1.084733132751747709e-29 2.430153992170357251e-28 5.952504230586996934e-04 0.000000000000000000e+00
9.974962911931758436e-01 1.908458383765700454e-03 1.084733132751747709e-29 2.430153992170357251e-28 5.952504230586996934e-04 0.000000000000000000e+00
9.974962911931758436e-01 1.908458383765700454e-03 1.084733132751747709e-29 2.430153992170357251e-28 5.952504230586996934e-04 0.000000000000000000e+00
9.974962911931758436e-01 1.908458383765700454e-03 1.084733132751747709e-29 2.430153992170357251e-28 5.952504230586996934e-04 0.000000000000000000e+00
9.974962911931758436e-01 1.908458383765700454e-03 1.084733132751747709e-29 2.430153992170357251e-28 5.952504230586996934e-04 0.000000000000000000e+00
9.974962911931758436e-01 1.908458383765700454e-03 1.084733132751747709e-29 2.430153992170357251e-28 5.952504230586996934e-04 0.000000000000000000e+00
9.974962911931758436e-01 1.908458383765700454e-03 1.084733132751747709e-29 2.430153992170357251e-28 5.952504230586996934e-04 0.000000000000000000e+00
9.974962911931758436e-01 1.908458383765700454e-03 1.084733132751747709e-29 2.430153992170357251e-28 5.952504230586996934e-04 0.000000000000000000e+00
9.974962911931758436e-01 1.908458383765700454e-03 1.084733132751747709e-29 2.430153992170357251e-28 5.952504230586996934e-04 0.000000000000000000e+00
9.974962911931758436e-01 1.908458383765700454e-03 1.084733132751747709e-29 2.430153992170357251e-28 5.952504230586996934e-04 0.000000000000000000e+00
9.974962911931758436e-01 1.908458383765700454e-03 1.084733132751747709e-29 2.430153992170357251e-28 5.952504230586996934e-04 0.000000000000000000e+00
9.974962911931758436e-01 1.908458383765700454e-03 1.084733132751747709e-29 2.430153992170357251e-28 5.952504230586996934e-04 0.000000000000000000e+00
9.974962911931758436e-01 1.908458383765700454e-03 1.084733132751747709e-29 2.430153992170357251e-28 5.952504230586996934e-04 0.000000000000000000e+00
9.974962911931758436e-01 1.908458383765700454e-03 1.084733132751747709e-29 2.430153992170357251e-28 5.952504230586996934e-04 0.000000000000000000e+00
9.974962911931758436e-01 1.908458383765700454e-03 1.084733132751747709e-29 2.430153992170357251e-28 5.952504230586996934e-04 0.000000000000000000e+00
9.974962911931758436e-01 1.908458383765700454e-03 1.084733132751747709e-29 2.430153992170357251e-28 5.952504230586996934e-04 0.000000000000000000e+00
9.974962911931758436e-01 1.908458383765700454e-03 1.084733132751747709e-29 2.430153992170357251e-28 5.952504230586996934e-04 0.000000000000000000e+00
9.974962911931758436e-01 1.908458383765700454e-03 1.084733132751747709e-29 2.430153992170357251e-28 5.952504230586996934e-04 0.000000000000000000e+00
9.974962911931758436e-01 1.908458383765700454e-03 1.084733132751747709e-29 2.430153992170357251e-28 5.952504230586996934e-04 0.000000000000000000e+00
9.974962911931758436e-01 1.908458383765700454e-03 1.084733132751747709e-29 2.430153992170357251e-28 5.952504230586996934e-04 0.000000000000000000e+00
9.974962911931758436e-01 1.908458383765700454e-03 1.084733132751747709e-29 2.430153992170357251e-28 5.952504230586996934e-04 0.000000000000000000e+00
9.974962911931758436e-01 1.908458383765700454e-03 1.084733132751747709e-29 2.430153992170357251e-28 5.952504230586996934e-04 0.000000000000000000e+00
9.974962911931758436e-01 1.908458383765700454e-03 1.084733132751747709e-29 2.430153992170357251e-28 5.952504230586996934e-04 0.000000000000000000e+00
9.974962911931758436e-01 1.908458383765700454e-03 1.084733132751747709e-29 2.430153992170357251e-28 5.952504230586996934e-04 0.000000000000000000e+00
9.974962911931758436e-01 1.908458383765700454e-03 1.084733132751747709e-29 2.430153992170357251e-28 5.952504230586996934e-04 0.000000000000000000e+00
9.974962911931758436e-01 1.908458383765700454e-03 1.084733132751747709e-29 2.430153992170357251e-28 5.952504230586996934e-04 0.000000000000000000e+00
9.974962911931758436e-01 1.908458383765700454e-03 1.084733132751747709e-29 2.430153992170357251e-28 5.952504230586996934e-04 0.000000000000000000e+00
9.974962911931758436e-01 1.908458383765700454e-03 1.084733132751747709e-29 2.430153992170357251e-28 5.952504230586996934e-04 0.000000000000000000e+00
9.974962911931758436e-01 1.908458383765700454e-03 1.084733132751747709e-29 2.430153992170357251e-28 5.952504230586996934e-04 0.000000000000000000e+00
9.974962911931758436e-01 1.908458383765700454e-03 1.084733132751747709e-29 2.430153992170357251e-28 5.952504230586996934e-04 0.000000000000000000e+00
9.974962911931758436e-01 1.908458383765700454e-03 1.084733132751747709e-29 2.430153992170357251e-28 5.952504230586996934e-04 0.000000000000000000e+00
9.974962911931758436e-01 1.908458383765700454e-03 1.084733132751747709e-29 2.430153992170357251e-28 5.952504230586996934e-04 0.000000000000000000e+00
9.974962911931758436e-01 1.908458383765700454e-03 1.084733132751747709e-29 2.430153992170357251e-28 5.952504230586996934e-04 0.000000000000000000e+00
9.974962911931758436e-01 1.908458383765700454e-03 1.084733132751747709e-29 2.430153992170357251e-28 5.952504230586996934e-04 0.000000000000000000e+00
9.974962911931758436e-01 1.908458383765700454e-03 1.084733132751747709e-29 2.430153992170357251e-28 5.952504230586996934e-04 0.000000000000000000e+00
9.974962911931758436e-01 1.908458383765700454e-03 1.084733132751747709e-29 2.430153992170357251e-28 5.952504230586996934e-04 0.000000000000000000e+00
9.974962911931758436e-01 1.908458383765700454e-03 1.084733132751747709e-29 2.430153992170357251e-28 5.952504230586996934e-04 0.000000000000000000e+00
9.974962911931758436e-01 1.908458383765700454e-03 1.084733132751747709e-29 2.430153992170357251e-28 5.952504230586996934e-04 0.000000000000000000e+00
9.974962911931758436e-01 1.908458383765700454e-03 1.084733132751747709e-29 2.430153992170357251e-28 5.952504230586996934e-04 0.000000000000000000e+00
9.974962911931758436e-01 1.908458383765700454e-03 1.084733132751747709e-29 2.430153992170357251e-28 5.952504230586996934e-04 0.000000000000000000e+00
9.974962911931758436e-01 1.908458383765700454e-03 1.084733132751747709e-29 2.430153992170357251e-28 5.952504230586996934e-04 0.000000000000000000e+00
9.974962911931758436e-01 1.908458383765700454e-03 1.084733132751747709e-29 2.430153992170357251e-28 5.952504230586996934e-04 0.000000000000000000e+00
9.974962911931758436e-01 1.908458383765700454e-03 1.084733132751747709e-29 2.430153992170357251e-28 5.952504230586996934e-04 0.000000000000000000e+00
9.974962911931758436e-01 1.908458383765700454e-03 1.084733132751747709e-29 2.430153992170357251e-28 5.952504230586996934e-04 0.000000000000000000e+00
9.974962911931758436e-01 1.908458383765700454e-03 1.084733132751747709e-29 2.430153992170357251e-28 5.952504230586996934e-04 0.000000000000000000e+00
9.974962911931758436e-01 1.908458383765700454e-03 1.084733132751747709e-29 2.430153992170357251e-28 5.952504230586996934e-04 0.000000000000000000e+00
