9.993858268643124321e-01 2.450419143510230581e-05 1.593697564522509146e-18 9.746730207098846313e-22 5.896689442526713938e-04 0.000000000000000000e+00
9.993858268628000863e-01 2.450419146472921099e-05 1.017011442072798986e-18 6.820474038067431326e-22 5.896689457351318156e-04 0.000000000000000000e+00
9.993858268628000863e-01 2.450419146472921099e-05 6.218439003547549479e-19 4.612922903543027878e-22 5.896689457351323577e-04 0.000000000000000000e+00
9.993858268627999752e-01 2.450419146472921099e-05 3.771990180602173004e-19 3.099841947926243817e-22 5.896689457351323577e-04 0.000000000000000000e+00
9.993858268628000863e-01 2.450419146472921099e-05 2.270385244020115258e-19 2.070094399034596006e-22 5.896689457351323577e-04 0.000000000000000000e+00
9.993858268628000863e-01 2.450419146472921099e-05 1.355471037439450248e-19 1.373358470277997070e-22 5.896689457351323577e-04 0.000000000000000000e+00
9.993858268628000863e-01 2.450419146472926181e-05 8.027542622252823659e-20 9.052173565024224576e-23 5.896689457351323577e-04 0.000000000000000000e+00
9.993858268628000863e-01 2.450419146472926181e-05 4.715645274676535212e-20 5.927452273496170563e-23 5.896689457351323577e-04 0.000000000000000000e+00
9.993858268628000863e-01 2.450419146472926181e-05 2.746544476747021902e-20 3.854646537458125998e-23 5.896689457351323577e-04 0.000000000000000000e+00
9.993858268627999752e-01 2.450419146472921099e-05 1.586505519077527882e-20 2.490009388031487298e-23 5.896689457351323577e-04 0.000000000000000000e+00
9.993858268628000863e-01 2.450419146472926181e-05 9.086449597173945680e-21 1.597448300699576705e-23 5.896689457351323577e-04 0.000000000000000000e+00
9.993858268627999752e-01 2.450419146472921099e-05 5.158016559227249747e-21 1.017492136960604079e-23 5.896689457351323577e-04 0.000000000000000000e+00
9.993858268628001973e-01 2.450419146472926181e-05 2.902719947726037051e-21 6.435653479956712399e-24 5.896689457351330082e-04 0.000000000000000000e+00
9.993858268628000863e-01 2.450419146472921099e-05 1.619199325301044760e-21 4.041680149033082848e-24 5.896689457351323577e-04 0.000000000000000000e+00
9.993858268628000863e-01 2.450419146472921099e-05 8.951705687725442930e-22 2.519928372172683456e-24 5.896689457351323577e-04 0.000000000000000000e+00
9.993858268628001973e-01 2.450419146472926181e-05 4.902493052276477886e-22 1.559214320396489109e-24 5.896689457351330082e-04 0.000000000000000000e+00
9.993858268628001973e-01 2.450419146472926181e-05 2.660288374433434238e-22 9.576155065376532304e-25 5.896689457351323577e-04 0.000000000000000000e+00
9.993858268628000863e-01 2.450419146472921099e-05 1.430152410952354187e-22 5.837093143650401235e-25 5.896689457351330082e-04 0.000000000000000000e+00
9.993858268628000863e-01 2.450419146472926181e-05 7.615827653071844996e-23 3.530797843700318621e-25 5.896689457351323577e-04 0.000000000000000000e+00
9.993858268628000863e-01 2.450419146472926181e-05 4.016728028754054981e-23 2.119193290127156431e-25 5.896689457351330082e-04 0.000000000000000000e+00
9.993858268628000863e-01 2.450419146472926181e-05 2.097915643850891146e-23 1.261946068434412667e-25 5.896689457351323577e-04 0.000000000000000000e+00
9.993858268628001973e-01 2.450419146472926181e-05 1.084936231703631959e-23 7.454783083647085773e-26 5.896689457351330082e-04 0.000000000000000000e+00
9.993858268628000863e-01 2.450419146472926181e-05 5.554719407266865231e-24 4.368228502186846934e-26 5.896689457351323577e-04 0.000000000000000000e+00
9.993858268628000863e-01 2.450419146472926181e-05 2.815165555392586841e-24 2.538661436105346326e-26 5.896689457351323577e-04 0.000000000000000000e+00
9.993858268628000863e-01 2.450419146472926181e-05 1.412103070433441791e-24 1.463126275726437729e-26 5.896689457351323577e-04 0.000000000000000000e+00
9.993858268628000863e-01 2.450419146472926181e-05 7.009374356035949937e-25 8.361402765041623261e-27 5.896689457351323577e-04 0.000000000000000000e+00
9.993858268628000863e-01 2.450419146472921099e-05 3.442607621055049513e-25 4.737530650070699247e-27 5.896689457351323577e-04 0.000000000000000000e+00
9.993858268628000863e-01 2.450419146472921099e-05 1.672785477733666046e-25 2.661086558773744431e-27 5.896689457351323577e-04 0.000000000000000000e+00
9.993858268628000863e-01 2.450419146472926181e-05 8.040617050093215603e-26 1.481702211684266001e-27 5.896689457351323577e-04 0.000000000000000000e+00
9.993858268628000863e-01 2.450419146472921099e-05 3.821848953074420868e-26 8.175738470853332781e-28 5.896689457351323577e-04 0.000000000000000000e+00
9.993858268628000863e-01 2.450419146472921099e-05 1.795918664321035000e-26 4.469625645267889276e-28 5.896689457351323577e-04 0.000000000000000000e+00
9.993858268628001973e-01 2.450419146472926181e-05 8.344780952260072637e-27 2.421379342816120726e-28 5.896689457351330082e-04 0.000000000000000000e+00
9.993858268627999752e-01 2.450419146472921099e-05 3.833731871664794991e-27 1.299786934710771317e-28 5.896689457351323577e-04 0.000000000000000000e+00
9.993858268628000863e-01 2.450419146472926181e-05 1.741225843790537590e-27 6.912842097027576917e-29 5.896689457351330082e-04 0.000000000000000000e+00
9.993858268628000863e-01 2.450419146472926181e-05 7.808791040267795035e-28 3.639028485474428417e-29 5.896689457351330082e-04 0.000000000000000000e+00
9.993858268628001973e-01 2.450419146472926181e-05 3.460358924520628186e-28 1.897194963064531387e-29 5.896689457351330082e-04 0.000000000000000000e+00
9.993858268627999752e-01 2.450419146472921099e-05 1.515272067986276562e-28 9.796139247180672759e-30 5.896689457351330082e-04 0.000000000000000000e+00
9.993858268628000863e-01 2.450419146472921099e-05 6.550191948368260154e-29 5.005638198696708246e-30 5.896689457351323577e-04 0.000000000000000000e+00
9.993858268628000863e-01 2.450419146472926181e-05 2.795688566924102500e-29 2.531558145324976649e-30 5.896689457351330082e-04 0.000000000000000000e+00
9.993858268628001973e-01 2.450419146472926181e-05 1.178817054202107655e-29 1.267779471094107788e-30 5.896689457351330082e-04 0.000000000000000000e+00
9.993858268628000863e-01 2.450419146472926181e-05 4.901620529150627314e-30 6.277536829851833347e-31 5.896689457351323577e-04 0.000000000000000000e+00
9.993858268628000863e-01 2.450419146472926181e-05 2.012632597642066554e-30 3.076853525009254211e-31 5.896689457351330082e-04 0.000000000000000000e+00
9.993858268627999752e-01 2.450419146472921099e-05 8.153436152298891708e-31 1.491723417740796118e-31 5.896689457351330082e-04 0.000000000000000000e+00
9.993858268628000863e-01 2.450419146472926181e-05 3.257616950343378975e-31 7.151494638652742306e-32 5.896689457351323577e-04 0.000000000000000000e+00
9.993858268628000863e-01 2.450419146472926181e-05 1.283879841449066495e-31 3.390761941206828890e-32 5.896689457351323577e-04 0.000000000000000000e+00
9.993858268628001973e-01 2.450419146472926181e-05 4.984619866801835912e-32 1.588247426811562231e-32 5.896689457351330082e-04 0.000000000000000000e+00
9.993858268628000863e-01 2.450419146472926181e-05 1.908549558277029410e-32 7.356114152266641875e-33 5.896689457351330082e-04 0.000000000000000000e+00
9.993858268628000863e-01 2.450419146472926181e-05 7.196006440339899852e-33 3.364835061465850591e-33 5.896689457351330082e-04 0.000000000000000000e+00
9.993858268627999752e-01 2.450419146472926181e-05 2.673921109850009153e-33 1.521070490544035796e-33 5.896689457351330082e-04 0.000000000000000000e+00
9.993858268628000863e-01 2.450419146472921099e-05 9.785917359891627264e-34 6.791781790881047152e-34 5.896689457351330082e-04 0.000000000000000000e+00
9.993858268628001973e-01 2.450419146472926181e-05 5.477015368316721996e-34 4.263627981097692783e-34 5.896689457351323577e-04 0.000000000000000000e+00
9.993858268628001973e-01 2.450419146472926181e-05 5.477015368316721996e-34 4.263627981097692783e-34 5.896689457351323577e-04 0.000000000000000000e+00
9.993858268628001973e-01 2.450419146472926181e-05 5.477015368316721996e-34 4.263627981097692783e-34 5.896689457351323577e-04 0.000000000000000000e+00
9.993858268628001973e-01 2.450419146472926181e-05 5.477015368316721996e-34 4.263627981097692783e-34 5.896689457351323577e-04 0.000000000000000000e+00
9.993858268628001973e-01 2.450419146472926181e-05 5.477015368316721996e-34 4.263627981097692783e-34 5.896689457351323577e-04 0.000000000000000000e+00
9.993858268628001973e-01 2.450419146472926181e-05 5.477015368316721996e-34 4.263627981097692783e-34 5.896689457351323577e-04 0.000000000000000000e+00
9.993858268628001973e-01 2.450419146472926181e-05 5.477015368316721996e-34 4.263627981097692783e-34 5.896689457351323577e-04 0.000000000000000000e+00
9.993858268628001973e-01 2.450419146472926181e-05 5.477015368316721996e-34 4.263627981097692783e-34 5.896689457351323577e-04 0.000000000000000000e+00
9.993858268628001973e-01 2.450419146472926181e-05 5.477015368316721996e-34 4.263627981097692783e-34 5.896689457351323577e-04 0.000000000000000000e+00
9.993858268628001973e-01 2.450419146472926181e-05 5.477015368316721996e-34 4.263627981097692783e-34 5.896689457351323577e-04 0.000000000000000000e+00
9.993858268628001973e-01 2.450419146472926181e-05 5.477015368316721996e-34 4.263627981097692783e-34 5.896689457351323577e-04 0.000000000000000000e+00
9.993858268628001973e-01 2.450419146472926181e-05 5.477015368316721996e-34 4.263627981097692783e-34 5.896689457351323577e-04 0.000000000000000000e+00
9.993858268628001973e-01 2.450419146472926181e-05 5.477015368316721996e-34 4.263627981097692783e-34 5.896689457351323577e-04 0.000000000000000000e+00
9.993858268628001973e-01 2.450419146472926181e-05 5.477015368316721996e-34 4.263627981097692783e-34 5.896689457351323577e-04 0.000000000000000000e+00
9.993858268628001973e-01 2.450419146472926181e-05 5.477015368316721996e-34 4.263627981097692783e-34 5.896689457351323577e-04 0.000000000000000000e+00
9.993858268628001973e-01 2.450419146472926181e-05 5.477015368316721996e-34 4.263627981097692783e-34 5.896689457351323577e-04 0.000000000000000000e+00
9.993858268628001973e-01 2.450419146472926181e-05 5.477015368316721996e-34 4.263627981097692783e-34 5.896689457351323577e-04 0.000000000000000000e+00
9.993858268628001973e-01 2.450419146472926181e-05 5.477015368316721996e-34 4.263627981097692783e-34 5.896689457351323577e-04 0.000000000000000000e+00
9.993858268628001973e-01 2.450419146472926181e-05 5.477015368316721996e-34 4.263627981097692783e-34 5.896689457351323577e-04 0.000000000000000000e+00
9.993858268628001973e-01 2.450419146472926181e-05 5.477015368316721996e-34 4.263627981097692783e-34 5.896689457351323577e-04 0.000000000000000000e+00
9.993858268628001973e-01 2.450419146472926181e-05 5.477015368316721996e-34 4.263627981097692783e-34 5.896689457351323577e-04 0.000000000000000000e+00
9.993858268628001973e-01 2.450419146472926181e-05 5.477015368316721996e-34 4.263627981097692783e-34 5.896689457351323577e-04 0.000000000000000000e+00
9.993858268628001973e-01 2.450419146472926181e-05 5.477015368316721996e-34 4.263627981097692783e-34 5.896689457351323577e-04 0.000000000000000000e+00
9.993858268628001973e-01 2.450419146472926181e-05 5.477015368316721996e-34 4.263627981097692783e-34 5.896689457351323577e-04 0.000000000000000000e+00
9.993858268628001973e-01 2.450419146472926181e-05 5.477015368316721996e-34 4.263627981097692783e-34 5.896689457351323577e-04 0.000000000000000000e+00
9.993858268628001973e-01 2.450419146472926181e-05 5.477015368316721996e-34 4.263627981097692783e-34 5.896689457351323577e-04 0.000000000000000000e+00
9.993858268628001973e-01 2.450419146472926181e-05 5.477015368316721996e-34 4.263627981097692783e-34 5.896689457351323577e-04 0.000000000000000000e+00
9.993858268628001973e-01 2.450419146472926181e-05 5.477015368316721996e-34 4.263627981097692783e-34 5.896689457351323577e-04 0.000000000000000000e+00
9.993858268628001973e-01 2.450419146472926181e-05 5.477015368316721996e-34 4.263627981097692783e-34 5.896689457351323577e-04 0.000000000000000000e+00
9.993858268628001973e-01 2.450419146472926181e-05 5.477015368316721996e-34 4.263627981097692783e-34 5.896689457351323577e-04 0.000000000000000000e+00
9.993858268628001973e-01 2.450419146472926181e-05 5.477015368316721996e-34 4.263627981097692783e-34 5.896689457351323577e-04 0.000000000000000000e+00
9.993858268628001973e-01 2.450419146472926181e-05 5.477015368316721996e-34 4.263627981097692783e-34 5.896689457351323577e-04 0.000000000000000000e+00
9.993858268628001973e-01 2.450419146472926181e-05 5.477015368316721996e-34 4.263627981097692783e-34 5.896689457351323577e-04 0.000000000000000000e+00
9.993858268628001973e-01 2.450419146472926181e-05 5.477015368316721996e-34 4.263627981097692783e-34 5.896689457351323577e-04 0.000000000000000000e+00
9.993858268628001973e-01 2.450419146472926181e-05 5.477015368316721996e-34 4.263627981097692783e-34 5.896689457351323577e-04 0.000000000000000000e+00
9.993858268628001973e-01 2.450419146472926181e-05 5.477015368316721996e-34 4.263627981097692783e-34 5.896689457351323577e-04 0.000000000000000000e+00
9.993858268628001973e-01 2.450419146472926181e-05 5.477015368316721996e-34 4.263627981097692783e-34 5.896689457351323577e-04 0.000000000000000000e+00
9.993858268628001973e-01 2.450419146472926181e-05 5.477015368316721996e-34 4.263627981097692783e-34 5.896689457351323577e-04 0.000000000000000000e+00
9.993858268628001973e-01 2.450419146472926181e-05 5.477015368316721996e-34 4.263627981097692783e-34 5.896689457351323577e-04 0.000000000000000000e+00
9.993858268628001973e-01 2.450419146472926181e-05 5.477015368316721996e-34 4.263627981097692783e-34 5.896689457351323577e-04 0.000000000000000000e+00
9.993858268628001973e-01 2.450419146472926181e-05 5.477015368316721996e-34 4.263627981097692783e-34 5.896689457351323577e-04 0.000000000000000000e+00
9.993858268628001973e-01 2.450419146472926181e-05 5.477015368316721996e-34 4.263627981097692783e-34 5.896689457351323577e-04 0.000000000000000000e+00
9.993858268628001973e-01 2.450419146472926181e-05 5.477015368316721996e-34 4.263627981097692783e-34 5.896689457351323577e-04 0.000000000000000000e+00
9.993858268628001973e-01 2.450419146472926181e-05 5.477015368316721996e-34 4.263627981097692783e-34 5.896689457351323577e-04 0.000000000000000000e+00
9.993858268628001973e-01 2.450419146472926181e-05 5.477015368316721996e-34 4.263627981097692783e-34 5.896689457351323577e-04 0.000000000000000000e+00
9.993858268628001973e-01 2.450419146472926181e-05 5.477015368316721996e-34 4.263627981097692783e-34 5.896689457351323577e-04 0.000000000000000000e+00
9.993858268628001973e-01 2.450419146472926181e-05 5.477015368316721996e-34 4.263627981097692783e-34 5.896689457351323577e-04 0.000000000000000000e+00
9.993858268628001973e-01 2.450419146472926181e-05 5.477015368316721996e-34 4.263627981097692783e-34 5.896689457351323577e-04 0.000000000000000000e+00
9.993858268628001973e-01 2.450419146472926181e-05 5.477015368316721996e-34 4.263627981097692783e-34 5.896689457351323577e-04 0.000000000000000000e+00
9.993858268628001973e-01 2.450419146472926181e-05 5.477015368316721996e-34 4.263627981097692783e-34 5.896689457351323577e-04 0.000000000000000000e+00
9.993858268628001973e-01 2.450419146472926181e-05 5.477015368316721996e-34 4.263627981097692783e-34 5.896689457351323577e-04 0.000000000000000000e+00
9.993858268628001973e-01 2.450419146472926181e-05 5.477015368316721996e-34 4.263627981097692783e-34 5.896689457351323577e-04 0.000000000000000000e+00
9.993858268628001973e-01 2.450419146472926181e-05 5.477015368316721996e-34 4.263627981097692783e-34 5.896689457351323577e-04 0.000000000000000000e+00
9.993858268628001973e-01 2.450419146472926181e-05 5.477015368316721996e-34 4.263627981097692783e-34 5.896689457351323577e-04 0.000000000000000000e+00
9.993858268628001973e-01 2.450419146472926181e-05 5.477015368316721996e-34 4.263627981097692783e-34 5.896689457351323577e-04 0.000000000000000000e+00
9.993858268628001973e-01 2.450419146472926181e-05 5.477015368316721996e-34 4.263627981097692783e-34 5.896689457351323577e-04 0.000000000000000000e+00
9.993858268628001973e-01 2.450419146472926181e-05 5.477015368316721996e-34 4.263627981097692783e-34 5.896689457351323577e-04 0.000000000000000000e+00
9.993858268628001973e-01 2.450419146472926181e-05 5.477015368316721996e-34 4.263627981097692783e-34 5.896689457351323577e-04 0.000000000000000000e+00
9.993858268628001973e-01 2.450419146472926181e-05 5.477015368316721996e-34 4.263627981097692783e-34 5.896689457351323577e-04 0.000000000000000000e+00
9.993858268628001973e-01 2.450419146472926181e-05 5.477015368316721996e-34 4.263627981097692783e-34 5.896689457351323577e-04 0.000000000000000000e+00
9.993858268628001973e-01 2.450419146472926181e-05 5.477015368316721996e-34 4.263627981097692783e-34 5.896689457351323577e-04 0.000000000000000000e+00
9.993858268628001973e-01 2.450419146472926181e-05 5.477015368316721996e-34 4.263627981097692783e-34 5.896689457351323577e-04 0.000000000000000000e+00
9.993858268628001973e-01 2.450419146472926181e-05 5.477015368316721996e-34 4.263627981097692783e-34 5.896689457351323577e-04 0.000000000000000000e+00
9.993858268628001973e-01 2.450419146472926181e-05 5.477015368316721996e-34 4.263627981097692783e-34 5.896689457351323577e-04 0.000000000000000000e+00
9.993858268628001973e-01 2.450419146472926181e-05 5.477015368316721996e-34 4.263627981097692783e-34 5.896689457351323577e-04 0.000000000000000000e+00
9.993858268628001973e-01 2.450419146472926181e-05 5.477015368316721996e-34 4.263627981097692783e-34 5.896689457351323577e-04 0.000000000000000000e+00
9.993858268628001973e-01 2.450419146472926181e-05 5.477015368316721996e-34 4.263627981097692783e-34 5.896689457351323577e-04 0.000000000000000000e+00
9.993858268628001973e-01 2.450419146472926181e-05 5.477015368316721996e-34 4.263627981097692783e-34 5.896689457351323577e-04 0.000000000000000000e+00
9.993858268628001973e-01 2.450419146472926181e-05 5.477015368316721996e-34 4.263627981097692783e-34 5.896689457351323577e-04 0.000000000000000000e+00
9.993858268628001973e-01 2.450419146472926181e-05 5.477015368316721996e-34 4.263627981097692783e-34 5.896689457351323577e-04 0.000000000000000000e+00
9.993858268628001973e-01 2.450419146472926181e-05 5.477015368316721996e-34 4.263627981097692783e-34 5.896689457351323577e-04 0.000000000000000000e+00
9.993858268628001973e-01 2.450419146472926181e-05 5.477015368316721996e-34 4.263627981097692783e-34 5.896689457351323577e-04 0.000000000000000000e+00
9.993858268628001973e-01 2.450419146472926181e-05 5.477015368316721996e-34 4.263627981097692783e-34 5.896689457351323577e-04 0.000000000000000000e+00
9.993858268628001973e-01 2.450419146472926181e-05 5.477015368316721996e-34 4.263627981097692783e-34 5.896689457351323577e-04 0.000000000000000000e+00
9.993858268628001973e-01 2.450419146472926181e-05 5.477015368316721996e-34 4.263627981097692783e-34 5.896689457351323577e-04 0.000000000000000000e+00
9.993858268628001973e-01 2.450419146472926181e-05 5.477015368316721996e-34 4.263627981097692783e-34 5.896689457351323577e-04 0.000000000000000000e+00
9.993858268628001973e-01 2.450419146472926181e-05 5.477015368316721996e-34 4.263627981097692783e-34 5.896689457351323577e-04 0.000000000000000000e+00
9.993858268628001973e-01 2.450419146472926181e-05 5.477015368316721996e-34 4.263627981097692783e-34 5.896689457351323577e-04 0.000000000000000000e+00
9.993858268628001973e-01 2.450419146472926181e-05 5.477015368316721996e-34 4.263627981097692783e-34 5.896689457351323577e-04 0.000000000000000000e+00
9.993858268628001973e-01 2.450419146472926181e-05 5.477015368316721996e-34 4.263627981097692783e-34 5.896689457351323577e-04 0.000000000000000000e+00
9.993858268628001973e-01 2.450419146472926181e-05 5.477015368316721996e-34 4.263627981097692783e-34 5.896689457351323577e-04 0.000000000000000000e+00
9.993858268628001973e-01 2.450419146472926181e-05 5.477015368316721996e-34 4.263627981097692783e-34 5.896689457351323577e-04 0.000000000000000000e+00
9.993858268628001973e-01 2.450419146472926181e-05 5.477015368316721996e-34 4.263627981097692783e-34 5.896689457351323577e-04 0.000000000000000000e+00
9.993858268628001973e-01 2.450419146472926181e-05 5.477015368316721996e-34 4.263627981097692783e-34 5.896689457351323577e-04 0.000000000000000000e+00
9.993858268628001973e-01 2.450419146472926181e-05 5.477015368316721996e-34 4.263627981097692783e-34 5.896689457351323577e-04 0.000000000000000000e+00
9.993858268628001973e-01 2.450419146472926181e-05 5.477015368316721996e-34 4.263627981097692783e-34 5.896689457351323577e-04 0.000000000000000000e+00
9.993858268628001973e-01 2.450419146472926181e-05 5.477015368316721996e-34 4.263627981097692783e-34 5.896689457351323577e-04 0.000000000000000000e+00
9.993858268628001973e-01 2.450419146472926181e-05 5.477015368316721996e-34 4.263627981097692783e-34 5.896689457351323577e-04 0.000000000000000000e+00
9.993858268628001973e-01 2.450419146472926181e-05 5.477015368316721996e-34 4.263627981097692783e-34 5.896689457351323577e-04 0.000000000000000000e+00
9.993858268628001973e-01 2.450419146472926181e-05 5.477015368316721996e-34 4.263627981097692783e-34 5.896689457351323577e-04 0.000000000000000000e+00
9.993858268628001973e-01 2.450419146472926181e-05 5.477015368316721996e-34 4.263627981097692783e-34 5.896689457351323577e-04 0.000000000000000000e+00
9.993858268628001973e-01 2.450419146472926181e-05 5.477015368316721996e-34 4.263627981097692783e-34 5.896689457351323577e-04 0.000000000000000000e+00
9.993858268628001973e-01 2.450419146472926181e-05 5.477015368316721996e-34 4.263627981097692783e-34 5.896689457351323577e-04 0.000000000000000000e+00
9.993858268628001973e-01 2.450419146472926181e-05 5.477015368316721996e-34 4.263627981097692783e-34 5.896689457351323577e-04 0.000000000000000000e+00
9.993858268628001973e-01 2.450419146472926181e-05 5.477015368316721996e-34 4.263627981097692783e-34 5.896689457351323577e-04 0.000000000000000000e+00
9.993858268628001973e-01 2.450419146472926181e-05 5.477015368316721996e-34 4.263627981097692783e-34 5.896689457351323577e-04 0.000000000000000000e+00
9.993858268628001973e-01 2.450419146472926181e-05 5.477015368316721996e-34 4.263627981097692783e-34 5.896689457351323577e-04 0.000000000000000000e+00
9.993858268628001973e-01 2.450419146472926181e-05 5.477015368316721996e-34 4.263627981097692783e-34 5.896689457351323577e-04 0.000000000000000000e+00
9.993858268628001973e-01 2.450419146472926181e-05 5.477015368316721996e-34 4.263627981097692783e-34 5.896689457351323577e-04 0.000000000000000000e+00
9.993858268628001973e-01 2.450419146472926181e-05 5.477015368316721996e-34 4.263627981097692783e-34 5.896689457351323577e-04 0.000000000000000000e+00
9.993858268628001973e-01 2.450419146472926181e-05 5.477015368316721996e-34 4.263627981097692783e-34 5.896689457351323577e-04 0.000000000000000000e+00
9.993858268628001973e-01 2.450419146472926181e-05 5.477015368316721996e-34 4.263627981097692783e-34 5.896689457351323577e-04 0.000000000000000000e+00
9.993858268628001973e-01 2.450419146472926181e-05 5.477015368316721996e-34 4.263627981097692783e-34 5.896689457351323577e-04 0.000000000000000000e+00
9.993858268628001973e-01 2.450419146472926181e-05 5.477015368316721996e-34 4.263627981097692783e-34 5.896689457351323577e-04 0.000000000000000000e+00
9.993858268628001973e-01 2.450419146472926181e-05 5.477015368316721996e-34 4.263627981097692783e-34 5.896689457351323577e-04 0.000000000000000000e+00
9.993858268628001973e-01 2.450419146472926181e-05 5.477015368316721996e-34 4.263627981097692783e-34 5.896689457351323577e-04 0.000000000000000000e+00
9.993858268628001973e-01 2.450419146472926181e-05 5.477015368316721996e-34 4.263627981097692783e-34 5.896689457351323577e-04 0.000000000000000000e+00
9.993858268628001973e-01 2.450419146472926181e-05 5.477015368316721996e-34 4.263627981097692783e-34 5.896689457351323577e-04 0.000000000000000000e+00
9.993858268628001973e-01 2.450419146472926181e-05 5.477015368316721996e-34 4.263627981097692783e-34 5.896689457351323577e-04 0.000000000000000000e+00
9.993858268628001973e-01 2.450419146472926181e-05 5.477015368316721996e-34 4.263627981097692783e-34 5.896689457351323577e-04 0.000000000000000000e+00
9.993858268628001973e-01 2.450419146472926181e-05 5.477015368316721996e-34 4.263627981097692783e-34 5.896689457351323577e-04 0.000000000000000000e+00
9.993858268628001973e-01 2.450419146472926181e-05 5.477015368316721996e-34 4.263627981097692783e-34 5.896689457351323577e-04 0.000000000000000000e+00
9.993858268628001973e-01 2.450419146472926181e-05 5.477015368316721996e-34 4.263627981097692783e-34 5.896689457351323577e-04 0.000000000000000000e+00
9.993858268628001973e-01 2.450419146472926181e-05 5.477015368316721996e-34 4.263627981097692783e-34 5.896689457351323577e-04 0.000000000000000000e+00
9.993858268628001973e-01 2.450419146472926181e-05 5.477015368316721996e-34 4.263627981097692783e-34 5.896689457351323577e-04 0.000000000000000000e+00
9.993858268628001973e-01 2.450419146472926181e-05 5.477015368316721996e-34 4.263627981097692783e-34 5.896689457351323577e-04 0.000000000000000000e+00
9.993858268628001973e-01 2.450419146472926181e-05 5.477015368316721996e-34 4.263627981097692783e-34 5.896689457351323577e-04 0.000000000000000000e+00
9.993858268628001973e-01 2.450419146472926181e-05 5.477015368316721996e-34 4.263627981097692783e-34 5.896689457351323577e-04 0.000000000000000000e+00
9.993858268628001973e-01 2.450419146472926181e-05 5.477015368316721996e-34 4.263627981097692783e-34 5.896689457351323577e-04 0.000000000000000000e+00
9.993858268628001973e-01 2.450419146472926181e-05 5.477015368316721996e-34 4.263627981097692783e-34 5.896689457351323577e-04 0.000000000000000000e+00
9.993858268628001973e-01 2.450419146472926181e-05 5.477015368316721996e-34 4.263627981097692783e-34 5.896689457351323577e-04 0.000000000000000000e+00
9.993858268628001973e-01 2.450419146472926181e-05 5.477015368316721996e-34 4.263627981097692783e-34 5.896689457351323577e-04 0.000000000000000000e+00
9.993858268628001973e-01 2.450419146472926181e-05 5.477015368316721996e-34 4.263627981097692783e-34 5.896689457351323577e-04 0.000000000000000000e+00
9.993858268628001973e-01 2.450419146472926181e-05 5.477015368316721996e-34 4.263627981097692783e-34 5.896689457351323577e-04 0.000000000000000000e+00
9.993858268628001973e-01 2.450419146472926181e-05 5.477015368316721996e-34 4.263627981097692783e-34 5.896689457351323577e-04 0.000000000000000000e+00
9.993858268628001973e-01 2.450419146472926181e-05 5.477015368316721996e-34 4.263627981097692783e-34 5.896689457351323577e-04 0.000000000000000000e+00
9.993858268628001973e-01 2.450419146472926181e-05 5.477015368316721996e-34 4.263627981097692783e-34 5.896689457351323577e-04 0.000000000000000000e+00
9.993858268628001973e-01 2.450419146472926181e-05 5.477015368316721996e-34 4.263627981097692783e-34 5.896689457351323577e-04 0.000000000000000000e+00
9.993858268628001973e-01 2.450419146472926181e-05 5.477015368316721996e-34 4.263627981097692783e-34 5.896689457351323577e-04 0.000000000000000000e+00
9.993858268628001973e-01 2.450419146472926181e-05 5.477015368316721996e-34 4.263627981097692783e-34 5.896689457351323577e-04 0.000000000000000000e+00
9.993858268628001973e-01 2.450419146472926181e-05 5.477015368316721996e-34 4.263627981097692783e-34 5.896689457351323577e-04 0.000000000000000000e+00
9.993858268628001973e-01 2.450419146472926181e-05 5.477015368316721996e-34 4.263627981097692783e-34 5.896689457351323577e-04 0.000000000000000000e+00
9.993858268628001973e-01 2.450419146472926181e-05 5.477015368316721996e-34 4.263627981097692783e-34 5.896689457351323577e-04 0.000000000000000000e+00
9.993858268628001973e-01 2.450419146472926181e-05 5.477015368316721996e-34 4.263627981097692783e-34 5.896689457351323577e-04 0.000000000000000000e+00
9.993858268628001973e-01 2.450419146472926181e-05 5.477015368316721996e-34 4.263627981097692783e-34 5.896689457351323577e-04 0.000000000000000000e+00
9.993858268628001973e-01 2.450419146472926181e-05 5.477015368316721996e-34 4.263627981097692783e-34 5.896689457351323577e-04 0.000000000000000000e+00
9.993858268628001973e-01 2.450419146472926181e-05 5.477015368316721996e-34 4.263627981097692783e-34 5.896689457351323577e-04 0.000000000000000000e+00
9.993858268628001973e-01 2.450419146472926181e-05 5.477015368316721996e-34 4.263627981097692783e-34 5.896689457351323577e-04 0.000000000000000000e+00
9.993858268628001973e-01 2.450419146472926181e-05 5.477015368316721996e-34 4.263627981097692783e-34 5.896689457351323577e-04 0.000000000000000000e+00
9.993858268628001973e-01 2.450419146472926181e-05 5.477015368316721996e-34 4.263627981097692783e-34 5.896689457351323577e-04 0.000000000000000000e+00
9.993858268628001973e-01 2.450419146472926181e-05 5.477015368316721996e-34 4.263627981097692783e-34 5.896689457351323577e-04 0.000000000000000000e+00
9.993858268628001973e-01 2.450419146472926181e-05 5.477015368316721996e-34 4.263627981097692783e-34 5.896689457351323577e-04 0.000000000000000000e+00
9.993858268628001973e-01 2.450419146472926181e-05 5.477015368316721996e-34 4.263627981097692783e-34 5.896689457351323577e-04 0.000000000000000000e+00
9.993858268628001973e-01 2.450419146472926181e-05 5.477015368316721996e-34 4.263627981097692783e-34 5.896689457351323577e-04 0.000000000000000000e+00
9.993858268628001973e-01 2.450419146472926181e-05 5.477015368316721996e-34 4.263627981097692783e-34 5.896689457351323577e-04 0.000000000000000000e+00
9.993858268628001973e-01 2.450419146472926181e-05 5.477015368316721996e-34 4.263627981097692783e-34 5.896689457351323577e-04 0.000000000000000000e+00
9.993858268628001973e-01 2.450419146472926181e-05 5.477015368316721996e-34 4.263627981097692783e-34 5.896689457351323577e-04 0.000000000000000000e+00
9.993858268628001973e-01 2.450419146472926181e-05 5.477015368316721996e-34 4.263627981097692783e-34 5.896689457351323577e-04 0.000000000000000000e+00
9.993858268628001973e-01 2.450419146472926181e-05 5.477015368316721996e-34 4.263627981097692783e-34 5.896689457351323577e-04 0.000000000000000000e+00
9.993858268628001973e-01 2.450419146472926181e-05 5.477015368316721996e-34 4.263627981097692783e-34 5.896689457351323577e-04 0.000000000000000000e+00
9.993858268628001973e-01 2.450419146472926181e-05 5.477015368316721996e-34 4.263627981097692783e-34 5.896689457351323577e-04 0.000000000000000000e+00
9.993858268628001973e-01 2.450419146472926181e-05 5.477015368316721996e-34 4.263627981097692783e-34 5.896689457351323577e-04 0.000000000000000000e+00
9.993858268628001973e-01 2.450419146472926181e-05 5.477015368316721996e-34 4.263627981097692783e-34 5.896689457351323577e-04 0.000000000000000000e+00
9.993858268628001973e-01 2.450419146472926181e-05 5.477015368316721996e-34 4.263627981097692783e-34 5.896689457351323577e-04 0.000000000000000000e+00
9.993858268628001973e-01 2.450419146472926181e-05 5.477015368316721996e-34 4.263627981097692783e-34 5.896689457351323577e-04 0.000000000000000000e+00
9.993858268628001973e-01 2.450419146472926181e-05 5.477015368316721996e-34 4.263627981097692783e-34 5.896689457351323577e-04 0.000000000000000000e+00
9.993858268628001973e-01 2.450419146472926181e-05 5.477015368316721996e-34 4.263627981097692783e-34 5.896689457351323577e-04 0.000000000000000000e+00
9.993858268628001973e-01 2.450419146472926181e-05 5.477015368316721996e-34 4.263627981097692783e-34 5.896689457351323577e-04 0.000000000000000000e+00
9.993858268628001973e-01 2.450419146472926181e-05 5.477015368316721996e-34 4.263627981097692783e-34 5.896689457351323577e-04 0.000000000000000000e+00
9.993858268628001973e-01 2.450419146472926181e-05 5.477015368316721996e-34 4.263627981097692783e-34 5.896689457351323577e-04 0.000000000000000000e+00
9.993858268628001973e-01 2.450419146472926181e-05 5.477015368316721996e-34 4.263627981097692783e-34 5.896689457351323577e-04 0.000000000000000000e+00
9.993858268628001973e-01 2.450419146472926181e-05 5.477015368316721996e-34 4.263627981097692783e-34 5.896689457351323577e-04 0.000000000000000000e+00
9.993858268628001973e-01 2.450419146472926181e-05 5.477015368316721996e-34 4.263627981097692783e-34 5.896689457351323577e-04 0.000000000000000000e+00
9.993858268628001973e-01 2.450419146472926181e-05 5.477015368316721996e-34 4.263627981097692783e-34 5.896689457351323577e-04 0.000000000000000000e+00
9.993858268628001973e-01 2.450419146472926181e-05 5.477015368316721996e-34 4.263627981097692783e-34 5.896689457351323577e-04 0.000000000000000000e+00
9.993858268628001973e-01 2.450419146472926181e-05 5.477015368316721996e-34 4.263627981097692783e-34 5.896689457351323577e-04 0.000000000000000000e+00
9.993858268628001973e-01 2.450419146472926181e-05 5.477015368316721996e-34 4.263627981097692783e-34 5.896689457351323577e-04 0.000000000000000000e+00
9.993858268628001973e-01 2.450419146472926181e-05 5.477015368316721996e-34 4.263627981097692783e-34 5.896689457351323577e-04 0.000000000000000000e+00
9.993858268628001973e-01 2.450419146472926181e-05 5.477015368316721996e-34 4.263627981097692783e-34 5.896689457351323577e-04 0.000000000000000000e+00
9.993858268628001973e-01 2.450419146472926181e-05 5.477015368316721996e-34 4.263627981097692783e-34 5.896689457351323577e-04 0.000000000000000000e+00
9.993858268628001973e-01 2.450419146472926181e-05 5.477015368316721996e-34 4.263627981097692783e-34 5.896689457351323577e-04 0.000000000000000000e+00
9.993858268628001973e-01 2.450419146472926181e-05 5.477015368316721996e-34 4.263627981097692783e-34 5.896689457351323577e-04 0.000000000000000000e+00
9.993858268628001973e-01 2.450419146472926181e-05 5.477015368316721996e-34 4.263627981097692783e-34 5.896689457351323577e-04 0.000000000000000000e+00
9.993858268628001973e-01 2.450419146472926181e-05 5.477015368316721996e-34 4.263627981097692783e-34 5.896689457351323577e-04 0.000000000000000000e+00
9.993858268628001973e-01 2.450419146472926181e-05 5.477015368316721996e-34 4.263627981097692783e-34 5.896689457351323577e-04 0.000000000000000000e+00
9.993858268628001973e-01 2.450419146472926181e-05 5.477015368316721996e-34 4.263627981097692783e-34 5.896689457351323577e-04 0.000000000000000000e+00
9.993858268628001973e-01 2.450419146472926181e-05 5.477015368316721996e-34 4.263627981097692783e-34 5.896689457351323577e-04 0.000000000000000000e+00
9.993858268628001973e-01 2.450419146472926181e-05 5.477015368316721996e-34 4.263627981097692783e-34 5.896689457351323577e-04 0.000000000000000000e+00
9.993858268628001973e-01 2.450419146472926181e-05 5.477015368316721996e-34 4.263627981097692783e-34 5.896689457351323577e-04 0.000000000000000000e+00
9.993858268628001973e-01 2.450419146472926181e-05 5.477015368316721996e-34 4.263627981097692783e-34 5.896689457351323577e-04 0.000000000000000000e+00
9.993858268628001973e-01 2.450419146472926181e-05 5.477015368316721996e-34 4.263627981097692783e-34 5.896689457351323577e-04 0.000000000000000000e+00
9.993858268628001973e-01 2.450419146472926181e-05 5.477015368316721996e-34 4.263627981097692783e-34 5.896689457351323577e-04 0.000000000000000000e+00
9.993858268628001973e-01 2.450419146472926181e-05 5.477015368316721996e-34 4.263627981097692783e-34 5.896689457351323577e-04 0.000000000000000000e+00
9.993858268628001973e-01 2.450419146472926181e-05 5.477015368316721996e-34 4.263627981097692783e-34 5.896689457351323577e-04 0.000000000000000000e+00
9.993858268628001973e-01 2.450419146472926181e-05 5.477015368316721996e-34 4.263627981097692783e-34 5.896689457351323577e-04 0.000000000000000000e+00
9.993858268628001973e-01 2.450419146472926181e-05 5.477015368316721996e-34 4.263627981097692783e-34 5.896689457351323577e-04 0.000000000000000000e+00
9.993858268628001973e-01 2.450419146472926181e-05 5.477015368316721996e-34 4.263627981097692783e-34 5.896689457351323577e-04 0.000000000000000000e+00
9.993858268628001973e-01 2.450419146472926181e-05 5.477015368316721996e-34 4.263627981097692783e-34 5.896689457351323577e-04 0.000000000000000000e+00
9.993858268628001973e-01 2.450419146472926181e-05 5.477015368316721996e-34 4.263627981097692783e-34 5.896689457351323577e-04 0.000000000000000000e+00
9.993858268628001973e-01 2.450419146472926181e-05 5.477015368316721996e-34 4.263627981097692783e-34 5.896689457351323577e-04 0.000000000000000000e+00
9.993858268628001973e-01 2.450419146472926181e-05 5.477015368316721996e-34 4.263627981097692783e-34 5.896689457351323577e-04 0.000000000000000000e+00
9.993858268628001973e-01 2.450419146472926181e-05 5.477015368316721996e-34 4.263627981097692783e-34 5.896689457351323577e-04 0.000000000000000000e+00
9.993858268628001973e-01 2.450419146472926181e-05 5.477015368316721996e-34 4.263627981097692783e-34 5.896689457351323577e-04 0.000000000000000000e+00
9.993858268628001973e-01 2.450419146472926181e-05 5.477015368316721996e-34 4.263627981097692783e-34 5.896689457351323577e-04 0.000000000000000000e+00
9.993858268628001973e-01 2.450419146472926181e-05 5.477015368316721996e-34 4.263627981097692783e-34 5.896689457351323577e-04 0.000000000000000000e+00
9.993858268628001973e-01 2.450419146472926181e-05 5.477015368316721996e-34 4.263627981097692783e-34 5.896689457351323577e-04 0.000000000000000000e+00
9.993858268628001973e-01 2.450419146472926181e-05 5.477015368316721996e-34 4.263627981097692783e-34 5.896689457351323577e-04 0.000000000000000000e+00
9.993858268628001973e-01 2.450419146472926181e-05 5.477015368316721996e-34 4.263627981097692783e-34 5.896689457351323577e-04 0.000000000000000000e+00
9.993858268628001973e-01 2.450419146472926181e-05 5.477015368316721996e-34 4.263627981097692783e-34 5.896689457351323577e-04 0.000000000000000000e+00
9.993858268628001973e-01 2.450419146472926181e-05 5.477015368316721996e-34 4.263627981097692783e-34 5.896689457351323577e-04 0.000000000000000000e+00
9.993858268628001973e-01 2.450419146472926181e-05 5.477015368316721996e-34 4.263627981097692783e-34 5.896689457351323577e-04 0.000000000000000000e+00
9.993858268628001973e-01 2.450419146472926181e-05 5.477015368316721996e-34 4.263627981097692783e-34 5.896689457351323577e-04 0.000000000000000000e+00
9.993858268628001973e-01 2.450419146472926181e-05 5.477015368316721996e-34 4.263627981097692783e-34 5.896689457351323577e-04 0.000000000000000000e+00
9.993858268628001973e-01 2.450419146472926181e-05 5.477015368316721996e-34 4.263627981097692783e-34 5.896689457351323577e-04 0.000000000000000000e+00
9.993858268628001973e-01 2.450419146472926181e-05 5.477015368316721996e-34 4.263627981097692783e-34 5.896689457351323577e-04 0.000000000000000000e+00
9.993858268628001973e-01 2.450419146472926181e-05 5.477015368316721996e-34 4.263627981097692783e-34 5.896689457351323577e-04 0.000000000000000000e+00
9.993858268628001973e-01 2.450419146472926181e-05 5.477015368316721996e-34 4.263627981097692783e-34 5.896689457351323577e-04 0.000000000000000000e+00
9.993858268628001973e-01 2.450419146472926181e-05 5.477015368316721996e-34 4.263627981097692783e-34 5.896689457351323577e-04 0.000000000000000000e+00
9.993858268628001973e-01 2.450419146472926181e-05 5.477015368316721996e-34 4.263627981097692783e-34 5.896689457351323577e-04 0.000000000000000000e+00
9.993858268628001973e-01 2.450419146472926181e-05 5.477015368316721996e-34 4.263627981097692783e-34 5.896689457351323577e-04 0.000000000000000000e+00
9.993858268628001973e-01 2.450419146472926181e-05 5.477015368316721996e-34 4.263627981097692783e-34 5.896689457351323577e-04 0.000000000000000000e+00
9.993858268628001973e-01 2.450419146472926181e-05 5.477015368316721996e-34 4.263627981097692783e-34 5.896689457351323577e-04 0.000000000000000000e+00
9.993858268628001973e-01 2.450419146472926181e-05 5.477015368316721996e-34 4.263627981097692783e-34 5.896689457351323577e-04 0.000000000000000000e+00
9.993858268628001973e-01 2.450419146472926181e-05 5.477015368316721996e-34 4.263627981097692783e-34 5.896689457351323577e-04 0.000000000000000000e+00
9.993858268628001973e-01 2.450419146472926181e-05 5.477015368316721996e-34 4.263627981097692783e-34 5.896689457351323577e-04 0.000000000000000000e+00
9.993858268628001973e-01 2.450419146472926181e-05 5.477015368316721996e-34 4.263627981097692783e-34 5.896689457351323577e-04 0.000000000000000000e+00
9.993858268628001973e-01 2.450419146472926181e-05 5.477015368316721996e-34 4.263627981097692783e-34 5.896689457351323577e-04 0.000000000000000000e+00
9.993858268628001973e-01 2.450419146472926181e-05 5.477015368316721996e-34 4.263627981097692783e-34 5.896689457351323577e-04 0.000000000000000000e+00
9.993858268628001973e-01 2.450419146472926181e-05 5.477015368316721996e-34 4.263627981097692783e-34 5.896689457351323577e-04 0.000000000000000000e+00
9.993858268628001973e-01 2.450419146472926181e-05 5.477015368316721996e-34 4.263627981097692783e-34 5.896689457351323577e-04 0.000000000000000000e+00
9.993858268628001973e-01 2.450419146472926181e-05 5.477015368316721996e-34 4.263627981097692783e-34 5.896689457351323577e-04 0.000000000000000000e+00
9.993858268628001973e-01 2.450419146472926181e-05 5.477015368316721996e-34 4.263627981097692783e-34 5.896689457351323577e-04 0.000000000000000000e+00
9.993858268628001973e-01 2.450419146472926181e-05 5.477015368316721996e-34 4.263627981097692783e-34 5.896689457351323577e-04 0.000000000000000000e+00
9.993858268628001973e-01 2.450419146472926181e-05 5.477015368316721996e-34 4.263627981097692783e-34 5.896689457351323577e-04 0.000000000000000000e+00
9.993858268628001973e-01 2.450419146472926181e-05 5.477015368316721996e-34 4.263627981097692783e-34 5.896689457351323577e-04 0.000000000000000000e+00
9.993858268628001973e-01 2.450419146472926181e-05 5.477015368316721996e-34 4.263627981097692783e-34 5.896689457351323577e-04 0.000000000000000000e+00
9.993858268628001973e-01 2.450419146472926181e-05 5.477015368316721996e-34 4.263627981097692783e-34 5.896689457351323577e-04 0.000000000000000000e+00
9.993858268628001973e-01 2.450419146472926181e-05 5.477015368316721996e-34 4.263627981097692783e-34 5.896689457351323577e-04 0.000000000000000000e+00
9.993858268628001973e-01 2.450419146472926181e-05 5.477015368316721996e-34 4.263627981097692783e-34 5.896689457351323577e-04 0.000000000000000000e+00
9.993858268628001973e-01 2.450419146472926181e-05 5.477015368316721996e-34 4.263627981097692783e-34 5.896689457351323577e-04 0.000000000000000000e+00
9.993858268628001973e-01 2.450419146472926181e-05 5.477015368316721996e-34 4.263627981097692783e-34 5.896689457351323577e-04 0.000000000000000000e+00
9.993858268628001973e-01 2.450419146472926181e-05 5.477015368316721996e-34 4.263627981097692783e-34 5.896689457351323577e-04 0.000000000000000000e+00
9.993858268628001973e-01 2.450419146472926181e-05 5.477015368316721996e-34 4.263627981097692783e-34 5.896689457351323577e-04 0.000000000000000000e+00
9.993858268628001973e-01 2.450419146472926181e-05 5.477015368316721996e-34 4.263627981097692783e-34 5.896689457351323577e-04 0.000000000000000000e+00
9.993858268628001973e-01 2.450419146472926181e-05 5.477015368316721996e-34 4.263627981097692783e-34 5.896689457351323577e-04 0.000000000000000000e+00
9.993858268628001973e-01 2.450419146472926181e-05 5.477015368316721996e-34 4.263627981097692783e-34 5.896689457351323577e-04 0.000000000000000000e+00
9.993858268628001973e-01 2.450419146472926181e-05 5.477015368316721996e-34 4.263627981097692783e-34 5.896689457351323577e-04 0.000000000000000000e+00
9.993858268628001973e-01 2.450419146472926181e-05 5.477015368316721996e-34 4.263627981097692783e-34 5.896689457351323577e-04 0.000000000000000000e+00
9.993858268628001973e-01 2.450419146472926181e-05 5.477015368316721996e-34 4.263627981097692783e-34 5.896689457351323577e-04 0.000000000000000000e+00
9.993858268628001973e-01 2.450419146472926181e-05 5.477015368316721996e-34 4.263627981097692783e-34 5.896689457351323577e-04 0.000000000000000000e+00
9.993858268628001973e-01 2.450419146472926181e-05 5.477015368316721996e-34 4.263627981097692783e-34 5.896689457351323577e-04 0.000000000000000000e+00
9.993858268628001973e-01 2.450419146472926181e-05 5.477015368316721996e-34 4.263627981097692783e-34 5.896689457351323577e-04 0.000000000000000000e+00
9.993858268628001973e-01 2.450419146472926181e-05 5.477015368316721996e-34 4.263627981097692783e-34 5.896689457351323577e-04 0.000000000000000000e+00
9.993858268628001973e-01 2.450419146472926181e-05 5.477015368316721996e-34 4.263627981097692783e-34 5.896689457351323577e-04 0.000000000000000000e+00
9.993858268628001973e-01 2.450419146472926181e-05 5.477015368316721996e-34 4.263627981097692783e-34 5.896689457351323577e-04 0.000000000000000000e+00
9.993858268628001973e-01 2.450419146472926181e-05 5.477015368316721996e-34 4.263627981097692783e-34 5.896689457351323577e-04 0.000000000000000000e+00
9.993858268628001973e-01 2.450419146472926181e-05 5.477015368316721996e-34 4.263627981097692783e-34 5.896689457351323577e-04 0.000000000000000000e+00
9.993858268628001973e-01 2.450419146472926181e-05 5.477015368316721996e-34 4.263627981097692783e-34 5.896689457351323577e-04 0.000000000000000000e+00
9.993858268628001973e-01 2.450419146472926181e-05 5.477015368316721996e-34 4.263627981097692783e-34 5.896689457351323577e-04 0.000000000000000000e+00
9.993858268628001973e-01 2.450419146472926181e-05 5.477015368316721996e-34 4.263627981097692783e-34 5.896689457351323577e-04 0.000000000000000000e+00
9.993858268628001973e-01 2.450419146472926181e-05 5.477015368316721996e-34 4.263627981097692783e-34 5.896689457351323577e-04 0.000000000000000000e+00
9.993858268628001973e-01 2.450419146472926181e-05 5.477015368316721996e-34 4.263627981097692783e-34 5.896689457351323577e-04 0.000000000000000000e+00
9.993858268628001973e-01 2.450419146472926181e-05 5.477015368316721996e-34 4.263627981097692783e-34 5.896689457351323577e-04 0.000000000000000000e+00
9.993858268628001973e-01 2.450419146472926181e-05 5.477015368316721996e-34 4.263627981097692783e-34 5.896689457351323577e-04 0.000000000000000000e+00
9.993858268628001973e-01 2.450419146472926181e-05 5.477015368316721996e-34 4.263627981097692783e-34 5.896689457351323577e-04 0.000000000000000000e+00
9.993858268628001973e-01 2.450419146472926181e-05 5.477015368316721996e-34 4.263627981097692783e-34 5.896689457351323577e-04 0.000000000000000000e+00
9.993858268628001973e-01 2.450419146472926181e-05 5.477015368316721996e-34 4.263627981097692783e-34 5.896689457351323577e-04 0.000000000000000000e+00
9.993858268628001973e-01 2.450419146472926181e-05 5.477015368316721996e-34 4.263627981097692783e-34 5.896689457351323577e-04 0.000000000000000000e+00
9.993858268628001973e-01 2.450419146472926181e-05 5.477015368316721996e-34 4.263627981097692783e-34 5.896689457351323577e-04 0.000000000000000000e+00
9.993858268628001973e-01 2.450419146472926181e-05 5.477015368316721996e-34 4.263627981097692783e-34 5.896689457351323577e-04 0.000000000000000000e+00
9.993858268628001973e-01 2.450419146472926181e-05 5.477015368316721996e-34 4.263627981097692783e-34 5.896689457351323577e-04 0.000000000000000000e+00
9.993858268628001973e-01 2.450419146472926181e-05 5.477015368316721996e-34 4.263627981097692783e-34 5.896689457351323577e-04 0.000000000000000000e+00
9.993858268628001973e-01 2.450419146472926181e-05 5.477015368316721996e-34 4.263627981097692783e-34 5.896689457351323577e-04 0.000000000000000000e+00
9.993858268628001973e-01 2.450419146472926181e-05 5.477015368316721996e-34 4.263627981097692783e-34 5.896689457351323577e-04 0.000000000000000000e+00
9.993858268628001973e-01 2.450419146472926181e-05 5.477015368316721996e-34 4.263627981097692783e-34 5.896689457351323577e-04 0.000000000000000000e+00
9.993858268628001973e-01 2.450419146472926181e-05 5.477015368316721996e-34 4.263627981097692783e-34 5.896689457351323577e-04 0.000000000000000000e+00
9.993858268628001973e-01 2.450419146472926181e-05 5.477015368316721996e-34 4.263627981097692783e-34 5.896689457351323577e-04 0.000000000000000000e+00
9.993858268628001973e-01 2.450419146472926181e-05 5.477015368316721996e-34 4.263627981097692783e-34 5.896689457351323577e-04 0.000000000000000000e+00
9.993858268628001973e-01 2.450419146472926181e-05 5.477015368316721996e-34 4.263627981097692783e-34 5.896689457351323577e-04 0.000000000000000000e+00
9.993858268628001973e-01 2.450419146472926181e-05 5.477015368316721996e-34 4.263627981097692783e-34 5.896689457351323577e-04 0.000000000000000000e+00
9.993858268628001973e-01 2.450419146472926181e-05 5.477015368316721996e-34 4.263627981097692783e-34 5.896689457351323577e-04 0.000000000000000000e+00
9.993858268628001973e-01 2.450419146472926181e-05 5.477015368316721996e-34 4.263627981097692783e-34 5.896689457351323577e-04 0.000000000000000000e+00
9.993858268628001973e-01 2.450419146472926181e-05 5.477015368316721996e-34 4.263627981097692783e-34 5.896689457351323577e-04 0.000000000000000000e+00
9.993858268628001973e-01 2.450419146472926181e-05 5.477015368316721996e-34 4.263627981097692783e-34 5.896689457351323577e-04 0.000000000000000000e+00
9.993858268628001973e-01 2.450419146472926181e-05 5.477015368316721996e-34 4.263627981097692783e-34 5.896689457351323577e-04 0.000000000000000000e+00
9.993858268628001973e-01 2.450419146472926181e-05 5.477015368316721996e-34 4.263627981097692783e-34 5.896689457351323577e-04 0.000000000000000000e+00
9.993858268628001973e-01 2.450419146472926181e-05 5.477015368316721996e-34 4.263627981097692783e-34 5.896689457351323577e-04 0.000000000000000000e+00
9.993858268628001973e-01 2.450419146472926181e-05 5.477015368316721996e-34 4.263627981097692783e-34 5.896689457351323577e-04 0.000000000000000000e+00
9.993858268628001973e-01 2.450419146472926181e-05 5.477015368316721996e-34 4.263627981097692783e-34 5.896689457351323577e-04 0.000000000000000000e+00
9.993858268628001973e-01 2.450419146472926181e-05 5.477015368316721996e-34 4.263627981097692783e-34 5.896689457351323577e-04 0.000000000000000000e+00
9.993858268628001973e-01 2.450419146472926181e-05 5.477015368316721996e-34 4.263627981097692783e-34 5.896689457351323577e-04 0.000000000000000000e+00
9.993858268628001973e-01 2.450419146472926181e-05 5.477015368316721996e-34 4.263627981097692783e-34 5.896689457351323577e-04 0.000000000000000000e+00
9.993858268628001973e-01 2.450419146472926181e-05 5.477015368316721996e-34 4.263627981097692783e-34 5.896689457351323577e-04 0.000000000000000000e+00
9.993858268628001973e-01 2.450419146472926181e-05 5.477015368316721996e-34 4.263627981097692783e-34 5.896689457351323577e-04 0.000000000000000000e+00
9.993858268628001973e-01 2.450419146472926181e-05 5.477015368316721996e-34 4.263627981097692783e-34 5.896689457351323577e-04 0.000000000000000000e+00
9.993858268628001973e-01 2.450419146472926181e-05 5.477015368316721996e-34 4.263627981097692783e-34 5.896689457351323577e-04 0.000000000000000000e+00
9.993858268628001973e-01 2.450419146472926181e-05 5.477015368316721996e-34 4.263627981097692783e-34 5.896689457351323577e-04 0.000000000000000000e+00
9.993858268628001973e-01 2.450419146472926181e-05 5.477015368316721996e-34 4.263627981097692783e-34 5.896689457351323577e-04 0.000000000000000000e+00
9.993858268628001973e-01 2.450419146472926181e-05 5.477015368316721996e-34 4.263627981097692783e-34 5.896689457351323577e-04 0.000000000000000000e+00
9.993858268628001973e-01 2.450419146472926181e-05 5.477015368316721996e-34 4.263627981097692783e-34 5.896689457351323577e-04 0.000000000000000000e+00
9.993858268628001973e-01 2.450419146472926181e-05 5.477015368316721996e-34 4.263627981097692783e-34 5.896689457351323577e-04 0.000000000000000000e+00
9.993858268628001973e-01 2.450419146472926181e-05 5.477015368316721996e-34 4.263627981097692783e-34 5.896689457351323577e-04 0.000000000000000000e+00
9.993858268628001973e-01 2.450419146472926181e-05 5.477015368316721996e-34 4.263627981097692783e-34 5.896689457351323577e-04 0.000000000000000000e+00
9.993858268628001973e-01 2.450419146472926181e-05 5.477015368316721996e-34 4.263627981097692783e-34 5.896689457351323577e-04 0.000000000000000000e+00
9.993858268628001973e-01 2.450419146472926181e-05 5.477015368316721996e-34 4.263627981097692783e-34 5.896689457351323577e-04 0.000000000000000000e+00
9.993858268628001973e-01 2.450419146472926181e-05 5.477015368316721996e-34 4.263627981097692783e-34 5.896689457351323577e-04 0.000000000000000000e+00
9.993858268628001973e-01 2.450419146472926181e-05 5.477015368316721996e-34 4.263627981097692783e-34 5.896689457351323577e-04 0.000000000000000000e+00
9.993858268628001973e-01 2.450419146472926181e-05 5.477015368316721996e-34 4.263627981097692783e-34 5.896689457351323577e-04 0.000000000000000000e+00
9.993858268628001973e-01 2.450419146472926181e-05 5.477015368316721996e-34 4.263627981097692783e-34 5.896689457351323577e-04 0.000000000000000000e+00
9.993858268628001973e-01 2.450419146472926181e-05 5.477015368316721996e-34 4.263627981097692783e-34 5.896689457351323577e-04 0.000000000000000000e+00
9.993858268628001973e-01 2.450419146472926181e-05 5.477015368316721996e-34 4.263627981097692783e-34 5.896689457351323577e-04 0.000000000000000000e+00
9.993858268628001973e-01 2.450419146472926181e-05 5.477015368316721996e-34 4.263627981097692783e-34 5.896689457351323577e-04 0.000000000000000000e+00
9.993858268628001973e-01 2.450419146472926181e-05 5.477015368316721996e-34 4.263627981097692783e-34 5.896689457351323577e-04 0.000000000000000000e+00
9.993858268628001973e-01 2.450419146472926181e-05 5.477015368316721996e-34 4.263627981097692783e-34 5.896689457351323577e-04 0.000000000000000000e+00
9.993858268628001973e-01 2.450419146472926181e-05 5.477015368316721996e-34 4.263627981097692783e-34 5.896689457351323577e-04 0.000000000000000000e+00
9.993858268628001973e-01 2.450419146472926181e-05 5.477015368316721996e-34 4.263627981097692783e-34 5.896689457351323577e-04 0.000000000000000000e+00
9.993858268628001973e-01 2.450419146472926181e-05 5.477015368316721996e-34 4.263627981097692783e-34 5.896689457351323577e-04 0.000000000000000000e+00
9.993858268628001973e-01 2.450419146472926181e-05 5.477015368316721996e-34 4.263627981097692783e-34 5.896689457351323577e-04 0.000000000000000000e+00
9.993858268628001973e-01 2.450419146472926181e-05 5.477015368316721996e-34 4.263627981097692783e-34 5.896689457351323577e-04 0.000000000000000000e+00
9.993858268628001973e-01 2.450419146472926181e-05 5.477015368316721996e-34 4.263627981097692783e-34 5.896689457351323577e-04 0.000000000000000000e+00
9.993858268628001973e-01 2.450419146472926181e-05 5.477015368316721996e-34 4.263627981097692783e-34 5.896689457351323577e-04 0.000000000000000000e+00
9.993858268628001973e-01 2.450419146472926181e-05 5.477015368316721996e-34 4.263627981097692783e-34 5.896689457351323577e-04 0.000000000000000000e+00
9.993858268628001973e-01 2.450419146472926181e-05 5.477015368316721996e-34 4.263627981097692783e-34 5.896689457351323577e-04 0.000000000000000000e+00
9.993858268628001973e-01 2.450419146472926181e-05 5.477015368316721996e-34 4.263627981097692783e-34 5.896689457351323577e-04 0.000000000000000000e+00
9.993858268628001973e-01 2.450419146472926181e-05 5.477015368316721996e-34 4.263627981097692783e-34 5.896689457351323577e-04 0.000000000000000000e+00
9.993858268628001973e-01 2.450419146472926181e-05 5.477015368316721996e-34 4.263627981097692783e-34 5.896689457351323577e-04 0.000000000000000000e+00
9.993858268628001973e-01 2.450419146472926181e-05 5.477015368316721996e-34 4.263627981097692783e-34 5.896689457351323577e-04 0.000000000000000000e+00
9.993858268628001973e-01 2.450419146472926181e-05 5.477015368316721996e-34 4.263627981097692783e-34 5.896689457351323577e-04 0.000000000000000000e+00
9.993858268628001973e-01 2.450419146472926181e-05 5.477015368316721996e-34 4.263627981097692783e-34 5.896689457351323577e-04 0.000000000000000000e+00
9.993858268628001973e-01 2.450419146472926181e-05 5.477015368316721996e-34 4.263627981097692783e-34 5.896689457351323577e-04 0.000000000000000000e+00
9.993858268628001973e-01 2.450419146472926181e-05 5.477015368316721996e-34 4.263627981097692783e-34 5.896689457351323577e-04 0.000000000000000000e+00
9.993858268628001973e-01 2.450419146472926181e-05 5.477015368316721996e-34 4.263627981097692783e-34 5.896689457351323577e-04 0.000000000000000000e+00
9.993858268628001973e-01 2.450419146472926181e-05 5.477015368316721996e-34 4.263627981097692783e-34 5.896689457351323577e-04 0.000000000000000000e+00
9.993858268628001973e-01 2.450419146472926181e-05 5.477015368316721996e-34 4.263627981097692783e-34 5.896689457351323577e-04 0.000000000000000000e+00
9.993858268628001973e-01 2.450419146472926181e-05 5.477015368316721996e-34 4.263627981097692783e-34 5.896689457351323577e-04 0.000000000000000000e+00
9.993858268628001973e-01 2.450419146472926181e-05 5.477015368316721996e-34 4.263627981097692783e-34 5.896689457351323577e-04 0.000000000000000000e+00
9.993858268628001973e-01 2.450419146472926181e-05 5.477015368316721996e-34 4.263627981097692783e-34 5.896689457351323577e-04 0.000000000000000000e+00
9.993858268628001973e-01 2.450419146472926181e-05 5.477015368316721996e-34 4.263627981097692783e-34 5.896689457351323577e-04 0.000000000000000000e+00
9.993858268628001973e-01 2.450419146472926181e-05 5.477015368316721996e-34 4.263627981097692783e-34 5.896689457351323577e-04 0.000000000000000000e+00
9.993858268628001973e-01 2.450419146472926181e-05 5.477015368316721996e-34 4.263627981097692783e-34 5.896689457351323577e-04 0.000000000000000000e+00
9.993858268628001973e-01 2.450419146472926181e-05 5.477015368316721996e-34 4.263627981097692783e-34 5.896689457351323577e-04 0.000000000000000000e+00
9.993858268628001973e-01 2.450419146472926181e-05 5.477015368316721996e-34 4.263627981097692783e-34 5.896689457351323577e-04 0.000000000000000000e+00
9.993858268628001973e-01 2.450419146472926181e-05 5.477015368316721996e-34 4.263627981097692783e-34 5.896689457351323577e-04 0.000000000000000000e+00
9.993858268628001973e-01 2.450419146472926181e-05 5.477015368316721996e-34 4.263627981097692783e-34 5.896689457351323577e-04 0.000000000000000000e+00
9.993858268628001973e-01 2.450419146472926181e-05 5.477015368316721996e-34 4.263627981097692783e-34 5.896689457351323577e-04 0.000000000000000000e+00
9.993858268628001973e-01 2.450419146472926181e-05 5.477015368316721996e-34 4.263627981097692783e-34 5.896689457351323577e-04 0.000000000000000000e+00
9.993858268628001973e-01 2.450419146472926181e-05 5.477015368316721996e-34 4.263627981097692783e-34 5.896689457351323577e-04 0.000000000000000000e+00
9.993858268628001973e-01 2.450419146472926181e-05 5.477015368316721996e-34 4.263627981097692783e-34 5.896689457351323577e-04 0.000000000000000000e+00
9.993858268628001973e-01 2.450419146472926181e-05 5.477015368316721996e-34 4.263627981097692783e-34 5.896689457351323577e-04 0.000000000000000000e+00
9.993858268628001973e-01 2.450419146472926181e-05 5.477015368316721996e-34 4.263627981097692783e-34 5.896689457351323577e-04 0.000000000000000000e+00
9.993858268628001973e-01 2.450419146472926181e-05 5.477015368316721996e-34 4.263627981097692783e-34 5.896689457351323577e-04 0.000000000000000000e+00
9.993858268628001973e-01 2.450419146472926181e-05 5.477015368316721996e-34 4.263627981097692783e-34 5.896689457351323577e-04 0.000000000000000000e+00
9.993858268628001973e-01 2.450419146472926181e-05 5.477015368316721996e-34 4.263627981097692783e-34 5.896689457351323577e-04 0.000000000000000000e+00
9.993858268628001973e-01 2.450419146472926181e-05 5.477015368316721996e-34 4.263627981097692783e-34 5.896689457351323577e-04 0.000000000000000000e+00
9.993858268628001973e-01 2.450419146472926181e-05 5.477015368316721996e-34 4.263627981097692783e-34 5.896689457351323577e-04 0.000000000000000000e+00
9.993858268628001973e-01 2.450419146472926181e-05 5.477015368316721996e-34 4.263627981097692783e-34 5.896689457351323577e-04 0.000000000000000000e+00
9.993858268628001973e-01 2.450419146472926181e-05 5.477015368316721996e-34 4.263627981097692783e-34 5.896689457351323577e-04 0.000000000000000000e+00
9.993858268628001973e-01 2.450419146472926181e-05 5.477015368316721996e-34 4.263627981097692783e-34 5.896689457351323577e-04 0.000000000000000000e+00
9.993858268628001973e-01 2.450419146472926181e-05 5.477015368316721996e-34 4.263627981097692783e-34 5.896689457351323577e-04 0.000000000000000000e+00
9.993858268628001973e-01 2.450419146472926181e-05 5.477015368316721996e-34 4.263627981097692783e-34 5.896689457351323577e-04 0.000000000000000000e+00
9.993858268628001973e-01 2.450419146472926181e-05 5.477015368316721996e-34 4.263627981097692783e-34 5.896689457351323577e-04 0.000000000000000000e+00
9.993858268628001973e-01 2.450419146472926181e-05 5.477015368316721996e-34 4.263627981097692783e-34 5.896689457351323577e-04 0.000000000000000000e+00
9.993858268628001973e-01 2.450419146472926181e-05 5.477015368316721996e-34 4.263627981097692783e-34 5.896689457351323577e-04 0.000000000000000000e+00
9.993858268628001973e-01 2.450419146472926181e-05 5.477015368316721996e-34 4.263627981097692783e-34 5.896689457351323577e-04 0.000000000000000000e+00
9.993858268628001973e-01 2.450419146472926181e-05 5.477015368316721996e-34 4.263627981097692783e-34 5.896689457351323577e-04 0.000000000000000000e+00
9.993858268628001973e-01 2.450419146472926181e-05 5.477015368316721996e-34 4.263627981097692783e-34 5.896689457351323577e-04 0.000000000000000000e+00
9.993858268628001973e-01 2.450419146472926181e-05 5.477015368316721996e-34 4.263627981097692783e-34 5.896689457351323577e-04 0.000000000000000000e+00
9.993858268628001973e-01 2.450419146472926181e-05 5.477015368316721996e-34 4.263627981097692783e-34 5.896689457351323577e-04 0.000000000000000000e+00
9.993858268628001973e-01 2.450419146472926181e-05 5.477015368316721996e-34 4.263627981097692783e-34 5.896689457351323577e-04 0.000000000000000000e+00
9.993858268628001973e-01 2.450419146472926181e-05 5.477015368316721996e-34 4.263627981097692783e-34 5.896689457351323577e-04 0.000000000000000000e+00
9.993858268628001973e-01 2.450419146472926181e-05 5.477015368316721996e-34 4.263627981097692783e-34 5.896689457351323577e-04 0.000000000000000000e+00
9.993858268628001973e-01 2.450419146472926181e-05 5.477015368316721996e-34 4.263627981097692783e-34 5.896689457351323577e-04 0.000000000000000000e+00
9.993858268628001973e-01 2.450419146472926181e-05 5.477015368316721996e-34 4.263627981097692783e-34 5.896689457351323577e-04 0.000000000000000000e+00
9.993858268628001973e-01 2.450419146472926181e-05 5.477015368316721996e-34 4.263627981097692783e-34 5.896689457351323577e-04 0.000000000000000000e+00
9.993858268628001973e-01 2.450419146472926181e-05 5.477015368316721996e-34 4.263627981097692783e-34 5.896689457351323577e-04 0.000000000000000000e+00
9.993858268628001973e-01 2.450419146472926181e-05 5.477015368316721996e-34 4.263627981097692783e-34 5.896689457351323577e-04 0.000000000000000000e+00
9.993858268628001973e-01 2.450419146472926181e-05 5.477015368316721996e-34 4.263627981097692783e-34 5.896689457351323577e-04 0.000000000000000000e+00
9.993858268628001973e-01 2.450419146472926181e-05 5.477015368316721996e-34 4.263627981097692783e-34 5.896689457351323577e-04 0.000000000000000000e+00
9.993858268628001973e-01 2.450419146472926181e-05 5.477015368316721996e-34 4.263627981097692783e-34 5.896689457351323577e-04 0.000000000000000000e+00
9.993858268628001973e-01 2.450419146472926181e-05 5.477015368316721996e-34 4.263627981097692783e-34 5.896689457351323577e-04 0.000000000000000000e+00
9.993858268628001973e-01 2.450419146472926181e-05 5.477015368316721996e-34 4.263627981097692783e-34 5.896689457351323577e-04 0.000000000000000000e+00
9.993858268628001973e-01 2.450419146472926181e-05 5.477015368316721996e-34 4.263627981097692783e-34 5.896689457351323577e-04 0.000000000000000000e+00
9.993858268628001973e-01 2.450419146472926181e-05 5.477015368316721996e-34 4.263627981097692783e-34 5.896689457351323577e-04 0.000000000000000000e+00
9.993858268628001973e-01 2.450419146472926181e-05 5.477015368316721996e-34 4.263627981097692783e-34 5.896689457351323577e-04 0.000000000000000000e+00
9.993858268628001973e-01 2.450419146472926181e-05 5.477015368316721996e-34 4.263627981097692783e-34 5.896689457351323577e-04 0.000000000000000000e+00
9.993858268628001973e-01 2.450419146472926181e-05 5.477015368316721996e-34 4.263627981097692783e-34 5.896689457351323577e-04 0.000000000000000000e+00
9.993858268628001973e-01 2.450419146472926181e-05 5.477015368316721996e-34 4.263627981097692783e-34 5.896689457351323577e-04 0.000000000000000000e+00
9.993858268628001973e-01 2.450419146472926181e-05 5.477015368316721996e-34 4.263627981097692783e-34 5.896689457351323577e-04 0.000000000000000000e+00
9.993858268628001973e-01 2.450419146472926181e-05 5.477015368316721996e-34 4.263627981097692783e-34 5.896689457351323577e-04 0.000000000000000000e+00
9.993858268628001973e-01 2.450419146472926181e-05 5.477015368316721996e-34 4.263627981097692783e-34 5.896689457351323577e-04 0.000000000000000000e+00
9.993858268628001973e-01 2.450419146472926181e-05 5.477015368316721996e-34 4.263627981097692783e-34 5.896689457351323577e-04 0.000000000000000000e+00
9.993858268628001973e-01 2.450419146472926181e-05 5.477015368316721996e-34 4.263627981097692783e-34 5.896689457351323577e-04 0.000000000000000000e+00
9.993858268628001973e-01 2.450419146472926181e-05 5.477015368316721996e-34 4.263627981097692783e-34 5.896689457351323577e-04 0.000000000000000000e+00
9.993858268628001973e-01 2.450419146472926181e-05 5.477015368316721996e-34 4.263627981097692783e-34 5.896689457351323577e-04 0.000000000000000000e+00
9.993858268628001973e-01 2.450419146472926181e-05 5.477015368316721996e-34 4.263627981097692783e-34 5.896689457351323577e-04 0.000000000000000000e+00
9.993858268628001973e-01 2.450419146472926181e-05 5.477015368316721996e-34 4.263627981097692783e-34 5.896689457351323577e-04 0.000000000000000000e+00
9.993858268628001973e-01 2.450419146472926181e-05 5.477015368316721996e-34 4.263627981097692783e-34 5.896689457351323577e-04 0.000000000000000000e+00
9.993858268628001973e-01 2.450419146472926181e-05 5.477015368316721996e-34 4.263627981097692783e-34 5.896689457351323577e-04 0.000000000000000000e+00
9.993858268628001973e-01 2.450419146472926181e-05 5.477015368316721996e-34 4.263627981097692783e-34 5.896689457351323577e-04 0.000000000000000000e+00
9.993858268628001973e-01 2.450419146472926181e-05 5.477015368316721996e-34 4.263627981097692783e-34 5.896689457351323577e-04 0.000000000000000000e+00
9.993858268628001973e-01 2.450419146472926181e-05 5.477015368316721996e-34 4.263627981097692783e-34 5.896689457351323577e-04 0.000000000000000000e+00
9.993858268628001973e-01 2.450419146472926181e-05 5.477015368316721996e-34 4.263627981097692783e-34 5.896689457351323577e-04 0.000000000000000000e+00
9.993858268628001973e-01 2.450419146472926181e-05 5.477015368316721996e-34 4.263627981097692783e-34 5.896689457351323577e-04 0.000000000000000000e+00
9.993858268628001973e-01 2.450419146472926181e-05 5.477015368316721996e-34 4.263627981097692783e-34 5.896689457351323577e-04 0.000000000000000000e+00
9.993858268628001973e-01 2.450419146472926181e-05 5.477015368316721996e-34 4.263627981097692783e-34 5.896689457351323577e-04 0.000000000000000000e+00
9.993858268628001973e-01 2.450419146472926181e-05 5.477015368316721996e-34 4.263627981097692783e-34 5.896689457351323577e-04 0.000000000000000000e+00
9.993858268628001973e-01 2.450419146472926181e-05 5.477015368316721996e-34 4.263627981097692783e-34 5.896689457351323577e-04 0.000000000000000000e+00
9.993858268628001973e-01 2.450419146472926181e-05 5.477015368316721996e-34 4.263627981097692783e-34 5.896689457351323577e-04 0.000000000000000000e+00
9.993858268628001973e-01 2.450419146472926181e-05 5.477015368316721996e-34 4.263627981097692783e-34 5.896689457351323577e-04 0.000000000000000000e+00
9.993858268628001973e-01 2.450419146472926181e-05 5.477015368316721996e-34 4.263627981097692783e-34 5.896689457351323577e-04 0.000000000000000000e+00
9.993858268628001973e-01 2.450419146472926181e-05 5.477015368316721996e-34 4.263627981097692783e-34 5.896689457351323577e-04 0.000000000000000000e+00
9.993858268628001973e-01 2.450419146472926181e-05 5.477015368316721996e-34 4.263627981097692783e-34 5.896689457351323577e-04 0.000000000000000000e+00
9.993858268628001973e-01 2.450419146472926181e-05 5.477015368316721996e-34 4.263627981097692783e-34 5.896689457351323577e-04 0.000000000000000000e+00
9.993858268628001973e-01 2.450419146472926181e-05 5.477015368316721996e-34 4.263627981097692783e-34 5.896689457351323577e-04 0.000000000000000000e+00
9.993858268628001973e-01 2.450419146472926181e-05 5.477015368316721996e-34 4.263627981097692783e-34 5.896689457351323577e-04 0.000000000000000000e+00
9.993858268628001973e-01 2.450419146472926181e-05 5.477015368316721996e-34 4.263627981097692783e-34 5.896689457351323577e-04 0.000000000000000000e+00
9.993858268628001973e-01 2.450419146472926181e-05 5.477015368316721996e-34 4.263627981097692783e-34 5.896689457351323577e-04 0.000000000000000000e+00
9.993858268628001973e-01 2.450419146472926181e-05 5.477015368316721996e-34 4.263627981097692783e-34 5.896689457351323577e-04 0.000000000000000000e+00
9.993858268628001973e-01 2.450419146472926181e-05 5.477015368316721996e-34 4.263627981097692783e-34 5.896689457351323577e-04 0.000000000000000000e+00
9.993858268628001973e-01 2.450419146472926181e-05 5.477015368316721996e-34 4.263627981097692783e-34 5.896689457351323577e-04 0.000000000000000000e+00
9.993858268628001973e-01 2.450419146472926181e-05 5.477015368316721996e-34 4.263627981097692783e-34 5.896689457351323577e-04 0.000000000000000000e+00
9.993858268628001973e-01 2.450419146472926181e-05 5.477015368316721996e-34 4.263627981097692783e-34 5.896689457351323577e-04 0.000000000000000000e+00
9.993858268628001973e-01 2.450419146472926181e-05 5.477015368316721996e-34 4.263627981097692783e-34 5.896689457351323577e-04 0.000000000000000000e+00
9.993858268628001973e-01 2.450419146472926181e-05 5.477015368316721996e-34 4.263627981097692783e-34 5.896689457351323577e-04 0.000000000000000000e+00
9.993858268628001973e-01 2.450419146472926181e-05 5.477015368316721996e-34 4.263627981097692783e-34 5.896689457351323577e-04 0.000000000000000000e+00
9.993858268628001973e-01 2.450419146472926181e-05 5.477015368316721996e-34 4.263627981097692783e-34 5.896689457351323577e-04 0.000000000000000000e+00
9.993858268628001973e-01 2.450419146472926181e-05 5.477015368316721996e-34 4.263627981097692783e-34 5.896689457351323577e-04 0.000000000000000000e+00
9.993858268628001973e-01 2.450419146472926181e-05 5.477015368316721996e-34 4.263627981097692783e-34 5.896689457351323577e-04 0.000000000000000000e+00
9.993858268628001973e-01 2.450419146472926181e-05 5.477015368316721996e-34 4.263627981097692783e-34 5.896689457351323577e-04 0.000000000000000000e+00
9.993858268628001973e-01 2.450419146472926181e-05 5.477015368316721996e-34 4.263627981097692783e-34 5.896689457351323577e-04 0.000000000000000000e+00
9.993858268628001973e-01 2.450419146472926181e-05 5.477015368316721996e-34 4.263627981097692783e-34 5.896689457351323577e-04 0.000000000000000000e+00
9.993858268628001973e-01 2.450419146472926181e-05 5.477015368316721996e-34 4.263627981097692783e-34 5.896689457351323577e-04 0.000000000000000000e+00
9.993858268628001973e-01 2.450419146472926181e-05 5.477015368316721996e-34 4.263627981097692783e-34 5.896689457351323577e-04 0.000000000000000000e+00
9.993858268628001973e-01 2.450419146472926181e-05 5.477015368316721996e-34 4.263627981097692783e-34 5.896689457351323577e-04 0.000000000000000000e+00
9.993858268628001973e-01 2.450419146472926181e-05 5.477015368316721996e-34 4.263627981097692783e-34 5.896689457351323577e-04 0.000000000000000000e+00
9.993858268628001973e-01 2.450419146472926181e-05 5.477015368316721996e-34 4.263627981097692783e-34 5.896689457351323577e-04 0.000000000000000000e+00
9.993858268628001973e-01 2.450419146472926181e-05 5.477015368316721996e-34 4.263627981097692783e-34 5.896689457351323577e-04 0.000000000000000000e+00
9.993858268628001973e-01 2.450419146472926181e-05 5.477015368316721996e-34 4.263627981097692783e-34 5.896689457351323577e-04 0.000000000000000000e+00
9.993858268628001973e-01 2.450419146472926181e-05 5.477015368316721996e-34 4.263627981097692783e-34 5.896689457351323577e-04 0.000000000000000000e+00
9.993858268628001973e-01 2.450419146472926181e-05 5.477015368316721996e-34 4.263627981097692783e-34 5.896689457351323577e-04 0.000000000000000000e+00
9.993858268628001973e-01 2.450419146472926181e-05 5.477015368316721996e-34 4.263627981097692783e-34 5.896689457351323577e-04 0.000000000000000000e+00
9.993858268628001973e-01 2.450419146472926181e-05 5.477015368316721996e-34 4.263627981097692783e-34 5.896689457351323577e-04 0.000000000000000000e+00
9.993858268628001973e-01 2.450419146472926181e-05 5.477015368316721996e-34 4.263627981097692783e-34 5.896689457351323577e-04 0.000000000000000000e+00
9.993858268628001973e-01 2.450419146472926181e-05 5.477015368316721996e-34 4.263627981097692783e-34 5.896689457351323577e-04 0.000000000000000000e+00
9.993858268628001973e-01 2.450419146472926181e-05 5.477015368316721996e-34 4.263627981097692783e-34 5.896689457351323577e-04 0.000000000000000000e+00
9.993858268628001973e-01 2.450419146472926181e-05 5.477015368316721996e-34 4.263627981097692783e-34 5.896689457351323577e-04 0.000000000000000000e+00
9.993858268628001973e-01 2.450419146472926181e-05 5.477015368316721996e-34 4.263627981097692783e-34 5.896689457351323577e-04 0.000000000000000000e+00
9.993858268628001973e-01 2.450419146472926181e-05 5.477015368316721996e-34 4.263627981097692783e-34 5.896689457351323577e-04 0.000000000000000000e+00
9.993858268628001973e-01 2.450419146472926181e-05 5.477015368316721996e-34 4.263627981097692783e-34 5.896689457351323577e-04 0.000000000000000000e+00
9.993858268628001973e-01 2.450419146472926181e-05 5.477015368316721996e-34 4.263627981097692783e-34 5.896689457351323577e-04 0.000000000000000000e+00
9.993858268628001973e-01 2.450419146472926181e-05 5.477015368316721996e-34 4.263627981097692783e-34 5.896689457351323577e-04 0.000000000000000000e+00
9.993858268628001973e-01 2.450419146472926181e-05 5.477015368316721996e-34 4.263627981097692783e-34 5.896689457351323577e-04 0.000000000000000000e+00
9.993858268628001973e-01 2.450419146472926181e-05 5.477015368316721996e-34 4.263627981097692783e-34 5.896689457351323577e-04 0.000000000000000000e+00
9.993858268628001973e-01 2.450419146472926181e-05 5.477015368316721996e-34 4.263627981097692783e-34 5.896689457351323577e-04 0.000000000000000000e+00
9.993858268628001973e-01 2.450419146472926181e-05 5.477015368316721996e-34 4.263627981097692783e-34 5.896689457351323577e-04 0.000000000000000000e+00
9.993858268628001973e-01 2.450419146472926181e-05 5.477015368316721996e-34 4.263627981097692783e-34 5.896689457351323577e-04 0.000000000000000000e+00
9.993858268628001973e-01 2.450419146472926181e-05 5.477015368316721996e-34 4.263627981097692783e-34 5.896689457351323577e-04 0.000000000000000000e+00
9.993858268628001973e-01 2.450419146472926181e-05 5.477015368316721996e-34 4.263627981097692783e-34 5.896689457351323577e-04 0.000000000000000000e+00
9.993858268628001973e-01 2.450419146472926181e-05 5.477015368316721996e-34 4.263627981097692783e-34 5.896689457351323577e-04 0.000000000000000000e+00
9.993858268628001973e-01 2.450419146472926181e-05 5.477015368316721996e-34 4.263627981097692783e-34 5.896689457351323577e-04 0.000000000000000000e+00
