9.146254267763989088e-01 8.480901257467611531e-02 1.432473212082073711e-11 9.048305997755645697e-12 5.655606255519744774e-04 0.000000000000000000e+00
9.146254267763989088e-01 8.480901257467611531e-02 1.061781393336364601e-11 7.141583010907860358e-12 5.655606311087990092e-04 0.000000000000000000e+00
9.146254267763989088e-01 8.480901257467611531e-02 7.293775057768921932e-12 5.307357253809809869e-12 5.655606362836442620e-04 0.000000000000000000e+00
9.146254267763990198e-01 8.480901257467611531e-02 4.978493070964192539e-12 3.923960693676215297e-12 5.655606399932385257e-04 0.000000000000000000e+00
9.146254267763990198e-01 8.480901257467611531e-02 3.376237226271160692e-12 2.886037917550965250e-12 5.655606426405799646e-04 0.000000000000000000e+00
9.146254267763990198e-01 8.480901257467611531e-02 2.274714742598879445e-12 2.111474526637258494e-12 5.655606445216603256e-04 0.000000000000000000e+00
9.146254267763989088e-01 8.480901257467611531e-02 1.522561492985145892e-12 1.536641760733746250e-12 5.655606458525246722e-04 0.000000000000000000e+00
9.146254267763989088e-01 8.480901257467611531e-02 1.012382554372939818e-12 1.112337241021287375e-12 5.655606467903442642e-04 0.000000000000000000e+00
9.146254267763989088e-01 8.480901257467611531e-02 6.686551945162674771e-13 8.008471831675445637e-13 5.655606474485880145e-04 0.000000000000000000e+00
9.146254267763990198e-01 8.480901257467611531e-02 4.386466137298261918e-13 5.734367654499420252e-13 5.655606479087568099e-04 0.000000000000000000e+00
9.146254267763990198e-01 8.480901257467611531e-02 2.857927484151664347e-13 4.083370883500898802e-13 5.655606482291229394e-04 0.000000000000000000e+00
9.146254267763989088e-01 8.480901257467611531e-02 1.849099556790752527e-13 2.891398988384978747e-13 5.655606484507012290e-04 0.000000000000000000e+00
9.146254267763989088e-01 8.480901257467611531e-02 1.187616257947214171e-13 2.035255695742733976e-13 5.655606486014114025e-04 0.000000000000000000e+00
9.146254267763989088e-01 8.480901257467611531e-02 7.573548371269768490e-14 1.424402705048241135e-13 5.655606487055134593e-04 0.000000000000000000e+00
9.146254267763990198e-01 8.480901257467611531e-02 4.795184797252214012e-14 9.911269595931588146e-14 5.655606487771054972e-04 0.000000000000000000e+00
9.146254267763990198e-01 8.480901257467611531e-02 3.014202636551712228e-14 6.856317452242634975e-14 5.655606488260871492e-04 0.000000000000000000e+00
9.146254267763990198e-01 8.480901257467611531e-02 1.880128046166355225e-14 4.713518794089799529e-14 5.655606488587955772e-04 0.000000000000000000e+00
9.146254267763989088e-01 8.480901257467611531e-02 1.163817168257474658e-14 3.220475500499208223e-14 5.655606488808455389e-04 0.000000000000000000e+00
9.146254267763987977e-01 8.480901257467611531e-02 7.151174340309673470e-15 2.187291417119373894e-14 5.655606488958395128e-04 0.000000000000000000e+00
9.146254267763989088e-01 8.480901257467611531e-02 4.360386960558815255e-15 1.476358402650202828e-14 5.655606489058247980e-04 0.000000000000000000e+00
9.146254267763989088e-01 8.480901257467611531e-02 2.637160434896185078e-15 9.899671594649836380e-15 5.655606489123695844e-04 0.000000000000000000e+00
9.146254267763987977e-01 8.480901257467611531e-02 1.582972143501245899e-15 6.597881294749252279e-15 5.655606489167924788e-04 0.000000000000000000e+00
9.146254267763989088e-01 8.480901257467611531e-02 9.424037196459787603e-16 4.368193134562618355e-15 5.655606489196668071e-04 0.000000000000000000e+00
9.146254267763989088e-01 8.480901257467611531e-02 5.564721502106407075e-16 2.872931401813230385e-15 5.655606489215526684e-04 0.000000000000000000e+00
9.146254267763989088e-01 8.480901257467611531e-02 3.260246795411334322e-16 1.877595866639473779e-15 5.655606489228041630e-04 0.000000000000000000e+00
9.146254267763989088e-01 8.480901257467611531e-02 1.892990514252325696e-16 1.218204979266234171e-15 5.655606489235894506e-04 0.000000000000000000e+00
9.146254267763989088e-01 8.480901257467611531e-02 1.090664632953972822e-16 7.854659705515977326e-16 5.655606489241162644e-04 0.000000000000000000e+00
9.146254267763989088e-01 8.480901257467611531e-02 6.225421596737003925e-17 5.026307750166427989e-16 5.655606489244407661e-04 0.000000000000000000e+00
9.146254267763990198e-01 8.480901257467611531e-02 3.525428208606881851e-17 3.195913818964125250e-16 5.655606489246564140e-04 0.000000000000000000e+00
9.146254267763989088e-01 8.480901257467607368e-02 1.977389339350417385e-17 2.016398716143869880e-16 5.655606489247883614e-04 0.000000000000000000e+00
9.146254267763990198e-01 8.480901257467611531e-02 1.100267483206013594e-17 1.264006984071609918e-16 5.655606489248750975e-04 0.000000000000000000e+00
9.146254267763989088e-01 8.480901257467611531e-02 6.060683782863571177e-18 7.859223333671720474e-17 5.655606489249264887e-04 0.000000000000000000e+00
9.146254267763990198e-01 8.480901257467611531e-02 3.310870968811277225e-18 4.853972663137198407e-17 5.655606489249606411e-04 0.000000000000000000e+00
9.146254267763989088e-01 8.480901257467611531e-02 1.791050143264814251e-18 2.974232506255814675e-17 5.655606489249802651e-04 0.000000000000000000e+00
9.146254267763989088e-01 8.480901257467611531e-02 9.600340962023635978e-19 1.808961360354329241e-17 5.655606489249930587e-04 0.000000000000000000e+00
9.146254267763990198e-01 8.480901257467611531e-02 5.099415030551064643e-19 1.092178626145475732e-17 5.655606489250005397e-04 0.000000000000000000e+00
9.146254267763989088e-01 8.480901257467611531e-02 2.680345393570410767e-19 6.538347938432994518e-18 5.655606489250057439e-04 0.000000000000000000e+00
9.146254267763987977e-01 8.480901257467607368e-02 1.396085151710889782e-19 3.885515650188432828e-18 5.655606489250081291e-04 0.000000000000000000e+00
9.146254267763989088e-01 8.480901257467611531e-02 7.200470136806214872e-20 2.290731498418292382e-18 5.655606489250098639e-04 0.000000000000000000e+00
9.146254267763990198e-01 8.480901257467611531e-02 3.674185148150257065e-20 1.338874178828179415e-18 5.655606489250109481e-04 0.000000000000000000e+00
9.146254267763989088e-01 8.480901257467611531e-02 1.856858127786040936e-20 7.764654278235616313e-19 5.655606489250115986e-04 0.000000000000000000e+00
9.146254267763989088e-01 8.480901257467611531e-02 9.292558941468983270e-21 4.467426516543382865e-19 5.655606489250121407e-04 0.000000000000000000e+00
9.146254267763989088e-01 8.480901257467607368e-02 4.596138184995107769e-21 2.546054240941177780e-19 5.655606489250121407e-04 0.000000000000000000e+00
9.146254267763989088e-01 8.480901257467611531e-02 2.250232968341188093e-21 1.439126866352919327e-19 5.655606489250121407e-04 0.000000000000000000e+00
9.146254267763989088e-01 8.480901257467611531e-02 1.090359886451813120e-21 8.066700505579959841e-20 5.655606489250121407e-04 0.000000000000000000e+00
9.146254267763989088e-01 8.480901257467611531e-02 5.228079213035125431e-22 4.483269368222918530e-20 5.655606489250121407e-04 0.000000000000000000e+00
9.146254267763989088e-01 8.480901257467611531e-02 2.476594105763477939e-22 2.467388698949902756e-20 5.655606489250126828e-04 0.000000000000000000e+00
9.146254267763989088e-01 8.480901257467611531e-02 1.160270908296017351e-22 1.345827107618993641e-20 5.655606489250126828e-04 0.000000000000000000e+00
9.146254267763989088e-01 8.480901257467611531e-02 5.375930079421683617e-23 7.275248575501986711e-21 5.655606489250126828e-04 0.000000000000000000e+00
9.146254267763989088e-01 8.480901257467611531e-02 2.462807680238100787e-23 3.896962208118327742e-21 5.655606489250126828e-04 0.000000000000000000e+00
9.146254267763989088e-01 8.480901257467611531e-02 2.029393317929590086e-23 3.338064841642632136e-21 5.655606489250126828e-04 0.000000000000000000e+00
9.146254267763989088e-01 8.480901257467611531e-02 2.029393317929590086e-23 3.338064841642632136e-21 5.655606489250126828e-04 0.000000000000000000e+00
9.146254267763989088e-01 8.480901257467611531e-02 2.029393317929590086e-23 3.338064841642632136e-21 5.655606489250126828e-04 0.000000000000000000e+00
9.146254267763989088e-01 8.480901257467611531e-02 2.029393317929590086e-23 3.338064841642632136e-21 5.655606489250126828e-04 0.000000000000000000e+00
9.146254267763989088e-01 8.480901257467611531e-02 2.029393317929590086e-23 3.338064841642632136e-21 5.655606489250126828e-04 0.000000000000000000e+00
9.146254267763989088e-01 8.480901257467611531e-02 2.029393317929590086e-23 3.338064841642632136e-21 5.655606489250126828e-04 0.000000000000000000e+00
9.146254267763989088e-01 8.480901257467611531e-02 2.029393317929590086e-23 3.338064841642632136e-21 5.655606489250126828e-04 0.000000000000000000e+00
9.146254267763989088e-01 8.480901257467611531e-02 2.029393317929590086e-23 3.338064841642632136e-21 5.655606489250126828e-04 0.000000000000000000e+00
9.146254267763989088e-01 8.480901257467611531e-02 2.029393317929590086e-23 3.338064841642632136e-21 5.655606489250126828e-04 0.000000000000000000e+00
9.146254267763989088e-01 8.480901257467611531e-02 2.029393317929590086e-23 3.338064841642632136e-21 5.655606489250126828e-04 0.000000000000000000e+00
9.146254267763989088e-01 8.480901257467611531e-02 2.029393317929590086e-23 3.338064841642632136e-21 5.655606489250126828e-04 0.000000000000000000e+00
9.146254267763989088e-01 8.480901257467611531e-02 2.029393317929590086e-23 3.338064841642632136e-21 5.655606489250126828e-04 0.000000000000000000e+00
9.146254267763989088e-01 8.480901257467611531e-02 2.029393317929590086e-23 3.338064841642632136e-21 5.655606489250126828e-04 0.000000000000000000e+00
9.146254267763989088e-01 8.480901257467611531e-02 2.029393317929590086e-23 3.338064841642632136e-21 5.655606489250126828e-04 0.000000000000000000e+00
9.146254267763989088e-01 8.480901257467611531e-02 2.029393317929590086e-23 3.338064841642632136e-21 5.655606489250126828e-04 0.000000000000000000e+00
9.146254267763989088e-01 8.480901257467611531e-02 2.029393317929590086e-23 3.338064841642632136e-21 5.655606489250126828e-04 0.000000000000000000e+00
9.146254267763989088e-01 8.480901257467611531e-02 2.029393317929590086e-23 3.338064841642632136e-21 5.655606489250126828e-04 0.000000000000000000e+00
9.146254267763989088e-01 8.480901257467611531e-02 2.029393317929590086e-23 3.338064841642632136e-21 5.655606489250126828e-04 0.000000000000000000e+00
9.146254267763989088e-01 8.480901257467611531e-02 2.029393317929590086e-23 3.338064841642632136e-21 5.655606489250126828e-04 0.000000000000000000e+00
9.146254267763989088e-01 8.480901257467611531e-02 2.029393317929590086e-23 3.338064841642632136e-21 5.655606489250126828e-04 0.000000000000000000e+00
9.146254267763989088e-01 8.480901257467611531e-02 2.029393317929590086e-23 3.338064841642632136e-21 5.655606489250126828e-04 0.000000000000000000e+00
9.146254267763989088e-01 8.480901257467611531e-02 2.029393317929590086e-23 3.338064841642632136e-21 5.655606489250126828e-04 0.000000000000000000e+00
9.146254267763989088e-01 8.480901257467611531e-02 2.029393317929590086e-23 3.338064841642632136e-21 5.655606489250126828e-04 0.000000000000000000e+00
9.146254267763989088e-01 8.480901257467611531e-02 2.029393317929590086e-23 3.338064841642632136e-21 5.655606489250126828e-04 0.000000000000000000e+00
9.146254267763989088e-01 8.480901257467611531e-02 2.029393317929590086e-23 3.338064841642632136e-21 5.655606489250126828e-04 0.000000000000000000e+00
9.146254267763989088e-01 8.480901257467611531e-02 2.029393317929590086e-23 3.338064841642632136e-21 5.655606489250126828e-04 0.000000000000000000e+00
9.146254267763989088e-01 8.480901257467611531e-02 2.029393317929590086e-23 3.338064841642632136e-21 5.655606489250126828e-04 0.000000000000000000e+00
9.146254267763989088e-01 8.480901257467611531e-02 2.029393317929590086e-23 3.338064841642632136e-21 5.655606489250126828e-04 0.000000000000000000e+00
9.146254267763989088e-01 8.480901257467611531e-02 2.029393317929590086e-23 3.338064841642632136e-21 5.655606489250126828e-04 0.000000000000000000e+00
9.146254267763989088e-01 8.480901257467611531e-02 2.029393317929590086e-23 3.338064841642632136e-21 5.655606489250126828e-04 0.000000000000000000e+00
9.146254267763989088e-01 8.480901257467611531e-02 2.029393317929590086e-23 3.338064841642632136e-21 5.655606489250126828e-04 0.000000000000000000e+00
9.146254267763989088e-01 8.480901257467611531e-02 2.029393317929590086e-23 3.338064841642632136e-21 5.655606489250126828e-04 0.000000000000000000e+00
9.146254267763989088e-01 8.480901257467611531e-02 2.029393317929590086e-23 3.338064841642632136e-21 5.655606489250126828e-04 0.000000000000000000e+00
9.146254267763989088e-01 8.480901257467611531e-02 2.029393317929590086e-23 3.338064841642632136e-21 5.655606489250126828e-04 0.000000000000000000e+00
9.146254267763989088e-01 8.480901257467611531e-02 2.029393317929590086e-23 3.338064841642632136e-21 5.655606489250126828e-04 0.000000000000000000e+00
9.146254267763989088e-01 8.480901257467611531e-02 2.029393317929590086e-23 3.338064841642632136e-21 5.655606489250126828e-04 0.000000000000000000e+00
9.146254267763989088e-01 8.480901257467611531e-02 2.029393317929590086e-23 3.338064841642632136e-21 5.655606489250126828e-04 0.000000000000000000e+00
9.146254267763989088e-01 8.480901257467611531e-02 2.029393317929590086e-23 3.338064841642632136e-21 5.655606489250126828e-04 0.000000000000000000e+00
9.146254267763989088e-01 8.480901257467611531e-02 2.029393317929590086e-23 3.338064841642632136e-21 5.655606489250126828e-04 0.000000000000000000e+00
9.146254267763989088e-01 8.480901257467611531e-02 2.029393317929590086e-23 3.338064841642632136e-21 5.655606489250126828e-04 0.000000000000000000e+00
9.146254267763989088e-01 8.480901257467611531e-02 2.029393317929590086e-23 3.338064841642632136e-21 5.655606489250126828e-04 0.000000000000000000e+00
9.146254267763989088e-01 8.480901257467611531e-02 2.029393317929590086e-23 3.338064841642632136e-21 5.655606489250126828e-04 0.000000000000000000e+00
9.146254267763989088e-01 8.480901257467611531e-02 2.029393317929590086e-23 3.338064841642632136e-21 5.655606489250126828e-04 0.000000000000000000e+00
9.146254267763989088e-01 8.480901257467611531e-02 2.029393317929590086e-23 3.338064841642632136e-21 5.655606489250126828e-04 0.000000000000000000e+00
9.146254267763989088e-01 8.480901257467611531e-02 2.029393317929590086e-23 3.338064841642632136e-21 5.655606489250126828e-04 0.000000000000000000e+00
9.146254267763989088e-01 8.480901257467611531e-02 2.029393317929590086e-23 3.338064841642632136e-21 5.655606489250126828e-04 0.000000000000000000e+00
9.146254267763989088e-01 8.480901257467611531e-02 2.029393317929590086e-23 3.338064841642632136e-21 5.655606489250126828e-04 0.000000000000000000e+00
9.146254267763989088e-01 8.480901257467611531e-02 2.029393317929590086e-23 3.338064841642632136e-21 5.655606489250126828e-04 0.000000000000000000e+00
9.146254267763989088e-01 8.480901257467611531e-02 2.029393317929590086e-23 3.338064841642632136e-21 5.655606489250126828e-04 0.000000000000000000e+00
9.146254267763989088e-01 8.480901257467611531e-02 2.029393317929590086e-23 3.338064841642632136e-21 5.655606489250126828e-04 0.000000000000000000e+00
9.146254267763989088e-01 8.480901257467611531e-02 2.029393317929590086e-23 3.338064841642632136e-21 5.655606489250126828e-04 0.000000000000000000e+00
9.146254267763989088e-01 8.480901257467611531e-02 2.029393317929590086e-23 3.338064841642632136e-21 5.655606489250126828e-04 0.000000000000000000e+00
9.146254267763989088e-01 8.480901257467611531e-02 2.029393317929590086e-23 3.338064841642632136e-21 5.655606489250126828e-04 0.000000000000000000e+00
9.146254267763989088e-01 8.480901257467611531e-02 2.029393317929590086e-23 3.338064841642632136e-21 5.655606489250126828e-04 0.000000000000000000e+00
9.146254267763989088e-01 8.480901257467611531e-02 2.029393317929590086e-23 3.338064841642632136e-21 5.655606489250126828e-04 0.000000000000000000e+00
9.146254267763989088e-01 8.480901257467611531e-02 2.029393317929590086e-23 3.338064841642632136e-21 5.655606489250126828e-04 0.000000000000000000e+00
9.146254267763989088e-01 8.480901257467611531e-02 2.029393317929590086e-23 3.338064841642632136e-21 5.655606489250126828e-04 0.000000000000000000e+00
9.146254267763989088e-01 8.480901257467611531e-02 2.029393317929590086e-23 3.338064841642632136e-21 5.655606489250126828e-04 0.000000000000000000e+00
9.146254267763989088e-01 8.480901257467611531e-02 2.029393317929590086e-23 3.338064841642632136e-21 5.655606489250126828e-04 0.000000000000000000e+00
9.146254267763989088e-01 8.480901257467611531e-02 2.029393317929590086e-23 3.338064841642632136e-21 5.655606489250126828e-04 0.000000000000000000e+00
9.146254267763989088e-01 8.480901257467611531e-02 2.029393317929590086e-23 3.338064841642632136e-21 5.655606489250126828e-04 0.000000000000000000e+00
9.146254267763989088e-01 8.480901257467611531e-02 2.029393317929590086e-23 3.338064841642632136e-21 5.655606489250126828e-04 0.000000000000000000e+00
9.146254267763989088e-01 8.480901257467611531e-02 2.029393317929590086e-23 3.338064841642632136e-21 5.655606489250126828e-04 0.000000000000000000e+00
9.146254267763989088e-01 8.480901257467611531e-02 2.029393317929590086e-23 3.338064841642632136e-21 5.655606489250126828e-04 0.000000000000000000e+00
9.146254267763989088e-01 8.480901257467611531e-02 2.029393317929590086e-23 3.338064841642632136e-21 5.655606489250126828e-04 0.000000000000000000e+00
9.146254267763989088e-01 8.480901257467611531e-02 2.029393317929590086e-23 3.338064841642632136e-21 5.655606489250126828e-04 0.000000000000000000e+00
9.146254267763989088e-01 8.480901257467611531e-02 2.029393317929590086e-23 3.338064841642632136e-21 5.655606489250126828e-04 0.000000000000000000e+00
9.146254267763989088e-01 8.480901257467611531e-02 2.029393317929590086e-23 3.338064841642632136e-21 5.655606489250126828e-04 0.000000000000000000e+00
9.146254267763989088e-01 8.480901257467611531e-02 2.029393317929590086e-23 3.338064841642632136e-21 5.655606489250126828e-04 0.000000000000000000e+00
9.146254267763989088e-01 8.480901257467611531e-02 2.029393317929590086e-23 3.338064841642632136e-21 5.655606489250126828e-04 0.000000000000000000e+00
9.146254267763989088e-01 8.480901257467611531e-02 2.029393317929590086e-23 3.338064841642632136e-21 5.655606489250126828e-04 0.000000000000000000e+00
9.146254267763989088e-01 8.480901257467611531e-02 2.029393317929590086e-23 3.338064841642632136e-21 5.655606489250126828e-04 0.000000000000000000e+00
9.146254267763989088e-01 8.480901257467611531e-02 2.029393317929590086e-23 3.338064841642632136e-21 5.655606489250126828e-04 0.000000000000000000e+00
9.146254267763989088e-01 8.480901257467611531e-02 2.029393317929590086e-23 3.338064841642632136e-21 5.655606489250126828e-04 0.000000000000000000e+00
9.146254267763989088e-01 8.480901257467611531e-02 2.029393317929590086e-23 3.338064841642632136e-21 5.655606489250126828e-04 0.000000000000000000e+00
9.146254267763989088e-01 8.480901257467611531e-02 2.029393317929590086e-23 3.338064841642632136e-21 5.655606489250126828e-04 0.000000000000000000e+00
9.146254267763989088e-01 8.480901257467611531e-02 2.029393317929590086e-23 3.338064841642632136e-21 5.655606489250126828e-04 0.000000000000000000e+00
9.146254267763989088e-01 8.480901257467611531e-02 2.029393317929590086e-23 3.338064841642632136e-21 5.655606489250126828e-04 0.000000000000000000e+00
9.146254267763989088e-01 8.480901257467611531e-02 2.029393317929590086e-23 3.338064841642632136e-21 5.655606489250126828e-04 0.000000000000000000e+00
9.146254267763989088e-01 8.480901257467611531e-02 2.029393317929590086e-23 3.338064841642632136e-21 5.655606489250126828e-04 0.000000000000000000e+00
9.146254267763989088e-01 8.480901257467611531e-02 2.029393317929590086e-23 3.338064841642632136e-21 5.655606489250126828e-04 0.000000000000000000e+00
9.146254267763989088e-01 8.480901257467611531e-02 2.029393317929590086e-23 3.338064841642632136e-21 5.655606489250126828e-04 0.000000000000000000e+00
9.146254267763989088e-01 8.480901257467611531e-02 2.029393317929590086e-23 3.338064841642632136e-21 5.655606489250126828e-04 0.000000000000000000e+00
9.146254267763989088e-01 8.480901257467611531e-02 2.029393317929590086e-23 3.338064841642632136e-21 5.655606489250126828e-04 0.000000000000000000e+00
9.146254267763989088e-01 8.480901257467611531e-02 2.029393317929590086e-23 3.338064841642632136e-21 5.655606489250126828e-04 0.000000000000000000e+00
9.146254267763989088e-01 8.480901257467611531e-02 2.029393317929590086e-23 3.338064841642632136e-21 5.655606489250126828e-04 0.000000000000000000e+00
9.146254267763989088e-01 8.480901257467611531e-02 2.029393317929590086e-23 3.338064841642632136e-21 5.655606489250126828e-04 0.000000000000000000e+00
9.146254267763989088e-01 8.480901257467611531e-02 2.029393317929590086e-23 3.338064841642632136e-21 5.655606489250126828e-04 0.000000000000000000e+00
9.146254267763989088e-01 8.480901257467611531e-02 2.029393317929590086e-23 3.338064841642632136e-21 5.655606489250126828e-04 0.000000000000000000e+00
9.146254267763989088e-01 8.480901257467611531e-02 2.029393317929590086e-23 3.338064841642632136e-21 5.655606489250126828e-04 0.000000000000000000e+00
9.146254267763989088e-01 8.480901257467611531e-02 2.029393317929590086e-23 3.338064841642632136e-21 5.655606489250126828e-04 0.000000000000000000e+00
9.146254267763989088e-01 8.480901257467611531e-02 2.029393317929590086e-23 3.338064841642632136e-21 5.655606489250126828e-04 0.000000000000000000e+00
9.146254267763989088e-01 8.480901257467611531e-02 2.029393317929590086e-23 3.338064841642632136e-21 5.655606489250126828e-04 0.000000000000000000e+00
9.146254267763989088e-01 8.480901257467611531e-02 2.029393317929590086e-23 3.338064841642632136e-21 5.655606489250126828e-04 0.000000000000000000e+00
9.146254267763989088e-01 8.480901257467611531e-02 2.029393317929590086e-23 3.338064841642632136e-21 5.655606489250126828e-04 0.000000000000000000e+00
9.146254267763989088e-01 8.480901257467611531e-02 2.029393317929590086e-23 3.338064841642632136e-21 5.655606489250126828e-04 0.000000000000000000e+00
9.146254267763989088e-01 8.480901257467611531e-02 2.029393317929590086e-23 3.338064841642632136e-21 5.655606489250126828e-04 0.000000000000000000e+00
9.146254267763989088e-01 8.480901257467611531e-02 2.029393317929590086e-23 3.338064841642632136e-21 5.655606489250126828e-04 0.000000000000000000e+00
9.146254267763989088e-01 8.480901257467611531e-02 2.029393317929590086e-23 3.338064841642632136e-21 5.655606489250126828e-04 0.000000000000000000e+00
9.146254267763989088e-01 8.480901257467611531e-02 2.029393317929590086e-23 3.338064841642632136e-21 5.655606489250126828e-04 0.000000000000000000e+00
9.146254267763989088e-01 8.480901257467611531e-02 2.029393317929590086e-23 3.338064841642632136e-21 5.655606489250126828e-04 0.000000000000000000e+00
9.146254267763989088e-01 8.480901257467611531e-02 2.029393317929590086e-23 3.338064841642632136e-21 5.655606489250126828e-04 0.000000000000000000e+00
9.146254267763989088e-01 8.480901257467611531e-02 2.029393317929590086e-23 3.338064841642632136e-21 5.655606489250126828e-04 0.000000000000000000e+00
9.146254267763989088e-01 8.480901257467611531e-02 2.029393317929590086e-23 3.338064841642632136e-21 5.655606489250126828e-04 0.000000000000000000e+00
9.146254267763989088e-01 8.480901257467611531e-02 2.029393317929590086e-23 3.338064841642632136e-21 5.655606489250126828e-04 0.000000000000000000e+00
9.146254267763989088e-01 8.480901257467611531e-02 2.029393317929590086e-23 3.338064841642632136e-21 5.655606489250126828e-04 0.000000000000000000e+00
9.146254267763989088e-01 8.480901257467611531e-02 2.029393317929590086e-23 3.338064841642632136e-21 5.655606489250126828e-04 0.000000000000000000e+00
9.146254267763989088e-01 8.480901257467611531e-02 2.029393317929590086e-23 3.338064841642632136e-21 5.655606489250126828e-04 0.000000000000000000e+00
9.146254267763989088e-01 8.480901257467611531e-02 2.029393317929590086e-23 3.338064841642632136e-21 5.655606489250126828e-04 0.000000000000000000e+00
9.146254267763989088e-01 8.480901257467611531e-02 2.029393317929590086e-23 3.338064841642632136e-21 5.655606489250126828e-04 0.000000000000000000e+00
9.146254267763989088e-01 8.480901257467611531e-02 2.029393317929590086e-23 3.338064841642632136e-21 5.655606489250126828e-04 0.000000000000000000e+00
9.146254267763989088e-01 8.480901257467611531e-02 2.029393317929590086e-23 3.338064841642632136e-21 5.655606489250126828e-04 0.000000000000000000e+00
9.146254267763989088e-01 8.480901257467611531e-02 2.029393317929590086e-23 3.338064841642632136e-21 5.655606489250126828e-04 0.000000000000000000e+00
9.146254267763989088e-01 8.480901257467611531e-02 2.029393317929590086e-23 3.338064841642632136e-21 5.655606489250126828e-04 0.000000000000000000e+00
9.146254267763989088e-01 8.480901257467611531e-02 2.029393317929590086e-23 3.338064841642632136e-21 5.655606489250126828e-04 0.000000000000000000e+00
9.146254267763989088e-01 8.480901257467611531e-02 2.029393317929590086e-23 3.338064841642632136e-21 5.655606489250126828e-04 0.000000000000000000e+00
9.146254267763989088e-01 8.480901257467611531e-02 2.029393317929590086e-23 3.338064841642632136e-21 5.655606489250126828e-04 0.000000000000000000e+00
9.146254267763989088e-01 8.480901257467611531e-02 2.029393317929590086e-23 3.338064841642632136e-21 5.655606489250126828e-04 0.000000000000000000e+00
9.146254267763989088e-01 8.480901257467611531e-02 2.029393317929590086e-23 3.338064841642632136e-21 5.655606489250126828e-04 0.000000000000000000e+00
9.146254267763989088e-01 8.480901257467611531e-02 2.029393317929590086e-23 3.338064841642632136e-21 5.655606489250126828e-04 0.000000000000000000e+00
9.146254267763989088e-01 8.480901257467611531e-02 2.029393317929590086e-23 3.338064841642632136e-21 5.655606489250126828e-04 0.000000000000000000e+00
9.146254267763989088e-01 8.480901257467611531e-02 2.029393317929590086e-23 3.338064841642632136e-21 5.655606489250126828e-04 0.000000000000000000e+00
9.146254267763989088e-01 8.480901257467611531e-02 2.029393317929590086e-23 3.338064841642632136e-21 5.655606489250126828e-04 0.000000000000000000e+00
9.146254267763989088e-01 8.480901257467611531e-02 2.029393317929590086e-23 3.338064841642632136e-21 5.655606489250126828e-04 0.000000000000000000e+00
9.146254267763989088e-01 8.480901257467611531e-02 2.029393317929590086e-23 3.338064841642632136e-21 5.655606489250126828e-04 0.000000000000000000e+00
9.146254267763989088e-01 8.480901257467611531e-02 2.029393317929590086e-23 3.338064841642632136e-21 5.655606489250126828e-04 0.000000000000000000e+00
9.146254267763989088e-01 8.480901257467611531e-02 2.029393317929590086e-23 3.338064841642632136e-21 5.655606489250126828e-04 0.000000000000000000e+00
9.146254267763989088e-01 8.480901257467611531e-02 2.029393317929590086e-23 3.338064841642632136e-21 5.655606489250126828e-04 0.000000000000000000e+00
9.146254267763989088e-01 8.480901257467611531e-02 2.029393317929590086e-23 3.338064841642632136e-21 5.655606489250126828e-04 0.000000000000000000e+00
9.146254267763989088e-01 8.480901257467611531e-02 2.029393317929590086e-23 3.338064841642632136e-21 5.655606489250126828e-04 0.000000000000000000e+00
9.146254267763989088e-01 8.480901257467611531e-02 2.029393317929590086e-23 3.338064841642632136e-21 5.655606489250126828e-04 0.000000000000000000e+00
9.146254267763989088e-01 8.480901257467611531e-02 2.029393317929590086e-23 3.338064841642632136e-21 5.655606489250126828e-04 0.000000000000000000e+00
9.146254267763989088e-01 8.480901257467611531e-02 2.029393317929590086e-23 3.338064841642632136e-21 5.655606489250126828e-04 0.000000000000000000e+00
9.146254267763989088e-01 8.480901257467611531e-02 2.029393317929590086e-23 3.338064841642632136e-21 5.655606489250126828e-04 0.000000000000000000e+00
9.146254267763989088e-01 8.480901257467611531e-02 2.029393317929590086e-23 3.338064841642632136e-21 5.655606489250126828e-04 0.000000000000000000e+00
9.146254267763989088e-01 8.480901257467611531e-02 2.029393317929590086e-23 3.338064841642632136e-21 5.655606489250126828e-04 0.000000000000000000e+00
9.146254267763989088e-01 8.480901257467611531e-02 2.029393317929590086e-23 3.338064841642632136e-21 5.655606489250126828e-04 0.000000000000000000e+00
9.146254267763989088e-01 8.480901257467611531e-02 2.029393317929590086e-23 3.338064841642632136e-21 5.655606489250126828e-04 0.000000000000000000e+00
9.146254267763989088e-01 8.480901257467611531e-02 2.029393317929590086e-23 3.338064841642632136e-21 5.655606489250126828e-04 0.000000000000000000e+00
9.146254267763989088e-01 8.480901257467611531e-02 2.029393317929590086e-23 3.338064841642632136e-21 5.655606489250126828e-04 0.000000000000000000e+00
9.146254267763989088e-01 8.480901257467611531e-02 2.029393317929590086e-23 3.338064841642632136e-21 5.655606489250126828e-04 0.000000000000000000e+00
9.146254267763989088e-01 8.480901257467611531e-02 2.029393317929590086e-23 3.338064841642632136e-21 5.655606489250126828e-04 0.000000000000000000e+00
9.146254267763989088e-01 8.480901257467611531e-02 2.029393317929590086e-23 3.338064841642632136e-21 5.655606489250126828e-04 0.000000000000000000e+00
9.146254267763989088e-01 8.480901257467611531e-02 2.029393317929590086e-23 3.338064841642632136e-21 5.655606489250126828e-04 0.000000000000000000e+00
9.146254267763989088e-01 8.480901257467611531e-02 2.029393317929590086e-23 3.338064841642632136e-21 5.655606489250126828e-04 0.000000000000000000e+00
9.146254267763989088e-01 8.480901257467611531e-02 2.029393317929590086e-23 3.338064841642632136e-21 5.655606489250126828e-04 0.000000000000000000e+00
9.146254267763989088e-01 8.480901257467611531e-02 2.029393317929590086e-23 3.338064841642632136e-21 5.655606489250126828e-04 0.000000000000000000e+00
9.146254267763989088e-01 8.480901257467611531e-02 2.029393317929590086e-23 3.338064841642632136e-21 5.655606489250126828e-04 0.000000000000000000e+00
9.146254267763989088e-01 8.480901257467611531e-02 2.029393317929590086e-23 3.338064841642632136e-21 5.655606489250126828e-04 0.000000000000000000e+00
9.146254267763989088e-01 8.480901257467611531e-02 2.029393317929590086e-23 3.338064841642632136e-21 5.655606489250126828e-04 0.000000000000000000e+00
9.146254267763989088e-01 8.480901257467611531e-02 2.029393317929590086e-23 3.338064841642632136e-21 5.655606489250126828e-04 0.000000000000000000e+00
9.146254267763989088e-01 8.480901257467611531e-02 2.029393317929590086e-23 3.338064841642632136e-21 5.655606489250126828e-04 0.000000000000000000e+00
9.146254267763989088e-01 8.480901257467611531e-02 2.029393317929590086e-23 3.338064841642632136e-21 5.655606489250126828e-04 0.000000000000000000e+00
9.146254267763989088e-01 8.480901257467611531e-02 2.029393317929590086e-23 3.338064841642632136e-21 5.655606489250126828e-04 0.000000000000000000e+00
9.146254267763989088e-01 8.480901257467611531e-02 2.029393317929590086e-23 3.338064841642632136e-21 5.655606489250126828e-04 0.000000000000000000e+00
9.146254267763989088e-01 8.480901257467611531e-02 2.029393317929590086e-23 3.338064841642632136e-21 5.655606489250126828e-04 0.000000000000000000e+00
9.146254267763989088e-01 8.480901257467611531e-02 2.029393317929590086e-23 3.338064841642632136e-21 5.655606489250126828e-04 0.000000000000000000e+00
9.146254267763989088e-01 8.480901257467611531e-02 2.029393317929590086e-23 3.338064841642632136e-21 5.655606489250126828e-04 0.000000000000000000e+00
9.146254267763989088e-01 8.480901257467611531e-02 2.029393317929590086e-23 3.338064841642632136e-21 5.655606489250126828e-04 0.000000000000000000e+00
9.146254267763989088e-01 8.480901257467611531e-02 2.029393317929590086e-23 3.338064841642632136e-21 5.655606489250126828e-04 0.000000000000000000e+00
9.146254267763989088e-01 8.480901257467611531e-02 2.029393317929590086e-23 3.338064841642632136e-21 5.655606489250126828e-04 0.000000000000000000e+00
9.146254267763989088e-01 8.480901257467611531e-02 2.029393317929590086e-23 3.338064841642632136e-21 5.655606489250126828e-04 0.000000000000000000e+00
9.146254267763989088e-01 8.480901257467611531e-02 2.029393317929590086e-23 3.338064841642632136e-21 5.655606489250126828e-04 0.000000000000000000e+00
9.146254267763989088e-01 8.480901257467611531e-02 2.029393317929590086e-23 3.338064841642632136e-21 5.655606489250126828e-04 0.000000000000000000e+00
9.146254267763989088e-01 8.480901257467611531e-02 2.029393317929590086e-23 3.338064841642632136e-21 5.655606489250126828e-04 0.000000000000000000e+00
9.146254267763989088e-01 8.480901257467611531e-02 2.029393317929590086e-23 3.338064841642632136e-21 5.655606489250126828e-04 0.000000000000000000e+00
9.146254267763989088e-01 8.480901257467611531e-02 2.029393317929590086e-23 3.338064841642632136e-21 5.655606489250126828e-04 0.000000000000000000e+00
9.146254267763989088e-01 8.480901257467611531e-02 2.029393317929590086e-23 3.338064841642632136e-21 5.655606489250126828e-04 0.000000000000000000e+00
9.146254267763989088e-01 8.480901257467611531e-02 2.029393317929590086e-23 3.338064841642632136e-21 5.655606489250126828e-04 0.000000000000000000e+00
9.146254267763989088e-01 8.480901257467611531e-02 2.029393317929590086e-23 3.338064841642632136e-21 5.655606489250126828e-04 0.000000000000000000e+00
9.146254267763989088e-01 8.480901257467611531e-02 2.029393317929590086e-23 3.338064841642632136e-21 5.655606489250126828e-04 0.000000000000000000e+00
9.146254267763989088e-01 8.480901257467611531e-02 2.029393317929590086e-23 3.338064841642632136e-21 5.655606489250126828e-04 0.000000000000000000e+00
9.146254267763989088e-01 8.480901257467611531e-02 2.029393317929590086e-23 3.338064841642632136e-21 5.655606489250126828e-04 0.000000000000000000e+00
9.146254267763989088e-01 8.480901257467611531e-02 2.029393317929590086e-23 3.338064841642632136e-21 5.655606489250126828e-04 0.000000000000000000e+00
9.146254267763989088e-01 8.480901257467611531e-02 2.029393317929590086e-23 3.338064841642632136e-21 5.655606489250126828e-04 0.000000000000000000e+00
9.146254267763989088e-01 8.480901257467611531e-02 2.029393317929590086e-23 3.338064841642632136e-21 5.655606489250126828e-04 0.000000000000000000e+00
9.146254267763989088e-01 8.480901257467611531e-02 2.029393317929590086e-23 3.338064841642632136e-21 5.655606489250126828e-04 0.000000000000000000e+00
9.146254267763989088e-01 8.480901257467611531e-02 2.029393317929590086e-23 3.338064841642632136e-21 5.655606489250126828e-04 0.000000000000000000e+00
9.146254267763989088e-01 8.480901257467611531e-02 2.029393317929590086e-23 3.338064841642632136e-21 5.655606489250126828e-04 0.000000000000000000e+00
9.146254267763989088e-01 8.480901257467611531e-02 2.029393317929590086e-23 3.338064841642632136e-21 5.655606489250126828e-04 0.000000000000000000e+00
9.146254267763989088e-01 8.480901257467611531e-02 2.029393317929590086e-23 3.338064841642632136e-21 5.655606489250126828e-04 0.000000000000000000e+00
9.146254267763989088e-01 8.480901257467611531e-02 2.029393317929590086e-23 3.338064841642632136e-21 5.655606489250126828e-04 0.000000000000000000e+00
9.146254267763989088e-01 8.480901257467611531e-02 2.029393317929590086e-23 3.338064841642632136e-21 5.655606489250126828e-04 0.000000000000000000e+00
9.146254267763989088e-01 8.480901257467611531e-02 2.029393317929590086e-23 3.338064841642632136e-21 5.655606489250126828e-04 0.000000000000000000e+00
9.146254267763989088e-01 8.480901257467611531e-02 2.029393317929590086e-23 3.338064841642632136e-21 5.655606489250126828e-04 0.000000000000000000e+00
9.146254267763989088e-01 8.480901257467611531e-02 2.029393317929590086e-23 3.338064841642632136e-21 5.655606489250126828e-04 0.000000000000000000e+00
9.146254267763989088e-01 8.480901257467611531e-02 2.029393317929590086e-23 3.338064841642632136e-21 5.655606489250126828e-04 0.000000000000000000e+00
9.146254267763989088e-01 8.480901257467611531e-02 2.029393317929590086e-23 3.338064841642632136e-21 5.655606489250126828e-04 0.000000000000000000e+00
9.146254267763989088e-01 8.480901257467611531e-02 2.029393317929590086e-23 3.338064841642632136e-21 5.655606489250126828e-04 0.000000000000000000e+00
9.146254267763989088e-01 8.480901257467611531e-02 2.029393317929590086e-23 3.338064841642632136e-21 5.655606489250126828e-04 0.000000000000000000e+00
9.146254267763989088e-01 8.480901257467611531e-02 2.029393317929590086e-23 3.338064841642632136e-21 5.655606489250126828e-04 0.000000000000000000e+00
9.146254267763989088e-01 8.480901257467611531e-02 2.029393317929590086e-23 3.338064841642632136e-21 5.655606489250126828e-04 0.000000000000000000e+00
9.146254267763989088e-01 8.480901257467611531e-02 2.029393317929590086e-23 3.338064841642632136e-21 5.655606489250126828e-04 0.000000000000000000e+00
9.146254267763989088e-01 8.480901257467611531e-02 2.029393317929590086e-23 3.338064841642632136e-21 5.655606489250126828e-04 0.000000000000000000e+00
9.146254267763989088e-01 8.480901257467611531e-02 2.029393317929590086e-23 3.338064841642632136e-21 5.655606489250126828e-04 0.000000000000000000e+00
9.146254267763989088e-01 8.480901257467611531e-02 2.029393317929590086e-23 3.338064841642632136e-21 5.655606489250126828e-04 0.000000000000000000e+00
9.146254267763989088e-01 8.480901257467611531e-02 2.029393317929590086e-23 3.338064841642632136e-21 5.655606489250126828e-04 0.000000000000000000e+00
9.146254267763989088e-01 8.480901257467611531e-02 2.029393317929590086e-23 3.338064841642632136e-21 5.655606489250126828e-04 0.000000000000000000e+00
9.146254267763989088e-01 8.480901257467611531e-02 2.029393317929590086e-23 3.338064841642632136e-21 5.655606489250126828e-04 0.000000000000000000e+00
9.146254267763989088e-01 8.480901257467611531e-02 2.029393317929590086e-23 3.338064841642632136e-21 5.655606489250126828e-04 0.000000000000000000e+00
9.146254267763989088e-01 8.480901257467611531e-02 2.029393317929590086e-23 3.338064841642632136e-21 5.655606489250126828e-04 0.000000000000000000e+00
9.146254267763989088e-01 8.480901257467611531e-02 2.029393317929590086e-23 3.338064841642632136e-21 5.655606489250126828e-04 0.000000000000000000e+00
9.146254267763989088e-01 8.480901257467611531e-02 2.029393317929590086e-23 3.338064841642632136e-21 5.655606489250126828e-04 0.000000000000000000e+00
9.146254267763989088e-01 8.480901257467611531e-02 2.029393317929590086e-23 3.338064841642632136e-21 5.655606489250126828e-04 0.000000000000000000e+00
9.146254267763989088e-01 8.480901257467611531e-02 2.029393317929590086e-23 3.338064841642632136e-21 5.655606489250126828e-04 0.000000000000000000e+00
9.146254267763989088e-01 8.480901257467611531e-02 2.029393317929590086e-23 3.338064841642632136e-21 5.655606489250126828e-04 0.000000000000000000e+00
9.146254267763989088e-01 8.480901257467611531e-02 2.029393317929590086e-23 3.338064841642632136e-21 5.655606489250126828e-04 0.000000000000000000e+00
9.146254267763989088e-01 8.480901257467611531e-02 2.029393317929590086e-23 3.338064841642632136e-21 5.655606489250126828e-04 0.000000000000000000e+00
9.146254267763989088e-01 8.480901257467611531e-02 2.029393317929590086e-23 3.338064841642632136e-21 5.655606489250126828e-04 0.000000000000000000e+00
9.146254267763989088e-01 8.480901257467611531e-02 2.029393317929590086e-23 3.338064841642632136e-21 5.655606489250126828e-04 0.000000000000000000e+00
9.146254267763989088e-01 8.480901257467611531e-02 2.029393317929590086e-23 3.338064841642632136e-21 5.655606489250126828e-04 0.000000000000000000e+00
9.146254267763989088e-01 8.480901257467611531e-02 2.029393317929590086e-23 3.338064841642632136e-21 5.655606489250126828e-04 0.000000000000000000e+00
9.146254267763989088e-01 8.480901257467611531e-02 2.029393317929590086e-23 3.338064841642632136e-21 5.655606489250126828e-04 0.000000000000000000e+00
9.146254267763989088e-01 8.480901257467611531e-02 2.029393317929590086e-23 3.338064841642632136e-21 5.655606489250126828e-04 0.000000000000000000e+00
9.146254267763989088e-01 8.480901257467611531e-02 2.029393317929590086e-23 3.338064841642632136e-21 5.655606489250126828e-04 0.000000000000000000e+00
9.146254267763989088e-01 8.480901257467611531e-02 2.029393317929590086e-23 3.338064841642632136e-21 5.655606489250126828e-04 0.000000000000000000e+00
9.146254267763989088e-01 8.480901257467611531e-02 2.029393317929590086e-23 3.338064841642632136e-21 5.655606489250126828e-04 0.000000000000000000e+00
9.146254267763989088e-01 8.480901257467611531e-02 2.029393317929590086e-23 3.338064841642632136e-21 5.655606489250126828e-04 0.000000000000000000e+00
9.146254267763989088e-01 8.480901257467611531e-02 2.029393317929590086e-23 3.338064841642632136e-21 5.655606489250126828e-04 0.000000000000000000e+00
9.146254267763989088e-01 8.480901257467611531e-02 2.029393317929590086e-23 3.338064841642632136e-21 5.655606489250126828e-04 0.000000000000000000e+00
9.146254267763989088e-01 8.480901257467611531e-02 2.029393317929590086e-23 3.338064841642632136e-21 5.655606489250126828e-04 0.000000000000000000e+00
9.146254267763989088e-01 8.480901257467611531e-02 2.029393317929590086e-23 3.338064841642632136e-21 5.655606489250126828e-04 0.000000000000000000e+00
9.146254267763989088e-01 8.480901257467611531e-02 2.029393317929590086e-23 3.338064841642632136e-21 5.655606489250126828e-04 0.000000000000000000e+00
9.146254267763989088e-01 8.480901257467611531e-02 2.029393317929590086e-23 3.338064841642632136e-21 5.655606489250126828e-04 0.000000000000000000e+00
9.146254267763989088e-01 8.480901257467611531e-02 2.029393317929590086e-23 3.338064841642632136e-21 5.655606489250126828e-04 0.000000000000000000e+00
9.146254267763989088e-01 8.480901257467611531e-02 2.029393317929590086e-23 3.338064841642632136e-21 5.655606489250126828e-04 0.000000000000000000e+00
9.146254267763989088e-01 8.480901257467611531e-02 2.029393317929590086e-23 3.338064841642632136e-21 5.655606489250126828e-04 0.000000000000000000e+00
9.146254267763989088e-01 8.480901257467611531e-02 2.029393317929590086e-23 3.338064841642632136e-21 5.655606489250126828e-04 0.000000000000000000e+00
9.146254267763989088e-01 8.480901257467611531e-02 2.029393317929590086e-23 3.338064841642632136e-21 5.655606489250126828e-04 0.000000000000000000e+00
9.146254267763989088e-01 8.480901257467611531e-02 2.029393317929590086e-23 3.338064841642632136e-21 5.655606489250126828e-04 0.000000000000000000e+00
9.146254267763989088e-01 8.480901257467611531e-02 2.029393317929590086e-23 3.338064841642632136e-21 5.655606489250126828e-04 0.000000000000000000e+00
9.146254267763989088e-01 8.480901257467611531e-02 2.029393317929590086e-23 3.338064841642632136e-21 5.655606489250126828e-04 0.000000000000000000e+00
9.146254267763989088e-01 8.480901257467611531e-02 2.029393317929590086e-23 3.338064841642632136e-21 5.655606489250126828e-04 0.000000000000000000e+00
9.146254267763989088e-01 8.480901257467611531e-02 2.029393317929590086e-23 3.338064841642632136e-21 5.655606489250126828e-04 0.000000000000000000e+00
9.146254267763989088e-01 8.480901257467611531e-02 2.029393317929590086e-23 3.338064841642632136e-21 5.655606489250126828e-04 0.000000000000000000e+00
9.146254267763989088e-01 8.480901257467611531e-02 2.029393317929590086e-23 3.338064841642632136e-21 5.655606489250126828e-04 0.000000000000000000e+00
9.146254267763989088e-01 8.480901257467611531e-02 2.029393317929590086e-23 3.338064841642632136e-21 5.655606489250126828e-04 0.000000000000000000e+00
9.146254267763989088e-01 8.480901257467611531e-02 2.029393317929590086e-23 3.338064841642632136e-21 5.655606489250126828e-04 0.000000000000000000e+00
9.146254267763989088e-01 8.480901257467611531e-02 2.029393317929590086e-23 3.338064841642632136e-21 5.655606489250126828e-04 0.000000000000000000e+00
9.146254267763989088e-01 8.480901257467611531e-02 2.029393317929590086e-23 3.338064841642632136e-21 5.655606489250126828e-04 0.000000000000000000e+00
9.146254267763989088e-01 8.480901257467611531e-02 2.029393317929590086e-23 3.338064841642632136e-21 5.655606489250126828e-04 0.000000000000000000e+00
9.146254267763989088e-01 8.480901257467611531e-02 2.029393317929590086e-23 3.338064841642632136e-21 5.655606489250126828e-04 0.000000000000000000e+00
9.146254267763989088e-01 8.480901257467611531e-02 2.029393317929590086e-23 3.338064841642632136e-21 5.655606489250126828e-04 0.000000000000000000e+00
9.146254267763989088e-01 8.480901257467611531e-02 2.029393317929590086e-23 3.338064841642632136e-21 5.655606489250126828e-04 0.000000000000000000e+00
9.146254267763989088e-01 8.480901257467611531e-02 2.029393317929590086e-23 3.338064841642632136e-21 5.655606489250126828e-04 0.000000000000000000e+00
9.146254267763989088e-01 8.480901257467611531e-02 2.029393317929590086e-23 3.338064841642632136e-21 5.655606489250126828e-04 0.000000000000000000e+00
9.146254267763989088e-01 8.480901257467611531e-02 2.029393317929590086e-23 3.338064841642632136e-21 5.655606489250126828e-04 0.000000000000000000e+00
9.146254267763989088e-01 8.480901257467611531e-02 2.029393317929590086e-23 3.338064841642632136e-21 5.655606489250126828e-04 0.000000000000000000e+00
9.146254267763989088e-01 8.480901257467611531e-02 2.029393317929590086e-23 3.338064841642632136e-21 5.655606489250126828e-04 0.000000000000000000e+00
9.146254267763989088e-01 8.480901257467611531e-02 2.029393317929590086e-23 3.338064841642632136e-21 5.655606489250126828e-04 0.000000000000000000e+00
9.146254267763989088e-01 8.480901257467611531e-02 2.029393317929590086e-23 3.338064841642632136e-21 5.655606489250126828e-04 0.000000000000000000e+00
9.146254267763989088e-01 8.480901257467611531e-02 2.029393317929590086e-23 3.338064841642632136e-21 5.655606489250126828e-04 0.000000000000000000e+00
9.146254267763989088e-01 8.480901257467611531e-02 2.029393317929590086e-23 3.338064841642632136e-21 5.655606489250126828e-04 0.000000000000000000e+00
9.146254267763989088e-01 8.480901257467611531e-02 2.029393317929590086e-23 3.338064841642632136e-21 5.655606489250126828e-04 0.000000000000000000e+00
9.146254267763989088e-01 8.480901257467611531e-02 2.029393317929590086e-23 3.338064841642632136e-21 5.655606489250126828e-04 0.000000000000000000e+00
9.146254267763989088e-01 8.480901257467611531e-02 2.029393317929590086e-23 3.338064841642632136e-21 5.655606489250126828e-04 0.000000000000000000e+00
9.146254267763989088e-01 8.480901257467611531e-02 2.029393317929590086e-23 3.338064841642632136e-21 5.655606489250126828e-04 0.000000000000000000e+00
9.146254267763989088e-01 8.480901257467611531e-02 2.029393317929590086e-23 3.338064841642632136e-21 5.655606489250126828e-04 0.000000000000000000e+00
9.146254267763989088e-01 8.480901257467611531e-02 2.029393317929590086e-23 3.338064841642632136e-21 5.655606489250126828e-04 0.000000000000000000e+00
9.146254267763989088e-01 8.480901257467611531e-02 2.029393317929590086e-23 3.338064841642632136e-21 5.655606489250126828e-04 0.000000000000000000e+00
9.146254267763989088e-01 8.480901257467611531e-02 2.029393317929590086e-23 3.338064841642632136e-21 5.655606489250126828e-04 0.000000000000000000e+00
9.146254267763989088e-01 8.480901257467611531e-02 2.029393317929590086e-23 3.338064841642632136e-21 5.655606489250126828e-04 0.000000000000000000e+00
9.146254267763989088e-01 8.480901257467611531e-02 2.029393317929590086e-23 3.338064841642632136e-21 5.655606489250126828e-04 0.000000000000000000e+00
9.146254267763989088e-01 8.480901257467611531e-02 2.029393317929590086e-23 3.338064841642632136e-21 5.655606489250126828e-04 0.000000000000000000e+00
9.146254267763989088e-01 8.480901257467611531e-02 2.029393317929590086e-23 3.338064841642632136e-21 5.655606489250126828e-04 0.000000000000000000e+00
9.146254267763989088e-01 8.480901257467611531e-02 2.029393317929590086e-23 3.338064841642632136e-21 5.655606489250126828e-04 0.000000000000000000e+00
9.146254267763989088e-01 8.480901257467611531e-02 2.029393317929590086e-23 3.338064841642632136e-21 5.655606489250126828e-04 0.000000000000000000e+00
9.146254267763989088e-01 8.480901257467611531e-02 2.029393317929590086e-23 3.338064841642632136e-21 5.655606489250126828e-04 0.000000000000000000e+00
9.146254267763989088e-01 8.480901257467611531e-02 2.029393317929590086e-23 3.338064841642632136e-21 5.655606489250126828e-04 0.000000000000000000e+00
9.146254267763989088e-01 8.480901257467611531e-02 2.029393317929590086e-23 3.338064841642632136e-21 5.655606489250126828e-04 0.000000000000000000e+00
9.146254267763989088e-01 8.480901257467611531e-02 2.029393317929590086e-23 3.338064841642632136e-21 5.655606489250126828e-04 0.000000000000000000e+00
9.146254267763989088e-01 8.480901257467611531e-02 2.029393317929590086e-23 3.338064841642632136e-21 5.655606489250126828e-04 0.000000000000000000e+00
9.146254267763989088e-01 8.480901257467611531e-02 2.029393317929590086e-23 3.338064841642632136e-21 5.655606489250126828e-04 0.000000000000000000e+00
9.146254267763989088e-01 8.480901257467611531e-02 2.029393317929590086e-23 3.338064841642632136e-21 5.655606489250126828e-04 0.000000000000000000e+00
9.146254267763989088e-01 8.480901257467611531e-02 2.029393317929590086e-23 3.338064841642632136e-21 5.655606489250126828e-04 0.000000000000000000e+00
9.146254267763989088e-01 8.480901257467611531e-02 2.029393317929590086e-23 3.338064841642632136e-21 5.655606489250126828e-04 0.000000000000000000e+00
9.146254267763989088e-01 8.480901257467611531e-02 2.029393317929590086e-23 3.338064841642632136e-21 5.655606489250126828e-04 0.000000000000000000e+00
9.146254267763989088e-01 8.480901257467611531e-02 2.029393317929590086e-23 3.338064841642632136e-21 5.655606489250126828e-04 0.000000000000000000e+00
9.146254267763989088e-01 8.480901257467611531e-02 2.029393317929590086e-23 3.338064841642632136e-21 5.655606489250126828e-04 0.000000000000000000e+00
9.146254267763989088e-01 8.480901257467611531e-02 2.029393317929590086e-23 3.338064841642632136e-21 5.655606489250126828e-04 0.000000000000000000e+00
9.146254267763989088e-01 8.480901257467611531e-02 2.029393317929590086e-23 3.338064841642632136e-21 5.655606489250126828e-04 0.000000000000000000e+00
9.146254267763989088e-01 8.480901257467611531e-02 2.029393317929590086e-23 3.338064841642632136e-21 5.655606489250126828e-04 0.000000000000000000e+00
9.146254267763989088e-01 8.480901257467611531e-02 2.029393317929590086e-23 3.338064841642632136e-21 5.655606489250126828e-04 0.000000000000000000e+00
9.146254267763989088e-01 8.480901257467611531e-02 2.029393317929590086e-23 3.338064841642632136e-21 5.655606489250126828e-04 0.000000000000000000e+00
9.146254267763989088e-01 8.480901257467611531e-02 2.029393317929590086e-23 3.338064841642632136e-21 5.655606489250126828e-04 0.000000000000000000e+00
9.146254267763989088e-01 8.480901257467611531e-02 2.029393317929590086e-23 3.338064841642632136e-21 5.655606489250126828e-04 0.000000000000000000e+00
9.146254267763989088e-01 8.480901257467611531e-02 2.029393317929590086e-23 3.338064841642632136e-21 5.655606489250126828e-04 0.000000000000000000e+00
9.146254267763989088e-01 8.480901257467611531e-02 2.029393317929590086e-23 3.338064841642632136e-21 5.655606489250126828e-04 0.000000000000000000e+00
9.146254267763989088e-01 8.480901257467611531e-02 2.029393317929590086e-23 3.338064841642632136e-21 5.655606489250126828e-04 0.000000000000000000e+00
9.146254267763989088e-01 8.480901257467611531e-02 2.029393317929590086e-23 3.338064841642632136e-21 5.655606489250126828e-04 0.000000000000000000e+00
9.146254267763989088e-01 8.480901257467611531e-02 2.029393317929590086e-23 3.338064841642632136e-21 5.655606489250126828e-04 0.000000000000000000e+00
9.146254267763989088e-01 8.480901257467611531e-02 2.029393317929590086e-23 3.338064841642632136e-21 5.655606489250126828e-04 0.000000000000000000e+00
9.146254267763989088e-01 8.480901257467611531e-02 2.029393317929590086e-23 3.338064841642632136e-21 5.655606489250126828e-04 0.000000000000000000e+00
9.146254267763989088e-01 8.480901257467611531e-02 2.029393317929590086e-23 3.338064841642632136e-21 5.655606489250126828e-04 0.000000000000000000e+00
9.146254267763989088e-01 8.480901257467611531e-02 2.029393317929590086e-23 3.338064841642632136e-21 5.655606489250126828e-04 0.000000000000000000e+00
9.146254267763989088e-01 8.480901257467611531e-02 2.029393317929590086e-23 3.338064841642632136e-21 5.655606489250126828e-04 0.000000000000000000e+00
9.146254267763989088e-01 8.480901257467611531e-02 2.029393317929590086e-23 3.338064841642632136e-21 5.655606489250126828e-04 0.000000000000000000e+00
9.146254267763989088e-01 8.480901257467611531e-02 2.029393317929590086e-23 3.338064841642632136e-21 5.655606489250126828e-04 0.000000000000000000e+00
9.146254267763989088e-01 8.480901257467611531e-02 2.029393317929590086e-23 3.338064841642632136e-21 5.655606489250126828e-04 0.000000000000000000e+00
9.146254267763989088e-01 8.480901257467611531e-02 2.029393317929590086e-23 3.338064841642632136e-21 5.655606489250126828e-04 0.000000000000000000e+00
9.146254267763989088e-01 8.480901257467611531e-02 2.029393317929590086e-23 3.338064841642632136e-21 5.655606489250126828e-04 0.000000000000000000e+00
9.146254267763989088e-01 8.480901257467611531e-02 2.029393317929590086e-23 3.338064841642632136e-21 5.655606489250126828e-04 0.000000000000000000e+00
9.146254267763989088e-01 8.480901257467611531e-02 2.029393317929590086e-23 3.338064841642632136e-21 5.655606489250126828e-04 0.000000000000000000e+00
9.146254267763989088e-01 8.480901257467611531e-02 2.029393317929590086e-23 3.338064841642632136e-21 5.655606489250126828e-04 0.000000000000000000e+00
9.146254267763989088e-01 8.480901257467611531e-02 2.029393317929590086e-23 3.338064841642632136e-21 5.655606489250126828e-04 0.000000000000000000e+00
9.146254267763989088e-01 8.480901257467611531e-02 2.029393317929590086e-23 3.338064841642632136e-21 5.655606489250126828e-04 0.000000000000000000e+00
9.146254267763989088e-01 8.480901257467611531e-02 2.029393317929590086e-23 3.338064841642632136e-21 5.655606489250126828e-04 0.000000000000000000e+00
9.146254267763989088e-01 8.480901257467611531e-02 2.029393317929590086e-23 3.338064841642632136e-21 5.655606489250126828e-04 0.000000000000000000e+00
9.146254267763989088e-01 8.480901257467611531e-02 2.029393317929590086e-23 3.338064841642632136e-21 5.655606489250126828e-04 0.000000000000000000e+00
9.146254267763989088e-01 8.480901257467611531e-02 2.029393317929590086e-23 3.338064841642632136e-21 5.655606489250126828e-04 0.000000000000000000e+00
9.146254267763989088e-01 8.480901257467611531e-02 2.029393317929590086e-23 3.338064841642632136e-21 5.655606489250126828e-04 0.000000000000000000e+00
9.146254267763989088e-01 8.480901257467611531e-02 2.029393317929590086e-23 3.338064841642632136e-21 5.655606489250126828e-04 0.000000000000000000e+00
9.146254267763989088e-01 8.480901257467611531e-02 2.029393317929590086e-23 3.338064841642632136e-21 5.655606489250126828e-04 0.000000000000000000e+00
9.146254267763989088e-01 8.480901257467611531e-02 2.029393317929590086e-23 3.338064841642632136e-21 5.655606489250126828e-04 0.000000000000000000e+00
9.146254267763989088e-01 8.480901257467611531e-02 2.029393317929590086e-23 3.338064841642632136e-21 5.655606489250126828e-04 0.000000000000000000e+00
9.146254267763989088e-01 8.480901257467611531e-02 2.029393317929590086e-23 3.338064841642632136e-21 5.655606489250126828e-04 0.000000000000000000e+00
9.146254267763989088e-01 8.480901257467611531e-02 2.029393317929590086e-23 3.338064841642632136e-21 5.655606489250126828e-04 0.000000000000000000e+00
9.146254267763989088e-01 8.480901257467611531e-02 2.029393317929590086e-23 3.338064841642632136e-21 5.655606489250126828e-04 0.000000000000000000e+00
9.146254267763989088e-01 8.480901257467611531e-02 2.029393317929590086e-23 3.338064841642632136e-21 5.655606489250126828e-04 0.000000000000000000e+00
9.146254267763989088e-01 8.480901257467611531e-02 2.029393317929590086e-23 3.338064841642632136e-21 5.655606489250126828e-04 0.000000000000000000e+00
9.146254267763989088e-01 8.480901257467611531e-02 2.029393317929590086e-23 3.338064841642632136e-21 5.655606489250126828e-04 0.000000000000000000e+00
9.146254267763989088e-01 8.480901257467611531e-02 2.029393317929590086e-23 3.338064841642632136e-21 5.655606489250126828e-04 0.000000000000000000e+00
9.146254267763989088e-01 8.480901257467611531e-02 2.029393317929590086e-23 3.338064841642632136e-21 5.655606489250126828e-04 0.000000000000000000e+00
9.146254267763989088e-01 8.480901257467611531e-02 2.029393317929590086e-23 3.338064841642632136e-21 5.655606489250126828e-04 0.000000000000000000e+00
9.146254267763989088e-01 8.480901257467611531e-02 2.029393317929590086e-23 3.338064841642632136e-21 5.655606489250126828e-04 0.000000000000000000e+00
9.146254267763989088e-01 8.480901257467611531e-02 2.029393317929590086e-23 3.338064841642632136e-21 5.655606489250126828e-04 0.000000000000000000e+00
9.146254267763989088e-01 8.480901257467611531e-02 2.029393317929590086e-23 3.338064841642632136e-21 5.655606489250126828e-04 0.000000000000000000e+00
9.146254267763989088e-01 8.480901257467611531e-02 2.029393317929590086e-23 3.338064841642632136e-21 5.655606489250126828e-04 0.000000000000000000e+00
9.146254267763989088e-01 8.480901257467611531e-02 2.029393317929590086e-23 3.338064841642632136e-21 5.655606489250126828e-04 0.000000000000000000e+00
9.146254267763989088e-01 8.480901257467611531e-02 2.029393317929590086e-23 3.338064841642632136e-21 5.655606489250126828e-04 0.000000000000000000e+00
9.146254267763989088e-01 8.480901257467611531e-02 2.029393317929590086e-23 3.338064841642632136e-21 5.655606489250126828e-04 0.000000000000000000e+00
9.146254267763989088e-01 8.480901257467611531e-02 2.029393317929590086e-23 3.338064841642632136e-21 5.655606489250126828e-04 0.000000000000000000e+00
9.146254267763989088e-01 8.480901257467611531e-02 2.029393317929590086e-23 3.338064841642632136e-21 5.655606489250126828e-04 0.000000000000000000e+00
9.146254267763989088e-01 8.480901257467611531e-02 2.029393317929590086e-23 3.338064841642632136e-21 5.655606489250126828e-04 0.000000000000000000e+00
9.146254267763989088e-01 8.480901257467611531e-02 2.029393317929590086e-23 3.338064841642632136e-21 5.655606489250126828e-04 0.000000000000000000e+00
9.146254267763989088e-01 8.480901257467611531e-02 2.029393317929590086e-23 3.338064841642632136e-21 5.655606489250126828e-04 0.000000000000000000e+00
9.146254267763989088e-01 8.480901257467611531e-02 2.029393317929590086e-23 3.338064841642632136e-21 5.655606489250126828e-04 0.000000000000000000e+00
9.146254267763989088e-01 8.480901257467611531e-02 2.029393317929590086e-23 3.338064841642632136e-21 5.655606489250126828e-04 0.000000000000000000e+00
9.146254267763989088e-01 8.480901257467611531e-02 2.029393317929590086e-23 3.338064841642632136e-21 5.655606489250126828e-04 0.000000000000000000e+00
9.146254267763989088e-01 8.480901257467611531e-02 2.029393317929590086e-23 3.338064841642632136e-21 5.655606489250126828e-04 0.000000000000000000e+00
9.146254267763989088e-01 8.480901257467611531e-02 2.029393317929590086e-23 3.338064841642632136e-21 5.655606489250126828e-04 0.000000000000000000e+00
9.146254267763989088e-01 8.480901257467611531e-02 2.029393317929590086e-23 3.338064841642632136e-21 5.655606489250126828e-04 0.000000000000000000e+00
9.146254267763989088e-01 8.480901257467611531e-02 2.029393317929590086e-23 3.338064841642632136e-21 5.655606489250126828e-04 0.000000000000000000e+00
9.146254267763989088e-01 8.480901257467611531e-02 2.029393317929590086e-23 3.338064841642632136e-21 5.655606489250126828e-04 0.000000000000000000e+00
9.146254267763989088e-01 8.480901257467611531e-02 2.029393317929590086e-23 3.338064841642632136e-21 5.655606489250126828e-04 0.000000000000000000e+00
9.146254267763989088e-01 8.480901257467611531e-02 2.029393317929590086e-23 3.338064841642632136e-21 5.655606489250126828e-04 0.000000000000000000e+00
9.146254267763989088e-01 8.480901257467611531e-02 2.029393317929590086e-23 3.338064841642632136e-21 5.655606489250126828e-04 0.000000000000000000e+00
9.146254267763989088e-01 8.480901257467611531e-02 2.029393317929590086e-23 3.338064841642632136e-21 5.655606489250126828e-04 0.000000000000000000e+00
9.146254267763989088e-01 8.480901257467611531e-02 2.029393317929590086e-23 3.338064841642632136e-21 5.655606489250126828e-04 0.000000000000000000e+00
9.146254267763989088e-01 8.480901257467611531e-02 2.029393317929590086e-23 3.338064841642632136e-21 5.655606489250126828e-04 0.000000000000000000e+00
9.146254267763989088e-01 8.480901257467611531e-02 2.029393317929590086e-23 3.338064841642632136e-21 5.655606489250126828e-04 0.000000000000000000e+00
9.146254267763989088e-01 8.480901257467611531e-02 2.029393317929590086e-23 3.338064841642632136e-21 5.655606489250126828e-04 0.000000000000000000e+00
9.146254267763989088e-01 8.480901257467611531e-02 2.029393317929590086e-23 3.338064841642632136e-21 5.655606489250126828e-04 0.000000000000000000e+00
9.146254267763989088e-01 8.480901257467611531e-02 2.029393317929590086e-23 3.338064841642632136e-21 5.655606489250126828e-04 0.000000000000000000e+00
9.146254267763989088e-01 8.480901257467611531e-02 2.029393317929590086e-23 3.338064841642632136e-21 5.655606489250126828e-04 0.000000000000000000e+00
9.146254267763989088e-01 8.480901257467611531e-02 2.029393317929590086e-23 3.338064841642632136e-21 5.655606489250126828e-04 0.000000000000000000e+00
9.146254267763989088e-01 8.480901257467611531e-02 2.029393317929590086e-23 3.338064841642632136e-21 5.655606489250126828e-04 0.000000000000000000e+00
9.146254267763989088e-01 8.480901257467611531e-02 2.029393317929590086e-23 3.338064841642632136e-21 5.655606489250126828e-04 0.000000000000000000e+00
9.146254267763989088e-01 8.480901257467611531e-02 2.029393317929590086e-23 3.338064841642632136e-21 5.655606489250126828e-04 0.000000000000000000e+00
9.146254267763989088e-01 8.480901257467611531e-02 2.029393317929590086e-23 3.338064841642632136e-21 5.655606489250126828e-04 0.000000000000000000e+00
9.146254267763989088e-01 8.480901257467611531e-02 2.029393317929590086e-23 3.338064841642632136e-21 5.655606489250126828e-04 0.000000000000000000e+00
9.146254267763989088e-01 8.480901257467611531e-02 2.029393317929590086e-23 3.338064841642632136e-21 5.655606489250126828e-04 0.000000000000000000e+00
9.146254267763989088e-01 8.480901257467611531e-02 2.029393317929590086e-23 3.338064841642632136e-21 5.655606489250126828e-04 0.000000000000000000e+00
9.146254267763989088e-01 8.480901257467611531e-02 2.029393317929590086e-23 3.338064841642632136e-21 5.655606489250126828e-04 0.000000000000000000e+00
9.146254267763989088e-01 8.480901257467611531e-02 2.029393317929590086e-23 3.338064841642632136e-21 5.655606489250126828e-04 0.000000000000000000e+00
9.146254267763989088e-01 8.480901257467611531e-02 2.029393317929590086e-23 3.338064841642632136e-21 5.655606489250126828e-04 0.000000000000000000e+00
9.146254267763989088e-01 8.480901257467611531e-02 2.029393317929590086e-23 3.338064841642632136e-21 5.655606489250126828e-04 0.000000000000000000e+00
9.146254267763989088e-01 8.480901257467611531e-02 2.029393317929590086e-23 3.338064841642632136e-21 5.655606489250126828e-04 0.000000000000000000e+00
9.146254267763989088e-01 8.480901257467611531e-02 2.029393317929590086e-23 3.338064841642632136e-21 5.655606489250126828e-04 0.000000000000000000e+00
9.146254267763989088e-01 8.480901257467611531e-02 2.029393317929590086e-23 3.338064841642632136e-21 5.655606489250126828e-04 0.000000000000000000e+00
9.146254267763989088e-01 8.480901257467611531e-02 2.029393317929590086e-23 3.338064841642632136e-21 5.655606489250126828e-04 0.000000000000000000e+00
9.146254267763989088e-01 8.480901257467611531e-02 2.029393317929590086e-23 3.338064841642632136e-21 5.655606489250126828e-04 0.000000000000000000e+00
9.146254267763989088e-01 8.480901257467611531e-02 2.029393317929590086e-23 3.338064841642632136e-21 5.655606489250126828e-04 0.000000000000000000e+00
9.146254267763989088e-01 8.480901257467611531e-02 2.029393317929590086e-23 3.338064841642632136e-21 5.655606489250126828e-04 0.000000000000000000e+00
9.146254267763989088e-01 8.480901257467611531e-02 2.029393317929590086e-23 3.338064841642632136e-21 5.655606489250126828e-04 0.000000000000000000e+00
9.146254267763989088e-01 8.480901257467611531e-02 2.029393317929590086e-23 3.338064841642632136e-21 5.655606489250126828e-04 0.000000000000000000e+00
9.146254267763989088e-01 8.480901257467611531e-02 2.029393317929590086e-23 3.338064841642632136e-21 5.655606489250126828e-04 0.000000000000000000e+00
9.146254267763989088e-01 8.480901257467611531e-02 2.029393317929590086e-23 3.338064841642632136e-21 5.655606489250126828e-04 0.000000000000000000e+00
9.146254267763989088e-01 8.480901257467611531e-02 2.029393317929590086e-23 3.338064841642632136e-21 5.655606489250126828e-04 0.000000000000000000e+00
9.146254267763989088e-01 8.480901257467611531e-02 2.029393317929590086e-23 3.338064841642632136e-21 5.655606489250126828e-04 0.000000000000000000e+00
9.146254267763989088e-01 8.480901257467611531e-02 2.029393317929590086e-23 3.338064841642632136e-21 5.655606489250126828e-04 0.000000000000000000e+00
9.146254267763989088e-01 8.480901257467611531e-02 2.029393317929590086e-23 3.338064841642632136e-21 5.655606489250126828e-04 0.000000000000000000e+00
9.146254267763989088e-01 8.480901257467611531e-02 2.029393317929590086e-23 3.338064841642632136e-21 5.655606489250126828e-04 0.000000000000000000e+00
9.146254267763989088e-01 8.480901257467611531e-02 2.029393317929590086e-23 3.338064841642632136e-21 5.655606489250126828e-04 0.000000000000000000e+00
9.146254267763989088e-01 8.480901257467611531e-02 2.029393317929590086e-23 3.338064841642632136e-21 5.655606489250126828e-04 0.000000000000000000e+00
9.146254267763989088e-01 8.480901257467611531e-02 2.029393317929590086e-23 3.338064841642632136e-21 5.655606489250126828e-04 0.000000000000000000e+00
9.146254267763989088e-01 8.480901257467611531e-02 2.029393317929590086e-23 3.338064841642632136e-21 5.655606489250126828e-04 0.000000000000000000e+00
9.146254267763989088e-01 8.480901257467611531e-02 2.029393317929590086e-23 3.338064841642632136e-21 5.655606489250126828e-04 0.000000000000000000e+00
9.146254267763989088e-01 8.480901257467611531e-02 2.029393317929590086e-23 3.338064841642632136e-21 5.655606489250126828e-04 0.000000000000000000e+00
9.146254267763989088e-01 8.480901257467611531e-02 2.029393317929590086e-23 3.338064841642632136e-21 5.655606489250126828e-04 0.000000000000000000e+00
9.146254267763989088e-01 8.480901257467611531e-02 2.029393317929590086e-23 3.338064841642632136e-21 5.655606489250126828e-04 0.000000000000000000e+00
9.146254267763989088e-01 8.480901257467611531e-02 2.029393317929590086e-23 3.338064841642632136e-21 5.655606489250126828e-04 0.000000000000000000e+00
9.146254267763989088e-01 8.480901257467611531e-02 2.029393317929590086e-23 3.338064841642632136e-21 5.655606489250126828e-04 0.000000000000000000e+00
9.146254267763989088e-01 8.480901257467611531e-02 2.029393317929590086e-23 3.338064841642632136e-21 5.655606489250126828e-04 0.000000000000000000e+00
9.146254267763989088e-01 8.480901257467611531e-02 2.029393317929590086e-23 3.338064841642632136e-21 5.655606489250126828e-04 0.000000000000000000e+00
9.146254267763989088e-01 8.480901257467611531e-02 2.029393317929590086e-23 3.338064841642632136e-21 5.655606489250126828e-04 0.000000000000000000e+00
9.146254267763989088e-01 8.480901257467611531e-02 2.029393317929590086e-23 3.338064841642632136e-21 5.655606489250126828e-04 0.000000000000000000e+00
9.146254267763989088e-01 8.480901257467611531e-02 2.029393317929590086e-23 3.338064841642632136e-21 5.655606489250126828e-04 0.000000000000000000e+00
9.146254267763989088e-01 8.480901257467611531e-02 2.029393317929590086e-23 3.338064841642632136e-21 5.655606489250126828e-04 0.000000000000000000e+00
9.146254267763989088e-01 8.480901257467611531e-02 2.029393317929590086e-23 3.338064841642632136e-21 5.655606489250126828e-04 0.000000000000000000e+00
9.146254267763989088e-01 8.480901257467611531e-02 2.029393317929590086e-23 3.338064841642632136e-21 5.655606489250126828e-04 0.000000000000000000e+00
9.146254267763989088e-01 8.480901257467611531e-02 2.029393317929590086e-23 3.338064841642632136e-21 5.655606489250126828e-04 0.000000000000000000e+00
9.146254267763989088e-01 8.480901257467611531e-02 2.029393317929590086e-23 3.338064841642632136e-21 5.655606489250126828e-04 0.000000000000000000e+00
9.146254267763989088e-01 8.480901257467611531e-02 2.029393317929590086e-23 3.338064841642632136e-21 5.655606489250126828e-04 0.000000000000000000e+00
9.146254267763989088e-01 8.480901257467611531e-02 2.029393317929590086e-23 3.338064841642632136e-21 5.655606489250126828e-04 0.000000000000000000e+00
9.146254267763989088e-01 8.480901257467611531e-02 2.029393317929590086e-23 3.338064841642632136e-21 5.655606489250126828e-04 0.000000000000000000e+00
9.146254267763989088e-01 8.480901257467611531e-02 2.029393317929590086e-23 3.338064841642632136e-21 5.655606489250126828e-04 0.000000000000000000e+00
9.146254267763989088e-01 8.480901257467611531e-02 2.029393317929590086e-23 3.338064841642632136e-21 5.655606489250126828e-04 0.000000000000000000e+00
9.146254267763989088e-01 8.480901257467611531e-02 2.029393317929590086e-23 3.338064841642632136e-21 5.655606489250126828e-04 0.000000000000000000e+00
9.146254267763989088e-01 8.480901257467611531e-02 2.029393317929590086e-23 3.338064841642632136e-21 5.655606489250126828e-04 0.000000000000000000e+00
9.146254267763989088e-01 8.480901257467611531e-02 2.029393317929590086e-23 3.338064841642632136e-21 5.655606489250126828e-04 0.000000000000000000e+00
9.146254267763989088e-01 8.480901257467611531e-02 2.029393317929590086e-23 3.338064841642632136e-21 5.655606489250126828e-04 0.000000000000000000e+00
9.146254267763989088e-01 8.480901257467611531e-02 2.029393317929590086e-23 3.338064841642632136e-21 5.655606489250126828e-04 0.000000000000000000e+00
9.146254267763989088e-01 8.480901257467611531e-02 2.029393317929590086e-23 3.338064841642632136e-21 5.655606489250126828e-04 0.000000000000000000e+00
9.146254267763989088e-01 8.480901257467611531e-02 2.029393317929590086e-23 3.338064841642632136e-21 5.655606489250126828e-04 0.000000000000000000e+00
9.146254267763989088e-01 8.480901257467611531e-02 2.029393317929590086e-23 3.338064841642632136e-21 5.655606489250126828e-04 0.000000000000000000e+00
9.146254267763989088e-01 8.480901257467611531e-02 2.029393317929590086e-23 3.338064841642632136e-21 5.655606489250126828e-04 0.000000000000000000e+00
9.146254267763989088e-01 8.480901257467611531e-02 2.029393317929590086e-23 3.338064841642632136e-21 5.655606489250126828e-04 0.000000000000000000e+00
9.146254267763989088e-01 8.480901257467611531e-02 2.029393317929590086e-23 3.338064841642632136e-21 5.655606489250126828e-04 0.000000000000000000e+00
9.146254267763989088e-01 8.480901257467611531e-02 2.029393317929590086e-23 3.338064841642632136e-21 5.655606489250126828e-04 0.000000000000000000e+00
9.146254267763989088e-01 8.480901257467611531e-02 2.029393317929590086e-23 3.338064841642632136e-21 5.655606489250126828e-04 0.000000000000000000e+00
9.146254267763989088e-01 8.480901257467611531e-02 2.029393317929590086e-23 3.338064841642632136e-21 5.655606489250126828e-04 0.000000000000000000e+00
9.146254267763989088e-01 8.480901257467611531e-02 2.029393317929590086e-23 3.338064841642632136e-21 5.655606489250126828e-04 0.000000000000000000e+00
9.146254267763989088e-01 8.480901257467611531e-02 2.029393317929590086e-23 3.338064841642632136e-21 5.655606489250126828e-04 0.000000000000000000e+00
9.146254267763989088e-01 8.480901257467611531e-02 2.029393317929590086e-23 3.338064841642632136e-21 5.655606489250126828e-04 0.000000000000000000e+00
9.146254267763989088e-01 8.480901257467611531e-02 2.029393317929590086e-23 3.338064841642632136e-21 5.655606489250126828e-04 0.000000000000000000e+00
9.146254267763989088e-01 8.480901257467611531e-02 2.029393317929590086e-23 3.338064841642632136e-21 5.655606489250126828e-04 0.000000000000000000e+00
9.146254267763989088e-01 8.480901257467611531e-02 2.029393317929590086e-23 3.338064841642632136e-21 5.655606489250126828e-04 0.000000000000000000e+00
9.146254267763989088e-01 8.480901257467611531e-02 2.029393317929590086e-23 3.338064841642632136e-21 5.655606489250126828e-04 0.000000000000000000e+00
9.146254267763989088e-01 8.480901257467611531e-02 2.029393317929590086e-23 3.338064841642632136e-21 5.655606489250126828e-04 0.000000000000000000e+00
9.146254267763989088e-01 8.480901257467611531e-02 2.029393317929590086e-23 3.338064841642632136e-21 5.655606489250126828e-04 0.000000000000000000e+00
9.146254267763989088e-01 8.480901257467611531e-02 2.029393317929590086e-23 3.338064841642632136e-21 5.655606489250126828e-04 0.000000000000000000e+00
9.146254267763989088e-01 8.480901257467611531e-02 2.029393317929590086e-23 3.338064841642632136e-21 5.655606489250126828e-04 0.000000000000000000e+00
9.146254267763989088e-01 8.480901257467611531e-02 2.029393317929590086e-23 3.338064841642632136e-21 5.655606489250126828e-04 0.000000000000000000e+00
9.146254267763989088e-01 8.480901257467611531e-02 2.029393317929590086e-23 3.338064841642632136e-21 5.655606489250126828e-04 0.000000000000000000e+00
9.146254267763989088e-01 8.480901257467611531e-02 2.029393317929590086e-23 3.338064841642632136e-21 5.655606489250126828e-04 0.000000000000000000e+00
9.146254267763989088e-01 8.480901257467611531e-02 2.029393317929590086e-23 3.338064841642632136e-21 5.655606489250126828e-04 0.000000000000000000e+00
9.146254267763989088e-01 8.480901257467611531e-02 2.029393317929590086e-23 3.338064841642632136e-21 5.655606489250126828e-04 0.000000000000000000e+00
9.146254267763989088e-01 8.480901257467611531e-02 2.029393317929590086e-23 3.338064841642632136e-21 5.655606489250126828e-04 0.000000000000000000e+00
9.146254267763989088e-01 8.480901257467611531e-02 2.029393317929590086e-23 3.338064841642632136e-21 5.655606489250126828e-04 0.000000000000000000e+00
9.146254267763989088e-01 8.480901257467611531e-02 2.029393317929590086e-23 3.338064841642632136e-21 5.655606489250126828e-04 0.000000000000000000e+00
9.146254267763989088e-01 8.480901257467611531e-02 2.029393317929590086e-23 3.338064841642632136e-21 5.655606489250126828e-04 0.000000000000000000e+00
9.146254267763989088e-01 8.480901257467611531e-02 2.029393317929590086e-23 3.338064841642632136e-21 5.655606489250126828e-04 0.000000000000000000e+00
9.146254267763989088e-01 8.480901257467611531e-02 2.029393317929590086e-23 3.338064841642632136e-21 5.655606489250126828e-04 0.000000000000000000e+00
9.146254267763989088e-01 8.480901257467611531e-02 2.029393317929590086e-23 3.338064841642632136e-21 5.655606489250126828e-04 0.000000000000000000e+00
9.146254267763989088e-01 8.480901257467611531e-02 2.029393317929590086e-23 3.338064841642632136e-21 5.655606489250126828e-04 0.000000000000000000e+00
9.146254267763989088e-01 8.480901257467611531e-02 2.029393317929590086e-23 3.338064841642632136e-21 5.655606489250126828e-04 0.000000000000000000e+00
9.146254267763989088e-01 8.480901257467611531e-02 2.029393317929590086e-23 3.338064841642632136e-21 5.655606489250126828e-04 0.000000000000000000e+00
9.146254267763989088e-01 8.480901257467611531e-02 2.029393317929590086e-23 3.338064841642632136e-21 5.655606489250126828e-04 0.000000000000000000e+00
9.146254267763989088e-01 8.480901257467611531e-02 2.029393317929590086e-23 3.338064841642632136e-21 5.655606489250126828e-04 0.000000000000000000e+00
