8.166018515377617693e-01 1.828687852198070118e-01 1.080250862196812193e-11 2.066815046401204052e-11 5.293632109604847922e-04 0.000000000000000000e+00
8.166018171857440944e-01 1.828688195007114325e-01 8.718011197340884753e-12 1.744924372462975974e-11 5.293632873632073740e-04 0.000000000000000000e+00
8.166017873134415739e-01 1.828688492243514263e-01 5.961051270759914850e-12 1.292301857411330841e-11 5.293634432383845061e-04 0.000000000000000000e+00
8.166017873134417959e-01 1.828688492243514541e-01 4.051099034951588834e-12 9.523719586906032923e-12 5.293634485728892624e-04 0.000000000000000000e+00
8.166017873134415739e-01 1.828688492243514263e-01 2.736142847130449589e-12 6.983636736406577143e-12 5.293634524798473528e-04 0.000000000000000000e+00
8.166017873134415739e-01 1.828688492243514263e-01 1.835192097409084104e-12 5.092313694059682254e-12 5.293634552413789161e-04 0.000000000000000000e+00
8.166017873134416849e-01 1.828688492243514541e-01 1.223278933845340769e-12 3.694612946940611347e-12 5.293634572709827232e-04 0.000000000000000000e+00
8.166017873134415739e-01 1.828688492243514263e-01 8.099010463286910391e-13 2.665938454876749690e-12 5.293634587162684545e-04 0.000000000000000000e+00
8.166017873134415739e-01 1.828688492243514541e-01 5.325605324074000678e-13 1.913078186962032029e-12 5.293634597467949216e-04 0.000000000000000000e+00
8.166017873134415739e-01 1.828688492243514263e-01 3.479141865319724232e-13 1.365608297803493678e-12 5.293634604894984549e-04 0.000000000000000000e+00
8.166017873134416849e-01 1.828688492243514541e-01 2.256104185018722961e-13 9.689947700995312554e-13 5.293634610038309551e-04 0.000000000000000000e+00
8.166017873134416849e-01 1.828688492243514541e-01 1.453618525503727726e-13 6.840031358303077691e-13 5.293634613766479667e-04 0.000000000000000000e+00
8.166017873134416849e-01 1.828688492243514541e-01 9.292948898030140983e-14 4.797967485176089147e-13 5.293634616296304975e-04 0.000000000000000000e+00
8.166017873134416849e-01 1.828688492243514263e-01 5.902273448150246814e-14 3.347834608623387384e-13 5.293634618123693042e-04 0.000000000000000000e+00
8.166017873134416849e-01 1.828688492243514541e-01 3.718925372101172901e-14 2.320965684144234974e-13 5.293634619352958212e-04 0.000000000000000000e+00
8.166017873134417959e-01 1.828688492243514541e-01 2.327300463764441722e-14 1.600218251340080324e-13 5.293634620227014899e-04 0.000000000000000000e+00
8.166017873134415739e-01 1.828688492243514263e-01 1.445065900566889547e-14 1.096333928013852180e-13 5.293634620817830273e-04 0.000000000000000000e+00
8.166017873134416849e-01 1.828688492243514541e-01 8.906839796478885652e-15 7.466576544495040277e-14 5.293634621225360186e-04 0.000000000000000000e+00
8.166017873134415739e-01 1.828688492243514263e-01 5.449220779321736291e-15 5.054684234162988794e-14 5.293634621506166380e-04 0.000000000000000000e+00
8.166017873134416849e-01 1.828688492243514541e-01 3.306392573748138487e-15 3.399106899204301143e-14 5.293634621691145365e-04 0.000000000000000000e+00
8.166017873134416849e-01 1.828688492243514263e-01 1.991681906304934601e-15 2.272407987455796167e-14 5.293634621819574533e-04 0.000000000000000000e+00
8.166017873134415739e-01 1.828688492243514541e-01 1.189822028697141097e-15 1.509021272603112386e-14 5.293634621904229039e-04 0.000000000000000000e+00
8.166017873134416849e-01 1.828688492243514541e-01 7.050134044943605420e-16 9.954919770411265233e-15 5.293634621960281207e-04 0.000000000000000000e+00
8.166017873134416849e-01 1.828688492243514541e-01 4.145555219355155840e-16 6.526621526553553538e-15 5.293634621998350798e-04 0.000000000000000000e+00
8.166017873134416849e-01 1.828688492243514541e-01 2.416799671879121508e-16 4.249384037332126553e-15 5.293634622023034829e-04 0.000000000000000000e+00
8.166017873134416849e-01 1.828688492243514541e-01 1.396822576551947472e-16 2.747425911933536440e-15 5.293634622038970432e-04 0.000000000000000000e+00
8.166017873134415739e-01 1.828688492243514263e-01 8.008104505768463606e-17 1.764763597143600185e-15 5.293634622049563088e-04 0.000000000000000000e+00
8.166017873134415739e-01 1.828688492243514263e-01 4.553498630548185642e-17 1.126051398766032780e-15 5.293634622056524750e-04 0.000000000000000000e+00
8.166017873134416849e-01 1.828688492243514541e-01 2.564439741018815757e-17 7.129508283318518795e-16 5.293634622060800843e-04 0.000000000000000000e+00
8.166017873134416849e-01 1.828688492243514541e-01 1.431776904093966300e-17 4.482465419825632237e-16 5.293634622063555801e-04 0.000000000000000000e+00
8.166017873134415739e-01 1.828688492243514263e-01 7.925213270112364785e-18 2.798621726035491652e-16 5.293634622065331724e-04 0.000000000000000000e+00
8.166017873134415739e-01 1.828688492243514263e-01 4.348489202632065655e-18 1.734969863519728537e-16 5.293634622066467968e-04 0.000000000000000000e+00
8.166017873134416849e-01 1.828688492243514541e-01 2.364275307932265425e-18 1.067654835776471742e-16 5.293634622067171615e-04 0.000000000000000000e+00
8.166017873134416849e-01 1.828688492243514263e-01 1.272630885176503104e-18 6.516995734380336123e-17 5.293634622067589033e-04 0.000000000000000000e+00
8.166017873134416849e-01 1.828688492243514263e-01 6.787514028446901633e-19 3.948497356839849491e-17 5.293634622067854663e-04 0.000000000000000000e+00
8.166017873134415739e-01 1.828688492243514541e-01 3.586386016210846274e-19 2.374272990835257441e-17 5.293634622068021630e-04 0.000000000000000000e+00
8.166017873134416849e-01 1.828688492243514541e-01 1.877045434386133377e-19 1.416738866769997478e-17 5.293634622068119208e-04 0.000000000000000000e+00
8.166017873134416849e-01 1.828688492243514263e-01 9.729636256481471762e-20 8.387926211553065504e-18 5.293634622068178839e-04 0.000000000000000000e+00
8.166017873134416849e-01 1.828688492243514263e-01 4.993933529719551765e-20 4.926745927054657659e-18 5.293634622068216786e-04 0.000000000000000000e+00
8.166017873134416849e-01 1.828688492243514541e-01 2.537695559172679985e-20 2.870427534143543772e-18 5.293634622068238470e-04 0.000000000000000000e+00
8.166017873134416849e-01 1.828688492243514541e-01 1.276449237383624720e-20 1.658617441903968382e-18 5.293634622068249312e-04 0.000000000000000000e+00
8.166017873134416849e-01 1.828688492243514541e-01 6.351000500510954028e-21 9.499965459595239114e-19 5.293634622068254733e-04 0.000000000000000000e+00
8.166017873134415739e-01 1.828688492243514263e-01 3.127224196273221427e-21 5.395585845355412385e-19 5.293634622068260154e-04 0.000000000000000000e+00
8.166017873134416849e-01 1.828688492243514541e-01 1.523662305787834029e-21 3.038385070117108608e-19 5.293634622068265575e-04 0.000000000000000000e+00
8.166017873134415739e-01 1.828688492243514263e-01 7.344570347618531691e-22 1.696219086880143173e-19 5.293634622068265575e-04 0.000000000000000000e+00
8.166017873134415739e-01 1.828688492243514263e-01 3.502095303839524767e-22 9.386505661644205376e-20 5.293634622068265575e-04 0.000000000000000000e+00
8.166017873134415739e-01 1.828688492243514263e-01 1.651616339496554535e-22 5.148214055928623344e-20 5.293634622068265575e-04 0.000000000000000000e+00
8.166017873134415739e-01 1.828688492243514263e-01 7.702659230261649362e-23 2.798230455259269874e-20 5.293634622068265575e-04 0.000000000000000000e+00
8.166017873134416849e-01 1.828688492243514541e-01 3.551827479888560132e-23 1.507048040429518994e-20 5.293634622068265575e-04 0.000000000000000000e+00
8.166017873134417959e-01 1.828688492243514541e-01 1.772332466265524208e-23 8.644445324577082544e-21 5.293634622068265575e-04 0.000000000000000000e+00
8.166017873134417959e-01 1.828688492243514541e-01 1.772332466265524208e-23 8.644445324577082544e-21 5.293634622068265575e-04 0.000000000000000000e+00
8.166017873134417959e-01 1.828688492243514541e-01 1.772332466265524208e-23 8.644445324577082544e-21 5.293634622068265575e-04 0.000000000000000000e+00
8.166017873134417959e-01 1.828688492243514541e-01 1.772332466265524208e-23 8.644445324577082544e-21 5.293634622068265575e-04 0.000000000000000000e+00
8.166017873134417959e-01 1.828688492243514541e-01 1.772332466265524208e-23 8.644445324577082544e-21 5.293634622068265575e-04 0.000000000000000000e+00
8.166017873134417959e-01 1.828688492243514541e-01 1.772332466265524208e-23 8.644445324577082544e-21 5.293634622068265575e-04 0.000000000000000000e+00
8.166017873134417959e-01 1.828688492243514541e-01 1.772332466265524208e-23 8.644445324577082544e-21 5.293634622068265575e-04 0.000000000000000000e+00
8.166017873134417959e-01 1.828688492243514541e-01 1.772332466265524208e-23 8.644445324577082544e-21 5.293634622068265575e-04 0.000000000000000000e+00
8.166017873134417959e-01 1.828688492243514541e-01 1.772332466265524208e-23 8.644445324577082544e-21 5.293634622068265575e-04 0.000000000000000000e+00
8.166017873134417959e-01 1.828688492243514541e-01 1.772332466265524208e-23 8.644445324577082544e-21 5.293634622068265575e-04 0.000000000000000000e+00
8.166017873134417959e-01 1.828688492243514541e-01 1.772332466265524208e-23 8.644445324577082544e-21 5.293634622068265575e-04 0.000000000000000000e+00
8.166017873134417959e-01 1.828688492243514541e-01 1.772332466265524208e-23 8.644445324577082544e-21 5.293634622068265575e-04 0.000000000000000000e+00
8.166017873134417959e-01 1.828688492243514541e-01 1.772332466265524208e-23 8.644445324577082544e-21 5.293634622068265575e-04 0.000000000000000000e+00
8.166017873134417959e-01 1.828688492243514541e-01 1.772332466265524208e-23 8.644445324577082544e-21 5.293634622068265575e-04 0.000000000000000000e+00
8.166017873134417959e-01 1.828688492243514541e-01 1.772332466265524208e-23 8.644445324577082544e-21 5.293634622068265575e-04 0.000000000000000000e+00
8.166017873134417959e-01 1.828688492243514541e-01 1.772332466265524208e-23 8.644445324577082544e-21 5.293634622068265575e-04 0.000000000000000000e+00
8.166017873134417959e-01 1.828688492243514541e-01 1.772332466265524208e-23 8.644445324577082544e-21 5.293634622068265575e-04 0.000000000000000000e+00
8.166017873134417959e-01 1.828688492243514541e-01 1.772332466265524208e-23 8.644445324577082544e-21 5.293634622068265575e-04 0.000000000000000000e+00
8.166017873134417959e-01 1.828688492243514541e-01 1.772332466265524208e-23 8.644445324577082544e-21 5.293634622068265575e-04 0.000000000000000000e+00
8.166017873134417959e-01 1.828688492243514541e-01 1.772332466265524208e-23 8.644445324577082544e-21 5.293634622068265575e-04 0.000000000000000000e+00
8.166017873134417959e-01 1.828688492243514541e-01 1.772332466265524208e-23 8.644445324577082544e-21 5.293634622068265575e-04 0.000000000000000000e+00
8.166017873134417959e-01 1.828688492243514541e-01 1.772332466265524208e-23 8.644445324577082544e-21 5.293634622068265575e-04 0.000000000000000000e+00
8.166017873134417959e-01 1.828688492243514541e-01 1.772332466265524208e-23 8.644445324577082544e-21 5.293634622068265575e-04 0.000000000000000000e+00
8.166017873134417959e-01 1.828688492243514541e-01 1.772332466265524208e-23 8.644445324577082544e-21 5.293634622068265575e-04 0.000000000000000000e+00
8.166017873134417959e-01 1.828688492243514541e-01 1.772332466265524208e-23 8.644445324577082544e-21 5.293634622068265575e-04 0.000000000000000000e+00
8.166017873134417959e-01 1.828688492243514541e-01 1.772332466265524208e-23 8.644445324577082544e-21 5.293634622068265575e-04 0.000000000000000000e+00
8.166017873134417959e-01 1.828688492243514541e-01 1.772332466265524208e-23 8.644445324577082544e-21 5.293634622068265575e-04 0.000000000000000000e+00
8.166017873134417959e-01 1.828688492243514541e-01 1.772332466265524208e-23 8.644445324577082544e-21 5.293634622068265575e-04 0.000000000000000000e+00
8.166017873134417959e-01 1.828688492243514541e-01 1.772332466265524208e-23 8.644445324577082544e-21 5.293634622068265575e-04 0.000000000000000000e+00
8.166017873134417959e-01 1.828688492243514541e-01 1.772332466265524208e-23 8.644445324577082544e-21 5.293634622068265575e-04 0.000000000000000000e+00
8.166017873134417959e-01 1.828688492243514541e-01 1.772332466265524208e-23 8.644445324577082544e-21 5.293634622068265575e-04 0.000000000000000000e+00
8.166017873134417959e-01 1.828688492243514541e-01 1.772332466265524208e-23 8.644445324577082544e-21 5.293634622068265575e-04 0.000000000000000000e+00
8.166017873134417959e-01 1.828688492243514541e-01 1.772332466265524208e-23 8.644445324577082544e-21 5.293634622068265575e-04 0.000000000000000000e+00
8.166017873134417959e-01 1.828688492243514541e-01 1.772332466265524208e-23 8.644445324577082544e-21 5.293634622068265575e-04 0.000000000000000000e+00
8.166017873134417959e-01 1.828688492243514541e-01 1.772332466265524208e-23 8.644445324577082544e-21 5.293634622068265575e-04 0.000000000000000000e+00
8.166017873134417959e-01 1.828688492243514541e-01 1.772332466265524208e-23 8.644445324577082544e-21 5.293634622068265575e-04 0.000000000000000000e+00
8.166017873134417959e-01 1.828688492243514541e-01 1.772332466265524208e-23 8.644445324577082544e-21 5.293634622068265575e-04 0.000000000000000000e+00
8.166017873134417959e-01 1.828688492243514541e-01 1.772332466265524208e-23 8.644445324577082544e-21 5.293634622068265575e-04 0.000000000000000000e+00
8.166017873134417959e-01 1.828688492243514541e-01 1.772332466265524208e-23 8.644445324577082544e-21 5.293634622068265575e-04 0.000000000000000000e+00
8.166017873134417959e-01 1.828688492243514541e-01 1.772332466265524208e-23 8.644445324577082544e-21 5.293634622068265575e-04 0.000000000000000000e+00
8.166017873134417959e-01 1.828688492243514541e-01 1.772332466265524208e-23 8.644445324577082544e-21 5.293634622068265575e-04 0.000000000000000000e+00
8.166017873134417959e-01 1.828688492243514541e-01 1.772332466265524208e-23 8.644445324577082544e-21 5.293634622068265575e-04 0.000000000000000000e+00
8.166017873134417959e-01 1.828688492243514541e-01 1.772332466265524208e-23 8.644445324577082544e-21 5.293634622068265575e-04 0.000000000000000000e+00
8.166017873134417959e-01 1.828688492243514541e-01 1.772332466265524208e-23 8.644445324577082544e-21 5.293634622068265575e-04 0.000000000000000000e+00
8.166017873134417959e-01 1.828688492243514541e-01 1.772332466265524208e-23 8.644445324577082544e-21 5.293634622068265575e-04 0.000000000000000000e+00
8.166017873134417959e-01 1.828688492243514541e-01 1.772332466265524208e-23 8.644445324577082544e-21 5.293634622068265575e-04 0.000000000000000000e+00
8.166017873134417959e-01 1.828688492243514541e-01 1.772332466265524208e-23 8.644445324577082544e-21 5.293634622068265575e-04 0.000000000000000000e+00
8.166017873134417959e-01 1.828688492243514541e-01 1.772332466265524208e-23 8.644445324577082544e-21 5.293634622068265575e-04 0.000000000000000000e+00
8.166017873134417959e-01 1.828688492243514541e-01 1.772332466265524208e-23 8.644445324577082544e-21 5.293634622068265575e-04 0.000000000000000000e+00
8.166017873134417959e-01 1.828688492243514541e-01 1.772332466265524208e-23 8.644445324577082544e-21 5.293634622068265575e-04 0.000000000000000000e+00
8.166017873134417959e-01 1.828688492243514541e-01 1.772332466265524208e-23 8.644445324577082544e-21 5.293634622068265575e-04 0.000000000000000000e+00
8.166017873134417959e-01 1.828688492243514541e-01 1.772332466265524208e-23 8.644445324577082544e-21 5.293634622068265575e-04 0.000000000000000000e+00
8.166017873134417959e-01 1.828688492243514541e-01 1.772332466265524208e-23 8.644445324577082544e-21 5.293634622068265575e-04 0.000000000000000000e+00
8.166017873134417959e-01 1.828688492243514541e-01 1.772332466265524208e-23 8.644445324577082544e-21 5.293634622068265575e-04 0.000000000000000000e+00
8.166017873134417959e-01 1.828688492243514541e-01 1.772332466265524208e-23 8.644445324577082544e-21 5.293634622068265575e-04 0.000000000000000000e+00
8.166017873134417959e-01 1.828688492243514541e-01 1.772332466265524208e-23 8.644445324577082544e-21 5.293634622068265575e-04 0.000000000000000000e+00
8.166017873134417959e-01 1.828688492243514541e-01 1.772332466265524208e-23 8.644445324577082544e-21 5.293634622068265575e-04 0.000000000000000000e+00
8.166017873134417959e-01 1.828688492243514541e-01 1.772332466265524208e-23 8.644445324577082544e-21 5.293634622068265575e-04 0.000000000000000000e+00
8.166017873134417959e-01 1.828688492243514541e-01 1.772332466265524208e-23 8.644445324577082544e-21 5.293634622068265575e-04 0.000000000000000000e+00
8.166017873134417959e-01 1.828688492243514541e-01 1.772332466265524208e-23 8.644445324577082544e-21 5.293634622068265575e-04 0.000000000000000000e+00
8.166017873134417959e-01 1.828688492243514541e-01 1.772332466265524208e-23 8.644445324577082544e-21 5.293634622068265575e-04 0.000000000000000000e+00
8.166017873134417959e-01 1.828688492243514541e-01 1.772332466265524208e-23 8.644445324577082544e-21 5.293634622068265575e-04 0.000000000000000000e+00
8.166017873134417959e-01 1.828688492243514541e-01 1.772332466265524208e-23 8.644445324577082544e-21 5.293634622068265575e-04 0.000000000000000000e+00
8.166017873134417959e-01 1.828688492243514541e-01 1.772332466265524208e-23 8.644445324577082544e-21 5.293634622068265575e-04 0.000000000000000000e+00
8.166017873134417959e-01 1.828688492243514541e-01 1.772332466265524208e-23 8.644445324577082544e-21 5.293634622068265575e-04 0.000000000000000000e+00
8.166017873134417959e-01 1.828688492243514541e-01 1.772332466265524208e-23 8.644445324577082544e-21 5.293634622068265575e-04 0.000000000000000000e+00
8.166017873134417959e-01 1.828688492243514541e-01 1.772332466265524208e-23 8.644445324577082544e-21 5.293634622068265575e-04 0.000000000000000000e+00
8.166017873134417959e-01 1.828688492243514541e-01 1.772332466265524208e-23 8.644445324577082544e-21 5.293634622068265575e-04 0.000000000000000000e+00
8.166017873134417959e-01 1.828688492243514541e-01 1.772332466265524208e-23 8.644445324577082544e-21 5.293634622068265575e-04 0.000000000000000000e+00
8.166017873134417959e-01 1.828688492243514541e-01 1.772332466265524208e-23 8.644445324577082544e-21 5.293634622068265575e-04 0.000000000000000000e+00
8.166017873134417959e-01 1.828688492243514541e-01 1.772332466265524208e-23 8.644445324577082544e-21 5.293634622068265575e-04 0.000000000000000000e+00
8.166017873134417959e-01 1.828688492243514541e-01 1.772332466265524208e-23 8.644445324577082544e-21 5.293634622068265575e-04 0.000000000000000000e+00
8.166017873134417959e-01 1.828688492243514541e-01 1.772332466265524208e-23 8.644445324577082544e-21 5.293634622068265575e-04 0.000000000000000000e+00
8.166017873134417959e-01 1.828688492243514541e-01 1.772332466265524208e-23 8.644445324577082544e-21 5.293634622068265575e-04 0.000000000000000000e+00
8.166017873134417959e-01 1.828688492243514541e-01 1.772332466265524208e-23 8.644445324577082544e-21 5.293634622068265575e-04 0.000000000000000000e+00
8.166017873134417959e-01 1.828688492243514541e-01 1.772332466265524208e-23 8.644445324577082544e-21 5.293634622068265575e-04 0.000000000000000000e+00
8.166017873134417959e-01 1.828688492243514541e-01 1.772332466265524208e-23 8.644445324577082544e-21 5.293634622068265575e-04 0.000000000000000000e+00
8.166017873134417959e-01 1.828688492243514541e-01 1.772332466265524208e-23 8.644445324577082544e-21 5.293634622068265575e-04 0.000000000000000000e+00
8.166017873134417959e-01 1.828688492243514541e-01 1.772332466265524208e-23 8.644445324577082544e-21 5.293634622068265575e-04 0.000000000000000000e+00
8.166017873134417959e-01 1.828688492243514541e-01 1.772332466265524208e-23 8.644445324577082544e-21 5.293634622068265575e-04 0.000000000000000000e+00
8.166017873134417959e-01 1.828688492243514541e-01 1.772332466265524208e-23 8.644445324577082544e-21 5.293634622068265575e-04 0.000000000000000000e+00
8.166017873134417959e-01 1.828688492243514541e-01 1.772332466265524208e-23 8.644445324577082544e-21 5.293634622068265575e-04 0.000000000000000000e+00
8.166017873134417959e-01 1.828688492243514541e-01 1.772332466265524208e-23 8.644445324577082544e-21 5.293634622068265575e-04 0.000000000000000000e+00
8.166017873134417959e-01 1.828688492243514541e-01 1.772332466265524208e-23 8.644445324577082544e-21 5.293634622068265575e-04 0.000000000000000000e+00
8.166017873134417959e-01 1.828688492243514541e-01 1.772332466265524208e-23 8.644445324577082544e-21 5.293634622068265575e-04 0.000000000000000000e+00
8.166017873134417959e-01 1.828688492243514541e-01 1.772332466265524208e-23 8.644445324577082544e-21 5.293634622068265575e-04 0.000000000000000000e+00
8.166017873134417959e-01 1.828688492243514541e-01 1.772332466265524208e-23 8.644445324577082544e-21 5.293634622068265575e-04 0.000000000000000000e+00
8.166017873134417959e-01 1.828688492243514541e-01 1.772332466265524208e-23 8.644445324577082544e-21 5.293634622068265575e-04 0.000000000000000000e+00
8.166017873134417959e-01 1.828688492243514541e-01 1.772332466265524208e-23 8.644445324577082544e-21 5.293634622068265575e-04 0.000000000000000000e+00
8.166017873134417959e-01 1.828688492243514541e-01 1.772332466265524208e-23 8.644445324577082544e-21 5.293634622068265575e-04 0.000000000000000000e+00
8.166017873134417959e-01 1.828688492243514541e-01 1.772332466265524208e-23 8.644445324577082544e-21 5.293634622068265575e-04 0.000000000000000000e+00
8.166017873134417959e-01 1.828688492243514541e-01 1.772332466265524208e-23 8.644445324577082544e-21 5.293634622068265575e-04 0.000000000000000000e+00
8.166017873134417959e-01 1.828688492243514541e-01 1.772332466265524208e-23 8.644445324577082544e-21 5.293634622068265575e-04 0.000000000000000000e+00
8.166017873134417959e-01 1.828688492243514541e-01 1.772332466265524208e-23 8.644445324577082544e-21 5.293634622068265575e-04 0.000000000000000000e+00
8.166017873134417959e-01 1.828688492243514541e-01 1.772332466265524208e-23 8.644445324577082544e-21 5.293634622068265575e-04 0.000000000000000000e+00
8.166017873134417959e-01 1.828688492243514541e-01 1.772332466265524208e-23 8.644445324577082544e-21 5.293634622068265575e-04 0.000000000000000000e+00
8.166017873134417959e-01 1.828688492243514541e-01 1.772332466265524208e-23 8.644445324577082544e-21 5.293634622068265575e-04 0.000000000000000000e+00
8.166017873134417959e-01 1.828688492243514541e-01 1.772332466265524208e-23 8.644445324577082544e-21 5.293634622068265575e-04 0.000000000000000000e+00
8.166017873134417959e-01 1.828688492243514541e-01 1.772332466265524208e-23 8.644445324577082544e-21 5.293634622068265575e-04 0.000000000000000000e+00
8.166017873134417959e-01 1.828688492243514541e-01 1.772332466265524208e-23 8.644445324577082544e-21 5.293634622068265575e-04 0.000000000000000000e+00
8.166017873134417959e-01 1.828688492243514541e-01 1.772332466265524208e-23 8.644445324577082544e-21 5.293634622068265575e-04 0.000000000000000000e+00
8.166017873134417959e-01 1.828688492243514541e-01 1.772332466265524208e-23 8.644445324577082544e-21 5.293634622068265575e-04 0.000000000000000000e+00
8.166017873134417959e-01 1.828688492243514541e-01 1.772332466265524208e-23 8.644445324577082544e-21 5.293634622068265575e-04 0.000000000000000000e+00
8.166017873134417959e-01 1.828688492243514541e-01 1.772332466265524208e-23 8.644445324577082544e-21 5.293634622068265575e-04 0.000000000000000000e+00
8.166017873134417959e-01 1.828688492243514541e-01 1.772332466265524208e-23 8.644445324577082544e-21 5.293634622068265575e-04 0.000000000000000000e+00
8.166017873134417959e-01 1.828688492243514541e-01 1.772332466265524208e-23 8.644445324577082544e-21 5.293634622068265575e-04 0.000000000000000000e+00
8.166017873134417959e-01 1.828688492243514541e-01 1.772332466265524208e-23 8.644445324577082544e-21 5.293634622068265575e-04 0.000000000000000000e+00
8.166017873134417959e-01 1.828688492243514541e-01 1.772332466265524208e-23 8.644445324577082544e-21 5.293634622068265575e-04 0.000000000000000000e+00
8.166017873134417959e-01 1.828688492243514541e-01 1.772332466265524208e-23 8.644445324577082544e-21 5.293634622068265575e-04 0.000000000000000000e+00
8.166017873134417959e-01 1.828688492243514541e-01 1.772332466265524208e-23 8.644445324577082544e-21 5.293634622068265575e-04 0.000000000000000000e+00
8.166017873134417959e-01 1.828688492243514541e-01 1.772332466265524208e-23 8.644445324577082544e-21 5.293634622068265575e-04 0.000000000000000000e+00
8.166017873134417959e-01 1.828688492243514541e-01 1.772332466265524208e-23 8.644445324577082544e-21 5.293634622068265575e-04 0.000000000000000000e+00
8.166017873134417959e-01 1.828688492243514541e-01 1.772332466265524208e-23 8.644445324577082544e-21 5.293634622068265575e-04 0.000000000000000000e+00
8.166017873134417959e-01 1.828688492243514541e-01 1.772332466265524208e-23 8.644445324577082544e-21 5.293634622068265575e-04 0.000000000000000000e+00
8.166017873134417959e-01 1.828688492243514541e-01 1.772332466265524208e-23 8.644445324577082544e-21 5.293634622068265575e-04 0.000000000000000000e+00
8.166017873134417959e-01 1.828688492243514541e-01 1.772332466265524208e-23 8.644445324577082544e-21 5.293634622068265575e-04 0.000000000000000000e+00
8.166017873134417959e-01 1.828688492243514541e-01 1.772332466265524208e-23 8.644445324577082544e-21 5.293634622068265575e-04 0.000000000000000000e+00
8.166017873134417959e-01 1.828688492243514541e-01 1.772332466265524208e-23 8.644445324577082544e-21 5.293634622068265575e-04 0.000000000000000000e+00
8.166017873134417959e-01 1.828688492243514541e-01 1.772332466265524208e-23 8.644445324577082544e-21 5.293634622068265575e-04 0.000000000000000000e+00
8.166017873134417959e-01 1.828688492243514541e-01 1.772332466265524208e-23 8.644445324577082544e-21 5.293634622068265575e-04 0.000000000000000000e+00
8.166017873134417959e-01 1.828688492243514541e-01 1.772332466265524208e-23 8.644445324577082544e-21 5.293634622068265575e-04 0.000000000000000000e+00
8.166017873134417959e-01 1.828688492243514541e-01 1.772332466265524208e-23 8.644445324577082544e-21 5.293634622068265575e-04 0.000000000000000000e+00
8.166017873134417959e-01 1.828688492243514541e-01 1.772332466265524208e-23 8.644445324577082544e-21 5.293634622068265575e-04 0.000000000000000000e+00
8.166017873134417959e-01 1.828688492243514541e-01 1.772332466265524208e-23 8.644445324577082544e-21 5.293634622068265575e-04 0.000000000000000000e+00
8.166017873134417959e-01 1.828688492243514541e-01 1.772332466265524208e-23 8.644445324577082544e-21 5.293634622068265575e-04 0.000000000000000000e+00
8.166017873134417959e-01 1.828688492243514541e-01 1.772332466265524208e-23 8.644445324577082544e-21 5.293634622068265575e-04 0.000000000000000000e+00
8.166017873134417959e-01 1.828688492243514541e-01 1.772332466265524208e-23 8.644445324577082544e-21 5.293634622068265575e-04 0.000000000000000000e+00
8.166017873134417959e-01 1.828688492243514541e-01 1.772332466265524208e-23 8.644445324577082544e-21 5.293634622068265575e-04 0.000000000000000000e+00
8.166017873134417959e-01 1.828688492243514541e-01 1.772332466265524208e-23 8.644445324577082544e-21 5.293634622068265575e-04 0.000000000000000000e+00
8.166017873134417959e-01 1.828688492243514541e-01 1.772332466265524208e-23 8.644445324577082544e-21 5.293634622068265575e-04 0.000000000000000000e+00
8.166017873134417959e-01 1.828688492243514541e-01 1.772332466265524208e-23 8.644445324577082544e-21 5.293634622068265575e-04 0.000000000000000000e+00
8.166017873134417959e-01 1.828688492243514541e-01 1.772332466265524208e-23 8.644445324577082544e-21 5.293634622068265575e-04 0.000000000000000000e+00
8.166017873134417959e-01 1.828688492243514541e-01 1.772332466265524208e-23 8.644445324577082544e-21 5.293634622068265575e-04 0.000000000000000000e+00
8.166017873134417959e-01 1.828688492243514541e-01 1.772332466265524208e-23 8.644445324577082544e-21 5.293634622068265575e-04 0.000000000000000000e+00
8.166017873134417959e-01 1.828688492243514541e-01 1.772332466265524208e-23 8.644445324577082544e-21 5.293634622068265575e-04 0.000000000000000000e+00
8.166017873134417959e-01 1.828688492243514541e-01 1.772332466265524208e-23 8.644445324577082544e-21 5.293634622068265575e-04 0.000000000000000000e+00
8.166017873134417959e-01 1.828688492243514541e-01 1.772332466265524208e-23 8.644445324577082544e-21 5.293634622068265575e-04 0.000000000000000000e+00
8.166017873134417959e-01 1.828688492243514541e-01 1.772332466265524208e-23 8.644445324577082544e-21 5.293634622068265575e-04 0.000000000000000000e+00
8.166017873134417959e-01 1.828688492243514541e-01 1.772332466265524208e-23 8.644445324577082544e-21 5.293634622068265575e-04 0.000000000000000000e+00
8.166017873134417959e-01 1.828688492243514541e-01 1.772332466265524208e-23 8.644445324577082544e-21 5.293634622068265575e-04 0.000000000000000000e+00
8.166017873134417959e-01 1.828688492243514541e-01 1.772332466265524208e-23 8.644445324577082544e-21 5.293634622068265575e-04 0.000000000000000000e+00
8.166017873134417959e-01 1.828688492243514541e-01 1.772332466265524208e-23 8.644445324577082544e-21 5.293634622068265575e-04 0.000000000000000000e+00
8.166017873134417959e-01 1.828688492243514541e-01 1.772332466265524208e-23 8.644445324577082544e-21 5.293634622068265575e-04 0.000000000000000000e+00
8.166017873134417959e-01 1.828688492243514541e-01 1.772332466265524208e-23 8.644445324577082544e-21 5.293634622068265575e-04 0.000000000000000000e+00
8.166017873134417959e-01 1.828688492243514541e-01 1.772332466265524208e-23 8.644445324577082544e-21 5.293634622068265575e-04 0.000000000000000000e+00
8.166017873134417959e-01 1.828688492243514541e-01 1.772332466265524208e-23 8.644445324577082544e-21 5.293634622068265575e-04 0.000000000000000000e+00
8.166017873134417959e-01 1.828688492243514541e-01 1.772332466265524208e-23 8.644445324577082544e-21 5.293634622068265575e-04 0.000000000000000000e+00
8.166017873134417959e-01 1.828688492243514541e-01 1.772332466265524208e-23 8.644445324577082544e-21 5.293634622068265575e-04 0.000000000000000000e+00
8.166017873134417959e-01 1.828688492243514541e-01 1.772332466265524208e-23 8.644445324577082544e-21 5.293634622068265575e-04 0.000000000000000000e+00
8.166017873134417959e-01 1.828688492243514541e-01 1.772332466265524208e-23 8.644445324577082544e-21 5.293634622068265575e-04 0.000000000000000000e+00
8.166017873134417959e-01 1.828688492243514541e-01 1.772332466265524208e-23 8.644445324577082544e-21 5.293634622068265575e-04 0.000000000000000000e+00
8.166017873134417959e-01 1.828688492243514541e-01 1.772332466265524208e-23 8.644445324577082544e-21 5.293634622068265575e-04 0.000000000000000000e+00
8.166017873134417959e-01 1.828688492243514541e-01 1.772332466265524208e-23 8.644445324577082544e-21 5.293634622068265575e-04 0.000000000000000000e+00
8.166017873134417959e-01 1.828688492243514541e-01 1.772332466265524208e-23 8.644445324577082544e-21 5.293634622068265575e-04 0.000000000000000000e+00
8.166017873134417959e-01 1.828688492243514541e-01 1.772332466265524208e-23 8.644445324577082544e-21 5.293634622068265575e-04 0.000000000000000000e+00
8.166017873134417959e-01 1.828688492243514541e-01 1.772332466265524208e-23 8.644445324577082544e-21 5.293634622068265575e-04 0.000000000000000000e+00
8.166017873134417959e-01 1.828688492243514541e-01 1.772332466265524208e-23 8.644445324577082544e-21 5.293634622068265575e-04 0.000000000000000000e+00
8.166017873134417959e-01 1.828688492243514541e-01 1.772332466265524208e-23 8.644445324577082544e-21 5.293634622068265575e-04 0.000000000000000000e+00
8.166017873134417959e-01 1.828688492243514541e-01 1.772332466265524208e-23 8.644445324577082544e-21 5.293634622068265575e-04 0.000000000000000000e+00
8.166017873134417959e-01 1.828688492243514541e-01 1.772332466265524208e-23 8.644445324577082544e-21 5.293634622068265575e-04 0.000000000000000000e+00
8.166017873134417959e-01 1.828688492243514541e-01 1.772332466265524208e-23 8.644445324577082544e-21 5.293634622068265575e-04 0.000000000000000000e+00
8.166017873134417959e-01 1.828688492243514541e-01 1.772332466265524208e-23 8.644445324577082544e-21 5.293634622068265575e-04 0.000000000000000000e+00
8.166017873134417959e-01 1.828688492243514541e-01 1.772332466265524208e-23 8.644445324577082544e-21 5.293634622068265575e-04 0.000000000000000000e+00
8.166017873134417959e-01 1.828688492243514541e-01 1.772332466265524208e-23 8.644445324577082544e-21 5.293634622068265575e-04 0.000000000000000000e+00
8.166017873134417959e-01 1.828688492243514541e-01 1.772332466265524208e-23 8.644445324577082544e-21 5.293634622068265575e-04 0.000000000000000000e+00
8.166017873134417959e-01 1.828688492243514541e-01 1.772332466265524208e-23 8.644445324577082544e-21 5.293634622068265575e-04 0.000000000000000000e+00
8.166017873134417959e-01 1.828688492243514541e-01 1.772332466265524208e-23 8.644445324577082544e-21 5.293634622068265575e-04 0.000000000000000000e+00
8.166017873134417959e-01 1.828688492243514541e-01 1.772332466265524208e-23 8.644445324577082544e-21 5.293634622068265575e-04 0.000000000000000000e+00
8.166017873134417959e-01 1.828688492243514541e-01 1.772332466265524208e-23 8.644445324577082544e-21 5.293634622068265575e-04 0.000000000000000000e+00
8.166017873134417959e-01 1.828688492243514541e-01 1.772332466265524208e-23 8.644445324577082544e-21 5.293634622068265575e-04 0.000000000000000000e+00
8.166017873134417959e-01 1.828688492243514541e-01 1.772332466265524208e-23 8.644445324577082544e-21 5.293634622068265575e-04 0.000000000000000000e+00
8.166017873134417959e-01 1.828688492243514541e-01 1.772332466265524208e-23 8.644445324577082544e-21 5.293634622068265575e-04 0.000000000000000000e+00
8.166017873134417959e-01 1.828688492243514541e-01 1.772332466265524208e-23 8.644445324577082544e-21 5.293634622068265575e-04 0.000000000000000000e+00
8.166017873134417959e-01 1.828688492243514541e-01 1.772332466265524208e-23 8.644445324577082544e-21 5.293634622068265575e-04 0.000000000000000000e+00
8.166017873134417959e-01 1.828688492243514541e-01 1.772332466265524208e-23 8.644445324577082544e-21 5.293634622068265575e-04 0.000000000000000000e+00
8.166017873134417959e-01 1.828688492243514541e-01 1.772332466265524208e-23 8.644445324577082544e-21 5.293634622068265575e-04 0.000000000000000000e+00
8.166017873134417959e-01 1.828688492243514541e-01 1.772332466265524208e-23 8.644445324577082544e-21 5.293634622068265575e-04 0.000000000000000000e+00
8.166017873134417959e-01 1.828688492243514541e-01 1.772332466265524208e-23 8.644445324577082544e-21 5.293634622068265575e-04 0.000000000000000000e+00
8.166017873134417959e-01 1.828688492243514541e-01 1.772332466265524208e-23 8.644445324577082544e-21 5.293634622068265575e-04 0.000000000000000000e+00
8.166017873134417959e-01 1.828688492243514541e-01 1.772332466265524208e-23 8.644445324577082544e-21 5.293634622068265575e-04 0.000000000000000000e+00
8.166017873134417959e-01 1.828688492243514541e-01 1.772332466265524208e-23 8.644445324577082544e-21 5.293634622068265575e-04 0.000000000000000000e+00
8.166017873134417959e-01 1.828688492243514541e-01 1.772332466265524208e-23 8.644445324577082544e-21 5.293634622068265575e-04 0.000000000000000000e+00
8.166017873134417959e-01 1.828688492243514541e-01 1.772332466265524208e-23 8.644445324577082544e-21 5.293634622068265575e-04 0.000000000000000000e+00
8.166017873134417959e-01 1.828688492243514541e-01 1.772332466265524208e-23 8.644445324577082544e-21 5.293634622068265575e-04 0.000000000000000000e+00
8.166017873134417959e-01 1.828688492243514541e-01 1.772332466265524208e-23 8.644445324577082544e-21 5.293634622068265575e-04 0.000000000000000000e+00
8.166017873134417959e-01 1.828688492243514541e-01 1.772332466265524208e-23 8.644445324577082544e-21 5.293634622068265575e-04 0.000000000000000000e+00
8.166017873134417959e-01 1.828688492243514541e-01 1.772332466265524208e-23 8.644445324577082544e-21 5.293634622068265575e-04 0.000000000000000000e+00
8.166017873134417959e-01 1.828688492243514541e-01 1.772332466265524208e-23 8.644445324577082544e-21 5.293634622068265575e-04 0.000000000000000000e+00
8.166017873134417959e-01 1.828688492243514541e-01 1.772332466265524208e-23 8.644445324577082544e-21 5.293634622068265575e-04 0.000000000000000000e+00
8.166017873134417959e-01 1.828688492243514541e-01 1.772332466265524208e-23 8.644445324577082544e-21 5.293634622068265575e-04 0.000000000000000000e+00
8.166017873134417959e-01 1.828688492243514541e-01 1.772332466265524208e-23 8.644445324577082544e-21 5.293634622068265575e-04 0.000000000000000000e+00
8.166017873134417959e-01 1.828688492243514541e-01 1.772332466265524208e-23 8.644445324577082544e-21 5.293634622068265575e-04 0.000000000000000000e+00
8.166017873134417959e-01 1.828688492243514541e-01 1.772332466265524208e-23 8.644445324577082544e-21 5.293634622068265575e-04 0.000000000000000000e+00
8.166017873134417959e-01 1.828688492243514541e-01 1.772332466265524208e-23 8.644445324577082544e-21 5.293634622068265575e-04 0.000000000000000000e+00
8.166017873134417959e-01 1.828688492243514541e-01 1.772332466265524208e-23 8.644445324577082544e-21 5.293634622068265575e-04 0.000000000000000000e+00
8.166017873134417959e-01 1.828688492243514541e-01 1.772332466265524208e-23 8.644445324577082544e-21 5.293634622068265575e-04 0.000000000000000000e+00
8.166017873134417959e-01 1.828688492243514541e-01 1.772332466265524208e-23 8.644445324577082544e-21 5.293634622068265575e-04 0.000000000000000000e+00
8.166017873134417959e-01 1.828688492243514541e-01 1.772332466265524208e-23 8.644445324577082544e-21 5.293634622068265575e-04 0.000000000000000000e+00
8.166017873134417959e-01 1.828688492243514541e-01 1.772332466265524208e-23 8.644445324577082544e-21 5.293634622068265575e-04 0.000000000000000000e+00
8.166017873134417959e-01 1.828688492243514541e-01 1.772332466265524208e-23 8.644445324577082544e-21 5.293634622068265575e-04 0.000000000000000000e+00
8.166017873134417959e-01 1.828688492243514541e-01 1.772332466265524208e-23 8.644445324577082544e-21 5.293634622068265575e-04 0.000000000000000000e+00
8.166017873134417959e-01 1.828688492243514541e-01 1.772332466265524208e-23 8.644445324577082544e-21 5.293634622068265575e-04 0.000000000000000000e+00
8.166017873134417959e-01 1.828688492243514541e-01 1.772332466265524208e-23 8.644445324577082544e-21 5.293634622068265575e-04 0.000000000000000000e+00
8.166017873134417959e-01 1.828688492243514541e-01 1.772332466265524208e-23 8.644445324577082544e-21 5.293634622068265575e-04 0.000000000000000000e+00
8.166017873134417959e-01 1.828688492243514541e-01 1.772332466265524208e-23 8.644445324577082544e-21 5.293634622068265575e-04 0.000000000000000000e+00
8.166017873134417959e-01 1.828688492243514541e-01 1.772332466265524208e-23 8.644445324577082544e-21 5.293634622068265575e-04 0.000000000000000000e+00
8.166017873134417959e-01 1.828688492243514541e-01 1.772332466265524208e-23 8.644445324577082544e-21 5.293634622068265575e-04 0.000000000000000000e+00
8.166017873134417959e-01 1.828688492243514541e-01 1.772332466265524208e-23 8.644445324577082544e-21 5.293634622068265575e-04 0.000000000000000000e+00
8.166017873134417959e-01 1.828688492243514541e-01 1.772332466265524208e-23 8.644445324577082544e-21 5.293634622068265575e-04 0.000000000000000000e+00
8.166017873134417959e-01 1.828688492243514541e-01 1.772332466265524208e-23 8.644445324577082544e-21 5.293634622068265575e-04 0.000000000000000000e+00
8.166017873134417959e-01 1.828688492243514541e-01 1.772332466265524208e-23 8.644445324577082544e-21 5.293634622068265575e-04 0.000000000000000000e+00
8.166017873134417959e-01 1.828688492243514541e-01 1.772332466265524208e-23 8.644445324577082544e-21 5.293634622068265575e-04 0.000000000000000000e+00
8.166017873134417959e-01 1.828688492243514541e-01 1.772332466265524208e-23 8.644445324577082544e-21 5.293634622068265575e-04 0.000000000000000000e+00
8.166017873134417959e-01 1.828688492243514541e-01 1.772332466265524208e-23 8.644445324577082544e-21 5.293634622068265575e-04 0.000000000000000000e+00
8.166017873134417959e-01 1.828688492243514541e-01 1.772332466265524208e-23 8.644445324577082544e-21 5.293634622068265575e-04 0.000000000000000000e+00
8.166017873134417959e-01 1.828688492243514541e-01 1.772332466265524208e-23 8.644445324577082544e-21 5.293634622068265575e-04 0.000000000000000000e+00
8.166017873134417959e-01 1.828688492243514541e-01 1.772332466265524208e-23 8.644445324577082544e-21 5.293634622068265575e-04 0.000000000000000000e+00
8.166017873134417959e-01 1.828688492243514541e-01 1.772332466265524208e-23 8.644445324577082544e-21 5.293634622068265575e-04 0.000000000000000000e+00
8.166017873134417959e-01 1.828688492243514541e-01 1.772332466265524208e-23 8.644445324577082544e-21 5.293634622068265575e-04 0.000000000000000000e+00
8.166017873134417959e-01 1.828688492243514541e-01 1.772332466265524208e-23 8.644445324577082544e-21 5.293634622068265575e-04 0.000000000000000000e+00
8.166017873134417959e-01 1.828688492243514541e-01 1.772332466265524208e-23 8.644445324577082544e-21 5.293634622068265575e-04 0.000000000000000000e+00
8.166017873134417959e-01 1.828688492243514541e-01 1.772332466265524208e-23 8.644445324577082544e-21 5.293634622068265575e-04 0.000000000000000000e+00
8.166017873134417959e-01 1.828688492243514541e-01 1.772332466265524208e-23 8.644445324577082544e-21 5.293634622068265575e-04 0.000000000000000000e+00
8.166017873134417959e-01 1.828688492243514541e-01 1.772332466265524208e-23 8.644445324577082544e-21 5.293634622068265575e-04 0.000000000000000000e+00
8.166017873134417959e-01 1.828688492243514541e-01 1.772332466265524208e-23 8.644445324577082544e-21 5.293634622068265575e-04 0.000000000000000000e+00
8.166017873134417959e-01 1.828688492243514541e-01 1.772332466265524208e-23 8.644445324577082544e-21 5.293634622068265575e-04 0.000000000000000000e+00
8.166017873134417959e-01 1.828688492243514541e-01 1.772332466265524208e-23 8.644445324577082544e-21 5.293634622068265575e-04 0.000000000000000000e+00
8.166017873134417959e-01 1.828688492243514541e-01 1.772332466265524208e-23 8.644445324577082544e-21 5.293634622068265575e-04 0.000000000000000000e+00
8.166017873134417959e-01 1.828688492243514541e-01 1.772332466265524208e-23 8.644445324577082544e-21 5.293634622068265575e-04 0.000000000000000000e+00
8.166017873134417959e-01 1.828688492243514541e-01 1.772332466265524208e-23 8.644445324577082544e-21 5.293634622068265575e-04 0.000000000000000000e+00
8.166017873134417959e-01 1.828688492243514541e-01 1.772332466265524208e-23 8.644445324577082544e-21 5.293634622068265575e-04 0.000000000000000000e+00
8.166017873134417959e-01 1.828688492243514541e-01 1.772332466265524208e-23 8.644445324577082544e-21 5.293634622068265575e-04 0.000000000000000000e+00
8.166017873134417959e-01 1.828688492243514541e-01 1.772332466265524208e-23 8.644445324577082544e-21 5.293634622068265575e-04 0.000000000000000000e+00
8.166017873134417959e-01 1.828688492243514541e-01 1.772332466265524208e-23 8.644445324577082544e-21 5.293634622068265575e-04 0.000000000000000000e+00
8.166017873134417959e-01 1.828688492243514541e-01 1.772332466265524208e-23 8.644445324577082544e-21 5.293634622068265575e-04 0.000000000000000000e+00
8.166017873134417959e-01 1.828688492243514541e-01 1.772332466265524208e-23 8.644445324577082544e-21 5.293634622068265575e-04 0.000000000000000000e+00
8.166017873134417959e-01 1.828688492243514541e-01 1.772332466265524208e-23 8.644445324577082544e-21 5.293634622068265575e-04 0.000000000000000000e+00
8.166017873134417959e-01 1.828688492243514541e-01 1.772332466265524208e-23 8.644445324577082544e-21 5.293634622068265575e-04 0.000000000000000000e+00
8.166017873134417959e-01 1.828688492243514541e-01 1.772332466265524208e-23 8.644445324577082544e-21 5.293634622068265575e-04 0.000000000000000000e+00
8.166017873134417959e-01 1.828688492243514541e-01 1.772332466265524208e-23 8.644445324577082544e-21 5.293634622068265575e-04 0.000000000000000000e+00
8.166017873134417959e-01 1.828688492243514541e-01 1.772332466265524208e-23 8.644445324577082544e-21 5.293634622068265575e-04 0.000000000000000000e+00
8.166017873134417959e-01 1.828688492243514541e-01 1.772332466265524208e-23 8.644445324577082544e-21 5.293634622068265575e-04 0.000000000000000000e+00
8.166017873134417959e-01 1.828688492243514541e-01 1.772332466265524208e-23 8.644445324577082544e-21 5.293634622068265575e-04 0.000000000000000000e+00
8.166017873134417959e-01 1.828688492243514541e-01 1.772332466265524208e-23 8.644445324577082544e-21 5.293634622068265575e-04 0.000000000000000000e+00
8.166017873134417959e-01 1.828688492243514541e-01 1.772332466265524208e-23 8.644445324577082544e-21 5.293634622068265575e-04 0.000000000000000000e+00
8.166017873134417959e-01 1.828688492243514541e-01 1.772332466265524208e-23 8.644445324577082544e-21 5.293634622068265575e-04 0.000000000000000000e+00
8.166017873134417959e-01 1.828688492243514541e-01 1.772332466265524208e-23 8.644445324577082544e-21 5.293634622068265575e-04 0.000000000000000000e+00
8.166017873134417959e-01 1.828688492243514541e-01 1.772332466265524208e-23 8.644445324577082544e-21 5.293634622068265575e-04 0.000000000000000000e+00
8.166017873134417959e-01 1.828688492243514541e-01 1.772332466265524208e-23 8.644445324577082544e-21 5.293634622068265575e-04 0.000000000000000000e+00
8.166017873134417959e-01 1.828688492243514541e-01 1.772332466265524208e-23 8.644445324577082544e-21 5.293634622068265575e-04 0.000000000000000000e+00
8.166017873134417959e-01 1.828688492243514541e-01 1.772332466265524208e-23 8.644445324577082544e-21 5.293634622068265575e-04 0.000000000000000000e+00
8.166017873134417959e-01 1.828688492243514541e-01 1.772332466265524208e-23 8.644445324577082544e-21 5.293634622068265575e-04 0.000000000000000000e+00
8.166017873134417959e-01 1.828688492243514541e-01 1.772332466265524208e-23 8.644445324577082544e-21 5.293634622068265575e-04 0.000000000000000000e+00
8.166017873134417959e-01 1.828688492243514541e-01 1.772332466265524208e-23 8.644445324577082544e-21 5.293634622068265575e-04 0.000000000000000000e+00
8.166017873134417959e-01 1.828688492243514541e-01 1.772332466265524208e-23 8.644445324577082544e-21 5.293634622068265575e-04 0.000000000000000000e+00
8.166017873134417959e-01 1.828688492243514541e-01 1.772332466265524208e-23 8.644445324577082544e-21 5.293634622068265575e-04 0.000000000000000000e+00
8.166017873134417959e-01 1.828688492243514541e-01 1.772332466265524208e-23 8.644445324577082544e-21 5.293634622068265575e-04 0.000000000000000000e+00
8.166017873134417959e-01 1.828688492243514541e-01 1.772332466265524208e-23 8.644445324577082544e-21 5.293634622068265575e-04 0.000000000000000000e+00
8.166017873134417959e-01 1.828688492243514541e-01 1.772332466265524208e-23 8.644445324577082544e-21 5.293634622068265575e-04 0.000000000000000000e+00
8.166017873134417959e-01 1.828688492243514541e-01 1.772332466265524208e-23 8.644445324577082544e-21 5.293634622068265575e-04 0.000000000000000000e+00
8.166017873134417959e-01 1.828688492243514541e-01 1.772332466265524208e-23 8.644445324577082544e-21 5.293634622068265575e-04 0.000000000000000000e+00
8.166017873134417959e-01 1.828688492243514541e-01 1.772332466265524208e-23 8.644445324577082544e-21 5.293634622068265575e-04 0.000000000000000000e+00
8.166017873134417959e-01 1.828688492243514541e-01 1.772332466265524208e-23 8.644445324577082544e-21 5.293634622068265575e-04 0.000000000000000000e+00
8.166017873134417959e-01 1.828688492243514541e-01 1.772332466265524208e-23 8.644445324577082544e-21 5.293634622068265575e-04 0.000000000000000000e+00
8.166017873134417959e-01 1.828688492243514541e-01 1.772332466265524208e-23 8.644445324577082544e-21 5.293634622068265575e-04 0.000000000000000000e+00
8.166017873134417959e-01 1.828688492243514541e-01 1.772332466265524208e-23 8.644445324577082544e-21 5.293634622068265575e-04 0.000000000000000000e+00
8.166017873134417959e-01 1.828688492243514541e-01 1.772332466265524208e-23 8.644445324577082544e-21 5.293634622068265575e-04 0.000000000000000000e+00
8.166017873134417959e-01 1.828688492243514541e-01 1.772332466265524208e-23 8.644445324577082544e-21 5.293634622068265575e-04 0.000000000000000000e+00
8.166017873134417959e-01 1.828688492243514541e-01 1.772332466265524208e-23 8.644445324577082544e-21 5.293634622068265575e-04 0.000000000000000000e+00
8.166017873134417959e-01 1.828688492243514541e-01 1.772332466265524208e-23 8.644445324577082544e-21 5.293634622068265575e-04 0.000000000000000000e+00
8.166017873134417959e-01 1.828688492243514541e-01 1.772332466265524208e-23 8.644445324577082544e-21 5.293634622068265575e-04 0.000000000000000000e+00
8.166017873134417959e-01 1.828688492243514541e-01 1.772332466265524208e-23 8.644445324577082544e-21 5.293634622068265575e-04 0.000000000000000000e+00
8.166017873134417959e-01 1.828688492243514541e-01 1.772332466265524208e-23 8.644445324577082544e-21 5.293634622068265575e-04 0.000000000000000000e+00
8.166017873134417959e-01 1.828688492243514541e-01 1.772332466265524208e-23 8.644445324577082544e-21 5.293634622068265575e-04 0.000000000000000000e+00
8.166017873134417959e-01 1.828688492243514541e-01 1.772332466265524208e-23 8.644445324577082544e-21 5.293634622068265575e-04 0.000000000000000000e+00
8.166017873134417959e-01 1.828688492243514541e-01 1.772332466265524208e-23 8.644445324577082544e-21 5.293634622068265575e-04 0.000000000000000000e+00
8.166017873134417959e-01 1.828688492243514541e-01 1.772332466265524208e-23 8.644445324577082544e-21 5.293634622068265575e-04 0.000000000000000000e+00
8.166017873134417959e-01 1.828688492243514541e-01 1.772332466265524208e-23 8.644445324577082544e-21 5.293634622068265575e-04 0.000000000000000000e+00
8.166017873134417959e-01 1.828688492243514541e-01 1.772332466265524208e-23 8.644445324577082544e-21 5.293634622068265575e-04 0.000000000000000000e+00
8.166017873134417959e-01 1.828688492243514541e-01 1.772332466265524208e-23 8.644445324577082544e-21 5.293634622068265575e-04 0.000000000000000000e+00
8.166017873134417959e-01 1.828688492243514541e-01 1.772332466265524208e-23 8.644445324577082544e-21 5.293634622068265575e-04 0.000000000000000000e+00
8.166017873134417959e-01 1.828688492243514541e-01 1.772332466265524208e-23 8.644445324577082544e-21 5.293634622068265575e-04 0.000000000000000000e+00
8.166017873134417959e-01 1.828688492243514541e-01 1.772332466265524208e-23 8.644445324577082544e-21 5.293634622068265575e-04 0.000000000000000000e+00
8.166017873134417959e-01 1.828688492243514541e-01 1.772332466265524208e-23 8.644445324577082544e-21 5.293634622068265575e-04 0.000000000000000000e+00
8.166017873134417959e-01 1.828688492243514541e-01 1.772332466265524208e-23 8.644445324577082544e-21 5.293634622068265575e-04 0.000000000000000000e+00
8.166017873134417959e-01 1.828688492243514541e-01 1.772332466265524208e-23 8.644445324577082544e-21 5.293634622068265575e-04 0.000000000000000000e+00
8.166017873134417959e-01 1.828688492243514541e-01 1.772332466265524208e-23 8.644445324577082544e-21 5.293634622068265575e-04 0.000000000000000000e+00
8.166017873134417959e-01 1.828688492243514541e-01 1.772332466265524208e-23 8.644445324577082544e-21 5.293634622068265575e-04 0.000000000000000000e+00
8.166017873134417959e-01 1.828688492243514541e-01 1.772332466265524208e-23 8.644445324577082544e-21 5.293634622068265575e-04 0.000000000000000000e+00
8.166017873134417959e-01 1.828688492243514541e-01 1.772332466265524208e-23 8.644445324577082544e-21 5.293634622068265575e-04 0.000000000000000000e+00
8.166017873134417959e-01 1.828688492243514541e-01 1.772332466265524208e-23 8.644445324577082544e-21 5.293634622068265575e-04 0.000000000000000000e+00
8.166017873134417959e-01 1.828688492243514541e-01 1.772332466265524208e-23 8.644445324577082544e-21 5.293634622068265575e-04 0.000000000000000000e+00
8.166017873134417959e-01 1.828688492243514541e-01 1.772332466265524208e-23 8.644445324577082544e-21 5.293634622068265575e-04 0.000000000000000000e+00
8.166017873134417959e-01 1.828688492243514541e-01 1.772332466265524208e-23 8.644445324577082544e-21 5.293634622068265575e-04 0.000000000000000000e+00
8.166017873134417959e-01 1.828688492243514541e-01 1.772332466265524208e-23 8.644445324577082544e-21 5.293634622068265575e-04 0.000000000000000000e+00
8.166017873134417959e-01 1.828688492243514541e-01 1.772332466265524208e-23 8.644445324577082544e-21 5.293634622068265575e-04 0.000000000000000000e+00
8.166017873134417959e-01 1.828688492243514541e-01 1.772332466265524208e-23 8.644445324577082544e-21 5.293634622068265575e-04 0.000000000000000000e+00
8.166017873134417959e-01 1.828688492243514541e-01 1.772332466265524208e-23 8.644445324577082544e-21 5.293634622068265575e-04 0.000000000000000000e+00
8.166017873134417959e-01 1.828688492243514541e-01 1.772332466265524208e-23 8.644445324577082544e-21 5.293634622068265575e-04 0.000000000000000000e+00
8.166017873134417959e-01 1.828688492243514541e-01 1.772332466265524208e-23 8.644445324577082544e-21 5.293634622068265575e-04 0.000000000000000000e+00
8.166017873134417959e-01 1.828688492243514541e-01 1.772332466265524208e-23 8.644445324577082544e-21 5.293634622068265575e-04 0.000000000000000000e+00
8.166017873134417959e-01 1.828688492243514541e-01 1.772332466265524208e-23 8.644445324577082544e-21 5.293634622068265575e-04 0.000000000000000000e+00
8.166017873134417959e-01 1.828688492243514541e-01 1.772332466265524208e-23 8.644445324577082544e-21 5.293634622068265575e-04 0.000000000000000000e+00
8.166017873134417959e-01 1.828688492243514541e-01 1.772332466265524208e-23 8.644445324577082544e-21 5.293634622068265575e-04 0.000000000000000000e+00
8.166017873134417959e-01 1.828688492243514541e-01 1.772332466265524208e-23 8.644445324577082544e-21 5.293634622068265575e-04 0.000000000000000000e+00
8.166017873134417959e-01 1.828688492243514541e-01 1.772332466265524208e-23 8.644445324577082544e-21 5.293634622068265575e-04 0.000000000000000000e+00
8.166017873134417959e-01 1.828688492243514541e-01 1.772332466265524208e-23 8.644445324577082544e-21 5.293634622068265575e-04 0.000000000000000000e+00
8.166017873134417959e-01 1.828688492243514541e-01 1.772332466265524208e-23 8.644445324577082544e-21 5.293634622068265575e-04 0.000000000000000000e+00
8.166017873134417959e-01 1.828688492243514541e-01 1.772332466265524208e-23 8.644445324577082544e-21 5.293634622068265575e-04 0.000000000000000000e+00
8.166017873134417959e-01 1.828688492243514541e-01 1.772332466265524208e-23 8.644445324577082544e-21 5.293634622068265575e-04 0.000000000000000000e+00
8.166017873134417959e-01 1.828688492243514541e-01 1.772332466265524208e-23 8.644445324577082544e-21 5.293634622068265575e-04 0.000000000000000000e+00
8.166017873134417959e-01 1.828688492243514541e-01 1.772332466265524208e-23 8.644445324577082544e-21 5.293634622068265575e-04 0.000000000000000000e+00
8.166017873134417959e-01 1.828688492243514541e-01 1.772332466265524208e-23 8.644445324577082544e-21 5.293634622068265575e-04 0.000000000000000000e+00
8.166017873134417959e-01 1.828688492243514541e-01 1.772332466265524208e-23 8.644445324577082544e-21 5.293634622068265575e-04 0.000000000000000000e+00
8.166017873134417959e-01 1.828688492243514541e-01 1.772332466265524208e-23 8.644445324577082544e-21 5.293634622068265575e-04 0.000000000000000000e+00
8.166017873134417959e-01 1.828688492243514541e-01 1.772332466265524208e-23 8.644445324577082544e-21 5.293634622068265575e-04 0.000000000000000000e+00
8.166017873134417959e-01 1.828688492243514541e-01 1.772332466265524208e-23 8.644445324577082544e-21 5.293634622068265575e-04 0.000000000000000000e+00
8.166017873134417959e-01 1.828688492243514541e-01 1.772332466265524208e-23 8.644445324577082544e-21 5.293634622068265575e-04 0.000000000000000000e+00
8.166017873134417959e-01 1.828688492243514541e-01 1.772332466265524208e-23 8.644445324577082544e-21 5.293634622068265575e-04 0.000000000000000000e+00
8.166017873134417959e-01 1.828688492243514541e-01 1.772332466265524208e-23 8.644445324577082544e-21 5.293634622068265575e-04 0.000000000000000000e+00
8.166017873134417959e-01 1.828688492243514541e-01 1.772332466265524208e-23 8.644445324577082544e-21 5.293634622068265575e-04 0.000000000000000000e+00
8.166017873134417959e-01 1.828688492243514541e-01 1.772332466265524208e-23 8.644445324577082544e-21 5.293634622068265575e-04 0.000000000000000000e+00
8.166017873134417959e-01 1.828688492243514541e-01 1.772332466265524208e-23 8.644445324577082544e-21 5.293634622068265575e-04 0.000000000000000000e+00
8.166017873134417959e-01 1.828688492243514541e-01 1.772332466265524208e-23 8.644445324577082544e-21 5.293634622068265575e-04 0.000000000000000000e+00
8.166017873134417959e-01 1.828688492243514541e-01 1.772332466265524208e-23 8.644445324577082544e-21 5.293634622068265575e-04 0.000000000000000000e+00
8.166017873134417959e-01 1.828688492243514541e-01 1.772332466265524208e-23 8.644445324577082544e-21 5.293634622068265575e-04 0.000000000000000000e+00
8.166017873134417959e-01 1.828688492243514541e-01 1.772332466265524208e-23 8.644445324577082544e-21 5.293634622068265575e-04 0.000000000000000000e+00
8.166017873134417959e-01 1.828688492243514541e-01 1.772332466265524208e-23 8.644445324577082544e-21 5.293634622068265575e-04 0.000000000000000000e+00
8.166017873134417959e-01 1.828688492243514541e-01 1.772332466265524208e-23 8.644445324577082544e-21 5.293634622068265575e-04 0.000000000000000000e+00
8.166017873134417959e-01 1.828688492243514541e-01 1.772332466265524208e-23 8.644445324577082544e-21 5.293634622068265575e-04 0.000000000000000000e+00
8.166017873134417959e-01 1.828688492243514541e-01 1.772332466265524208e-23 8.644445324577082544e-21 5.293634622068265575e-04 0.000000000000000000e+00
8.166017873134417959e-01 1.828688492243514541e-01 1.772332466265524208e-23 8.644445324577082544e-21 5.293634622068265575e-04 0.000000000000000000e+00
8.166017873134417959e-01 1.828688492243514541e-01 1.772332466265524208e-23 8.644445324577082544e-21 5.293634622068265575e-04 0.000000000000000000e+00
8.166017873134417959e-01 1.828688492243514541e-01 1.772332466265524208e-23 8.644445324577082544e-21 5.293634622068265575e-04 0.000000000000000000e+00
8.166017873134417959e-01 1.828688492243514541e-01 1.772332466265524208e-23 8.644445324577082544e-21 5.293634622068265575e-04 0.000000000000000000e+00
8.166017873134417959e-01 1.828688492243514541e-01 1.772332466265524208e-23 8.644445324577082544e-21 5.293634622068265575e-04 0.000000000000000000e+00
8.166017873134417959e-01 1.828688492243514541e-01 1.772332466265524208e-23 8.644445324577082544e-21 5.293634622068265575e-04 0.000000000000000000e+00
8.166017873134417959e-01 1.828688492243514541e-01 1.772332466265524208e-23 8.644445324577082544e-21 5.293634622068265575e-04 0.000000000000000000e+00
8.166017873134417959e-01 1.828688492243514541e-01 1.772332466265524208e-23 8.644445324577082544e-21 5.293634622068265575e-04 0.000000000000000000e+00
8.166017873134417959e-01 1.828688492243514541e-01 1.772332466265524208e-23 8.644445324577082544e-21 5.293634622068265575e-04 0.000000000000000000e+00
8.166017873134417959e-01 1.828688492243514541e-01 1.772332466265524208e-23 8.644445324577082544e-21 5.293634622068265575e-04 0.000000000000000000e+00
8.166017873134417959e-01 1.828688492243514541e-01 1.772332466265524208e-23 8.644445324577082544e-21 5.293634622068265575e-04 0.000000000000000000e+00
8.166017873134417959e-01 1.828688492243514541e-01 1.772332466265524208e-23 8.644445324577082544e-21 5.293634622068265575e-04 0.000000000000000000e+00
8.166017873134417959e-01 1.828688492243514541e-01 1.772332466265524208e-23 8.644445324577082544e-21 5.293634622068265575e-04 0.000000000000000000e+00
8.166017873134417959e-01 1.828688492243514541e-01 1.772332466265524208e-23 8.644445324577082544e-21 5.293634622068265575e-04 0.000000000000000000e+00
8.166017873134417959e-01 1.828688492243514541e-01 1.772332466265524208e-23 8.644445324577082544e-21 5.293634622068265575e-04 0.000000000000000000e+00
8.166017873134417959e-01 1.828688492243514541e-01 1.772332466265524208e-23 8.644445324577082544e-21 5.293634622068265575e-04 0.000000000000000000e+00
8.166017873134417959e-01 1.828688492243514541e-01 1.772332466265524208e-23 8.644445324577082544e-21 5.293634622068265575e-04 0.000000000000000000e+00
8.166017873134417959e-01 1.828688492243514541e-01 1.772332466265524208e-23 8.644445324577082544e-21 5.293634622068265575e-04 0.000000000000000000e+00
8.166017873134417959e-01 1.828688492243514541e-01 1.772332466265524208e-23 8.644445324577082544e-21 5.293634622068265575e-04 0.000000000000000000e+00
8.166017873134417959e-01 1.828688492243514541e-01 1.772332466265524208e-23 8.644445324577082544e-21 5.293634622068265575e-04 0.000000000000000000e+00
8.166017873134417959e-01 1.828688492243514541e-01 1.772332466265524208e-23 8.644445324577082544e-21 5.293634622068265575e-04 0.000000000000000000e+00
8.166017873134417959e-01 1.828688492243514541e-01 1.772332466265524208e-23 8.644445324577082544e-21 5.293634622068265575e-04 0.000000000000000000e+00
8.166017873134417959e-01 1.828688492243514541e-01 1.772332466265524208e-23 8.644445324577082544e-21 5.293634622068265575e-04 0.000000000000000000e+00
8.166017873134417959e-01 1.828688492243514541e-01 1.772332466265524208e-23 8.644445324577082544e-21 5.293634622068265575e-04 0.000000000000000000e+00
8.166017873134417959e-01 1.828688492243514541e-01 1.772332466265524208e-23 8.644445324577082544e-21 5.293634622068265575e-04 0.000000000000000000e+00
8.166017873134417959e-01 1.828688492243514541e-01 1.772332466265524208e-23 8.644445324577082544e-21 5.293634622068265575e-04 0.000000000000000000e+00
8.166017873134417959e-01 1.828688492243514541e-01 1.772332466265524208e-23 8.644445324577082544e-21 5.293634622068265575e-04 0.000000000000000000e+00
8.166017873134417959e-01 1.828688492243514541e-01 1.772332466265524208e-23 8.644445324577082544e-21 5.293634622068265575e-04 0.000000000000000000e+00
8.166017873134417959e-01 1.828688492243514541e-01 1.772332466265524208e-23 8.644445324577082544e-21 5.293634622068265575e-04 0.000000000000000000e+00
8.166017873134417959e-01 1.828688492243514541e-01 1.772332466265524208e-23 8.644445324577082544e-21 5.293634622068265575e-04 0.000000000000000000e+00
8.166017873134417959e-01 1.828688492243514541e-01 1.772332466265524208e-23 8.644445324577082544e-21 5.293634622068265575e-04 0.000000000000000000e+00
8.166017873134417959e-01 1.828688492243514541e-01 1.772332466265524208e-23 8.644445324577082544e-21 5.293634622068265575e-04 0.000000000000000000e+00
8.166017873134417959e-01 1.828688492243514541e-01 1.772332466265524208e-23 8.644445324577082544e-21 5.293634622068265575e-04 0.000000000000000000e+00
8.166017873134417959e-01 1.828688492243514541e-01 1.772332466265524208e-23 8.644445324577082544e-21 5.293634622068265575e-04 0.000000000000000000e+00
8.166017873134417959e-01 1.828688492243514541e-01 1.772332466265524208e-23 8.644445324577082544e-21 5.293634622068265575e-04 0.000000000000000000e+00
8.166017873134417959e-01 1.828688492243514541e-01 1.772332466265524208e-23 8.644445324577082544e-21 5.293634622068265575e-04 0.000000000000000000e+00
8.166017873134417959e-01 1.828688492243514541e-01 1.772332466265524208e-23 8.644445324577082544e-21 5.293634622068265575e-04 0.000000000000000000e+00
8.166017873134417959e-01 1.828688492243514541e-01 1.772332466265524208e-23 8.644445324577082544e-21 5.293634622068265575e-04 0.000000000000000000e+00
8.166017873134417959e-01 1.828688492243514541e-01 1.772332466265524208e-23 8.644445324577082544e-21 5.293634622068265575e-04 0.000000000000000000e+00
8.166017873134417959e-01 1.828688492243514541e-01 1.772332466265524208e-23 8.644445324577082544e-21 5.293634622068265575e-04 0.000000000000000000e+00
8.166017873134417959e-01 1.828688492243514541e-01 1.772332466265524208e-23 8.644445324577082544e-21 5.293634622068265575e-04 0.000000000000000000e+00
8.166017873134417959e-01 1.828688492243514541e-01 1.772332466265524208e-23 8.644445324577082544e-21 5.293634622068265575e-04 0.000000000000000000e+00
8.166017873134417959e-01 1.828688492243514541e-01 1.772332466265524208e-23 8.644445324577082544e-21 5.293634622068265575e-04 0.000000000000000000e+00
8.166017873134417959e-01 1.828688492243514541e-01 1.772332466265524208e-23 8.644445324577082544e-21 5.293634622068265575e-04 0.000000000000000000e+00
8.166017873134417959e-01 1.828688492243514541e-01 1.772332466265524208e-23 8.644445324577082544e-21 5.293634622068265575e-04 0.000000000000000000e+00
8.166017873134417959e-01 1.828688492243514541e-01 1.772332466265524208e-23 8.644445324577082544e-21 5.293634622068265575e-04 0.000000000000000000e+00
8.166017873134417959e-01 1.828688492243514541e-01 1.772332466265524208e-23 8.644445324577082544e-21 5.293634622068265575e-04 0.000000000000000000e+00
8.166017873134417959e-01 1.828688492243514541e-01 1.772332466265524208e-23 8.644445324577082544e-21 5.293634622068265575e-04 0.000000000000000000e+00
8.166017873134417959e-01 1.828688492243514541e-01 1.772332466265524208e-23 8.644445324577082544e-21 5.293634622068265575e-04 0.000000000000000000e+00
8.166017873134417959e-01 1.828688492243514541e-01 1.772332466265524208e-23 8.644445324577082544e-21 5.293634622068265575e-04 0.000000000000000000e+00
8.166017873134417959e-01 1.828688492243514541e-01 1.772332466265524208e-23 8.644445324577082544e-21 5.293634622068265575e-04 0.000000000000000000e+00
8.166017873134417959e-01 1.828688492243514541e-01 1.772332466265524208e-23 8.644445324577082544e-21 5.293634622068265575e-04 0.000000000000000000e+00
8.166017873134417959e-01 1.828688492243514541e-01 1.772332466265524208e-23 8.644445324577082544e-21 5.293634622068265575e-04 0.000000000000000000e+00
8.166017873134417959e-01 1.828688492243514541e-01 1.772332466265524208e-23 8.644445324577082544e-21 5.293634622068265575e-04 0.000000000000000000e+00
8.166017873134417959e-01 1.828688492243514541e-01 1.772332466265524208e-23 8.644445324577082544e-21 5.293634622068265575e-04 0.000000000000000000e+00
8.166017873134417959e-01 1.828688492243514541e-01 1.772332466265524208e-23 8.644445324577082544e-21 5.293634622068265575e-04 0.000000000000000000e+00
8.166017873134417959e-01 1.828688492243514541e-01 1.772332466265524208e-23 8.644445324577082544e-21 5.293634622068265575e-04 0.000000000000000000e+00
8.166017873134417959e-01 1.828688492243514541e-01 1.772332466265524208e-23 8.644445324577082544e-21 5.293634622068265575e-04 0.000000000000000000e+00
8.166017873134417959e-01 1.828688492243514541e-01 1.772332466265524208e-23 8.644445324577082544e-21 5.293634622068265575e-04 0.000000000000000000e+00
8.166017873134417959e-01 1.828688492243514541e-01 1.772332466265524208e-23 8.644445324577082544e-21 5.293634622068265575e-04 0.000000000000000000e+00
8.166017873134417959e-01 1.828688492243514541e-01 1.772332466265524208e-23 8.644445324577082544e-21 5.293634622068265575e-04 0.000000000000000000e+00
8.166017873134417959e-01 1.828688492243514541e-01 1.772332466265524208e-23 8.644445324577082544e-21 5.293634622068265575e-04 0.000000000000000000e+00
8.166017873134417959e-01 1.828688492243514541e-01 1.772332466265524208e-23 8.644445324577082544e-21 5.293634622068265575e-04 0.000000000000000000e+00
8.166017873134417959e-01 1.828688492243514541e-01 1.772332466265524208e-23 8.644445324577082544e-21 5.293634622068265575e-04 0.000000000000000000e+00
8.166017873134417959e-01 1.828688492243514541e-01 1.772332466265524208e-23 8.644445324577082544e-21 5.293634622068265575e-04 0.000000000000000000e+00
8.166017873134417959e-01 1.828688492243514541e-01 1.772332466265524208e-23 8.644445324577082544e-21 5.293634622068265575e-04 0.000000000000000000e+00
8.166017873134417959e-01 1.828688492243514541e-01 1.772332466265524208e-23 8.644445324577082544e-21 5.293634622068265575e-04 0.000000000000000000e+00
8.166017873134417959e-01 1.828688492243514541e-01 1.772332466265524208e-23 8.644445324577082544e-21 5.293634622068265575e-04 0.000000000000000000e+00
8.166017873134417959e-01 1.828688492243514541e-01 1.772332466265524208e-23 8.644445324577082544e-21 5.293634622068265575e-04 0.000000000000000000e+00
8.166017873134417959e-01 1.828688492243514541e-01 1.772332466265524208e-23 8.644445324577082544e-21 5.293634622068265575e-04 0.000000000000000000e+00
8.166017873134417959e-01 1.828688492243514541e-01 1.772332466265524208e-23 8.644445324577082544e-21 5.293634622068265575e-04 0.000000000000000000e+00
8.166017873134417959e-01 1.828688492243514541e-01 1.772332466265524208e-23 8.644445324577082544e-21 5.293634622068265575e-04 0.000000000000000000e+00
8.166017873134417959e-01 1.828688492243514541e-01 1.772332466265524208e-23 8.644445324577082544e-21 5.293634622068265575e-04 0.000000000000000000e+00
8.166017873134417959e-01 1.828688492243514541e-01 1.772332466265524208e-23 8.644445324577082544e-21 5.293634622068265575e-04 0.000000000000000000e+00
8.166017873134417959e-01 1.828688492243514541e-01 1.772332466265524208e-23 8.644445324577082544e-21 5.293634622068265575e-04 0.000000000000000000e+00
8.166017873134417959e-01 1.828688492243514541e-01 1.772332466265524208e-23 8.644445324577082544e-21 5.293634622068265575e-04 0.000000000000000000e+00
8.166017873134417959e-01 1.828688492243514541e-01 1.772332466265524208e-23 8.644445324577082544e-21 5.293634622068265575e-04 0.000000000000000000e+00
8.166017873134417959e-01 1.828688492243514541e-01 1.772332466265524208e-23 8.644445324577082544e-21 5.293634622068265575e-04 0.000000000000000000e+00
8.166017873134417959e-01 1.828688492243514541e-01 1.772332466265524208e-23 8.644445324577082544e-21 5.293634622068265575e-04 0.000000000000000000e+00
8.166017873134417959e-01 1.828688492243514541e-01 1.772332466265524208e-23 8.644445324577082544e-21 5.293634622068265575e-04 0.000000000000000000e+00
8.166017873134417959e-01 1.828688492243514541e-01 1.772332466265524208e-23 8.644445324577082544e-21 5.293634622068265575e-04 0.000000000000000000e+00
8.166017873134417959e-01 1.828688492243514541e-01 1.772332466265524208e-23 8.644445324577082544e-21 5.293634622068265575e-04 0.000000000000000000e+00
8.166017873134417959e-01 1.828688492243514541e-01 1.772332466265524208e-23 8.644445324577082544e-21 5.293634622068265575e-04 0.000000000000000000e+00
8.166017873134417959e-01 1.828688492243514541e-01 1.772332466265524208e-23 8.644445324577082544e-21 5.293634622068265575e-04 0.000000000000000000e+00
8.166017873134417959e-01 1.828688492243514541e-01 1.772332466265524208e-23 8.644445324577082544e-21 5.293634622068265575e-04 0.000000000000000000e+00
8.166017873134417959e-01 1.828688492243514541e-01 1.772332466265524208e-23 8.644445324577082544e-21 5.293634622068265575e-04 0.000000000000000000e+00
8.166017873134417959e-01 1.828688492243514541e-01 1.772332466265524208e-23 8.644445324577082544e-21 5.293634622068265575e-04 0.000000000000000000e+00
8.166017873134417959e-01 1.828688492243514541e-01 1.772332466265524208e-23 8.644445324577082544e-21 5.293634622068265575e-04 0.000000000000000000e+00
8.166017873134417959e-01 1.828688492243514541e-01 1.772332466265524208e-23 8.644445324577082544e-21 5.293634622068265575e-04 0.000000000000000000e+00
8.166017873134417959e-01 1.828688492243514541e-01 1.772332466265524208e-23 8.644445324577082544e-21 5.293634622068265575e-04 0.000000000000000000e+00
8.166017873134417959e-01 1.828688492243514541e-01 1.772332466265524208e-23 8.644445324577082544e-21 5.293634622068265575e-04 0.000000000000000000e+00
8.166017873134417959e-01 1.828688492243514541e-01 1.772332466265524208e-23 8.644445324577082544e-21 5.293634622068265575e-04 0.000000000000000000e+00
8.166017873134417959e-01 1.828688492243514541e-01 1.772332466265524208e-23 8.644445324577082544e-21 5.293634622068265575e-04 0.000000000000000000e+00
8.166017873134417959e-01 1.828688492243514541e-01 1.772332466265524208e-23 8.644445324577082544e-21 5.293634622068265575e-04 0.000000000000000000e+00
8.166017873134417959e-01 1.828688492243514541e-01 1.772332466265524208e-23 8.644445324577082544e-21 5.293634622068265575e-04 0.000000000000000000e+00
8.166017873134417959e-01 1.828688492243514541e-01 1.772332466265524208e-23 8.644445324577082544e-21 5.293634622068265575e-04 0.000000000000000000e+00
8.166017873134417959e-01 1.828688492243514541e-01 1.772332466265524208e-23 8.644445324577082544e-21 5.293634622068265575e-04 0.000000000000000000e+00
8.166017873134417959e-01 1.828688492243514541e-01 1.772332466265524208e-23 8.644445324577082544e-21 5.293634622068265575e-04 0.000000000000000000e+00
8.166017873134417959e-01 1.828688492243514541e-01 1.772332466265524208e-23 8.644445324577082544e-21 5.293634622068265575e-04 0.000000000000000000e+00
8.166017873134417959e-01 1.828688492243514541e-01 1.772332466265524208e-23 8.644445324577082544e-21 5.293634622068265575e-04 0.000000000000000000e+00
8.166017873134417959e-01 1.828688492243514541e-01 1.772332466265524208e-23 8.644445324577082544e-21 5.293634622068265575e-04 0.000000000000000000e+00
8.166017873134417959e-01 1.828688492243514541e-01 1.772332466265524208e-23 8.644445324577082544e-21 5.293634622068265575e-04 0.000000000000000000e+00
8.166017873134417959e-01 1.828688492243514541e-01 1.772332466265524208e-23 8.644445324577082544e-21 5.293634622068265575e-04 0.000000000000000000e+00
8.166017873134417959e-01 1.828688492243514541e-01 1.772332466265524208e-23 8.644445324577082544e-21 5.293634622068265575e-04 0.000000000000000000e+00
8.166017873134417959e-01 1.828688492243514541e-01 1.772332466265524208e-23 8.644445324577082544e-21 5.293634622068265575e-04 0.000000000000000000e+00
8.166017873134417959e-01 1.828688492243514541e-01 1.772332466265524208e-23 8.644445324577082544e-21 5.293634622068265575e-04 0.000000000000000000e+00
8.166017873134417959e-01 1.828688492243514541e-01 1.772332466265524208e-23 8.644445324577082544e-21 5.293634622068265575e-04 0.000000000000000000e+00
8.166017873134417959e-01 1.828688492243514541e-01 1.772332466265524208e-23 8.644445324577082544e-21 5.293634622068265575e-04 0.000000000000000000e+00
8.166017873134417959e-01 1.828688492243514541e-01 1.772332466265524208e-23 8.644445324577082544e-21 5.293634622068265575e-04 0.000000000000000000e+00
8.166017873134417959e-01 1.828688492243514541e-01 1.772332466265524208e-23 8.644445324577082544e-21 5.293634622068265575e-04 0.000000000000000000e+00
8.166017873134417959e-01 1.828688492243514541e-01 1.772332466265524208e-23 8.644445324577082544e-21 5.293634622068265575e-04 0.000000000000000000e+00
8.166017873134417959e-01 1.828688492243514541e-01 1.772332466265524208e-23 8.644445324577082544e-21 5.293634622068265575e-04 0.000000000000000000e+00
8.166017873134417959e-01 1.828688492243514541e-01 1.772332466265524208e-23 8.644445324577082544e-21 5.293634622068265575e-04 0.000000000000000000e+00
8.166017873134417959e-01 1.828688492243514541e-01 1.772332466265524208e-23 8.644445324577082544e-21 5.293634622068265575e-04 0.000000000000000000e+00
8.166017873134417959e-01 1.828688492243514541e-01 1.772332466265524208e-23 8.644445324577082544e-21 5.293634622068265575e-04 0.000000000000000000e+00
8.166017873134417959e-01 1.828688492243514541e-01 1.772332466265524208e-23 8.644445324577082544e-21 5.293634622068265575e-04 0.000000000000000000e+00
8.166017873134417959e-01 1.828688492243514541e-01 1.772332466265524208e-23 8.644445324577082544e-21 5.293634622068265575e-04 0.000000000000000000e+00
8.166017873134417959e-01 1.828688492243514541e-01 1.772332466265524208e-23 8.644445324577082544e-21 5.293634622068265575e-04 0.000000000000000000e+00
8.166017873134417959e-01 1.828688492243514541e-01 1.772332466265524208e-23 8.644445324577082544e-21 5.293634622068265575e-04 0.000000000000000000e+00
8.166017873134417959e-01 1.828688492243514541e-01 1.772332466265524208e-23 8.644445324577082544e-21 5.293634622068265575e-04 0.000000000000000000e+00
