9.240176011343453899e-01 7.539162163026803809e-02 6.830370199985732423e-16 2.039273222570416007e-15 5.907772353838957637e-04 0.000000000000000000e+00
9.240175974995243902e-01 7.539162516653022394e-02 4.522271083454173829e-16 1.469364150727080592e-15 5.907773339433127933e-04 0.000000000000000000e+00
9.240175974995243902e-01 7.539162516653022394e-02 2.714168064167146726e-16 9.791686917518767912e-16 5.907773339439839145e-04 0.000000000000000000e+00
9.240175974995243902e-01 7.539162516653022394e-02 1.615967065175260580e-16 6.482924429277012363e-16 5.907773339444255100e-04 0.000000000000000000e+00
9.240175974995243902e-01 7.539162516653019619e-02 9.543328978637333989e-17 4.264164872273857207e-16 5.907773339447136909e-04 0.000000000000000000e+00
9.240175974995245012e-01 7.539162516653022394e-02 5.589516469983963494e-17 2.786083550737579577e-16 5.907773339449009327e-04 0.000000000000000000e+00
9.240175974995242791e-01 7.539162516653019619e-02 3.246727631079310135e-17 1.808187040461039050e-16 5.907773339450223633e-04 0.000000000000000000e+00
9.240175974995243902e-01 7.539162516653019619e-02 1.869923219135817407e-17 1.165488255954167349e-16 5.907773339451003174e-04 0.000000000000000000e+00
9.240175974995245012e-01 7.539162516653022394e-02 1.067754367108224894e-17 7.460328440433086623e-17 5.907773339451504076e-04 0.000000000000000000e+00
9.240175974995243902e-01 7.539162516653019619e-02 6.044434577220897679e-18 4.742055731435828775e-17 5.907773339451825000e-04 0.000000000000000000e+00
9.240175974995243902e-01 7.539162516653022394e-02 3.391731813839533771e-18 2.992878875030495895e-17 5.907773339452023409e-04 0.000000000000000000e+00
9.240175974995245012e-01 7.539162516653022394e-02 1.886312749784012797e-18 1.875342600166899888e-17 5.907773339452150260e-04 0.000000000000000000e+00
9.240175974995245012e-01 7.539162516653022394e-02 1.039626629205068451e-18 1.166531581065662151e-17 5.907773339452234828e-04 0.000000000000000000e+00
9.240175974995245012e-01 7.539162516653022394e-02 5.677588367642216361e-19 7.202732433713948428e-18 5.907773339452283617e-04 0.000000000000000000e+00
9.240175974995245012e-01 7.539162516653022394e-02 3.072016665974738094e-19 4.414104843539204818e-18 5.907773339452313975e-04 0.000000000000000000e+00
9.240175974995243902e-01 7.539162516653022394e-02 1.646658685320242372e-19 2.684662274486110371e-18 5.907773339452332406e-04 0.000000000000000000e+00
9.240175974995243902e-01 7.539162516653022394e-02 8.742832964325744909e-20 1.620302933999493837e-18 5.907773339452344332e-04 0.000000000000000000e+00
9.240175974995245012e-01 7.539162516653022394e-02 4.597469182267889764e-20 9.703339638840542940e-19 5.907773339452349753e-04 0.000000000000000000e+00
9.240175974995243902e-01 7.539162516653019619e-02 2.394167687811824471e-20 5.765339317762717612e-19 5.907773339452349753e-04 0.000000000000000000e+00
9.240175974995243902e-01 7.539162516653019619e-02 1.234560312544216776e-20 3.398355612248719587e-19 5.907773339452356259e-04 0.000000000000000000e+00
9.240175974995245012e-01 7.539162516653022394e-02 6.302016744842807065e-21 1.986835200690421867e-19 5.907773339452356259e-04 0.000000000000000000e+00
9.240175974995243902e-01 7.539162516653019619e-02 3.184383393007277077e-21 1.152069143730349978e-19 5.907773339452356259e-04 0.000000000000000000e+00
9.240175974995245012e-01 7.539162516653022394e-02 1.592658404158861128e-21 6.625164192961246400e-20 5.907773339452356259e-04 0.000000000000000000e+00
9.240175974995243902e-01 7.539162516653022394e-02 7.881605667602478428e-22 3.777366609254728035e-20 5.907773339452356259e-04 0.000000000000000000e+00
9.240175974995245012e-01 7.539162516653022394e-02 3.859466950485140910e-22 2.135387224791992342e-20 5.907773339452356259e-04 0.000000000000000000e+00
9.240175974995245012e-01 7.539162516653022394e-02 1.869615536677661693e-22 1.196661673802564667e-20 5.907773339452356259e-04 0.000000000000000000e+00
9.240175974995245012e-01 7.539162516653022394e-02 8.958883534565322622e-23 6.647283407394979476e-21 5.907773339452356259e-04 0.000000000000000000e+00
9.240175974995245012e-01 7.539162516653022394e-02 4.245521096164374633e-23 3.659426798987357936e-21 5.907773339452356259e-04 0.000000000000000000e+00
9.240175974995245012e-01 7.539162516653022394e-02 1.989798122459346819e-23 1.996633201687012248e-21 5.907773339452361680e-04 0.000000000000000000e+00
9.240175974995245012e-01 7.539162516653022394e-02 9.218514663328918345e-24 1.079234812939569080e-21 5.907773339452356259e-04 0.000000000000000000e+00
9.240175974995245012e-01 7.539162516653022394e-02 4.222297394625032304e-24 5.779839335772070549e-22 5.907773339452356259e-04 0.000000000000000000e+00
9.240175974995245012e-01 7.539162516653022394e-02 1.911457223278284047e-24 3.066265489955125359e-22 5.907773339452356259e-04 0.000000000000000000e+00
9.240175974995243902e-01 7.539162516653022394e-02 8.549404405785709354e-25 1.610861265537553895e-22 5.907773339452356259e-04 0.000000000000000000e+00
9.240175974995243902e-01 7.539162516653022394e-02 3.777953774307762211e-25 8.380227900375187217e-23 5.907773339452356259e-04 0.000000000000000000e+00
9.240175974995245012e-01 7.539162516653022394e-02 1.649204415182858851e-25 4.316782455005697823e-23 5.907773339452356259e-04 0.000000000000000000e+00
9.240175974995245012e-01 7.539162516653022394e-02 7.110654391039596893e-26 2.201437117587778215e-23 5.907773339452356259e-04 0.000000000000000000e+00
9.240175974995243902e-01 7.539162516653022394e-02 3.027486680021642347e-26 1.111295340669598279e-23 5.907773339452356259e-04 0.000000000000000000e+00
9.240175974995245012e-01 7.539162516653022394e-02 1.272662549448812576e-26 5.552204000691735166e-24 5.907773339452361680e-04 0.000000000000000000e+00
9.240175974995245012e-01 7.539162516653022394e-02 5.281095918072667820e-27 2.745049611314863077e-24 5.907773339452356259e-04 0.000000000000000000e+00
9.240175974995246122e-01 7.539162516653022394e-02 2.162902567152882361e-27 1.342829087370150173e-24 5.907773339452356259e-04 0.000000000000000000e+00
9.240175974995245012e-01 7.539162516653022394e-02 8.740600323020394666e-28 6.498106803585927312e-25 5.907773339452356259e-04 0.000000000000000000e+00
9.240175974995243902e-01 7.539162516653022394e-02 3.483709298512134555e-28 3.109490254947250128e-25 5.907773339452361680e-04 0.000000000000000000e+00
9.240175974995245012e-01 7.539162516653022394e-02 1.369142696123261459e-28 1.471141514291170755e-25 5.907773339452356259e-04 0.000000000000000000e+00
9.240175974995243902e-01 7.539162516653022394e-02 5.305014241044889619e-29 6.880524676207917524e-26 5.907773339452361680e-04 0.000000000000000000e+00
9.240175974995243902e-01 7.539162516653019619e-02 2.026204630579398562e-29 3.180767365726245326e-26 5.907773339452356259e-04 0.000000000000000000e+00
9.240175974995245012e-01 7.539162516653022394e-02 7.627225108690918850e-30 1.453204282834999610e-26 5.907773339452356259e-04 0.000000000000000000e+00
9.240175974995245012e-01 7.539162516653022394e-02 2.827859181134580086e-30 6.558129001818173277e-27 5.907773339452361680e-04 0.000000000000000000e+00
9.240175974995245012e-01 7.539162516653022394e-02 1.032922539428618762e-30 2.924026962981993694e-27 5.907773339452356259e-04 0.000000000000000000e+00
9.240175974995243902e-01 7.539162516653022394e-02 3.716535501628653213e-31 1.287904287745959124e-27 5.907773339452356259e-04 0.000000000000000000e+00
9.240175974995246122e-01 7.539162516653022394e-02 1.316475188380778063e-31 5.601165623674021581e-28 5.907773339452356259e-04 0.000000000000000000e+00
9.240175974995243902e-01 7.539162516653019619e-02 5.427551844833859229e-32 2.751151834929449301e-28 5.907773339452356259e-04 0.000000000000000000e+00
9.240175974995243902e-01 7.539162516653019619e-02 5.427551844833859229e-32 2.751151834929449301e-28 5.907773339452356259e-04 0.000000000000000000e+00
9.240175974995243902e-01 7.539162516653019619e-02 5.427551844833859229e-32 2.751151834929449301e-28 5.907773339452356259e-04 0.000000000000000000e+00
9.240175974995243902e-01 7.539162516653019619e-02 5.427551844833859229e-32 2.751151834929449301e-28 5.907773339452356259e-04 0.000000000000000000e+00
9.240175974995243902e-01 7.539162516653019619e-02 5.427551844833859229e-32 2.751151834929449301e-28 5.907773339452356259e-04 0.000000000000000000e+00
9.240175974995243902e-01 7.539162516653019619e-02 5.427551844833859229e-32 2.751151834929449301e-28 5.907773339452356259e-04 0.000000000000000000e+00
9.240175974995243902e-01 7.539162516653019619e-02 5.427551844833859229e-32 2.751151834929449301e-28 5.907773339452356259e-04 0.000000000000000000e+00
9.240175974995243902e-01 7.539162516653019619e-02 5.427551844833859229e-32 2.751151834929449301e-28 5.907773339452356259e-04 0.000000000000000000e+00
9.240175974995243902e-01 7.539162516653019619e-02 5.427551844833859229e-32 2.751151834929449301e-28 5.907773339452356259e-04 0.000000000000000000e+00
9.240175974995243902e-01 7.539162516653019619e-02 5.427551844833859229e-32 2.751151834929449301e-28 5.907773339452356259e-04 0.000000000000000000e+00
9.240175974995243902e-01 7.539162516653019619e-02 5.427551844833859229e-32 2.751151834929449301e-28 5.907773339452356259e-04 0.000000000000000000e+00
9.240175974995243902e-01 7.539162516653019619e-02 5.427551844833859229e-32 2.751151834929449301e-28 5.907773339452356259e-04 0.000000000000000000e+00
9.240175974995243902e-01 7.539162516653019619e-02 5.427551844833859229e-32 2.751151834929449301e-28 5.907773339452356259e-04 0.000000000000000000e+00
9.240175974995243902e-01 7.539162516653019619e-02 5.427551844833859229e-32 2.751151834929449301e-28 5.907773339452356259e-04 0.000000000000000000e+00
9.240175974995243902e-01 7.539162516653019619e-02 5.427551844833859229e-32 2.751151834929449301e-28 5.907773339452356259e-04 0.000000000000000000e+00
9.240175974995243902e-01 7.539162516653019619e-02 5.427551844833859229e-32 2.751151834929449301e-28 5.907773339452356259e-04 0.000000000000000000e+00
9.240175974995243902e-01 7.539162516653019619e-02 5.427551844833859229e-32 2.751151834929449301e-28 5.907773339452356259e-04 0.000000000000000000e+00
9.240175974995243902e-01 7.539162516653019619e-02 5.427551844833859229e-32 2.751151834929449301e-28 5.907773339452356259e-04 0.000000000000000000e+00
9.240175974995243902e-01 7.539162516653019619e-02 5.427551844833859229e-32 2.751151834929449301e-28 5.907773339452356259e-04 0.000000000000000000e+00
9.240175974995243902e-01 7.539162516653019619e-02 5.427551844833859229e-32 2.751151834929449301e-28 5.907773339452356259e-04 0.000000000000000000e+00
9.240175974995243902e-01 7.539162516653019619e-02 5.427551844833859229e-32 2.751151834929449301e-28 5.907773339452356259e-04 0.000000000000000000e+00
9.240175974995243902e-01 7.539162516653019619e-02 5.427551844833859229e-32 2.751151834929449301e-28 5.907773339452356259e-04 0.000000000000000000e+00
9.240175974995243902e-01 7.539162516653019619e-02 5.427551844833859229e-32 2.751151834929449301e-28 5.907773339452356259e-04 0.000000000000000000e+00
9.240175974995243902e-01 7.539162516653019619e-02 5.427551844833859229e-32 2.751151834929449301e-28 5.907773339452356259e-04 0.000000000000000000e+00
9.240175974995243902e-01 7.539162516653019619e-02 5.427551844833859229e-32 2.751151834929449301e-28 5.907773339452356259e-04 0.000000000000000000e+00
9.240175974995243902e-01 7.539162516653019619e-02 5.427551844833859229e-32 2.751151834929449301e-28 5.907773339452356259e-04 0.000000000000000000e+00
9.240175974995243902e-01 7.539162516653019619e-02 5.427551844833859229e-32 2.751151834929449301e-28 5.907773339452356259e-04 0.000000000000000000e+00
9.240175974995243902e-01 7.539162516653019619e-02 5.427551844833859229e-32 2.751151834929449301e-28 5.907773339452356259e-04 0.000000000000000000e+00
9.240175974995243902e-01 7.539162516653019619e-02 5.427551844833859229e-32 2.751151834929449301e-28 5.907773339452356259e-04 0.000000000000000000e+00
9.240175974995243902e-01 7.539162516653019619e-02 5.427551844833859229e-32 2.751151834929449301e-28 5.907773339452356259e-04 0.000000000000000000e+00
9.240175974995243902e-01 7.539162516653019619e-02 5.427551844833859229e-32 2.751151834929449301e-28 5.907773339452356259e-04 0.000000000000000000e+00
9.240175974995243902e-01 7.539162516653019619e-02 5.427551844833859229e-32 2.751151834929449301e-28 5.907773339452356259e-04 0.000000000000000000e+00
9.240175974995243902e-01 7.539162516653019619e-02 5.427551844833859229e-32 2.751151834929449301e-28 5.907773339452356259e-04 0.000000000000000000e+00
9.240175974995243902e-01 7.539162516653019619e-02 5.427551844833859229e-32 2.751151834929449301e-28 5.907773339452356259e-04 0.000000000000000000e+00
9.240175974995243902e-01 7.539162516653019619e-02 5.427551844833859229e-32 2.751151834929449301e-28 5.907773339452356259e-04 0.000000000000000000e+00
9.240175974995243902e-01 7.539162516653019619e-02 5.427551844833859229e-32 2.751151834929449301e-28 5.907773339452356259e-04 0.000000000000000000e+00
9.240175974995243902e-01 7.539162516653019619e-02 5.427551844833859229e-32 2.751151834929449301e-28 5.907773339452356259e-04 0.000000000000000000e+00
9.240175974995243902e-01 7.539162516653019619e-02 5.427551844833859229e-32 2.751151834929449301e-28 5.907773339452356259e-04 0.000000000000000000e+00
9.240175974995243902e-01 7.539162516653019619e-02 5.427551844833859229e-32 2.751151834929449301e-28 5.907773339452356259e-04 0.000000000000000000e+00
9.240175974995243902e-01 7.539162516653019619e-02 5.427551844833859229e-32 2.751151834929449301e-28 5.907773339452356259e-04 0.000000000000000000e+00
9.240175974995243902e-01 7.539162516653019619e-02 5.427551844833859229e-32 2.751151834929449301e-28 5.907773339452356259e-04 0.000000000000000000e+00
9.240175974995243902e-01 7.539162516653019619e-02 5.427551844833859229e-32 2.751151834929449301e-28 5.907773339452356259e-04 0.000000000000000000e+00
9.240175974995243902e-01 7.539162516653019619e-02 5.427551844833859229e-32 2.751151834929449301e-28 5.907773339452356259e-04 0.000000000000000000e+00
9.240175974995243902e-01 7.539162516653019619e-02 5.427551844833859229e-32 2.751151834929449301e-28 5.907773339452356259e-04 0.000000000000000000e+00
9.240175974995243902e-01 7.539162516653019619e-02 5.427551844833859229e-32 2.751151834929449301e-28 5.907773339452356259e-04 0.000000000000000000e+00
9.240175974995243902e-01 7.539162516653019619e-02 5.427551844833859229e-32 2.751151834929449301e-28 5.907773339452356259e-04 0.000000000000000000e+00
9.240175974995243902e-01 7.539162516653019619e-02 5.427551844833859229e-32 2.751151834929449301e-28 5.907773339452356259e-04 0.000000000000000000e+00
9.240175974995243902e-01 7.539162516653019619e-02 5.427551844833859229e-32 2.751151834929449301e-28 5.907773339452356259e-04 0.000000000000000000e+00
9.240175974995243902e-01 7.539162516653019619e-02 5.427551844833859229e-32 2.751151834929449301e-28 5.907773339452356259e-04 0.000000000000000000e+00
9.240175974995243902e-01 7.539162516653019619e-02 5.427551844833859229e-32 2.751151834929449301e-28 5.907773339452356259e-04 0.000000000000000000e+00
9.240175974995243902e-01 7.539162516653019619e-02 5.427551844833859229e-32 2.751151834929449301e-28 5.907773339452356259e-04 0.000000000000000000e+00
9.240175974995243902e-01 7.539162516653019619e-02 5.427551844833859229e-32 2.751151834929449301e-28 5.907773339452356259e-04 0.000000000000000000e+00
9.240175974995243902e-01 7.539162516653019619e-02 5.427551844833859229e-32 2.751151834929449301e-28 5.907773339452356259e-04 0.000000000000000000e+00
9.240175974995243902e-01 7.539162516653019619e-02 5.427551844833859229e-32 2.751151834929449301e-28 5.907773339452356259e-04 0.000000000000000000e+00
9.240175974995243902e-01 7.539162516653019619e-02 5.427551844833859229e-32 2.751151834929449301e-28 5.907773339452356259e-04 0.000000000000000000e+00
9.240175974995243902e-01 7.539162516653019619e-02 5.427551844833859229e-32 2.751151834929449301e-28 5.907773339452356259e-04 0.000000000000000000e+00
9.240175974995243902e-01 7.539162516653019619e-02 5.427551844833859229e-32 2.751151834929449301e-28 5.907773339452356259e-04 0.000000000000000000e+00
9.240175974995243902e-01 7.539162516653019619e-02 5.427551844833859229e-32 2.751151834929449301e-28 5.907773339452356259e-04 0.000000000000000000e+00
9.240175974995243902e-01 7.539162516653019619e-02 5.427551844833859229e-32 2.751151834929449301e-28 5.907773339452356259e-04 0.000000000000000000e+00
9.240175974995243902e-01 7.539162516653019619e-02 5.427551844833859229e-32 2.751151834929449301e-28 5.907773339452356259e-04 0.000000000000000000e+00
9.240175974995243902e-01 7.539162516653019619e-02 5.427551844833859229e-32 2.751151834929449301e-28 5.907773339452356259e-04 0.000000000000000000e+00
9.240175974995243902e-01 7.539162516653019619e-02 5.427551844833859229e-32 2.751151834929449301e-28 5.907773339452356259e-04 0.000000000000000000e+00
9.240175974995243902e-01 7.539162516653019619e-02 5.427551844833859229e-32 2.751151834929449301e-28 5.907773339452356259e-04 0.000000000000000000e+00
9.240175974995243902e-01 7.539162516653019619e-02 5.427551844833859229e-32 2.751151834929449301e-28 5.907773339452356259e-04 0.000000000000000000e+00
9.240175974995243902e-01 7.539162516653019619e-02 5.427551844833859229e-32 2.751151834929449301e-28 5.907773339452356259e-04 0.000000000000000000e+00
9.240175974995243902e-01 7.539162516653019619e-02 5.427551844833859229e-32 2.751151834929449301e-28 5.907773339452356259e-04 0.000000000000000000e+00
9.240175974995243902e-01 7.539162516653019619e-02 5.427551844833859229e-32 2.751151834929449301e-28 5.907773339452356259e-04 0.000000000000000000e+00
9.240175974995243902e-01 7.539162516653019619e-02 5.427551844833859229e-32 2.751151834929449301e-28 5.907773339452356259e-04 0.000000000000000000e+00
9.240175974995243902e-01 7.539162516653019619e-02 5.427551844833859229e-32 2.751151834929449301e-28 5.907773339452356259e-04 0.000000000000000000e+00
9.240175974995243902e-01 7.539162516653019619e-02 5.427551844833859229e-32 2.751151834929449301e-28 5.907773339452356259e-04 0.000000000000000000e+00
9.240175974995243902e-01 7.539162516653019619e-02 5.427551844833859229e-32 2.751151834929449301e-28 5.907773339452356259e-04 0.000000000000000000e+00
9.240175974995243902e-01 7.539162516653019619e-02 5.427551844833859229e-32 2.751151834929449301e-28 5.907773339452356259e-04 0.000000000000000000e+00
9.240175974995243902e-01 7.539162516653019619e-02 5.427551844833859229e-32 2.751151834929449301e-28 5.907773339452356259e-04 0.000000000000000000e+00
9.240175974995243902e-01 7.539162516653019619e-02 5.427551844833859229e-32 2.751151834929449301e-28 5.907773339452356259e-04 0.000000000000000000e+00
9.240175974995243902e-01 7.539162516653019619e-02 5.427551844833859229e-32 2.751151834929449301e-28 5.907773339452356259e-04 0.000000000000000000e+00
9.240175974995243902e-01 7.539162516653019619e-02 5.427551844833859229e-32 2.751151834929449301e-28 5.907773339452356259e-04 0.000000000000000000e+00
9.240175974995243902e-01 7.539162516653019619e-02 5.427551844833859229e-32 2.751151834929449301e-28 5.907773339452356259e-04 0.000000000000000000e+00
9.240175974995243902e-01 7.539162516653019619e-02 5.427551844833859229e-32 2.751151834929449301e-28 5.907773339452356259e-04 0.000000000000000000e+00
9.240175974995243902e-01 7.539162516653019619e-02 5.427551844833859229e-32 2.751151834929449301e-28 5.907773339452356259e-04 0.000000000000000000e+00
9.240175974995243902e-01 7.539162516653019619e-02 5.427551844833859229e-32 2.751151834929449301e-28 5.907773339452356259e-04 0.000000000000000000e+00
9.240175974995243902e-01 7.539162516653019619e-02 5.427551844833859229e-32 2.751151834929449301e-28 5.907773339452356259e-04 0.000000000000000000e+00
9.240175974995243902e-01 7.539162516653019619e-02 5.427551844833859229e-32 2.751151834929449301e-28 5.907773339452356259e-04 0.000000000000000000e+00
9.240175974995243902e-01 7.539162516653019619e-02 5.427551844833859229e-32 2.751151834929449301e-28 5.907773339452356259e-04 0.000000000000000000e+00
9.240175974995243902e-01 7.539162516653019619e-02 5.427551844833859229e-32 2.751151834929449301e-28 5.907773339452356259e-04 0.000000000000000000e+00
9.240175974995243902e-01 7.539162516653019619e-02 5.427551844833859229e-32 2.751151834929449301e-28 5.907773339452356259e-04 0.000000000000000000e+00
9.240175974995243902e-01 7.539162516653019619e-02 5.427551844833859229e-32 2.751151834929449301e-28 5.907773339452356259e-04 0.000000000000000000e+00
9.240175974995243902e-01 7.539162516653019619e-02 5.427551844833859229e-32 2.751151834929449301e-28 5.907773339452356259e-04 0.000000000000000000e+00
9.240175974995243902e-01 7.539162516653019619e-02 5.427551844833859229e-32 2.751151834929449301e-28 5.907773339452356259e-04 0.000000000000000000e+00
9.240175974995243902e-01 7.539162516653019619e-02 5.427551844833859229e-32 2.751151834929449301e-28 5.907773339452356259e-04 0.000000000000000000e+00
9.240175974995243902e-01 7.539162516653019619e-02 5.427551844833859229e-32 2.751151834929449301e-28 5.907773339452356259e-04 0.000000000000000000e+00
9.240175974995243902e-01 7.539162516653019619e-02 5.427551844833859229e-32 2.751151834929449301e-28 5.907773339452356259e-04 0.000000000000000000e+00
9.240175974995243902e-01 7.539162516653019619e-02 5.427551844833859229e-32 2.751151834929449301e-28 5.907773339452356259e-04 0.000000000000000000e+00
9.240175974995243902e-01 7.539162516653019619e-02 5.427551844833859229e-32 2.751151834929449301e-28 5.907773339452356259e-04 0.000000000000000000e+00
9.240175974995243902e-01 7.539162516653019619e-02 5.427551844833859229e-32 2.751151834929449301e-28 5.907773339452356259e-04 0.000000000000000000e+00
9.240175974995243902e-01 7.539162516653019619e-02 5.427551844833859229e-32 2.751151834929449301e-28 5.907773339452356259e-04 0.000000000000000000e+00
9.240175974995243902e-01 7.539162516653019619e-02 5.427551844833859229e-32 2.751151834929449301e-28 5.907773339452356259e-04 0.000000000000000000e+00
9.240175974995243902e-01 7.539162516653019619e-02 5.427551844833859229e-32 2.751151834929449301e-28 5.907773339452356259e-04 0.000000000000000000e+00
9.240175974995243902e-01 7.539162516653019619e-02 5.427551844833859229e-32 2.751151834929449301e-28 5.907773339452356259e-04 0.000000000000000000e+00
9.240175974995243902e-01 7.539162516653019619e-02 5.427551844833859229e-32 2.751151834929449301e-28 5.907773339452356259e-04 0.000000000000000000e+00
9.240175974995243902e-01 7.539162516653019619e-02 5.427551844833859229e-32 2.751151834929449301e-28 5.907773339452356259e-04 0.000000000000000000e+00
9.240175974995243902e-01 7.539162516653019619e-02 5.427551844833859229e-32 2.751151834929449301e-28 5.907773339452356259e-04 0.000000000000000000e+00
9.240175974995243902e-01 7.539162516653019619e-02 5.427551844833859229e-32 2.751151834929449301e-28 5.907773339452356259e-04 0.000000000000000000e+00
9.240175974995243902e-01 7.539162516653019619e-02 5.427551844833859229e-32 2.751151834929449301e-28 5.907773339452356259e-04 0.000000000000000000e+00
9.240175974995243902e-01 7.539162516653019619e-02 5.427551844833859229e-32 2.751151834929449301e-28 5.907773339452356259e-04 0.000000000000000000e+00
9.240175974995243902e-01 7.539162516653019619e-02 5.427551844833859229e-32 2.751151834929449301e-28 5.907773339452356259e-04 0.000000000000000000e+00
9.240175974995243902e-01 7.539162516653019619e-02 5.427551844833859229e-32 2.751151834929449301e-28 5.907773339452356259e-04 0.000000000000000000e+00
9.240175974995243902e-01 7.539162516653019619e-02 5.427551844833859229e-32 2.751151834929449301e-28 5.907773339452356259e-04 0.000000000000000000e+00
9.240175974995243902e-01 7.539162516653019619e-02 5.427551844833859229e-32 2.751151834929449301e-28 5.907773339452356259e-04 0.000000000000000000e+00
9.240175974995243902e-01 7.539162516653019619e-02 5.427551844833859229e-32 2.751151834929449301e-28 5.907773339452356259e-04 0.000000000000000000e+00
9.240175974995243902e-01 7.539162516653019619e-02 5.427551844833859229e-32 2.751151834929449301e-28 5.907773339452356259e-04 0.000000000000000000e+00
9.240175974995243902e-01 7.539162516653019619e-02 5.427551844833859229e-32 2.751151834929449301e-28 5.907773339452356259e-04 0.000000000000000000e+00
9.240175974995243902e-01 7.539162516653019619e-02 5.427551844833859229e-32 2.751151834929449301e-28 5.907773339452356259e-04 0.000000000000000000e+00
9.240175974995243902e-01 7.539162516653019619e-02 5.427551844833859229e-32 2.751151834929449301e-28 5.907773339452356259e-04 0.000000000000000000e+00
9.240175974995243902e-01 7.539162516653019619e-02 5.427551844833859229e-32 2.751151834929449301e-28 5.907773339452356259e-04 0.000000000000000000e+00
9.240175974995243902e-01 7.539162516653019619e-02 5.427551844833859229e-32 2.751151834929449301e-28 5.907773339452356259e-04 0.000000000000000000e+00
9.240175974995243902e-01 7.539162516653019619e-02 5.427551844833859229e-32 2.751151834929449301e-28 5.907773339452356259e-04 0.000000000000000000e+00
9.240175974995243902e-01 7.539162516653019619e-02 5.427551844833859229e-32 2.751151834929449301e-28 5.907773339452356259e-04 0.000000000000000000e+00
9.240175974995243902e-01 7.539162516653019619e-02 5.427551844833859229e-32 2.751151834929449301e-28 5.907773339452356259e-04 0.000000000000000000e+00
9.240175974995243902e-01 7.539162516653019619e-02 5.427551844833859229e-32 2.751151834929449301e-28 5.907773339452356259e-04 0.000000000000000000e+00
9.240175974995243902e-01 7.539162516653019619e-02 5.427551844833859229e-32 2.751151834929449301e-28 5.907773339452356259e-04 0.000000000000000000e+00
9.240175974995243902e-01 7.539162516653019619e-02 5.427551844833859229e-32 2.751151834929449301e-28 5.907773339452356259e-04 0.000000000000000000e+00
9.240175974995243902e-01 7.539162516653019619e-02 5.427551844833859229e-32 2.751151834929449301e-28 5.907773339452356259e-04 0.000000000000000000e+00
9.240175974995243902e-01 7.539162516653019619e-02 5.427551844833859229e-32 2.751151834929449301e-28 5.907773339452356259e-04 0.000000000000000000e+00
9.240175974995243902e-01 7.539162516653019619e-02 5.427551844833859229e-32 2.751151834929449301e-28 5.907773339452356259e-04 0.000000000000000000e+00
9.240175974995243902e-01 7.539162516653019619e-02 5.427551844833859229e-32 2.751151834929449301e-28 5.907773339452356259e-04 0.000000000000000000e+00
9.240175974995243902e-01 7.539162516653019619e-02 5.427551844833859229e-32 2.751151834929449301e-28 5.907773339452356259e-04 0.000000000000000000e+00
9.240175974995243902e-01 7.539162516653019619e-02 5.427551844833859229e-32 2.751151834929449301e-28 5.907773339452356259e-04 0.000000000000000000e+00
9.240175974995243902e-01 7.539162516653019619e-02 5.427551844833859229e-32 2.751151834929449301e-28 5.907773339452356259e-04 0.000000000000000000e+00
9.240175974995243902e-01 7.539162516653019619e-02 5.427551844833859229e-32 2.751151834929449301e-28 5.907773339452356259e-04 0.000000000000000000e+00
9.240175974995243902e-01 7.539162516653019619e-02 5.427551844833859229e-32 2.751151834929449301e-28 5.907773339452356259e-04 0.000000000000000000e+00
9.240175974995243902e-01 7.539162516653019619e-02 5.427551844833859229e-32 2.751151834929449301e-28 5.907773339452356259e-04 0.000000000000000000e+00
9.240175974995243902e-01 7.539162516653019619e-02 5.427551844833859229e-32 2.751151834929449301e-28 5.907773339452356259e-04 0.000000000000000000e+00
9.240175974995243902e-01 7.539162516653019619e-02 5.427551844833859229e-32 2.751151834929449301e-28 5.907773339452356259e-04 0.000000000000000000e+00
9.240175974995243902e-01 7.539162516653019619e-02 5.427551844833859229e-32 2.751151834929449301e-28 5.907773339452356259e-04 0.000000000000000000e+00
9.240175974995243902e-01 7.539162516653019619e-02 5.427551844833859229e-32 2.751151834929449301e-28 5.907773339452356259e-04 0.000000000000000000e+00
9.240175974995243902e-01 7.539162516653019619e-02 5.427551844833859229e-32 2.751151834929449301e-28 5.907773339452356259e-04 0.000000000000000000e+00
9.240175974995243902e-01 7.539162516653019619e-02 5.427551844833859229e-32 2.751151834929449301e-28 5.907773339452356259e-04 0.000000000000000000e+00
9.240175974995243902e-01 7.539162516653019619e-02 5.427551844833859229e-32 2.751151834929449301e-28 5.907773339452356259e-04 0.000000000000000000e+00
9.240175974995243902e-01 7.539162516653019619e-02 5.427551844833859229e-32 2.751151834929449301e-28 5.907773339452356259e-04 0.000000000000000000e+00
9.240175974995243902e-01 7.539162516653019619e-02 5.427551844833859229e-32 2.751151834929449301e-28 5.907773339452356259e-04 0.000000000000000000e+00
9.240175974995243902e-01 7.539162516653019619e-02 5.427551844833859229e-32 2.751151834929449301e-28 5.907773339452356259e-04 0.000000000000000000e+00
9.240175974995243902e-01 7.539162516653019619e-02 5.427551844833859229e-32 2.751151834929449301e-28 5.907773339452356259e-04 0.000000000000000000e+00
9.240175974995243902e-01 7.539162516653019619e-02 5.427551844833859229e-32 2.751151834929449301e-28 5.907773339452356259e-04 0.000000000000000000e+00
9.240175974995243902e-01 7.539162516653019619e-02 5.427551844833859229e-32 2.751151834929449301e-28 5.907773339452356259e-04 0.000000000000000000e+00
9.240175974995243902e-01 7.539162516653019619e-02 5.427551844833859229e-32 2.751151834929449301e-28 5.907773339452356259e-04 0.000000000000000000e+00
9.240175974995243902e-01 7.539162516653019619e-02 5.427551844833859229e-32 2.751151834929449301e-28 5.907773339452356259e-04 0.000000000000000000e+00
9.240175974995243902e-01 7.539162516653019619e-02 5.427551844833859229e-32 2.751151834929449301e-28 5.907773339452356259e-04 0.000000000000000000e+00
9.240175974995243902e-01 7.539162516653019619e-02 5.427551844833859229e-32 2.751151834929449301e-28 5.907773339452356259e-04 0.000000000000000000e+00
9.240175974995243902e-01 7.539162516653019619e-02 5.427551844833859229e-32 2.751151834929449301e-28 5.907773339452356259e-04 0.000000000000000000e+00
9.240175974995243902e-01 7.539162516653019619e-02 5.427551844833859229e-32 2.751151834929449301e-28 5.907773339452356259e-04 0.000000000000000000e+00
9.240175974995243902e-01 7.539162516653019619e-02 5.427551844833859229e-32 2.751151834929449301e-28 5.907773339452356259e-04 0.000000000000000000e+00
9.240175974995243902e-01 7.539162516653019619e-02 5.427551844833859229e-32 2.751151834929449301e-28 5.907773339452356259e-04 0.000000000000000000e+00
9.240175974995243902e-01 7.539162516653019619e-02 5.427551844833859229e-32 2.751151834929449301e-28 5.907773339452356259e-04 0.000000000000000000e+00
9.240175974995243902e-01 7.539162516653019619e-02 5.427551844833859229e-32 2.751151834929449301e-28 5.907773339452356259e-04 0.000000000000000000e+00
9.240175974995243902e-01 7.539162516653019619e-02 5.427551844833859229e-32 2.751151834929449301e-28 5.907773339452356259e-04 0.000000000000000000e+00
9.240175974995243902e-01 7.539162516653019619e-02 5.427551844833859229e-32 2.751151834929449301e-28 5.907773339452356259e-04 0.000000000000000000e+00
9.240175974995243902e-01 7.539162516653019619e-02 5.427551844833859229e-32 2.751151834929449301e-28 5.907773339452356259e-04 0.000000000000000000e+00
9.240175974995243902e-01 7.539162516653019619e-02 5.427551844833859229e-32 2.751151834929449301e-28 5.907773339452356259e-04 0.000000000000000000e+00
9.240175974995243902e-01 7.539162516653019619e-02 5.427551844833859229e-32 2.751151834929449301e-28 5.907773339452356259e-04 0.000000000000000000e+00
9.240175974995243902e-01 7.539162516653019619e-02 5.427551844833859229e-32 2.751151834929449301e-28 5.907773339452356259e-04 0.000000000000000000e+00
9.240175974995243902e-01 7.539162516653019619e-02 5.427551844833859229e-32 2.751151834929449301e-28 5.907773339452356259e-04 0.000000000000000000e+00
9.240175974995243902e-01 7.539162516653019619e-02 5.427551844833859229e-32 2.751151834929449301e-28 5.907773339452356259e-04 0.000000000000000000e+00
9.240175974995243902e-01 7.539162516653019619e-02 5.427551844833859229e-32 2.751151834929449301e-28 5.907773339452356259e-04 0.000000000000000000e+00
9.240175974995243902e-01 7.539162516653019619e-02 5.427551844833859229e-32 2.751151834929449301e-28 5.907773339452356259e-04 0.000000000000000000e+00
9.240175974995243902e-01 7.539162516653019619e-02 5.427551844833859229e-32 2.751151834929449301e-28 5.907773339452356259e-04 0.000000000000000000e+00
9.240175974995243902e-01 7.539162516653019619e-02 5.427551844833859229e-32 2.751151834929449301e-28 5.907773339452356259e-04 0.000000000000000000e+00
9.240175974995243902e-01 7.539162516653019619e-02 5.427551844833859229e-32 2.751151834929449301e-28 5.907773339452356259e-04 0.000000000000000000e+00
9.240175974995243902e-01 7.539162516653019619e-02 5.427551844833859229e-32 2.751151834929449301e-28 5.907773339452356259e-04 0.000000000000000000e+00
9.240175974995243902e-01 7.539162516653019619e-02 5.427551844833859229e-32 2.751151834929449301e-28 5.907773339452356259e-04 0.000000000000000000e+00
9.240175974995243902e-01 7.539162516653019619e-02 5.427551844833859229e-32 2.751151834929449301e-28 5.907773339452356259e-04 0.000000000000000000e+00
9.240175974995243902e-01 7.539162516653019619e-02 5.427551844833859229e-32 2.751151834929449301e-28 5.907773339452356259e-04 0.000000000000000000e+00
9.240175974995243902e-01 7.539162516653019619e-02 5.427551844833859229e-32 2.751151834929449301e-28 5.907773339452356259e-04 0.000000000000000000e+00
9.240175974995243902e-01 7.539162516653019619e-02 5.427551844833859229e-32 2.751151834929449301e-28 5.907773339452356259e-04 0.000000000000000000e+00
9.240175974995243902e-01 7.539162516653019619e-02 5.427551844833859229e-32 2.751151834929449301e-28 5.907773339452356259e-04 0.000000000000000000e+00
9.240175974995243902e-01 7.539162516653019619e-02 5.427551844833859229e-32 2.751151834929449301e-28 5.907773339452356259e-04 0.000000000000000000e+00
9.240175974995243902e-01 7.539162516653019619e-02 5.427551844833859229e-32 2.751151834929449301e-28 5.907773339452356259e-04 0.000000000000000000e+00
9.240175974995243902e-01 7.539162516653019619e-02 5.427551844833859229e-32 2.751151834929449301e-28 5.907773339452356259e-04 0.000000000000000000e+00
9.240175974995243902e-01 7.539162516653019619e-02 5.427551844833859229e-32 2.751151834929449301e-28 5.907773339452356259e-04 0.000000000000000000e+00
9.240175974995243902e-01 7.539162516653019619e-02 5.427551844833859229e-32 2.751151834929449301e-28 5.907773339452356259e-04 0.000000000000000000e+00
9.240175974995243902e-01 7.539162516653019619e-02 5.427551844833859229e-32 2.751151834929449301e-28 5.907773339452356259e-04 0.000000000000000000e+00
9.240175974995243902e-01 7.539162516653019619e-02 5.427551844833859229e-32 2.751151834929449301e-28 5.907773339452356259e-04 0.000000000000000000e+00
9.240175974995243902e-01 7.539162516653019619e-02 5.427551844833859229e-32 2.751151834929449301e-28 5.907773339452356259e-04 0.000000000000000000e+00
9.240175974995243902e-01 7.539162516653019619e-02 5.427551844833859229e-32 2.751151834929449301e-28 5.907773339452356259e-04 0.000000000000000000e+00
9.240175974995243902e-01 7.539162516653019619e-02 5.427551844833859229e-32 2.751151834929449301e-28 5.907773339452356259e-04 0.000000000000000000e+00
9.240175974995243902e-01 7.539162516653019619e-02 5.427551844833859229e-32 2.751151834929449301e-28 5.907773339452356259e-04 0.000000000000000000e+00
9.240175974995243902e-01 7.539162516653019619e-02 5.427551844833859229e-32 2.751151834929449301e-28 5.907773339452356259e-04 0.000000000000000000e+00
9.240175974995243902e-01 7.539162516653019619e-02 5.427551844833859229e-32 2.751151834929449301e-28 5.907773339452356259e-04 0.000000000000000000e+00
9.240175974995243902e-01 7.539162516653019619e-02 5.427551844833859229e-32 2.751151834929449301e-28 5.907773339452356259e-04 0.000000000000000000e+00
9.240175974995243902e-01 7.539162516653019619e-02 5.427551844833859229e-32 2.751151834929449301e-28 5.907773339452356259e-04 0.000000000000000000e+00
9.240175974995243902e-01 7.539162516653019619e-02 5.427551844833859229e-32 2.751151834929449301e-28 5.907773339452356259e-04 0.000000000000000000e+00
9.240175974995243902e-01 7.539162516653019619e-02 5.427551844833859229e-32 2.751151834929449301e-28 5.907773339452356259e-04 0.000000000000000000e+00
9.240175974995243902e-01 7.539162516653019619e-02 5.427551844833859229e-32 2.751151834929449301e-28 5.907773339452356259e-04 0.000000000000000000e+00
9.240175974995243902e-01 7.539162516653019619e-02 5.427551844833859229e-32 2.751151834929449301e-28 5.907773339452356259e-04 0.000000000000000000e+00
9.240175974995243902e-01 7.539162516653019619e-02 5.427551844833859229e-32 2.751151834929449301e-28 5.907773339452356259e-04 0.000000000000000000e+00
9.240175974995243902e-01 7.539162516653019619e-02 5.427551844833859229e-32 2.751151834929449301e-28 5.907773339452356259e-04 0.000000000000000000e+00
9.240175974995243902e-01 7.539162516653019619e-02 5.427551844833859229e-32 2.751151834929449301e-28 5.907773339452356259e-04 0.000000000000000000e+00
9.240175974995243902e-01 7.539162516653019619e-02 5.427551844833859229e-32 2.751151834929449301e-28 5.907773339452356259e-04 0.000000000000000000e+00
9.240175974995243902e-01 7.539162516653019619e-02 5.427551844833859229e-32 2.751151834929449301e-28 5.907773339452356259e-04 0.000000000000000000e+00
9.240175974995243902e-01 7.539162516653019619e-02 5.427551844833859229e-32 2.751151834929449301e-28 5.907773339452356259e-04 0.000000000000000000e+00
9.240175974995243902e-01 7.539162516653019619e-02 5.427551844833859229e-32 2.751151834929449301e-28 5.907773339452356259e-04 0.000000000000000000e+00
9.240175974995243902e-01 7.539162516653019619e-02 5.427551844833859229e-32 2.751151834929449301e-28 5.907773339452356259e-04 0.000000000000000000e+00
9.240175974995243902e-01 7.539162516653019619e-02 5.427551844833859229e-32 2.751151834929449301e-28 5.907773339452356259e-04 0.000000000000000000e+00
9.240175974995243902e-01 7.539162516653019619e-02 5.427551844833859229e-32 2.751151834929449301e-28 5.907773339452356259e-04 0.000000000000000000e+00
9.240175974995243902e-01 7.539162516653019619e-02 5.427551844833859229e-32 2.751151834929449301e-28 5.907773339452356259e-04 0.000000000000000000e+00
9.240175974995243902e-01 7.539162516653019619e-02 5.427551844833859229e-32 2.751151834929449301e-28 5.907773339452356259e-04 0.000000000000000000e+00
9.240175974995243902e-01 7.539162516653019619e-02 5.427551844833859229e-32 2.751151834929449301e-28 5.907773339452356259e-04 0.000000000000000000e+00
9.240175974995243902e-01 7.539162516653019619e-02 5.427551844833859229e-32 2.751151834929449301e-28 5.907773339452356259e-04 0.000000000000000000e+00
9.240175974995243902e-01 7.539162516653019619e-02 5.427551844833859229e-32 2.751151834929449301e-28 5.907773339452356259e-04 0.000000000000000000e+00
9.240175974995243902e-01 7.539162516653019619e-02 5.427551844833859229e-32 2.751151834929449301e-28 5.907773339452356259e-04 0.000000000000000000e+00
9.240175974995243902e-01 7.539162516653019619e-02 5.427551844833859229e-32 2.751151834929449301e-28 5.907773339452356259e-04 0.000000000000000000e+00
9.240175974995243902e-01 7.539162516653019619e-02 5.427551844833859229e-32 2.751151834929449301e-28 5.907773339452356259e-04 0.000000000000000000e+00
9.240175974995243902e-01 7.539162516653019619e-02 5.427551844833859229e-32 2.751151834929449301e-28 5.907773339452356259e-04 0.000000000000000000e+00
9.240175974995243902e-01 7.539162516653019619e-02 5.427551844833859229e-32 2.751151834929449301e-28 5.907773339452356259e-04 0.000000000000000000e+00
9.240175974995243902e-01 7.539162516653019619e-02 5.427551844833859229e-32 2.751151834929449301e-28 5.907773339452356259e-04 0.000000000000000000e+00
9.240175974995243902e-01 7.539162516653019619e-02 5.427551844833859229e-32 2.751151834929449301e-28 5.907773339452356259e-04 0.000000000000000000e+00
9.240175974995243902e-01 7.539162516653019619e-02 5.427551844833859229e-32 2.751151834929449301e-28 5.907773339452356259e-04 0.000000000000000000e+00
9.240175974995243902e-01 7.539162516653019619e-02 5.427551844833859229e-32 2.751151834929449301e-28 5.907773339452356259e-04 0.000000000000000000e+00
9.240175974995243902e-01 7.539162516653019619e-02 5.427551844833859229e-32 2.751151834929449301e-28 5.907773339452356259e-04 0.000000000000000000e+00
9.240175974995243902e-01 7.539162516653019619e-02 5.427551844833859229e-32 2.751151834929449301e-28 5.907773339452356259e-04 0.000000000000000000e+00
9.240175974995243902e-01 7.539162516653019619e-02 5.427551844833859229e-32 2.751151834929449301e-28 5.907773339452356259e-04 0.000000000000000000e+00
9.240175974995243902e-01 7.539162516653019619e-02 5.427551844833859229e-32 2.751151834929449301e-28 5.907773339452356259e-04 0.000000000000000000e+00
9.240175974995243902e-01 7.539162516653019619e-02 5.427551844833859229e-32 2.751151834929449301e-28 5.907773339452356259e-04 0.000000000000000000e+00
9.240175974995243902e-01 7.539162516653019619e-02 5.427551844833859229e-32 2.751151834929449301e-28 5.907773339452356259e-04 0.000000000000000000e+00
9.240175974995243902e-01 7.539162516653019619e-02 5.427551844833859229e-32 2.751151834929449301e-28 5.907773339452356259e-04 0.000000000000000000e+00
9.240175974995243902e-01 7.539162516653019619e-02 5.427551844833859229e-32 2.751151834929449301e-28 5.907773339452356259e-04 0.000000000000000000e+00
9.240175974995243902e-01 7.539162516653019619e-02 5.427551844833859229e-32 2.751151834929449301e-28 5.907773339452356259e-04 0.000000000000000000e+00
9.240175974995243902e-01 7.539162516653019619e-02 5.427551844833859229e-32 2.751151834929449301e-28 5.907773339452356259e-04 0.000000000000000000e+00
9.240175974995243902e-01 7.539162516653019619e-02 5.427551844833859229e-32 2.751151834929449301e-28 5.907773339452356259e-04 0.000000000000000000e+00
9.240175974995243902e-01 7.539162516653019619e-02 5.427551844833859229e-32 2.751151834929449301e-28 5.907773339452356259e-04 0.000000000000000000e+00
9.240175974995243902e-01 7.539162516653019619e-02 5.427551844833859229e-32 2.751151834929449301e-28 5.907773339452356259e-04 0.000000000000000000e+00
9.240175974995243902e-01 7.539162516653019619e-02 5.427551844833859229e-32 2.751151834929449301e-28 5.907773339452356259e-04 0.000000000000000000e+00
9.240175974995243902e-01 7.539162516653019619e-02 5.427551844833859229e-32 2.751151834929449301e-28 5.907773339452356259e-04 0.000000000000000000e+00
9.240175974995243902e-01 7.539162516653019619e-02 5.427551844833859229e-32 2.751151834929449301e-28 5.907773339452356259e-04 0.000000000000000000e+00
9.240175974995243902e-01 7.539162516653019619e-02 5.427551844833859229e-32 2.751151834929449301e-28 5.907773339452356259e-04 0.000000000000000000e+00
9.240175974995243902e-01 7.539162516653019619e-02 5.427551844833859229e-32 2.751151834929449301e-28 5.907773339452356259e-04 0.000000000000000000e+00
9.240175974995243902e-01 7.539162516653019619e-02 5.427551844833859229e-32 2.751151834929449301e-28 5.907773339452356259e-04 0.000000000000000000e+00
9.240175974995243902e-01 7.539162516653019619e-02 5.427551844833859229e-32 2.751151834929449301e-28 5.907773339452356259e-04 0.000000000000000000e+00
9.240175974995243902e-01 7.539162516653019619e-02 5.427551844833859229e-32 2.751151834929449301e-28 5.907773339452356259e-04 0.000000000000000000e+00
9.240175974995243902e-01 7.539162516653019619e-02 5.427551844833859229e-32 2.751151834929449301e-28 5.907773339452356259e-04 0.000000000000000000e+00
9.240175974995243902e-01 7.539162516653019619e-02 5.427551844833859229e-32 2.751151834929449301e-28 5.907773339452356259e-04 0.000000000000000000e+00
9.240175974995243902e-01 7.539162516653019619e-02 5.427551844833859229e-32 2.751151834929449301e-28 5.907773339452356259e-04 0.000000000000000000e+00
9.240175974995243902e-01 7.539162516653019619e-02 5.427551844833859229e-32 2.751151834929449301e-28 5.907773339452356259e-04 0.000000000000000000e+00
9.240175974995243902e-01 7.539162516653019619e-02 5.427551844833859229e-32 2.751151834929449301e-28 5.907773339452356259e-04 0.000000000000000000e+00
9.240175974995243902e-01 7.539162516653019619e-02 5.427551844833859229e-32 2.751151834929449301e-28 5.907773339452356259e-04 0.000000000000000000e+00
9.240175974995243902e-01 7.539162516653019619e-02 5.427551844833859229e-32 2.751151834929449301e-28 5.907773339452356259e-04 0.000000000000000000e+00
9.240175974995243902e-01 7.539162516653019619e-02 5.427551844833859229e-32 2.751151834929449301e-28 5.907773339452356259e-04 0.000000000000000000e+00
9.240175974995243902e-01 7.539162516653019619e-02 5.427551844833859229e-32 2.751151834929449301e-28 5.907773339452356259e-04 0.000000000000000000e+00
9.240175974995243902e-01 7.539162516653019619e-02 5.427551844833859229e-32 2.751151834929449301e-28 5.907773339452356259e-04 0.000000000000000000e+00
9.240175974995243902e-01 7.539162516653019619e-02 5.427551844833859229e-32 2.751151834929449301e-28 5.907773339452356259e-04 0.000000000000000000e+00
9.240175974995243902e-01 7.539162516653019619e-02 5.427551844833859229e-32 2.751151834929449301e-28 5.907773339452356259e-04 0.000000000000000000e+00
9.240175974995243902e-01 7.539162516653019619e-02 5.427551844833859229e-32 2.751151834929449301e-28 5.907773339452356259e-04 0.000000000000000000e+00
9.240175974995243902e-01 7.539162516653019619e-02 5.427551844833859229e-32 2.751151834929449301e-28 5.907773339452356259e-04 0.000000000000000000e+00
9.240175974995243902e-01 7.539162516653019619e-02 5.427551844833859229e-32 2.751151834929449301e-28 5.907773339452356259e-04 0.000000000000000000e+00
9.240175974995243902e-01 7.539162516653019619e-02 5.427551844833859229e-32 2.751151834929449301e-28 5.907773339452356259e-04 0.000000000000000000e+00
9.240175974995243902e-01 7.539162516653019619e-02 5.427551844833859229e-32 2.751151834929449301e-28 5.907773339452356259e-04 0.000000000000000000e+00
9.240175974995243902e-01 7.539162516653019619e-02 5.427551844833859229e-32 2.751151834929449301e-28 5.907773339452356259e-04 0.000000000000000000e+00
9.240175974995243902e-01 7.539162516653019619e-02 5.427551844833859229e-32 2.751151834929449301e-28 5.907773339452356259e-04 0.000000000000000000e+00
9.240175974995243902e-01 7.539162516653019619e-02 5.427551844833859229e-32 2.751151834929449301e-28 5.907773339452356259e-04 0.000000000000000000e+00
9.240175974995243902e-01 7.539162516653019619e-02 5.427551844833859229e-32 2.751151834929449301e-28 5.907773339452356259e-04 0.000000000000000000e+00
9.240175974995243902e-01 7.539162516653019619e-02 5.427551844833859229e-32 2.751151834929449301e-28 5.907773339452356259e-04 0.000000000000000000e+00
9.240175974995243902e-01 7.539162516653019619e-02 5.427551844833859229e-32 2.751151834929449301e-28 5.907773339452356259e-04 0.000000000000000000e+00
9.240175974995243902e-01 7.539162516653019619e-02 5.427551844833859229e-32 2.751151834929449301e-28 5.907773339452356259e-04 0.000000000000000000e+00
9.240175974995243902e-01 7.539162516653019619e-02 5.427551844833859229e-32 2.751151834929449301e-28 5.907773339452356259e-04 0.000000000000000000e+00
9.240175974995243902e-01 7.539162516653019619e-02 5.427551844833859229e-32 2.751151834929449301e-28 5.907773339452356259e-04 0.000000000000000000e+00
9.240175974995243902e-01 7.539162516653019619e-02 5.427551844833859229e-32 2.751151834929449301e-28 5.907773339452356259e-04 0.000000000000000000e+00
9.240175974995243902e-01 7.539162516653019619e-02 5.427551844833859229e-32 2.751151834929449301e-28 5.907773339452356259e-04 0.000000000000000000e+00
9.240175974995243902e-01 7.539162516653019619e-02 5.427551844833859229e-32 2.751151834929449301e-28 5.907773339452356259e-04 0.000000000000000000e+00
9.240175974995243902e-01 7.539162516653019619e-02 5.427551844833859229e-32 2.751151834929449301e-28 5.907773339452356259e-04 0.000000000000000000e+00
9.240175974995243902e-01 7.539162516653019619e-02 5.427551844833859229e-32 2.751151834929449301e-28 5.907773339452356259e-04 0.000000000000000000e+00
9.240175974995243902e-01 7.539162516653019619e-02 5.427551844833859229e-32 2.751151834929449301e-28 5.907773339452356259e-04 0.000000000000000000e+00
9.240175974995243902e-01 7.539162516653019619e-02 5.427551844833859229e-32 2.751151834929449301e-28 5.907773339452356259e-04 0.000000000000000000e+00
9.240175974995243902e-01 7.539162516653019619e-02 5.427551844833859229e-32 2.751151834929449301e-28 5.907773339452356259e-04 0.000000000000000000e+00
9.240175974995243902e-01 7.539162516653019619e-02 5.427551844833859229e-32 2.751151834929449301e-28 5.907773339452356259e-04 0.000000000000000000e+00
9.240175974995243902e-01 7.539162516653019619e-02 5.427551844833859229e-32 2.751151834929449301e-28 5.907773339452356259e-04 0.000000000000000000e+00
9.240175974995243902e-01 7.539162516653019619e-02 5.427551844833859229e-32 2.751151834929449301e-28 5.907773339452356259e-04 0.000000000000000000e+00
9.240175974995243902e-01 7.539162516653019619e-02 5.427551844833859229e-32 2.751151834929449301e-28 5.907773339452356259e-04 0.000000000000000000e+00
9.240175974995243902e-01 7.539162516653019619e-02 5.427551844833859229e-32 2.751151834929449301e-28 5.907773339452356259e-04 0.000000000000000000e+00
9.240175974995243902e-01 7.539162516653019619e-02 5.427551844833859229e-32 2.751151834929449301e-28 5.907773339452356259e-04 0.000000000000000000e+00
9.240175974995243902e-01 7.539162516653019619e-02 5.427551844833859229e-32 2.751151834929449301e-28 5.907773339452356259e-04 0.000000000000000000e+00
9.240175974995243902e-01 7.539162516653019619e-02 5.427551844833859229e-32 2.751151834929449301e-28 5.907773339452356259e-04 0.000000000000000000e+00
9.240175974995243902e-01 7.539162516653019619e-02 5.427551844833859229e-32 2.751151834929449301e-28 5.907773339452356259e-04 0.000000000000000000e+00
9.240175974995243902e-01 7.539162516653019619e-02 5.427551844833859229e-32 2.751151834929449301e-28 5.907773339452356259e-04 0.000000000000000000e+00
9.240175974995243902e-01 7.539162516653019619e-02 5.427551844833859229e-32 2.751151834929449301e-28 5.907773339452356259e-04 0.000000000000000000e+00
9.240175974995243902e-01 7.539162516653019619e-02 5.427551844833859229e-32 2.751151834929449301e-28 5.907773339452356259e-04 0.000000000000000000e+00
9.240175974995243902e-01 7.539162516653019619e-02 5.427551844833859229e-32 2.751151834929449301e-28 5.907773339452356259e-04 0.000000000000000000e+00
9.240175974995243902e-01 7.539162516653019619e-02 5.427551844833859229e-32 2.751151834929449301e-28 5.907773339452356259e-04 0.000000000000000000e+00
9.240175974995243902e-01 7.539162516653019619e-02 5.427551844833859229e-32 2.751151834929449301e-28 5.907773339452356259e-04 0.000000000000000000e+00
9.240175974995243902e-01 7.539162516653019619e-02 5.427551844833859229e-32 2.751151834929449301e-28 5.907773339452356259e-04 0.000000000000000000e+00
9.240175974995243902e-01 7.539162516653019619e-02 5.427551844833859229e-32 2.751151834929449301e-28 5.907773339452356259e-04 0.000000000000000000e+00
9.240175974995243902e-01 7.539162516653019619e-02 5.427551844833859229e-32 2.751151834929449301e-28 5.907773339452356259e-04 0.000000000000000000e+00
9.240175974995243902e-01 7.539162516653019619e-02 5.427551844833859229e-32 2.751151834929449301e-28 5.907773339452356259e-04 0.000000000000000000e+00
9.240175974995243902e-01 7.539162516653019619e-02 5.427551844833859229e-32 2.751151834929449301e-28 5.907773339452356259e-04 0.000000000000000000e+00
9.240175974995243902e-01 7.539162516653019619e-02 5.427551844833859229e-32 2.751151834929449301e-28 5.907773339452356259e-04 0.000000000000000000e+00
9.240175974995243902e-01 7.539162516653019619e-02 5.427551844833859229e-32 2.751151834929449301e-28 5.907773339452356259e-04 0.000000000000000000e+00
9.240175974995243902e-01 7.539162516653019619e-02 5.427551844833859229e-32 2.751151834929449301e-28 5.907773339452356259e-04 0.000000000000000000e+00
9.240175974995243902e-01 7.539162516653019619e-02 5.427551844833859229e-32 2.751151834929449301e-28 5.907773339452356259e-04 0.000000000000000000e+00
9.240175974995243902e-01 7.539162516653019619e-02 5.427551844833859229e-32 2.751151834929449301e-28 5.907773339452356259e-04 0.000000000000000000e+00
9.240175974995243902e-01 7.539162516653019619e-02 5.427551844833859229e-32 2.751151834929449301e-28 5.907773339452356259e-04 0.000000000000000000e+00
9.240175974995243902e-01 7.539162516653019619e-02 5.427551844833859229e-32 2.751151834929449301e-28 5.907773339452356259e-04 0.000000000000000000e+00
9.240175974995243902e-01 7.539162516653019619e-02 5.427551844833859229e-32 2.751151834929449301e-28 5.907773339452356259e-04 0.000000000000000000e+00
9.240175974995243902e-01 7.539162516653019619e-02 5.427551844833859229e-32 2.751151834929449301e-28 5.907773339452356259e-04 0.000000000000000000e+00
9.240175974995243902e-01 7.539162516653019619e-02 5.427551844833859229e-32 2.751151834929449301e-28 5.907773339452356259e-04 0.000000000000000000e+00
9.240175974995243902e-01 7.539162516653019619e-02 5.427551844833859229e-32 2.751151834929449301e-28 5.907773339452356259e-04 0.000000000000000000e+00
9.240175974995243902e-01 7.539162516653019619e-02 5.427551844833859229e-32 2.751151834929449301e-28 5.907773339452356259e-04 0.000000000000000000e+00
9.240175974995243902e-01 7.539162516653019619e-02 5.427551844833859229e-32 2.751151834929449301e-28 5.907773339452356259e-04 0.000000000000000000e+00
9.240175974995243902e-01 7.539162516653019619e-02 5.427551844833859229e-32 2.751151834929449301e-28 5.907773339452356259e-04 0.000000000000000000e+00
9.240175974995243902e-01 7.539162516653019619e-02 5.427551844833859229e-32 2.751151834929449301e-28 5.907773339452356259e-04 0.000000000000000000e+00
9.240175974995243902e-01 7.539162516653019619e-02 5.427551844833859229e-32 2.751151834929449301e-28 5.907773339452356259e-04 0.000000000000000000e+00
9.240175974995243902e-01 7.539162516653019619e-02 5.427551844833859229e-32 2.751151834929449301e-28 5.907773339452356259e-04 0.000000000000000000e+00
9.240175974995243902e-01 7.539162516653019619e-02 5.427551844833859229e-32 2.751151834929449301e-28 5.907773339452356259e-04 0.000000000000000000e+00
9.240175974995243902e-01 7.539162516653019619e-02 5.427551844833859229e-32 2.751151834929449301e-28 5.907773339452356259e-04 0.000000000000000000e+00
9.240175974995243902e-01 7.539162516653019619e-02 5.427551844833859229e-32 2.751151834929449301e-28 5.907773339452356259e-04 0.000000000000000000e+00
9.240175974995243902e-01 7.539162516653019619e-02 5.427551844833859229e-32 2.751151834929449301e-28 5.907773339452356259e-04 0.000000000000000000e+00
9.240175974995243902e-01 7.539162516653019619e-02 5.427551844833859229e-32 2.751151834929449301e-28 5.907773339452356259e-04 0.000000000000000000e+00
9.240175974995243902e-01 7.539162516653019619e-02 5.427551844833859229e-32 2.751151834929449301e-28 5.907773339452356259e-04 0.000000000000000000e+00
9.240175974995243902e-01 7.539162516653019619e-02 5.427551844833859229e-32 2.751151834929449301e-28 5.907773339452356259e-04 0.000000000000000000e+00
9.240175974995243902e-01 7.539162516653019619e-02 5.427551844833859229e-32 2.751151834929449301e-28 5.907773339452356259e-04 0.000000000000000000e+00
9.240175974995243902e-01 7.539162516653019619e-02 5.427551844833859229e-32 2.751151834929449301e-28 5.907773339452356259e-04 0.000000000000000000e+00
9.240175974995243902e-01 7.539162516653019619e-02 5.427551844833859229e-32 2.751151834929449301e-28 5.907773339452356259e-04 0.000000000000000000e+00
9.240175974995243902e-01 7.539162516653019619e-02 5.427551844833859229e-32 2.751151834929449301e-28 5.907773339452356259e-04 0.000000000000000000e+00
9.240175974995243902e-01 7.539162516653019619e-02 5.427551844833859229e-32 2.751151834929449301e-28 5.907773339452356259e-04 0.000000000000000000e+00
9.240175974995243902e-01 7.539162516653019619e-02 5.427551844833859229e-32 2.751151834929449301e-28 5.907773339452356259e-04 0.000000000000000000e+00
9.240175974995243902e-01 7.539162516653019619e-02 5.427551844833859229e-32 2.751151834929449301e-28 5.907773339452356259e-04 0.000000000000000000e+00
9.240175974995243902e-01 7.539162516653019619e-02 5.427551844833859229e-32 2.751151834929449301e-28 5.907773339452356259e-04 0.000000000000000000e+00
9.240175974995243902e-01 7.539162516653019619e-02 5.427551844833859229e-32 2.751151834929449301e-28 5.907773339452356259e-04 0.000000000000000000e+00
9.240175974995243902e-01 7.539162516653019619e-02 5.427551844833859229e-32 2.751151834929449301e-28 5.907773339452356259e-04 0.000000000000000000e+00
9.240175974995243902e-01 7.539162516653019619e-02 5.427551844833859229e-32 2.751151834929449301e-28 5.907773339452356259e-04 0.000000000000000000e+00
9.240175974995243902e-01 7.539162516653019619e-02 5.427551844833859229e-32 2.751151834929449301e-28 5.907773339452356259e-04 0.000000000000000000e+00
9.240175974995243902e-01 7.539162516653019619e-02 5.427551844833859229e-32 2.751151834929449301e-28 5.907773339452356259e-04 0.000000000000000000e+00
9.240175974995243902e-01 7.539162516653019619e-02 5.427551844833859229e-32 2.751151834929449301e-28 5.907773339452356259e-04 0.000000000000000000e+00
9.240175974995243902e-01 7.539162516653019619e-02 5.427551844833859229e-32 2.751151834929449301e-28 5.907773339452356259e-04 0.000000000000000000e+00
9.240175974995243902e-01 7.539162516653019619e-02 5.427551844833859229e-32 2.751151834929449301e-28 5.907773339452356259e-04 0.000000000000000000e+00
9.240175974995243902e-01 7.539162516653019619e-02 5.427551844833859229e-32 2.751151834929449301e-28 5.907773339452356259e-04 0.000000000000000000e+00
9.240175974995243902e-01 7.539162516653019619e-02 5.427551844833859229e-32 2.751151834929449301e-28 5.907773339452356259e-04 0.000000000000000000e+00
9.240175974995243902e-01 7.539162516653019619e-02 5.427551844833859229e-32 2.751151834929449301e-28 5.907773339452356259e-04 0.000000000000000000e+00
9.240175974995243902e-01 7.539162516653019619e-02 5.427551844833859229e-32 2.751151834929449301e-28 5.907773339452356259e-04 0.000000000000000000e+00
9.240175974995243902e-01 7.539162516653019619e-02 5.427551844833859229e-32 2.751151834929449301e-28 5.907773339452356259e-04 0.000000000000000000e+00
9.240175974995243902e-01 7.539162516653019619e-02 5.427551844833859229e-32 2.751151834929449301e-28 5.907773339452356259e-04 0.000000000000000000e+00
9.240175974995243902e-01 7.539162516653019619e-02 5.427551844833859229e-32 2.751151834929449301e-28 5.907773339452356259e-04 0.000000000000000000e+00
9.240175974995243902e-01 7.539162516653019619e-02 5.427551844833859229e-32 2.751151834929449301e-28 5.907773339452356259e-04 0.000000000000000000e+00
9.240175974995243902e-01 7.539162516653019619e-02 5.427551844833859229e-32 2.751151834929449301e-28 5.907773339452356259e-04 0.000000000000000000e+00
9.240175974995243902e-01 7.539162516653019619e-02 5.427551844833859229e-32 2.751151834929449301e-28 5.907773339452356259e-04 0.000000000000000000e+00
9.240175974995243902e-01 7.539162516653019619e-02 5.427551844833859229e-32 2.751151834929449301e-28 5.907773339452356259e-04 0.000000000000000000e+00
9.240175974995243902e-01 7.539162516653019619e-02 5.427551844833859229e-32 2.751151834929449301e-28 5.907773339452356259e-04 0.000000000000000000e+00
9.240175974995243902e-01 7.539162516653019619e-02 5.427551844833859229e-32 2.751151834929449301e-28 5.907773339452356259e-04 0.000000000000000000e+00
9.240175974995243902e-01 7.539162516653019619e-02 5.427551844833859229e-32 2.751151834929449301e-28 5.907773339452356259e-04 0.000000000000000000e+00
9.240175974995243902e-01 7.539162516653019619e-02 5.427551844833859229e-32 2.751151834929449301e-28 5.907773339452356259e-04 0.000000000000000000e+00
9.240175974995243902e-01 7.539162516653019619e-02 5.427551844833859229e-32 2.751151834929449301e-28 5.907773339452356259e-04 0.000000000000000000e+00
9.240175974995243902e-01 7.539162516653019619e-02 5.427551844833859229e-32 2.751151834929449301e-28 5.907773339452356259e-04 0.000000000000000000e+00
9.240175974995243902e-01 7.539162516653019619e-02 5.427551844833859229e-32 2.751151834929449301e-28 5.907773339452356259e-04 0.000000000000000000e+00
9.240175974995243902e-01 7.539162516653019619e-02 5.427551844833859229e-32 2.751151834929449301e-28 5.907773339452356259e-04 0.000000000000000000e+00
9.240175974995243902e-01 7.539162516653019619e-02 5.427551844833859229e-32 2.751151834929449301e-28 5.907773339452356259e-04 0.000000000000000000e+00
9.240175974995243902e-01 7.539162516653019619e-02 5.427551844833859229e-32 2.751151834929449301e-28 5.907773339452356259e-04 0.000000000000000000e+00
9.240175974995243902e-01 7.539162516653019619e-02 5.427551844833859229e-32 2.751151834929449301e-28 5.907773339452356259e-04 0.000000000000000000e+00
9.240175974995243902e-01 7.539162516653019619e-02 5.427551844833859229e-32 2.751151834929449301e-28 5.907773339452356259e-04 0.000000000000000000e+00
9.240175974995243902e-01 7.539162516653019619e-02 5.427551844833859229e-32 2.751151834929449301e-28 5.907773339452356259e-04 0.000000000000000000e+00
9.240175974995243902e-01 7.539162516653019619e-02 5.427551844833859229e-32 2.751151834929449301e-28 5.907773339452356259e-04 0.000000000000000000e+00
9.240175974995243902e-01 7.539162516653019619e-02 5.427551844833859229e-32 2.751151834929449301e-28 5.907773339452356259e-04 0.000000000000000000e+00
9.240175974995243902e-01 7.539162516653019619e-02 5.427551844833859229e-32 2.751151834929449301e-28 5.907773339452356259e-04 0.000000000000000000e+00
9.240175974995243902e-01 7.539162516653019619e-02 5.427551844833859229e-32 2.751151834929449301e-28 5.907773339452356259e-04 0.000000000000000000e+00
9.240175974995243902e-01 7.539162516653019619e-02 5.427551844833859229e-32 2.751151834929449301e-28 5.907773339452356259e-04 0.000000000000000000e+00
9.240175974995243902e-01 7.539162516653019619e-02 5.427551844833859229e-32 2.751151834929449301e-28 5.907773339452356259e-04 0.000000000000000000e+00
9.240175974995243902e-01 7.539162516653019619e-02 5.427551844833859229e-32 2.751151834929449301e-28 5.907773339452356259e-04 0.000000000000000000e+00
9.240175974995243902e-01 7.539162516653019619e-02 5.427551844833859229e-32 2.751151834929449301e-28 5.907773339452356259e-04 0.000000000000000000e+00
9.240175974995243902e-01 7.539162516653019619e-02 5.427551844833859229e-32 2.751151834929449301e-28 5.907773339452356259e-04 0.000000000000000000e+00
9.240175974995243902e-01 7.539162516653019619e-02 5.427551844833859229e-32 2.751151834929449301e-28 5.907773339452356259e-04 0.000000000000000000e+00
9.240175974995243902e-01 7.539162516653019619e-02 5.427551844833859229e-32 2.751151834929449301e-28 5.907773339452356259e-04 0.000000000000000000e+00
9.240175974995243902e-01 7.539162516653019619e-02 5.427551844833859229e-32 2.751151834929449301e-28 5.907773339452356259e-04 0.000000000000000000e+00
9.240175974995243902e-01 7.539162516653019619e-02 5.427551844833859229e-32 2.751151834929449301e-28 5.907773339452356259e-04 0.000000000000000000e+00
9.240175974995243902e-01 7.539162516653019619e-02 5.427551844833859229e-32 2.751151834929449301e-28 5.907773339452356259e-04 0.000000000000000000e+00
9.240175974995243902e-01 7.539162516653019619e-02 5.427551844833859229e-32 2.751151834929449301e-28 5.907773339452356259e-04 0.000000000000000000e+00
9.240175974995243902e-01 7.539162516653019619e-02 5.427551844833859229e-32 2.751151834929449301e-28 5.907773339452356259e-04 0.000000000000000000e+00
9.240175974995243902e-01 7.539162516653019619e-02 5.427551844833859229e-32 2.751151834929449301e-28 5.907773339452356259e-04 0.000000000000000000e+00
9.240175974995243902e-01 7.539162516653019619e-02 5.427551844833859229e-32 2.751151834929449301e-28 5.907773339452356259e-04 0.000000000000000000e+00
9.240175974995243902e-01 7.539162516653019619e-02 5.427551844833859229e-32 2.751151834929449301e-28 5.907773339452356259e-04 0.000000000000000000e+00
9.240175974995243902e-01 7.539162516653019619e-02 5.427551844833859229e-32 2.751151834929449301e-28 5.907773339452356259e-04 0.000000000000000000e+00
9.240175974995243902e-01 7.539162516653019619e-02 5.427551844833859229e-32 2.751151834929449301e-28 5.907773339452356259e-04 0.000000000000000000e+00
9.240175974995243902e-01 7.539162516653019619e-02 5.427551844833859229e-32 2.751151834929449301e-28 5.907773339452356259e-04 0.000000000000000000e+00
9.240175974995243902e-01 7.539162516653019619e-02 5.427551844833859229e-32 2.751151834929449301e-28 5.907773339452356259e-04 0.000000000000000000e+00
9.240175974995243902e-01 7.539162516653019619e-02 5.427551844833859229e-32 2.751151834929449301e-28 5.907773339452356259e-04 0.000000000000000000e+00
9.240175974995243902e-01 7.539162516653019619e-02 5.427551844833859229e-32 2.751151834929449301e-28 5.907773339452356259e-04 0.000000000000000000e+00
9.240175974995243902e-01 7.539162516653019619e-02 5.427551844833859229e-32 2.751151834929449301e-28 5.907773339452356259e-04 0.000000000000000000e+00
9.240175974995243902e-01 7.539162516653019619e-02 5.427551844833859229e-32 2.751151834929449301e-28 5.907773339452356259e-04 0.000000000000000000e+00
9.240175974995243902e-01 7.539162516653019619e-02 5.427551844833859229e-32 2.751151834929449301e-28 5.907773339452356259e-04 0.000000000000000000e+00
9.240175974995243902e-01 7.539162516653019619e-02 5.427551844833859229e-32 2.751151834929449301e-28 5.907773339452356259e-04 0.000000000000000000e+00
9.240175974995243902e-01 7.539162516653019619e-02 5.427551844833859229e-32 2.751151834929449301e-28 5.907773339452356259e-04 0.000000000000000000e+00
9.240175974995243902e-01 7.539162516653019619e-02 5.427551844833859229e-32 2.751151834929449301e-28 5.907773339452356259e-04 0.000000000000000000e+00
9.240175974995243902e-01 7.539162516653019619e-02 5.427551844833859229e-32 2.751151834929449301e-28 5.907773339452356259e-04 0.000000000000000000e+00
9.240175974995243902e-01 7.539162516653019619e-02 5.427551844833859229e-32 2.751151834929449301e-28 5.907773339452356259e-04 0.000000000000000000e+00
9.240175974995243902e-01 7.539162516653019619e-02 5.427551844833859229e-32 2.751151834929449301e-28 5.907773339452356259e-04 0.000000000000000000e+00
9.240175974995243902e-01 7.539162516653019619e-02 5.427551844833859229e-32 2.751151834929449301e-28 5.907773339452356259e-04 0.000000000000000000e+00
9.240175974995243902e-01 7.539162516653019619e-02 5.427551844833859229e-32 2.751151834929449301e-28 5.907773339452356259e-04 0.000000000000000000e+00
9.240175974995243902e-01 7.539162516653019619e-02 5.427551844833859229e-32 2.751151834929449301e-28 5.907773339452356259e-04 0.000000000000000000e+00
9.240175974995243902e-01 7.539162516653019619e-02 5.427551844833859229e-32 2.751151834929449301e-28 5.907773339452356259e-04 0.000000000000000000e+00
9.240175974995243902e-01 7.539162516653019619e-02 5.427551844833859229e-32 2.751151834929449301e-28 5.907773339452356259e-04 0.000000000000000000e+00
9.240175974995243902e-01 7.539162516653019619e-02 5.427551844833859229e-32 2.751151834929449301e-28 5.907773339452356259e-04 0.000000000000000000e+00
9.240175974995243902e-01 7.539162516653019619e-02 5.427551844833859229e-32 2.751151834929449301e-28 5.907773339452356259e-04 0.000000000000000000e+00
9.240175974995243902e-01 7.539162516653019619e-02 5.427551844833859229e-32 2.751151834929449301e-28 5.907773339452356259e-04 0.000000000000000000e+00
9.240175974995243902e-01 7.539162516653019619e-02 5.427551844833859229e-32 2.751151834929449301e-28 5.907773339452356259e-04 0.000000000000000000e+00
9.240175974995243902e-01 7.539162516653019619e-02 5.427551844833859229e-32 2.751151834929449301e-28 5.907773339452356259e-04 0.000000000000000000e+00
9.240175974995243902e-01 7.539162516653019619e-02 5.427551844833859229e-32 2.751151834929449301e-28 5.907773339452356259e-04 0.000000000000000000e+00
9.240175974995243902e-01 7.539162516653019619e-02 5.427551844833859229e-32 2.751151834929449301e-28 5.907773339452356259e-04 0.000000000000000000e+00
9.240175974995243902e-01 7.539162516653019619e-02 5.427551844833859229e-32 2.751151834929449301e-28 5.907773339452356259e-04 0.000000000000000000e+00
9.240175974995243902e-01 7.539162516653019619e-02 5.427551844833859229e-32 2.751151834929449301e-28 5.907773339452356259e-04 0.000000000000000000e+00
9.240175974995243902e-01 7.539162516653019619e-02 5.427551844833859229e-32 2.751151834929449301e-28 5.907773339452356259e-04 0.000000000000000000e+00
9.240175974995243902e-01 7.539162516653019619e-02 5.427551844833859229e-32 2.751151834929449301e-28 5.907773339452356259e-04 0.000000000000000000e+00
9.240175974995243902e-01 7.539162516653019619e-02 5.427551844833859229e-32 2.751151834929449301e-28 5.907773339452356259e-04 0.000000000000000000e+00
9.240175974995243902e-01 7.539162516653019619e-02 5.427551844833859229e-32 2.751151834929449301e-28 5.907773339452356259e-04 0.000000000000000000e+00
9.240175974995243902e-01 7.539162516653019619e-02 5.427551844833859229e-32 2.751151834929449301e-28 5.907773339452356259e-04 0.000000000000000000e+00
9.240175974995243902e-01 7.539162516653019619e-02 5.427551844833859229e-32 2.751151834929449301e-28 5.907773339452356259e-04 0.000000000000000000e+00
9.240175974995243902e-01 7.539162516653019619e-02 5.427551844833859229e-32 2.751151834929449301e-28 5.907773339452356259e-04 0.000000000000000000e+00
9.240175974995243902e-01 7.539162516653019619e-02 5.427551844833859229e-32 2.751151834929449301e-28 5.907773339452356259e-04 0.000000000000000000e+00
9.240175974995243902e-01 7.539162516653019619e-02 5.427551844833859229e-32 2.751151834929449301e-28 5.907773339452356259e-04 0.000000000000000000e+00
9.240175974995243902e-01 7.539162516653019619e-02 5.427551844833859229e-32 2.751151834929449301e-28 5.907773339452356259e-04 0.000000000000000000e+00
9.240175974995243902e-01 7.539162516653019619e-02 5.427551844833859229e-32 2.751151834929449301e-28 5.907773339452356259e-04 0.000000000000000000e+00
9.240175974995243902e-01 7.539162516653019619e-02 5.427551844833859229e-32 2.751151834929449301e-28 5.907773339452356259e-04 0.000000000000000000e+00
9.240175974995243902e-01 7.539162516653019619e-02 5.427551844833859229e-32 2.751151834929449301e-28 5.907773339452356259e-04 0.000000000000000000e+00
9.240175974995243902e-01 7.539162516653019619e-02 5.427551844833859229e-32 2.751151834929449301e-28 5.907773339452356259e-04 0.000000000000000000e+00
9.240175974995243902e-01 7.539162516653019619e-02 5.427551844833859229e-32 2.751151834929449301e-28 5.907773339452356259e-04 0.000000000000000000e+00
9.240175974995243902e-01 7.539162516653019619e-02 5.427551844833859229e-32 2.751151834929449301e-28 5.907773339452356259e-04 0.000000000000000000e+00
9.240175974995243902e-01 7.539162516653019619e-02 5.427551844833859229e-32 2.751151834929449301e-28 5.907773339452356259e-04 0.000000000000000000e+00
9.240175974995243902e-01 7.539162516653019619e-02 5.427551844833859229e-32 2.751151834929449301e-28 5.907773339452356259e-04 0.000000000000000000e+00
9.240175974995243902e-01 7.539162516653019619e-02 5.427551844833859229e-32 2.751151834929449301e-28 5.907773339452356259e-04 0.000000000000000000e+00
9.240175974995243902e-01 7.539162516653019619e-02 5.427551844833859229e-32 2.751151834929449301e-28 5.907773339452356259e-04 0.000000000000000000e+00
9.240175974995243902e-01 7.539162516653019619e-02 5.427551844833859229e-32 2.751151834929449301e-28 5.907773339452356259e-04 0.000000000000000000e+00
9.240175974995243902e-01 7.539162516653019619e-02 5.427551844833859229e-32 2.751151834929449301e-28 5.907773339452356259e-04 0.000000000000000000e+00
9.240175974995243902e-01 7.539162516653019619e-02 5.427551844833859229e-32 2.751151834929449301e-28 5.907773339452356259e-04 0.000000000000000000e+00
9.240175974995243902e-01 7.539162516653019619e-02 5.427551844833859229e-32 2.751151834929449301e-28 5.907773339452356259e-04 0.000000000000000000e+00
9.240175974995243902e-01 7.539162516653019619e-02 5.427551844833859229e-32 2.751151834929449301e-28 5.907773339452356259e-04 0.000000000000000000e+00
9.240175974995243902e-01 7.539162516653019619e-02 5.427551844833859229e-32 2.751151834929449301e-28 5.907773339452356259e-04 0.000000000000000000e+00
9.240175974995243902e-01 7.539162516653019619e-02 5.427551844833859229e-32 2.751151834929449301e-28 5.907773339452356259e-04 0.000000000000000000e+00
9.240175974995243902e-01 7.539162516653019619e-02 5.427551844833859229e-32 2.751151834929449301e-28 5.907773339452356259e-04 0.000000000000000000e+00
9.240175974995243902e-01 7.539162516653019619e-02 5.427551844833859229e-32 2.751151834929449301e-28 5.907773339452356259e-04 0.000000000000000000e+00
9.240175974995243902e-01 7.539162516653019619e-02 5.427551844833859229e-32 2.751151834929449301e-28 5.907773339452356259e-04 0.000000000000000000e+00
9.240175974995243902e-01 7.539162516653019619e-02 5.427551844833859229e-32 2.751151834929449301e-28 5.907773339452356259e-04 0.000000000000000000e+00
9.240175974995243902e-01 7.539162516653019619e-02 5.427551844833859229e-32 2.751151834929449301e-28 5.907773339452356259e-04 0.000000000000000000e+00
9.240175974995243902e-01 7.539162516653019619e-02 5.427551844833859229e-32 2.751151834929449301e-28 5.907773339452356259e-04 0.000000000000000000e+00
9.240175974995243902e-01 7.539162516653019619e-02 5.427551844833859229e-32 2.751151834929449301e-28 5.907773339452356259e-04 0.000000000000000000e+00
9.240175974995243902e-01 7.539162516653019619e-02 5.427551844833859229e-32 2.751151834929449301e-28 5.907773339452356259e-04 0.000000000000000000e+00
9.240175974995243902e-01 7.539162516653019619e-02 5.427551844833859229e-32 2.751151834929449301e-28 5.907773339452356259e-04 0.000000000000000000e+00
9.240175974995243902e-01 7.539162516653019619e-02 5.427551844833859229e-32 2.751151834929449301e-28 5.907773339452356259e-04 0.000000000000000000e+00
9.240175974995243902e-01 7.539162516653019619e-02 5.427551844833859229e-32 2.751151834929449301e-28 5.907773339452356259e-04 0.000000000000000000e+00
9.240175974995243902e-01 7.539162516653019619e-02 5.427551844833859229e-32 2.751151834929449301e-28 5.907773339452356259e-04 0.000000000000000000e+00
9.240175974995243902e-01 7.539162516653019619e-02 5.427551844833859229e-32 2.751151834929449301e-28 5.907773339452356259e-04 0.000000000000000000e+00
9.240175974995243902e-01 7.539162516653019619e-02 5.427551844833859229e-32 2.751151834929449301e-28 5.907773339452356259e-04 0.000000000000000000e+00
9.240175974995243902e-01 7.539162516653019619e-02 5.427551844833859229e-32 2.751151834929449301e-28 5.907773339452356259e-04 0.000000000000000000e+00
9.240175974995243902e-01 7.539162516653019619e-02 5.427551844833859229e-32 2.751151834929449301e-28 5.907773339452356259e-04 0.000000000000000000e+00
9.240175974995243902e-01 7.539162516653019619e-02 5.427551844833859229e-32 2.751151834929449301e-28 5.907773339452356259e-04 0.000000000000000000e+00
9.240175974995243902e-01 7.539162516653019619e-02 5.427551844833859229e-32 2.751151834929449301e-28 5.907773339452356259e-04 0.000000000000000000e+00
9.240175974995243902e-01 7.539162516653019619e-02 5.427551844833859229e-32 2.751151834929449301e-28 5.907773339452356259e-04 0.000000000000000000e+00
