7.303232417454039727e-01 2.692006807637321031e-01 2.960397257284546248e-11 8.745241415283457199e-11 4.760773738074483628e-04 0.000000000000000000e+00
7.303232697023961384e-01 2.692006528500872631e-01 2.535158614376698529e-11 7.739074578410545431e-11 4.760773443943515674e-04 0.000000000000000000e+00
7.303232813891343822e-01 2.692006411814705236e-01 1.762766218904684197e-11 5.811205244698822969e-11 4.760773533546065772e-04 0.000000000000000000e+00
7.303232813891343822e-01 2.692006411814705236e-01 1.218457781909550777e-11 4.342734380816644762e-11 4.760773737162202852e-04 0.000000000000000000e+00
7.303232813891343822e-01 2.692006411814705236e-01 8.366889789410266172e-12 3.228104791125221346e-11 4.760773885423850494e-04 0.000000000000000000e+00
7.303232813891343822e-01 2.692006411814704681e-01 5.712214808082476576e-12 2.388369485862367894e-11 4.760773997475906496e-04 0.000000000000000000e+00
7.303232813891343822e-01 2.692006411814705236e-01 3.873783830918706964e-12 1.757536870355712959e-11 4.760774078355943864e-04 0.000000000000000000e+00
7.303232813891342712e-01 2.692006411814704681e-01 2.611042879766792053e-12 1.286957781685209743e-11 4.760774138619472515e-04 0.000000000000000000e+00
7.303232813891344932e-01 2.692006411814705236e-01 1.748234216029965922e-12 9.373168542758674424e-12 4.760774182156284583e-04 0.000000000000000000e+00
7.303232813891343822e-01 2.692006411814705236e-01 1.163038957454282543e-12 6.791304088746465347e-12 4.760774214083384978e-04 0.000000000000000000e+00
7.303232813891343822e-01 2.692006411814705236e-01 7.684936562932410688e-13 4.893696666137745384e-12 4.760774236995610480e-04 0.000000000000000000e+00
7.303232813891344932e-01 2.692006411814705236e-01 5.044752655046809461e-13 3.507684361139339539e-12 4.760774253681376747e-04 0.000000000000000000e+00
7.303232813891343822e-01 2.692006411814705236e-01 3.288123190687367270e-13 2.499801231803496128e-12 4.760774265461980908e-04 0.000000000000000000e+00
7.303232813891343822e-01 2.692006411814705236e-01 2.129396399353086232e-13 1.772260437894726926e-12 4.760774274070696320e-04 0.000000000000000000e+00
7.303232813891342712e-01 2.692006411814704681e-01 1.368440440325056177e-13 1.248678679395791184e-12 4.760774279982488643e-04 0.000000000000000000e+00
7.303232813891343822e-01 2.692006411814705236e-01 8.737112626048583115e-14 8.751619473842604204e-13 4.760774284287779034e-04 0.000000000000000000e+00
7.303232813891343822e-01 2.692006411814705236e-01 5.536084483131557822e-14 6.096110306926730815e-13 4.760774287255959748e-04 0.000000000000000000e+00
7.303232813891343822e-01 2.692006411814705236e-01 3.482829155326837211e-14 4.221894555946500852e-13 4.760774289339725308e-04 0.000000000000000000e+00
7.303232813891343822e-01 2.692006411814705236e-01 2.176232417123659925e-14 2.907852789219720275e-13 4.760774290825283946e-04 0.000000000000000000e+00
7.303232813891343822e-01 2.692006411814705236e-01 1.348517668206612784e-14 1.989344251292666569e-13 4.760774291807509857e-04 0.000000000000000000e+00
7.303232813891343822e-01 2.692006411814705791e-01 8.297228089238626637e-15 1.353199323853697705e-13 4.760774292500455991e-04 0.000000000000000000e+00
7.303232813891343822e-01 2.692006411814705236e-01 5.068626655803587654e-15 9.151496059598841141e-14 4.760774292984393426e-04 0.000000000000000000e+00
7.303232813891343822e-01 2.692006411814705236e-01 3.069878410130567909e-15 6.146244126009851596e-14 4.760774293299980826e-04 0.000000000000000000e+00
7.303232813891342712e-01 2.692006411814704681e-01 1.845317314977063344e-15 4.102747963330706022e-14 4.760774293517076048e-04 0.000000000000000000e+00
7.303232813891343822e-01 2.692006411814705236e-01 1.100862277328069037e-15 2.721958047846450389e-14 4.760774293665768413e-04 0.000000000000000000e+00
7.303232813891343822e-01 2.692006411814705236e-01 6.514514754144975908e-16 1.794103833318834035e-14 4.760774293764810823e-04 0.000000000000000000e+00
7.303232813891343822e-01 2.692006411814705236e-01 3.821491679031084742e-16 1.174200717478235622e-14 4.760774293828637263e-04 0.000000000000000000e+00
7.303232813891343822e-01 2.692006411814705236e-01 2.223938988842683059e-16 7.635515289427991369e-15 4.760774293871569500e-04 0.000000000000000000e+00
7.303232813891343822e-01 2.692006411814704681e-01 1.283787653276750490e-16 4.932737006049585261e-15 4.760774293900116002e-04 0.000000000000000000e+00
7.303232813891342712e-01 2.692006411814705236e-01 7.349947220324759397e-17 3.165503212798635993e-15 4.760774293918887336e-04 0.000000000000000000e+00
7.303232813891342712e-01 2.692006411814704681e-01 4.169613394580493217e-17 2.016410439954176137e-15 4.760774293930682913e-04 0.000000000000000000e+00
7.303232813891343822e-01 2.692006411814705236e-01 2.344616833840943795e-17 1.275301676345335546e-15 4.760774293938224082e-04 0.000000000000000000e+00
7.303232813891342712e-01 2.692006411814705236e-01 1.307119834852457159e-17 8.009916458096966199e-16 4.760774293943106786e-04 0.000000000000000000e+00
7.303232813891343822e-01 2.692006411814705236e-01 7.223793343269313462e-18 4.995449280045253874e-16 4.760774293946236878e-04 0.000000000000000000e+00
7.303232813891342712e-01 2.692006411814704681e-01 3.956943727321937564e-18 3.093161026722372048e-16 4.760774293948223136e-04 0.000000000000000000e+00
7.303232813891342712e-01 2.692006411814704681e-01 2.148012151659807074e-18 1.901346636974726796e-16 4.760774293949464548e-04 0.000000000000000000e+00
7.303232813891343822e-01 2.692006411814705236e-01 1.155401631209377452e-18 1.160111668141120152e-16 4.760774293950238668e-04 0.000000000000000000e+00
7.303232813891343822e-01 2.692006411814705236e-01 6.155964869853945455e-19 7.024161339561204197e-17 4.760774293950705959e-04 0.000000000000000000e+00
7.303232813891343822e-01 2.692006411814705236e-01 3.247571910088599525e-19 4.219001657985677472e-17 4.760774293950988394e-04 0.000000000000000000e+00
7.303232813891343822e-01 2.692006411814705236e-01 1.696972679893619851e-19 2.514605051846599127e-17 4.760774293951163492e-04 0.000000000000000000e+00
7.303232813891343822e-01 2.692006411814705236e-01 8.781546616743058193e-20 1.487013995245994895e-17 4.760774293951265407e-04 0.000000000000000000e+00
7.303232813891343822e-01 2.692006411814705236e-01 4.499717782820261537e-20 8.723588471603366840e-18 4.760774293951328833e-04 0.000000000000000000e+00
7.303232813891343822e-01 2.692006411814705236e-01 2.282740933113980652e-20 5.076455293289745772e-18 4.760774293951362986e-04 0.000000000000000000e+00
7.303232813891343822e-01 2.692006411814705236e-01 1.146369447328085371e-20 2.929962986028065201e-18 4.760774293951387380e-04 0.000000000000000000e+00
7.303232813891343822e-01 2.692006411814705236e-01 5.698092851114828104e-21 1.677070767694544290e-18 4.760774293951402017e-04 0.000000000000000000e+00
7.303232813891342712e-01 2.692006411814704681e-01 2.802933014587868642e-21 9.518766370111903327e-19 4.760774293951406896e-04 0.000000000000000000e+00
7.303232813891343822e-01 2.692006411814705236e-01 1.364321816151878558e-21 5.356774334198105298e-19 4.760774293951411775e-04 0.000000000000000000e+00
7.303232813891343822e-01 2.692006411814704681e-01 6.570313158789900194e-22 2.988643528471852036e-19 4.760774293951416654e-04 0.000000000000000000e+00
7.303232813891344932e-01 2.692006411814705791e-01 3.130162910265640092e-22 1.652910993323412034e-19 4.760774293951416654e-04 0.000000000000000000e+00
7.303232813891343822e-01 2.692006411814705236e-01 1.656284050976637417e-22 9.940378738687654367e-20 4.760774293951416654e-04 0.000000000000000000e+00
7.303232813891343822e-01 2.692006411814705236e-01 1.656284050976637417e-22 9.940378738687654367e-20 4.760774293951416654e-04 0.000000000000000000e+00
7.303232813891343822e-01 2.692006411814705236e-01 1.656284050976637417e-22 9.940378738687654367e-20 4.760774293951416654e-04 0.000000000000000000e+00
7.303232813891343822e-01 2.692006411814705236e-01 1.656284050976637417e-22 9.940378738687654367e-20 4.760774293951416654e-04 0.000000000000000000e+00
7.303232813891343822e-01 2.692006411814705236e-01 1.656284050976637417e-22 9.940378738687654367e-20 4.760774293951416654e-04 0.000000000000000000e+00
7.303232813891343822e-01 2.692006411814705236e-01 1.656284050976637417e-22 9.940378738687654367e-20 4.760774293951416654e-04 0.000000000000000000e+00
7.303232813891343822e-01 2.692006411814705236e-01 1.656284050976637417e-22 9.940378738687654367e-20 4.760774293951416654e-04 0.000000000000000000e+00
7.303232813891343822e-01 2.692006411814705236e-01 1.656284050976637417e-22 9.940378738687654367e-20 4.760774293951416654e-04 0.000000000000000000e+00
7.303232813891343822e-01 2.692006411814705236e-01 1.656284050976637417e-22 9.940378738687654367e-20 4.760774293951416654e-04 0.000000000000000000e+00
7.303232813891343822e-01 2.692006411814705236e-01 1.656284050976637417e-22 9.940378738687654367e-20 4.760774293951416654e-04 0.000000000000000000e+00
7.303232813891343822e-01 2.692006411814705236e-01 1.656284050976637417e-22 9.940378738687654367e-20 4.760774293951416654e-04 0.000000000000000000e+00
7.303232813891343822e-01 2.692006411814705236e-01 1.656284050976637417e-22 9.940378738687654367e-20 4.760774293951416654e-04 0.000000000000000000e+00
7.303232813891343822e-01 2.692006411814705236e-01 1.656284050976637417e-22 9.940378738687654367e-20 4.760774293951416654e-04 0.000000000000000000e+00
7.303232813891343822e-01 2.692006411814705236e-01 1.656284050976637417e-22 9.940378738687654367e-20 4.760774293951416654e-04 0.000000000000000000e+00
7.303232813891343822e-01 2.692006411814705236e-01 1.656284050976637417e-22 9.940378738687654367e-20 4.760774293951416654e-04 0.000000000000000000e+00
7.303232813891343822e-01 2.692006411814705236e-01 1.656284050976637417e-22 9.940378738687654367e-20 4.760774293951416654e-04 0.000000000000000000e+00
7.303232813891343822e-01 2.692006411814705236e-01 1.656284050976637417e-22 9.940378738687654367e-20 4.760774293951416654e-04 0.000000000000000000e+00
7.303232813891343822e-01 2.692006411814705236e-01 1.656284050976637417e-22 9.940378738687654367e-20 4.760774293951416654e-04 0.000000000000000000e+00
7.303232813891343822e-01 2.692006411814705236e-01 1.656284050976637417e-22 9.940378738687654367e-20 4.760774293951416654e-04 0.000000000000000000e+00
7.303232813891343822e-01 2.692006411814705236e-01 1.656284050976637417e-22 9.940378738687654367e-20 4.760774293951416654e-04 0.000000000000000000e+00
7.303232813891343822e-01 2.692006411814705236e-01 1.656284050976637417e-22 9.940378738687654367e-20 4.760774293951416654e-04 0.000000000000000000e+00
7.303232813891343822e-01 2.692006411814705236e-01 1.656284050976637417e-22 9.940378738687654367e-20 4.760774293951416654e-04 0.000000000000000000e+00
7.303232813891343822e-01 2.692006411814705236e-01 1.656284050976637417e-22 9.940378738687654367e-20 4.760774293951416654e-04 0.000000000000000000e+00
7.303232813891343822e-01 2.692006411814705236e-01 1.656284050976637417e-22 9.940378738687654367e-20 4.760774293951416654e-04 0.000000000000000000e+00
7.303232813891343822e-01 2.692006411814705236e-01 1.656284050976637417e-22 9.940378738687654367e-20 4.760774293951416654e-04 0.000000000000000000e+00
7.303232813891343822e-01 2.692006411814705236e-01 1.656284050976637417e-22 9.940378738687654367e-20 4.760774293951416654e-04 0.000000000000000000e+00
7.303232813891343822e-01 2.692006411814705236e-01 1.656284050976637417e-22 9.940378738687654367e-20 4.760774293951416654e-04 0.000000000000000000e+00
7.303232813891343822e-01 2.692006411814705236e-01 1.656284050976637417e-22 9.940378738687654367e-20 4.760774293951416654e-04 0.000000000000000000e+00
7.303232813891343822e-01 2.692006411814705236e-01 1.656284050976637417e-22 9.940378738687654367e-20 4.760774293951416654e-04 0.000000000000000000e+00
7.303232813891343822e-01 2.692006411814705236e-01 1.656284050976637417e-22 9.940378738687654367e-20 4.760774293951416654e-04 0.000000000000000000e+00
7.303232813891343822e-01 2.692006411814705236e-01 1.656284050976637417e-22 9.940378738687654367e-20 4.760774293951416654e-04 0.000000000000000000e+00
7.303232813891343822e-01 2.692006411814705236e-01 1.656284050976637417e-22 9.940378738687654367e-20 4.760774293951416654e-04 0.000000000000000000e+00
7.303232813891343822e-01 2.692006411814705236e-01 1.656284050976637417e-22 9.940378738687654367e-20 4.760774293951416654e-04 0.000000000000000000e+00
7.303232813891343822e-01 2.692006411814705236e-01 1.656284050976637417e-22 9.940378738687654367e-20 4.760774293951416654e-04 0.000000000000000000e+00
7.303232813891343822e-01 2.692006411814705236e-01 1.656284050976637417e-22 9.940378738687654367e-20 4.760774293951416654e-04 0.000000000000000000e+00
7.303232813891343822e-01 2.692006411814705236e-01 1.656284050976637417e-22 9.940378738687654367e-20 4.760774293951416654e-04 0.000000000000000000e+00
7.303232813891343822e-01 2.692006411814705236e-01 1.656284050976637417e-22 9.940378738687654367e-20 4.760774293951416654e-04 0.000000000000000000e+00
7.303232813891343822e-01 2.692006411814705236e-01 1.656284050976637417e-22 9.940378738687654367e-20 4.760774293951416654e-04 0.000000000000000000e+00
7.303232813891343822e-01 2.692006411814705236e-01 1.656284050976637417e-22 9.940378738687654367e-20 4.760774293951416654e-04 0.000000000000000000e+00
7.303232813891343822e-01 2.692006411814705236e-01 1.656284050976637417e-22 9.940378738687654367e-20 4.760774293951416654e-04 0.000000000000000000e+00
7.303232813891343822e-01 2.692006411814705236e-01 1.656284050976637417e-22 9.940378738687654367e-20 4.760774293951416654e-04 0.000000000000000000e+00
7.303232813891343822e-01 2.692006411814705236e-01 1.656284050976637417e-22 9.940378738687654367e-20 4.760774293951416654e-04 0.000000000000000000e+00
7.303232813891343822e-01 2.692006411814705236e-01 1.656284050976637417e-22 9.940378738687654367e-20 4.760774293951416654e-04 0.000000000000000000e+00
7.303232813891343822e-01 2.692006411814705236e-01 1.656284050976637417e-22 9.940378738687654367e-20 4.760774293951416654e-04 0.000000000000000000e+00
7.303232813891343822e-01 2.692006411814705236e-01 1.656284050976637417e-22 9.940378738687654367e-20 4.760774293951416654e-04 0.000000000000000000e+00
7.303232813891343822e-01 2.692006411814705236e-01 1.656284050976637417e-22 9.940378738687654367e-20 4.760774293951416654e-04 0.000000000000000000e+00
7.303232813891343822e-01 2.692006411814705236e-01 1.656284050976637417e-22 9.940378738687654367e-20 4.760774293951416654e-04 0.000000000000000000e+00
7.303232813891343822e-01 2.692006411814705236e-01 1.656284050976637417e-22 9.940378738687654367e-20 4.760774293951416654e-04 0.000000000000000000e+00
7.303232813891343822e-01 2.692006411814705236e-01 1.656284050976637417e-22 9.940378738687654367e-20 4.760774293951416654e-04 0.000000000000000000e+00
7.303232813891343822e-01 2.692006411814705236e-01 1.656284050976637417e-22 9.940378738687654367e-20 4.760774293951416654e-04 0.000000000000000000e+00
7.303232813891343822e-01 2.692006411814705236e-01 1.656284050976637417e-22 9.940378738687654367e-20 4.760774293951416654e-04 0.000000000000000000e+00
7.303232813891343822e-01 2.692006411814705236e-01 1.656284050976637417e-22 9.940378738687654367e-20 4.760774293951416654e-04 0.000000000000000000e+00
7.303232813891343822e-01 2.692006411814705236e-01 1.656284050976637417e-22 9.940378738687654367e-20 4.760774293951416654e-04 0.000000000000000000e+00
7.303232813891343822e-01 2.692006411814705236e-01 1.656284050976637417e-22 9.940378738687654367e-20 4.760774293951416654e-04 0.000000000000000000e+00
7.303232813891343822e-01 2.692006411814705236e-01 1.656284050976637417e-22 9.940378738687654367e-20 4.760774293951416654e-04 0.000000000000000000e+00
7.303232813891343822e-01 2.692006411814705236e-01 1.656284050976637417e-22 9.940378738687654367e-20 4.760774293951416654e-04 0.000000000000000000e+00
7.303232813891343822e-01 2.692006411814705236e-01 1.656284050976637417e-22 9.940378738687654367e-20 4.760774293951416654e-04 0.000000000000000000e+00
7.303232813891343822e-01 2.692006411814705236e-01 1.656284050976637417e-22 9.940378738687654367e-20 4.760774293951416654e-04 0.000000000000000000e+00
7.303232813891343822e-01 2.692006411814705236e-01 1.656284050976637417e-22 9.940378738687654367e-20 4.760774293951416654e-04 0.000000000000000000e+00
7.303232813891343822e-01 2.692006411814705236e-01 1.656284050976637417e-22 9.940378738687654367e-20 4.760774293951416654e-04 0.000000000000000000e+00
7.303232813891343822e-01 2.692006411814705236e-01 1.656284050976637417e-22 9.940378738687654367e-20 4.760774293951416654e-04 0.000000000000000000e+00
7.303232813891343822e-01 2.692006411814705236e-01 1.656284050976637417e-22 9.940378738687654367e-20 4.760774293951416654e-04 0.000000000000000000e+00
7.303232813891343822e-01 2.692006411814705236e-01 1.656284050976637417e-22 9.940378738687654367e-20 4.760774293951416654e-04 0.000000000000000000e+00
7.303232813891343822e-01 2.692006411814705236e-01 1.656284050976637417e-22 9.940378738687654367e-20 4.760774293951416654e-04 0.000000000000000000e+00
7.303232813891343822e-01 2.692006411814705236e-01 1.656284050976637417e-22 9.940378738687654367e-20 4.760774293951416654e-04 0.000000000000000000e+00
7.303232813891343822e-01 2.692006411814705236e-01 1.656284050976637417e-22 9.940378738687654367e-20 4.760774293951416654e-04 0.000000000000000000e+00
7.303232813891343822e-01 2.692006411814705236e-01 1.656284050976637417e-22 9.940378738687654367e-20 4.760774293951416654e-04 0.000000000000000000e+00
7.303232813891343822e-01 2.692006411814705236e-01 1.656284050976637417e-22 9.940378738687654367e-20 4.760774293951416654e-04 0.000000000000000000e+00
7.303232813891343822e-01 2.692006411814705236e-01 1.656284050976637417e-22 9.940378738687654367e-20 4.760774293951416654e-04 0.000000000000000000e+00
7.303232813891343822e-01 2.692006411814705236e-01 1.656284050976637417e-22 9.940378738687654367e-20 4.760774293951416654e-04 0.000000000000000000e+00
7.303232813891343822e-01 2.692006411814705236e-01 1.656284050976637417e-22 9.940378738687654367e-20 4.760774293951416654e-04 0.000000000000000000e+00
7.303232813891343822e-01 2.692006411814705236e-01 1.656284050976637417e-22 9.940378738687654367e-20 4.760774293951416654e-04 0.000000000000000000e+00
7.303232813891343822e-01 2.692006411814705236e-01 1.656284050976637417e-22 9.940378738687654367e-20 4.760774293951416654e-04 0.000000000000000000e+00
7.303232813891343822e-01 2.692006411814705236e-01 1.656284050976637417e-22 9.940378738687654367e-20 4.760774293951416654e-04 0.000000000000000000e+00
7.303232813891343822e-01 2.692006411814705236e-01 1.656284050976637417e-22 9.940378738687654367e-20 4.760774293951416654e-04 0.000000000000000000e+00
7.303232813891343822e-01 2.692006411814705236e-01 1.656284050976637417e-22 9.940378738687654367e-20 4.760774293951416654e-04 0.000000000000000000e+00
7.303232813891343822e-01 2.692006411814705236e-01 1.656284050976637417e-22 9.940378738687654367e-20 4.760774293951416654e-04 0.000000000000000000e+00
7.303232813891343822e-01 2.692006411814705236e-01 1.656284050976637417e-22 9.940378738687654367e-20 4.760774293951416654e-04 0.000000000000000000e+00
7.303232813891343822e-01 2.692006411814705236e-01 1.656284050976637417e-22 9.940378738687654367e-20 4.760774293951416654e-04 0.000000000000000000e+00
7.303232813891343822e-01 2.692006411814705236e-01 1.656284050976637417e-22 9.940378738687654367e-20 4.760774293951416654e-04 0.000000000000000000e+00
7.303232813891343822e-01 2.692006411814705236e-01 1.656284050976637417e-22 9.940378738687654367e-20 4.760774293951416654e-04 0.000000000000000000e+00
7.303232813891343822e-01 2.692006411814705236e-01 1.656284050976637417e-22 9.940378738687654367e-20 4.760774293951416654e-04 0.000000000000000000e+00
7.303232813891343822e-01 2.692006411814705236e-01 1.656284050976637417e-22 9.940378738687654367e-20 4.760774293951416654e-04 0.000000000000000000e+00
7.303232813891343822e-01 2.692006411814705236e-01 1.656284050976637417e-22 9.940378738687654367e-20 4.760774293951416654e-04 0.000000000000000000e+00
7.303232813891343822e-01 2.692006411814705236e-01 1.656284050976637417e-22 9.940378738687654367e-20 4.760774293951416654e-04 0.000000000000000000e+00
7.303232813891343822e-01 2.692006411814705236e-01 1.656284050976637417e-22 9.940378738687654367e-20 4.760774293951416654e-04 0.000000000000000000e+00
7.303232813891343822e-01 2.692006411814705236e-01 1.656284050976637417e-22 9.940378738687654367e-20 4.760774293951416654e-04 0.000000000000000000e+00
7.303232813891343822e-01 2.692006411814705236e-01 1.656284050976637417e-22 9.940378738687654367e-20 4.760774293951416654e-04 0.000000000000000000e+00
7.303232813891343822e-01 2.692006411814705236e-01 1.656284050976637417e-22 9.940378738687654367e-20 4.760774293951416654e-04 0.000000000000000000e+00
7.303232813891343822e-01 2.692006411814705236e-01 1.656284050976637417e-22 9.940378738687654367e-20 4.760774293951416654e-04 0.000000000000000000e+00
7.303232813891343822e-01 2.692006411814705236e-01 1.656284050976637417e-22 9.940378738687654367e-20 4.760774293951416654e-04 0.000000000000000000e+00
7.303232813891343822e-01 2.692006411814705236e-01 1.656284050976637417e-22 9.940378738687654367e-20 4.760774293951416654e-04 0.000000000000000000e+00
7.303232813891343822e-01 2.692006411814705236e-01 1.656284050976637417e-22 9.940378738687654367e-20 4.760774293951416654e-04 0.000000000000000000e+00
7.303232813891343822e-01 2.692006411814705236e-01 1.656284050976637417e-22 9.940378738687654367e-20 4.760774293951416654e-04 0.000000000000000000e+00
7.303232813891343822e-01 2.692006411814705236e-01 1.656284050976637417e-22 9.940378738687654367e-20 4.760774293951416654e-04 0.000000000000000000e+00
7.303232813891343822e-01 2.692006411814705236e-01 1.656284050976637417e-22 9.940378738687654367e-20 4.760774293951416654e-04 0.000000000000000000e+00
7.303232813891343822e-01 2.692006411814705236e-01 1.656284050976637417e-22 9.940378738687654367e-20 4.760774293951416654e-04 0.000000000000000000e+00
7.303232813891343822e-01 2.692006411814705236e-01 1.656284050976637417e-22 9.940378738687654367e-20 4.760774293951416654e-04 0.000000000000000000e+00
7.303232813891343822e-01 2.692006411814705236e-01 1.656284050976637417e-22 9.940378738687654367e-20 4.760774293951416654e-04 0.000000000000000000e+00
7.303232813891343822e-01 2.692006411814705236e-01 1.656284050976637417e-22 9.940378738687654367e-20 4.760774293951416654e-04 0.000000000000000000e+00
7.303232813891343822e-01 2.692006411814705236e-01 1.656284050976637417e-22 9.940378738687654367e-20 4.760774293951416654e-04 0.000000000000000000e+00
7.303232813891343822e-01 2.692006411814705236e-01 1.656284050976637417e-22 9.940378738687654367e-20 4.760774293951416654e-04 0.000000000000000000e+00
7.303232813891343822e-01 2.692006411814705236e-01 1.656284050976637417e-22 9.940378738687654367e-20 4.760774293951416654e-04 0.000000000000000000e+00
7.303232813891343822e-01 2.692006411814705236e-01 1.656284050976637417e-22 9.940378738687654367e-20 4.760774293951416654e-04 0.000000000000000000e+00
7.303232813891343822e-01 2.692006411814705236e-01 1.656284050976637417e-22 9.940378738687654367e-20 4.760774293951416654e-04 0.000000000000000000e+00
7.303232813891343822e-01 2.692006411814705236e-01 1.656284050976637417e-22 9.940378738687654367e-20 4.760774293951416654e-04 0.000000000000000000e+00
7.303232813891343822e-01 2.692006411814705236e-01 1.656284050976637417e-22 9.940378738687654367e-20 4.760774293951416654e-04 0.000000000000000000e+00
7.303232813891343822e-01 2.692006411814705236e-01 1.656284050976637417e-22 9.940378738687654367e-20 4.760774293951416654e-04 0.000000000000000000e+00
7.303232813891343822e-01 2.692006411814705236e-01 1.656284050976637417e-22 9.940378738687654367e-20 4.760774293951416654e-04 0.000000000000000000e+00
7.303232813891343822e-01 2.692006411814705236e-01 1.656284050976637417e-22 9.940378738687654367e-20 4.760774293951416654e-04 0.000000000000000000e+00
7.303232813891343822e-01 2.692006411814705236e-01 1.656284050976637417e-22 9.940378738687654367e-20 4.760774293951416654e-04 0.000000000000000000e+00
7.303232813891343822e-01 2.692006411814705236e-01 1.656284050976637417e-22 9.940378738687654367e-20 4.760774293951416654e-04 0.000000000000000000e+00
7.303232813891343822e-01 2.692006411814705236e-01 1.656284050976637417e-22 9.940378738687654367e-20 4.760774293951416654e-04 0.000000000000000000e+00
7.303232813891343822e-01 2.692006411814705236e-01 1.656284050976637417e-22 9.940378738687654367e-20 4.760774293951416654e-04 0.000000000000000000e+00
7.303232813891343822e-01 2.692006411814705236e-01 1.656284050976637417e-22 9.940378738687654367e-20 4.760774293951416654e-04 0.000000000000000000e+00
7.303232813891343822e-01 2.692006411814705236e-01 1.656284050976637417e-22 9.940378738687654367e-20 4.760774293951416654e-04 0.000000000000000000e+00
7.303232813891343822e-01 2.692006411814705236e-01 1.656284050976637417e-22 9.940378738687654367e-20 4.760774293951416654e-04 0.000000000000000000e+00
7.303232813891343822e-01 2.692006411814705236e-01 1.656284050976637417e-22 9.940378738687654367e-20 4.760774293951416654e-04 0.000000000000000000e+00
7.303232813891343822e-01 2.692006411814705236e-01 1.656284050976637417e-22 9.940378738687654367e-20 4.760774293951416654e-04 0.000000000000000000e+00
7.303232813891343822e-01 2.692006411814705236e-01 1.656284050976637417e-22 9.940378738687654367e-20 4.760774293951416654e-04 0.000000000000000000e+00
7.303232813891343822e-01 2.692006411814705236e-01 1.656284050976637417e-22 9.940378738687654367e-20 4.760774293951416654e-04 0.000000000000000000e+00
7.303232813891343822e-01 2.692006411814705236e-01 1.656284050976637417e-22 9.940378738687654367e-20 4.760774293951416654e-04 0.000000000000000000e+00
7.303232813891343822e-01 2.692006411814705236e-01 1.656284050976637417e-22 9.940378738687654367e-20 4.760774293951416654e-04 0.000000000000000000e+00
7.303232813891343822e-01 2.692006411814705236e-01 1.656284050976637417e-22 9.940378738687654367e-20 4.760774293951416654e-04 0.000000000000000000e+00
7.303232813891343822e-01 2.692006411814705236e-01 1.656284050976637417e-22 9.940378738687654367e-20 4.760774293951416654e-04 0.000000000000000000e+00
7.303232813891343822e-01 2.692006411814705236e-01 1.656284050976637417e-22 9.940378738687654367e-20 4.760774293951416654e-04 0.000000000000000000e+00
7.303232813891343822e-01 2.692006411814705236e-01 1.656284050976637417e-22 9.940378738687654367e-20 4.760774293951416654e-04 0.000000000000000000e+00
7.303232813891343822e-01 2.692006411814705236e-01 1.656284050976637417e-22 9.940378738687654367e-20 4.760774293951416654e-04 0.000000000000000000e+00
7.303232813891343822e-01 2.692006411814705236e-01 1.656284050976637417e-22 9.940378738687654367e-20 4.760774293951416654e-04 0.000000000000000000e+00
7.303232813891343822e-01 2.692006411814705236e-01 1.656284050976637417e-22 9.940378738687654367e-20 4.760774293951416654e-04 0.000000000000000000e+00
7.303232813891343822e-01 2.692006411814705236e-01 1.656284050976637417e-22 9.940378738687654367e-20 4.760774293951416654e-04 0.000000000000000000e+00
7.303232813891343822e-01 2.692006411814705236e-01 1.656284050976637417e-22 9.940378738687654367e-20 4.760774293951416654e-04 0.000000000000000000e+00
7.303232813891343822e-01 2.692006411814705236e-01 1.656284050976637417e-22 9.940378738687654367e-20 4.760774293951416654e-04 0.000000000000000000e+00
7.303232813891343822e-01 2.692006411814705236e-01 1.656284050976637417e-22 9.940378738687654367e-20 4.760774293951416654e-04 0.000000000000000000e+00
7.303232813891343822e-01 2.692006411814705236e-01 1.656284050976637417e-22 9.940378738687654367e-20 4.760774293951416654e-04 0.000000000000000000e+00
7.303232813891343822e-01 2.692006411814705236e-01 1.656284050976637417e-22 9.940378738687654367e-20 4.760774293951416654e-04 0.000000000000000000e+00
7.303232813891343822e-01 2.692006411814705236e-01 1.656284050976637417e-22 9.940378738687654367e-20 4.760774293951416654e-04 0.000000000000000000e+00
7.303232813891343822e-01 2.692006411814705236e-01 1.656284050976637417e-22 9.940378738687654367e-20 4.760774293951416654e-04 0.000000000000000000e+00
7.303232813891343822e-01 2.692006411814705236e-01 1.656284050976637417e-22 9.940378738687654367e-20 4.760774293951416654e-04 0.000000000000000000e+00
7.303232813891343822e-01 2.692006411814705236e-01 1.656284050976637417e-22 9.940378738687654367e-20 4.760774293951416654e-04 0.000000000000000000e+00
7.303232813891343822e-01 2.692006411814705236e-01 1.656284050976637417e-22 9.940378738687654367e-20 4.760774293951416654e-04 0.000000000000000000e+00
7.303232813891343822e-01 2.692006411814705236e-01 1.656284050976637417e-22 9.940378738687654367e-20 4.760774293951416654e-04 0.000000000000000000e+00
7.303232813891343822e-01 2.692006411814705236e-01 1.656284050976637417e-22 9.940378738687654367e-20 4.760774293951416654e-04 0.000000000000000000e+00
7.303232813891343822e-01 2.692006411814705236e-01 1.656284050976637417e-22 9.940378738687654367e-20 4.760774293951416654e-04 0.000000000000000000e+00
7.303232813891343822e-01 2.692006411814705236e-01 1.656284050976637417e-22 9.940378738687654367e-20 4.760774293951416654e-04 0.000000000000000000e+00
7.303232813891343822e-01 2.692006411814705236e-01 1.656284050976637417e-22 9.940378738687654367e-20 4.760774293951416654e-04 0.000000000000000000e+00
7.303232813891343822e-01 2.692006411814705236e-01 1.656284050976637417e-22 9.940378738687654367e-20 4.760774293951416654e-04 0.000000000000000000e+00
7.303232813891343822e-01 2.692006411814705236e-01 1.656284050976637417e-22 9.940378738687654367e-20 4.760774293951416654e-04 0.000000000000000000e+00
7.303232813891343822e-01 2.692006411814705236e-01 1.656284050976637417e-22 9.940378738687654367e-20 4.760774293951416654e-04 0.000000000000000000e+00
7.303232813891343822e-01 2.692006411814705236e-01 1.656284050976637417e-22 9.940378738687654367e-20 4.760774293951416654e-04 0.000000000000000000e+00
7.303232813891343822e-01 2.692006411814705236e-01 1.656284050976637417e-22 9.940378738687654367e-20 4.760774293951416654e-04 0.000000000000000000e+00
7.303232813891343822e-01 2.692006411814705236e-01 1.656284050976637417e-22 9.940378738687654367e-20 4.760774293951416654e-04 0.000000000000000000e+00
7.303232813891343822e-01 2.692006411814705236e-01 1.656284050976637417e-22 9.940378738687654367e-20 4.760774293951416654e-04 0.000000000000000000e+00
7.303232813891343822e-01 2.692006411814705236e-01 1.656284050976637417e-22 9.940378738687654367e-20 4.760774293951416654e-04 0.000000000000000000e+00
7.303232813891343822e-01 2.692006411814705236e-01 1.656284050976637417e-22 9.940378738687654367e-20 4.760774293951416654e-04 0.000000000000000000e+00
7.303232813891343822e-01 2.692006411814705236e-01 1.656284050976637417e-22 9.940378738687654367e-20 4.760774293951416654e-04 0.000000000000000000e+00
7.303232813891343822e-01 2.692006411814705236e-01 1.656284050976637417e-22 9.940378738687654367e-20 4.760774293951416654e-04 0.000000000000000000e+00
7.303232813891343822e-01 2.692006411814705236e-01 1.656284050976637417e-22 9.940378738687654367e-20 4.760774293951416654e-04 0.000000000000000000e+00
7.303232813891343822e-01 2.692006411814705236e-01 1.656284050976637417e-22 9.940378738687654367e-20 4.760774293951416654e-04 0.000000000000000000e+00
7.303232813891343822e-01 2.692006411814705236e-01 1.656284050976637417e-22 9.940378738687654367e-20 4.760774293951416654e-04 0.000000000000000000e+00
7.303232813891343822e-01 2.692006411814705236e-01 1.656284050976637417e-22 9.940378738687654367e-20 4.760774293951416654e-04 0.000000000000000000e+00
7.303232813891343822e-01 2.692006411814705236e-01 1.656284050976637417e-22 9.940378738687654367e-20 4.760774293951416654e-04 0.000000000000000000e+00
7.303232813891343822e-01 2.692006411814705236e-01 1.656284050976637417e-22 9.940378738687654367e-20 4.760774293951416654e-04 0.000000000000000000e+00
7.303232813891343822e-01 2.692006411814705236e-01 1.656284050976637417e-22 9.940378738687654367e-20 4.760774293951416654e-04 0.000000000000000000e+00
7.303232813891343822e-01 2.692006411814705236e-01 1.656284050976637417e-22 9.940378738687654367e-20 4.760774293951416654e-04 0.000000000000000000e+00
7.303232813891343822e-01 2.692006411814705236e-01 1.656284050976637417e-22 9.940378738687654367e-20 4.760774293951416654e-04 0.000000000000000000e+00
7.303232813891343822e-01 2.692006411814705236e-01 1.656284050976637417e-22 9.940378738687654367e-20 4.760774293951416654e-04 0.000000000000000000e+00
7.303232813891343822e-01 2.692006411814705236e-01 1.656284050976637417e-22 9.940378738687654367e-20 4.760774293951416654e-04 0.000000000000000000e+00
7.303232813891343822e-01 2.692006411814705236e-01 1.656284050976637417e-22 9.940378738687654367e-20 4.760774293951416654e-04 0.000000000000000000e+00
7.303232813891343822e-01 2.692006411814705236e-01 1.656284050976637417e-22 9.940378738687654367e-20 4.760774293951416654e-04 0.000000000000000000e+00
7.303232813891343822e-01 2.692006411814705236e-01 1.656284050976637417e-22 9.940378738687654367e-20 4.760774293951416654e-04 0.000000000000000000e+00
7.303232813891343822e-01 2.692006411814705236e-01 1.656284050976637417e-22 9.940378738687654367e-20 4.760774293951416654e-04 0.000000000000000000e+00
7.303232813891343822e-01 2.692006411814705236e-01 1.656284050976637417e-22 9.940378738687654367e-20 4.760774293951416654e-04 0.000000000000000000e+00
7.303232813891343822e-01 2.692006411814705236e-01 1.656284050976637417e-22 9.940378738687654367e-20 4.760774293951416654e-04 0.000000000000000000e+00
7.303232813891343822e-01 2.692006411814705236e-01 1.656284050976637417e-22 9.940378738687654367e-20 4.760774293951416654e-04 0.000000000000000000e+00
7.303232813891343822e-01 2.692006411814705236e-01 1.656284050976637417e-22 9.940378738687654367e-20 4.760774293951416654e-04 0.000000000000000000e+00
7.303232813891343822e-01 2.692006411814705236e-01 1.656284050976637417e-22 9.940378738687654367e-20 4.760774293951416654e-04 0.000000000000000000e+00
7.303232813891343822e-01 2.692006411814705236e-01 1.656284050976637417e-22 9.940378738687654367e-20 4.760774293951416654e-04 0.000000000000000000e+00
7.303232813891343822e-01 2.692006411814705236e-01 1.656284050976637417e-22 9.940378738687654367e-20 4.760774293951416654e-04 0.000000000000000000e+00
7.303232813891343822e-01 2.692006411814705236e-01 1.656284050976637417e-22 9.940378738687654367e-20 4.760774293951416654e-04 0.000000000000000000e+00
7.303232813891343822e-01 2.692006411814705236e-01 1.656284050976637417e-22 9.940378738687654367e-20 4.760774293951416654e-04 0.000000000000000000e+00
7.303232813891343822e-01 2.692006411814705236e-01 1.656284050976637417e-22 9.940378738687654367e-20 4.760774293951416654e-04 0.000000000000000000e+00
7.303232813891343822e-01 2.692006411814705236e-01 1.656284050976637417e-22 9.940378738687654367e-20 4.760774293951416654e-04 0.000000000000000000e+00
7.303232813891343822e-01 2.692006411814705236e-01 1.656284050976637417e-22 9.940378738687654367e-20 4.760774293951416654e-04 0.000000000000000000e+00
7.303232813891343822e-01 2.692006411814705236e-01 1.656284050976637417e-22 9.940378738687654367e-20 4.760774293951416654e-04 0.000000000000000000e+00
7.303232813891343822e-01 2.692006411814705236e-01 1.656284050976637417e-22 9.940378738687654367e-20 4.760774293951416654e-04 0.000000000000000000e+00
7.303232813891343822e-01 2.692006411814705236e-01 1.656284050976637417e-22 9.940378738687654367e-20 4.760774293951416654e-04 0.000000000000000000e+00
7.303232813891343822e-01 2.692006411814705236e-01 1.656284050976637417e-22 9.940378738687654367e-20 4.760774293951416654e-04 0.000000000000000000e+00
7.303232813891343822e-01 2.692006411814705236e-01 1.656284050976637417e-22 9.940378738687654367e-20 4.760774293951416654e-04 0.000000000000000000e+00
7.303232813891343822e-01 2.692006411814705236e-01 1.656284050976637417e-22 9.940378738687654367e-20 4.760774293951416654e-04 0.000000000000000000e+00
7.303232813891343822e-01 2.692006411814705236e-01 1.656284050976637417e-22 9.940378738687654367e-20 4.760774293951416654e-04 0.000000000000000000e+00
7.303232813891343822e-01 2.692006411814705236e-01 1.656284050976637417e-22 9.940378738687654367e-20 4.760774293951416654e-04 0.000000000000000000e+00
7.303232813891343822e-01 2.692006411814705236e-01 1.656284050976637417e-22 9.940378738687654367e-20 4.760774293951416654e-04 0.000000000000000000e+00
7.303232813891343822e-01 2.692006411814705236e-01 1.656284050976637417e-22 9.940378738687654367e-20 4.760774293951416654e-04 0.000000000000000000e+00
7.303232813891343822e-01 2.692006411814705236e-01 1.656284050976637417e-22 9.940378738687654367e-20 4.760774293951416654e-04 0.000000000000000000e+00
7.303232813891343822e-01 2.692006411814705236e-01 1.656284050976637417e-22 9.940378738687654367e-20 4.760774293951416654e-04 0.000000000000000000e+00
7.303232813891343822e-01 2.692006411814705236e-01 1.656284050976637417e-22 9.940378738687654367e-20 4.760774293951416654e-04 0.000000000000000000e+00
7.303232813891343822e-01 2.692006411814705236e-01 1.656284050976637417e-22 9.940378738687654367e-20 4.760774293951416654e-04 0.000000000000000000e+00
7.303232813891343822e-01 2.692006411814705236e-01 1.656284050976637417e-22 9.940378738687654367e-20 4.760774293951416654e-04 0.000000000000000000e+00
7.303232813891343822e-01 2.692006411814705236e-01 1.656284050976637417e-22 9.940378738687654367e-20 4.760774293951416654e-04 0.000000000000000000e+00
7.303232813891343822e-01 2.692006411814705236e-01 1.656284050976637417e-22 9.940378738687654367e-20 4.760774293951416654e-04 0.000000000000000000e+00
7.303232813891343822e-01 2.692006411814705236e-01 1.656284050976637417e-22 9.940378738687654367e-20 4.760774293951416654e-04 0.000000000000000000e+00
7.303232813891343822e-01 2.692006411814705236e-01 1.656284050976637417e-22 9.940378738687654367e-20 4.760774293951416654e-04 0.000000000000000000e+00
7.303232813891343822e-01 2.692006411814705236e-01 1.656284050976637417e-22 9.940378738687654367e-20 4.760774293951416654e-04 0.000000000000000000e+00
7.303232813891343822e-01 2.692006411814705236e-01 1.656284050976637417e-22 9.940378738687654367e-20 4.760774293951416654e-04 0.000000000000000000e+00
7.303232813891343822e-01 2.692006411814705236e-01 1.656284050976637417e-22 9.940378738687654367e-20 4.760774293951416654e-04 0.000000000000000000e+00
7.303232813891343822e-01 2.692006411814705236e-01 1.656284050976637417e-22 9.940378738687654367e-20 4.760774293951416654e-04 0.000000000000000000e+00
7.303232813891343822e-01 2.692006411814705236e-01 1.656284050976637417e-22 9.940378738687654367e-20 4.760774293951416654e-04 0.000000000000000000e+00
7.303232813891343822e-01 2.692006411814705236e-01 1.656284050976637417e-22 9.940378738687654367e-20 4.760774293951416654e-04 0.000000000000000000e+00
7.303232813891343822e-01 2.692006411814705236e-01 1.656284050976637417e-22 9.940378738687654367e-20 4.760774293951416654e-04 0.000000000000000000e+00
7.303232813891343822e-01 2.692006411814705236e-01 1.656284050976637417e-22 9.940378738687654367e-20 4.760774293951416654e-04 0.000000000000000000e+00
7.303232813891343822e-01 2.692006411814705236e-01 1.656284050976637417e-22 9.940378738687654367e-20 4.760774293951416654e-04 0.000000000000000000e+00
7.303232813891343822e-01 2.692006411814705236e-01 1.656284050976637417e-22 9.940378738687654367e-20 4.760774293951416654e-04 0.000000000000000000e+00
7.303232813891343822e-01 2.692006411814705236e-01 1.656284050976637417e-22 9.940378738687654367e-20 4.760774293951416654e-04 0.000000000000000000e+00
7.303232813891343822e-01 2.692006411814705236e-01 1.656284050976637417e-22 9.940378738687654367e-20 4.760774293951416654e-04 0.000000000000000000e+00
7.303232813891343822e-01 2.692006411814705236e-01 1.656284050976637417e-22 9.940378738687654367e-20 4.760774293951416654e-04 0.000000000000000000e+00
7.303232813891343822e-01 2.692006411814705236e-01 1.656284050976637417e-22 9.940378738687654367e-20 4.760774293951416654e-04 0.000000000000000000e+00
7.303232813891343822e-01 2.692006411814705236e-01 1.656284050976637417e-22 9.940378738687654367e-20 4.760774293951416654e-04 0.000000000000000000e+00
7.303232813891343822e-01 2.692006411814705236e-01 1.656284050976637417e-22 9.940378738687654367e-20 4.760774293951416654e-04 0.000000000000000000e+00
7.303232813891343822e-01 2.692006411814705236e-01 1.656284050976637417e-22 9.940378738687654367e-20 4.760774293951416654e-04 0.000000000000000000e+00
7.303232813891343822e-01 2.692006411814705236e-01 1.656284050976637417e-22 9.940378738687654367e-20 4.760774293951416654e-04 0.000000000000000000e+00
7.303232813891343822e-01 2.692006411814705236e-01 1.656284050976637417e-22 9.940378738687654367e-20 4.760774293951416654e-04 0.000000000000000000e+00
7.303232813891343822e-01 2.692006411814705236e-01 1.656284050976637417e-22 9.940378738687654367e-20 4.760774293951416654e-04 0.000000000000000000e+00
7.303232813891343822e-01 2.692006411814705236e-01 1.656284050976637417e-22 9.940378738687654367e-20 4.760774293951416654e-04 0.000000000000000000e+00
7.303232813891343822e-01 2.692006411814705236e-01 1.656284050976637417e-22 9.940378738687654367e-20 4.760774293951416654e-04 0.000000000000000000e+00
7.303232813891343822e-01 2.692006411814705236e-01 1.656284050976637417e-22 9.940378738687654367e-20 4.760774293951416654e-04 0.000000000000000000e+00
7.303232813891343822e-01 2.692006411814705236e-01 1.656284050976637417e-22 9.940378738687654367e-20 4.760774293951416654e-04 0.000000000000000000e+00
7.303232813891343822e-01 2.692006411814705236e-01 1.656284050976637417e-22 9.940378738687654367e-20 4.760774293951416654e-04 0.000000000000000000e+00
7.303232813891343822e-01 2.692006411814705236e-01 1.656284050976637417e-22 9.940378738687654367e-20 4.760774293951416654e-04 0.000000000000000000e+00
7.303232813891343822e-01 2.692006411814705236e-01 1.656284050976637417e-22 9.940378738687654367e-20 4.760774293951416654e-04 0.000000000000000000e+00
7.303232813891343822e-01 2.692006411814705236e-01 1.656284050976637417e-22 9.940378738687654367e-20 4.760774293951416654e-04 0.000000000000000000e+00
7.303232813891343822e-01 2.692006411814705236e-01 1.656284050976637417e-22 9.940378738687654367e-20 4.760774293951416654e-04 0.000000000000000000e+00
7.303232813891343822e-01 2.692006411814705236e-01 1.656284050976637417e-22 9.940378738687654367e-20 4.760774293951416654e-04 0.000000000000000000e+00
7.303232813891343822e-01 2.692006411814705236e-01 1.656284050976637417e-22 9.940378738687654367e-20 4.760774293951416654e-04 0.000000000000000000e+00
7.303232813891343822e-01 2.692006411814705236e-01 1.656284050976637417e-22 9.940378738687654367e-20 4.760774293951416654e-04 0.000000000000000000e+00
7.303232813891343822e-01 2.692006411814705236e-01 1.656284050976637417e-22 9.940378738687654367e-20 4.760774293951416654e-04 0.000000000000000000e+00
7.303232813891343822e-01 2.692006411814705236e-01 1.656284050976637417e-22 9.940378738687654367e-20 4.760774293951416654e-04 0.000000000000000000e+00
7.303232813891343822e-01 2.692006411814705236e-01 1.656284050976637417e-22 9.940378738687654367e-20 4.760774293951416654e-04 0.000000000000000000e+00
7.303232813891343822e-01 2.692006411814705236e-01 1.656284050976637417e-22 9.940378738687654367e-20 4.760774293951416654e-04 0.000000000000000000e+00
7.303232813891343822e-01 2.692006411814705236e-01 1.656284050976637417e-22 9.940378738687654367e-20 4.760774293951416654e-04 0.000000000000000000e+00
7.303232813891343822e-01 2.692006411814705236e-01 1.656284050976637417e-22 9.940378738687654367e-20 4.760774293951416654e-04 0.000000000000000000e+00
7.303232813891343822e-01 2.692006411814705236e-01 1.656284050976637417e-22 9.940378738687654367e-20 4.760774293951416654e-04 0.000000000000000000e+00
7.303232813891343822e-01 2.692006411814705236e-01 1.656284050976637417e-22 9.940378738687654367e-20 4.760774293951416654e-04 0.000000000000000000e+00
7.303232813891343822e-01 2.692006411814705236e-01 1.656284050976637417e-22 9.940378738687654367e-20 4.760774293951416654e-04 0.000000000000000000e+00
7.303232813891343822e-01 2.692006411814705236e-01 1.656284050976637417e-22 9.940378738687654367e-20 4.760774293951416654e-04 0.000000000000000000e+00
7.303232813891343822e-01 2.692006411814705236e-01 1.656284050976637417e-22 9.940378738687654367e-20 4.760774293951416654e-04 0.000000000000000000e+00
7.303232813891343822e-01 2.692006411814705236e-01 1.656284050976637417e-22 9.940378738687654367e-20 4.760774293951416654e-04 0.000000000000000000e+00
7.303232813891343822e-01 2.692006411814705236e-01 1.656284050976637417e-22 9.940378738687654367e-20 4.760774293951416654e-04 0.000000000000000000e+00
7.303232813891343822e-01 2.692006411814705236e-01 1.656284050976637417e-22 9.940378738687654367e-20 4.760774293951416654e-04 0.000000000000000000e+00
7.303232813891343822e-01 2.692006411814705236e-01 1.656284050976637417e-22 9.940378738687654367e-20 4.760774293951416654e-04 0.000000000000000000e+00
7.303232813891343822e-01 2.692006411814705236e-01 1.656284050976637417e-22 9.940378738687654367e-20 4.760774293951416654e-04 0.000000000000000000e+00
7.303232813891343822e-01 2.692006411814705236e-01 1.656284050976637417e-22 9.940378738687654367e-20 4.760774293951416654e-04 0.000000000000000000e+00
7.303232813891343822e-01 2.692006411814705236e-01 1.656284050976637417e-22 9.940378738687654367e-20 4.760774293951416654e-04 0.000000000000000000e+00
7.303232813891343822e-01 2.692006411814705236e-01 1.656284050976637417e-22 9.940378738687654367e-20 4.760774293951416654e-04 0.000000000000000000e+00
7.303232813891343822e-01 2.692006411814705236e-01 1.656284050976637417e-22 9.940378738687654367e-20 4.760774293951416654e-04 0.000000000000000000e+00
7.303232813891343822e-01 2.692006411814705236e-01 1.656284050976637417e-22 9.940378738687654367e-20 4.760774293951416654e-04 0.000000000000000000e+00
7.303232813891343822e-01 2.692006411814705236e-01 1.656284050976637417e-22 9.940378738687654367e-20 4.760774293951416654e-04 0.000000000000000000e+00
7.303232813891343822e-01 2.692006411814705236e-01 1.656284050976637417e-22 9.940378738687654367e-20 4.760774293951416654e-04 0.000000000000000000e+00
7.303232813891343822e-01 2.692006411814705236e-01 1.656284050976637417e-22 9.940378738687654367e-20 4.760774293951416654e-04 0.000000000000000000e+00
7.303232813891343822e-01 2.692006411814705236e-01 1.656284050976637417e-22 9.940378738687654367e-20 4.760774293951416654e-04 0.000000000000000000e+00
7.303232813891343822e-01 2.692006411814705236e-01 1.656284050976637417e-22 9.940378738687654367e-20 4.760774293951416654e-04 0.000000000000000000e+00
7.303232813891343822e-01 2.692006411814705236e-01 1.656284050976637417e-22 9.940378738687654367e-20 4.760774293951416654e-04 0.000000000000000000e+00
7.303232813891343822e-01 2.692006411814705236e-01 1.656284050976637417e-22 9.940378738687654367e-20 4.760774293951416654e-04 0.000000000000000000e+00
7.303232813891343822e-01 2.692006411814705236e-01 1.656284050976637417e-22 9.940378738687654367e-20 4.760774293951416654e-04 0.000000000000000000e+00
7.303232813891343822e-01 2.692006411814705236e-01 1.656284050976637417e-22 9.940378738687654367e-20 4.760774293951416654e-04 0.000000000000000000e+00
7.303232813891343822e-01 2.692006411814705236e-01 1.656284050976637417e-22 9.940378738687654367e-20 4.760774293951416654e-04 0.000000000000000000e+00
7.303232813891343822e-01 2.692006411814705236e-01 1.656284050976637417e-22 9.940378738687654367e-20 4.760774293951416654e-04 0.000000000000000000e+00
7.303232813891343822e-01 2.692006411814705236e-01 1.656284050976637417e-22 9.940378738687654367e-20 4.760774293951416654e-04 0.000000000000000000e+00
7.303232813891343822e-01 2.692006411814705236e-01 1.656284050976637417e-22 9.940378738687654367e-20 4.760774293951416654e-04 0.000000000000000000e+00
7.303232813891343822e-01 2.692006411814705236e-01 1.656284050976637417e-22 9.940378738687654367e-20 4.760774293951416654e-04 0.000000000000000000e+00
7.303232813891343822e-01 2.692006411814705236e-01 1.656284050976637417e-22 9.940378738687654367e-20 4.760774293951416654e-04 0.000000000000000000e+00
7.303232813891343822e-01 2.692006411814705236e-01 1.656284050976637417e-22 9.940378738687654367e-20 4.760774293951416654e-04 0.000000000000000000e+00
7.303232813891343822e-01 2.692006411814705236e-01 1.656284050976637417e-22 9.940378738687654367e-20 4.760774293951416654e-04 0.000000000000000000e+00
7.303232813891343822e-01 2.692006411814705236e-01 1.656284050976637417e-22 9.940378738687654367e-20 4.760774293951416654e-04 0.000000000000000000e+00
7.303232813891343822e-01 2.692006411814705236e-01 1.656284050976637417e-22 9.940378738687654367e-20 4.760774293951416654e-04 0.000000000000000000e+00
7.303232813891343822e-01 2.692006411814705236e-01 1.656284050976637417e-22 9.940378738687654367e-20 4.760774293951416654e-04 0.000000000000000000e+00
7.303232813891343822e-01 2.692006411814705236e-01 1.656284050976637417e-22 9.940378738687654367e-20 4.760774293951416654e-04 0.000000000000000000e+00
7.303232813891343822e-01 2.692006411814705236e-01 1.656284050976637417e-22 9.940378738687654367e-20 4.760774293951416654e-04 0.000000000000000000e+00
7.303232813891343822e-01 2.692006411814705236e-01 1.656284050976637417e-22 9.940378738687654367e-20 4.760774293951416654e-04 0.000000000000000000e+00
7.303232813891343822e-01 2.692006411814705236e-01 1.656284050976637417e-22 9.940378738687654367e-20 4.760774293951416654e-04 0.000000000000000000e+00
7.303232813891343822e-01 2.692006411814705236e-01 1.656284050976637417e-22 9.940378738687654367e-20 4.760774293951416654e-04 0.000000000000000000e+00
7.303232813891343822e-01 2.692006411814705236e-01 1.656284050976637417e-22 9.940378738687654367e-20 4.760774293951416654e-04 0.000000000000000000e+00
7.303232813891343822e-01 2.692006411814705236e-01 1.656284050976637417e-22 9.940378738687654367e-20 4.760774293951416654e-04 0.000000000000000000e+00
7.303232813891343822e-01 2.692006411814705236e-01 1.656284050976637417e-22 9.940378738687654367e-20 4.760774293951416654e-04 0.000000000000000000e+00
7.303232813891343822e-01 2.692006411814705236e-01 1.656284050976637417e-22 9.940378738687654367e-20 4.760774293951416654e-04 0.000000000000000000e+00
7.303232813891343822e-01 2.692006411814705236e-01 1.656284050976637417e-22 9.940378738687654367e-20 4.760774293951416654e-04 0.000000000000000000e+00
7.303232813891343822e-01 2.692006411814705236e-01 1.656284050976637417e-22 9.940378738687654367e-20 4.760774293951416654e-04 0.000000000000000000e+00
7.303232813891343822e-01 2.692006411814705236e-01 1.656284050976637417e-22 9.940378738687654367e-20 4.760774293951416654e-04 0.000000000000000000e+00
7.303232813891343822e-01 2.692006411814705236e-01 1.656284050976637417e-22 9.940378738687654367e-20 4.760774293951416654e-04 0.000000000000000000e+00
7.303232813891343822e-01 2.692006411814705236e-01 1.656284050976637417e-22 9.940378738687654367e-20 4.760774293951416654e-04 0.000000000000000000e+00
7.303232813891343822e-01 2.692006411814705236e-01 1.656284050976637417e-22 9.940378738687654367e-20 4.760774293951416654e-04 0.000000000000000000e+00
7.303232813891343822e-01 2.692006411814705236e-01 1.656284050976637417e-22 9.940378738687654367e-20 4.760774293951416654e-04 0.000000000000000000e+00
7.303232813891343822e-01 2.692006411814705236e-01 1.656284050976637417e-22 9.940378738687654367e-20 4.760774293951416654e-04 0.000000000000000000e+00
7.303232813891343822e-01 2.692006411814705236e-01 1.656284050976637417e-22 9.940378738687654367e-20 4.760774293951416654e-04 0.000000000000000000e+00
7.303232813891343822e-01 2.692006411814705236e-01 1.656284050976637417e-22 9.940378738687654367e-20 4.760774293951416654e-04 0.000000000000000000e+00
7.303232813891343822e-01 2.692006411814705236e-01 1.656284050976637417e-22 9.940378738687654367e-20 4.760774293951416654e-04 0.000000000000000000e+00
7.303232813891343822e-01 2.692006411814705236e-01 1.656284050976637417e-22 9.940378738687654367e-20 4.760774293951416654e-04 0.000000000000000000e+00
7.303232813891343822e-01 2.692006411814705236e-01 1.656284050976637417e-22 9.940378738687654367e-20 4.760774293951416654e-04 0.000000000000000000e+00
7.303232813891343822e-01 2.692006411814705236e-01 1.656284050976637417e-22 9.940378738687654367e-20 4.760774293951416654e-04 0.000000000000000000e+00
7.303232813891343822e-01 2.692006411814705236e-01 1.656284050976637417e-22 9.940378738687654367e-20 4.760774293951416654e-04 0.000000000000000000e+00
7.303232813891343822e-01 2.692006411814705236e-01 1.656284050976637417e-22 9.940378738687654367e-20 4.760774293951416654e-04 0.000000000000000000e+00
7.303232813891343822e-01 2.692006411814705236e-01 1.656284050976637417e-22 9.940378738687654367e-20 4.760774293951416654e-04 0.000000000000000000e+00
7.303232813891343822e-01 2.692006411814705236e-01 1.656284050976637417e-22 9.940378738687654367e-20 4.760774293951416654e-04 0.000000000000000000e+00
7.303232813891343822e-01 2.692006411814705236e-01 1.656284050976637417e-22 9.940378738687654367e-20 4.760774293951416654e-04 0.000000000000000000e+00
7.303232813891343822e-01 2.692006411814705236e-01 1.656284050976637417e-22 9.940378738687654367e-20 4.760774293951416654e-04 0.000000000000000000e+00
7.303232813891343822e-01 2.692006411814705236e-01 1.656284050976637417e-22 9.940378738687654367e-20 4.760774293951416654e-04 0.000000000000000000e+00
7.303232813891343822e-01 2.692006411814705236e-01 1.656284050976637417e-22 9.940378738687654367e-20 4.760774293951416654e-04 0.000000000000000000e+00
7.303232813891343822e-01 2.692006411814705236e-01 1.656284050976637417e-22 9.940378738687654367e-20 4.760774293951416654e-04 0.000000000000000000e+00
7.303232813891343822e-01 2.692006411814705236e-01 1.656284050976637417e-22 9.940378738687654367e-20 4.760774293951416654e-04 0.000000000000000000e+00
7.303232813891343822e-01 2.692006411814705236e-01 1.656284050976637417e-22 9.940378738687654367e-20 4.760774293951416654e-04 0.000000000000000000e+00
7.303232813891343822e-01 2.692006411814705236e-01 1.656284050976637417e-22 9.940378738687654367e-20 4.760774293951416654e-04 0.000000000000000000e+00
7.303232813891343822e-01 2.692006411814705236e-01 1.656284050976637417e-22 9.940378738687654367e-20 4.760774293951416654e-04 0.000000000000000000e+00
7.303232813891343822e-01 2.692006411814705236e-01 1.656284050976637417e-22 9.940378738687654367e-20 4.760774293951416654e-04 0.000000000000000000e+00
7.303232813891343822e-01 2.692006411814705236e-01 1.656284050976637417e-22 9.940378738687654367e-20 4.760774293951416654e-04 0.000000000000000000e+00
7.303232813891343822e-01 2.692006411814705236e-01 1.656284050976637417e-22 9.940378738687654367e-20 4.760774293951416654e-04 0.000000000000000000e+00
7.303232813891343822e-01 2.692006411814705236e-01 1.656284050976637417e-22 9.940378738687654367e-20 4.760774293951416654e-04 0.000000000000000000e+00
7.303232813891343822e-01 2.692006411814705236e-01 1.656284050976637417e-22 9.940378738687654367e-20 4.760774293951416654e-04 0.000000000000000000e+00
7.303232813891343822e-01 2.692006411814705236e-01 1.656284050976637417e-22 9.940378738687654367e-20 4.760774293951416654e-04 0.000000000000000000e+00
7.303232813891343822e-01 2.692006411814705236e-01 1.656284050976637417e-22 9.940378738687654367e-20 4.760774293951416654e-04 0.000000000000000000e+00
7.303232813891343822e-01 2.692006411814705236e-01 1.656284050976637417e-22 9.940378738687654367e-20 4.760774293951416654e-04 0.000000000000000000e+00
7.303232813891343822e-01 2.692006411814705236e-01 1.656284050976637417e-22 9.940378738687654367e-20 4.760774293951416654e-04 0.000000000000000000e+00
7.303232813891343822e-01 2.692006411814705236e-01 1.656284050976637417e-22 9.940378738687654367e-20 4.760774293951416654e-04 0.000000000000000000e+00
7.303232813891343822e-01 2.692006411814705236e-01 1.656284050976637417e-22 9.940378738687654367e-20 4.760774293951416654e-04 0.000000000000000000e+00
7.303232813891343822e-01 2.692006411814705236e-01 1.656284050976637417e-22 9.940378738687654367e-20 4.760774293951416654e-04 0.000000000000000000e+00
7.303232813891343822e-01 2.692006411814705236e-01 1.656284050976637417e-22 9.940378738687654367e-20 4.760774293951416654e-04 0.000000000000000000e+00
7.303232813891343822e-01 2.692006411814705236e-01 1.656284050976637417e-22 9.940378738687654367e-20 4.760774293951416654e-04 0.000000000000000000e+00
7.303232813891343822e-01 2.692006411814705236e-01 1.656284050976637417e-22 9.940378738687654367e-20 4.760774293951416654e-04 0.000000000000000000e+00
7.303232813891343822e-01 2.692006411814705236e-01 1.656284050976637417e-22 9.940378738687654367e-20 4.760774293951416654e-04 0.000000000000000000e+00
7.303232813891343822e-01 2.692006411814705236e-01 1.656284050976637417e-22 9.940378738687654367e-20 4.760774293951416654e-04 0.000000000000000000e+00
7.303232813891343822e-01 2.692006411814705236e-01 1.656284050976637417e-22 9.940378738687654367e-20 4.760774293951416654e-04 0.000000000000000000e+00
7.303232813891343822e-01 2.692006411814705236e-01 1.656284050976637417e-22 9.940378738687654367e-20 4.760774293951416654e-04 0.000000000000000000e+00
7.303232813891343822e-01 2.692006411814705236e-01 1.656284050976637417e-22 9.940378738687654367e-20 4.760774293951416654e-04 0.000000000000000000e+00
7.303232813891343822e-01 2.692006411814705236e-01 1.656284050976637417e-22 9.940378738687654367e-20 4.760774293951416654e-04 0.000000000000000000e+00
7.303232813891343822e-01 2.692006411814705236e-01 1.656284050976637417e-22 9.940378738687654367e-20 4.760774293951416654e-04 0.000000000000000000e+00
7.303232813891343822e-01 2.692006411814705236e-01 1.656284050976637417e-22 9.940378738687654367e-20 4.760774293951416654e-04 0.000000000000000000e+00
7.303232813891343822e-01 2.692006411814705236e-01 1.656284050976637417e-22 9.940378738687654367e-20 4.760774293951416654e-04 0.000000000000000000e+00
7.303232813891343822e-01 2.692006411814705236e-01 1.656284050976637417e-22 9.940378738687654367e-20 4.760774293951416654e-04 0.000000000000000000e+00
7.303232813891343822e-01 2.692006411814705236e-01 1.656284050976637417e-22 9.940378738687654367e-20 4.760774293951416654e-04 0.000000000000000000e+00
7.303232813891343822e-01 2.692006411814705236e-01 1.656284050976637417e-22 9.940378738687654367e-20 4.760774293951416654e-04 0.000000000000000000e+00
7.303232813891343822e-01 2.692006411814705236e-01 1.656284050976637417e-22 9.940378738687654367e-20 4.760774293951416654e-04 0.000000000000000000e+00
7.303232813891343822e-01 2.692006411814705236e-01 1.656284050976637417e-22 9.940378738687654367e-20 4.760774293951416654e-04 0.000000000000000000e+00
7.303232813891343822e-01 2.692006411814705236e-01 1.656284050976637417e-22 9.940378738687654367e-20 4.760774293951416654e-04 0.000000000000000000e+00
7.303232813891343822e-01 2.692006411814705236e-01 1.656284050976637417e-22 9.940378738687654367e-20 4.760774293951416654e-04 0.000000000000000000e+00
7.303232813891343822e-01 2.692006411814705236e-01 1.656284050976637417e-22 9.940378738687654367e-20 4.760774293951416654e-04 0.000000000000000000e+00
7.303232813891343822e-01 2.692006411814705236e-01 1.656284050976637417e-22 9.940378738687654367e-20 4.760774293951416654e-04 0.000000000000000000e+00
7.303232813891343822e-01 2.692006411814705236e-01 1.656284050976637417e-22 9.940378738687654367e-20 4.760774293951416654e-04 0.000000000000000000e+00
7.303232813891343822e-01 2.692006411814705236e-01 1.656284050976637417e-22 9.940378738687654367e-20 4.760774293951416654e-04 0.000000000000000000e+00
7.303232813891343822e-01 2.692006411814705236e-01 1.656284050976637417e-22 9.940378738687654367e-20 4.760774293951416654e-04 0.000000000000000000e+00
7.303232813891343822e-01 2.692006411814705236e-01 1.656284050976637417e-22 9.940378738687654367e-20 4.760774293951416654e-04 0.000000000000000000e+00
7.303232813891343822e-01 2.692006411814705236e-01 1.656284050976637417e-22 9.940378738687654367e-20 4.760774293951416654e-04 0.000000000000000000e+00
7.303232813891343822e-01 2.692006411814705236e-01 1.656284050976637417e-22 9.940378738687654367e-20 4.760774293951416654e-04 0.000000000000000000e+00
7.303232813891343822e-01 2.692006411814705236e-01 1.656284050976637417e-22 9.940378738687654367e-20 4.760774293951416654e-04 0.000000000000000000e+00
7.303232813891343822e-01 2.692006411814705236e-01 1.656284050976637417e-22 9.940378738687654367e-20 4.760774293951416654e-04 0.000000000000000000e+00
7.303232813891343822e-01 2.692006411814705236e-01 1.656284050976637417e-22 9.940378738687654367e-20 4.760774293951416654e-04 0.000000000000000000e+00
7.303232813891343822e-01 2.692006411814705236e-01 1.656284050976637417e-22 9.940378738687654367e-20 4.760774293951416654e-04 0.000000000000000000e+00
7.303232813891343822e-01 2.692006411814705236e-01 1.656284050976637417e-22 9.940378738687654367e-20 4.760774293951416654e-04 0.000000000000000000e+00
7.303232813891343822e-01 2.692006411814705236e-01 1.656284050976637417e-22 9.940378738687654367e-20 4.760774293951416654e-04 0.000000000000000000e+00
7.303232813891343822e-01 2.692006411814705236e-01 1.656284050976637417e-22 9.940378738687654367e-20 4.760774293951416654e-04 0.000000000000000000e+00
7.303232813891343822e-01 2.692006411814705236e-01 1.656284050976637417e-22 9.940378738687654367e-20 4.760774293951416654e-04 0.000000000000000000e+00
7.303232813891343822e-01 2.692006411814705236e-01 1.656284050976637417e-22 9.940378738687654367e-20 4.760774293951416654e-04 0.000000000000000000e+00
7.303232813891343822e-01 2.692006411814705236e-01 1.656284050976637417e-22 9.940378738687654367e-20 4.760774293951416654e-04 0.000000000000000000e+00
7.303232813891343822e-01 2.692006411814705236e-01 1.656284050976637417e-22 9.940378738687654367e-20 4.760774293951416654e-04 0.000000000000000000e+00
7.303232813891343822e-01 2.692006411814705236e-01 1.656284050976637417e-22 9.940378738687654367e-20 4.760774293951416654e-04 0.000000000000000000e+00
7.303232813891343822e-01 2.692006411814705236e-01 1.656284050976637417e-22 9.940378738687654367e-20 4.760774293951416654e-04 0.000000000000000000e+00
7.303232813891343822e-01 2.692006411814705236e-01 1.656284050976637417e-22 9.940378738687654367e-20 4.760774293951416654e-04 0.000000000000000000e+00
7.303232813891343822e-01 2.692006411814705236e-01 1.656284050976637417e-22 9.940378738687654367e-20 4.760774293951416654e-04 0.000000000000000000e+00
7.303232813891343822e-01 2.692006411814705236e-01 1.656284050976637417e-22 9.940378738687654367e-20 4.760774293951416654e-04 0.000000000000000000e+00
7.303232813891343822e-01 2.692006411814705236e-01 1.656284050976637417e-22 9.940378738687654367e-20 4.760774293951416654e-04 0.000000000000000000e+00
7.303232813891343822e-01 2.692006411814705236e-01 1.656284050976637417e-22 9.940378738687654367e-20 4.760774293951416654e-04 0.000000000000000000e+00
7.303232813891343822e-01 2.692006411814705236e-01 1.656284050976637417e-22 9.940378738687654367e-20 4.760774293951416654e-04 0.000000000000000000e+00
7.303232813891343822e-01 2.692006411814705236e-01 1.656284050976637417e-22 9.940378738687654367e-20 4.760774293951416654e-04 0.000000000000000000e+00
7.303232813891343822e-01 2.692006411814705236e-01 1.656284050976637417e-22 9.940378738687654367e-20 4.760774293951416654e-04 0.000000000000000000e+00
7.303232813891343822e-01 2.692006411814705236e-01 1.656284050976637417e-22 9.940378738687654367e-20 4.760774293951416654e-04 0.000000000000000000e+00
7.303232813891343822e-01 2.692006411814705236e-01 1.656284050976637417e-22 9.940378738687654367e-20 4.760774293951416654e-04 0.000000000000000000e+00
7.303232813891343822e-01 2.692006411814705236e-01 1.656284050976637417e-22 9.940378738687654367e-20 4.760774293951416654e-04 0.000000000000000000e+00
7.303232813891343822e-01 2.692006411814705236e-01 1.656284050976637417e-22 9.940378738687654367e-20 4.760774293951416654e-04 0.000000000000000000e+00
7.303232813891343822e-01 2.692006411814705236e-01 1.656284050976637417e-22 9.940378738687654367e-20 4.760774293951416654e-04 0.000000000000000000e+00
7.303232813891343822e-01 2.692006411814705236e-01 1.656284050976637417e-22 9.940378738687654367e-20 4.760774293951416654e-04 0.000000000000000000e+00
7.303232813891343822e-01 2.692006411814705236e-01 1.656284050976637417e-22 9.940378738687654367e-20 4.760774293951416654e-04 0.000000000000000000e+00
7.303232813891343822e-01 2.692006411814705236e-01 1.656284050976637417e-22 9.940378738687654367e-20 4.760774293951416654e-04 0.000000000000000000e+00
7.303232813891343822e-01 2.692006411814705236e-01 1.656284050976637417e-22 9.940378738687654367e-20 4.760774293951416654e-04 0.000000000000000000e+00
7.303232813891343822e-01 2.692006411814705236e-01 1.656284050976637417e-22 9.940378738687654367e-20 4.760774293951416654e-04 0.000000000000000000e+00
7.303232813891343822e-01 2.692006411814705236e-01 1.656284050976637417e-22 9.940378738687654367e-20 4.760774293951416654e-04 0.000000000000000000e+00
7.303232813891343822e-01 2.692006411814705236e-01 1.656284050976637417e-22 9.940378738687654367e-20 4.760774293951416654e-04 0.000000000000000000e+00
7.303232813891343822e-01 2.692006411814705236e-01 1.656284050976637417e-22 9.940378738687654367e-20 4.760774293951416654e-04 0.000000000000000000e+00
7.303232813891343822e-01 2.692006411814705236e-01 1.656284050976637417e-22 9.940378738687654367e-20 4.760774293951416654e-04 0.000000000000000000e+00
7.303232813891343822e-01 2.692006411814705236e-01 1.656284050976637417e-22 9.940378738687654367e-20 4.760774293951416654e-04 0.000000000000000000e+00
7.303232813891343822e-01 2.692006411814705236e-01 1.656284050976637417e-22 9.940378738687654367e-20 4.760774293951416654e-04 0.000000000000000000e+00
7.303232813891343822e-01 2.692006411814705236e-01 1.656284050976637417e-22 9.940378738687654367e-20 4.760774293951416654e-04 0.000000000000000000e+00
7.303232813891343822e-01 2.692006411814705236e-01 1.656284050976637417e-22 9.940378738687654367e-20 4.760774293951416654e-04 0.000000000000000000e+00
7.303232813891343822e-01 2.692006411814705236e-01 1.656284050976637417e-22 9.940378738687654367e-20 4.760774293951416654e-04 0.000000000000000000e+00
7.303232813891343822e-01 2.692006411814705236e-01 1.656284050976637417e-22 9.940378738687654367e-20 4.760774293951416654e-04 0.000000000000000000e+00
7.303232813891343822e-01 2.692006411814705236e-01 1.656284050976637417e-22 9.940378738687654367e-20 4.760774293951416654e-04 0.000000000000000000e+00
7.303232813891343822e-01 2.692006411814705236e-01 1.656284050976637417e-22 9.940378738687654367e-20 4.760774293951416654e-04 0.000000000000000000e+00
7.303232813891343822e-01 2.692006411814705236e-01 1.656284050976637417e-22 9.940378738687654367e-20 4.760774293951416654e-04 0.000000000000000000e+00
7.303232813891343822e-01 2.692006411814705236e-01 1.656284050976637417e-22 9.940378738687654367e-20 4.760774293951416654e-04 0.000000000000000000e+00
7.303232813891343822e-01 2.692006411814705236e-01 1.656284050976637417e-22 9.940378738687654367e-20 4.760774293951416654e-04 0.000000000000000000e+00
7.303232813891343822e-01 2.692006411814705236e-01 1.656284050976637417e-22 9.940378738687654367e-20 4.760774293951416654e-04 0.000000000000000000e+00
7.303232813891343822e-01 2.692006411814705236e-01 1.656284050976637417e-22 9.940378738687654367e-20 4.760774293951416654e-04 0.000000000000000000e+00
7.303232813891343822e-01 2.692006411814705236e-01 1.656284050976637417e-22 9.940378738687654367e-20 4.760774293951416654e-04 0.000000000000000000e+00
7.303232813891343822e-01 2.692006411814705236e-01 1.656284050976637417e-22 9.940378738687654367e-20 4.760774293951416654e-04 0.000000000000000000e+00
7.303232813891343822e-01 2.692006411814705236e-01 1.656284050976637417e-22 9.940378738687654367e-20 4.760774293951416654e-04 0.000000000000000000e+00
7.303232813891343822e-01 2.692006411814705236e-01 1.656284050976637417e-22 9.940378738687654367e-20 4.760774293951416654e-04 0.000000000000000000e+00
7.303232813891343822e-01 2.692006411814705236e-01 1.656284050976637417e-22 9.940378738687654367e-20 4.760774293951416654e-04 0.000000000000000000e+00
7.303232813891343822e-01 2.692006411814705236e-01 1.656284050976637417e-22 9.940378738687654367e-20 4.760774293951416654e-04 0.000000000000000000e+00
7.303232813891343822e-01 2.692006411814705236e-01 1.656284050976637417e-22 9.940378738687654367e-20 4.760774293951416654e-04 0.000000000000000000e+00
7.303232813891343822e-01 2.692006411814705236e-01 1.656284050976637417e-22 9.940378738687654367e-20 4.760774293951416654e-04 0.000000000000000000e+00
7.303232813891343822e-01 2.692006411814705236e-01 1.656284050976637417e-22 9.940378738687654367e-20 4.760774293951416654e-04 0.000000000000000000e+00
7.303232813891343822e-01 2.692006411814705236e-01 1.656284050976637417e-22 9.940378738687654367e-20 4.760774293951416654e-04 0.000000000000000000e+00
7.303232813891343822e-01 2.692006411814705236e-01 1.656284050976637417e-22 9.940378738687654367e-20 4.760774293951416654e-04 0.000000000000000000e+00
7.303232813891343822e-01 2.692006411814705236e-01 1.656284050976637417e-22 9.940378738687654367e-20 4.760774293951416654e-04 0.000000000000000000e+00
7.303232813891343822e-01 2.692006411814705236e-01 1.656284050976637417e-22 9.940378738687654367e-20 4.760774293951416654e-04 0.000000000000000000e+00
7.303232813891343822e-01 2.692006411814705236e-01 1.656284050976637417e-22 9.940378738687654367e-20 4.760774293951416654e-04 0.000000000000000000e+00
7.303232813891343822e-01 2.692006411814705236e-01 1.656284050976637417e-22 9.940378738687654367e-20 4.760774293951416654e-04 0.000000000000000000e+00
7.303232813891343822e-01 2.692006411814705236e-01 1.656284050976637417e-22 9.940378738687654367e-20 4.760774293951416654e-04 0.000000000000000000e+00
7.303232813891343822e-01 2.692006411814705236e-01 1.656284050976637417e-22 9.940378738687654367e-20 4.760774293951416654e-04 0.000000000000000000e+00
7.303232813891343822e-01 2.692006411814705236e-01 1.656284050976637417e-22 9.940378738687654367e-20 4.760774293951416654e-04 0.000000000000000000e+00
7.303232813891343822e-01 2.692006411814705236e-01 1.656284050976637417e-22 9.940378738687654367e-20 4.760774293951416654e-04 0.000000000000000000e+00
7.303232813891343822e-01 2.692006411814705236e-01 1.656284050976637417e-22 9.940378738687654367e-20 4.760774293951416654e-04 0.000000000000000000e+00
7.303232813891343822e-01 2.692006411814705236e-01 1.656284050976637417e-22 9.940378738687654367e-20 4.760774293951416654e-04 0.000000000000000000e+00
7.303232813891343822e-01 2.692006411814705236e-01 1.656284050976637417e-22 9.940378738687654367e-20 4.760774293951416654e-04 0.000000000000000000e+00
7.303232813891343822e-01 2.692006411814705236e-01 1.656284050976637417e-22 9.940378738687654367e-20 4.760774293951416654e-04 0.000000000000000000e+00
7.303232813891343822e-01 2.692006411814705236e-01 1.656284050976637417e-22 9.940378738687654367e-20 4.760774293951416654e-04 0.000000000000000000e+00
7.303232813891343822e-01 2.692006411814705236e-01 1.656284050976637417e-22 9.940378738687654367e-20 4.760774293951416654e-04 0.000000000000000000e+00
7.303232813891343822e-01 2.692006411814705236e-01 1.656284050976637417e-22 9.940378738687654367e-20 4.760774293951416654e-04 0.000000000000000000e+00
7.303232813891343822e-01 2.692006411814705236e-01 1.656284050976637417e-22 9.940378738687654367e-20 4.760774293951416654e-04 0.000000000000000000e+00
7.303232813891343822e-01 2.692006411814705236e-01 1.656284050976637417e-22 9.940378738687654367e-20 4.760774293951416654e-04 0.000000000000000000e+00
7.303232813891343822e-01 2.692006411814705236e-01 1.656284050976637417e-22 9.940378738687654367e-20 4.760774293951416654e-04 0.000000000000000000e+00
7.303232813891343822e-01 2.692006411814705236e-01 1.656284050976637417e-22 9.940378738687654367e-20 4.760774293951416654e-04 0.000000000000000000e+00
7.303232813891343822e-01 2.692006411814705236e-01 1.656284050976637417e-22 9.940378738687654367e-20 4.760774293951416654e-04 0.000000000000000000e+00
7.303232813891343822e-01 2.692006411814705236e-01 1.656284050976637417e-22 9.940378738687654367e-20 4.760774293951416654e-04 0.000000000000000000e+00
7.303232813891343822e-01 2.692006411814705236e-01 1.656284050976637417e-22 9.940378738687654367e-20 4.760774293951416654e-04 0.000000000000000000e+00
7.303232813891343822e-01 2.692006411814705236e-01 1.656284050976637417e-22 9.940378738687654367e-20 4.760774293951416654e-04 0.000000000000000000e+00
7.303232813891343822e-01 2.692006411814705236e-01 1.656284050976637417e-22 9.940378738687654367e-20 4.760774293951416654e-04 0.000000000000000000e+00
7.303232813891343822e-01 2.692006411814705236e-01 1.656284050976637417e-22 9.940378738687654367e-20 4.760774293951416654e-04 0.000000000000000000e+00
7.303232813891343822e-01 2.692006411814705236e-01 1.656284050976637417e-22 9.940378738687654367e-20 4.760774293951416654e-04 0.000000000000000000e+00
7.303232813891343822e-01 2.692006411814705236e-01 1.656284050976637417e-22 9.940378738687654367e-20 4.760774293951416654e-04 0.000000000000000000e+00
7.303232813891343822e-01 2.692006411814705236e-01 1.656284050976637417e-22 9.940378738687654367e-20 4.760774293951416654e-04 0.000000000000000000e+00
7.303232813891343822e-01 2.692006411814705236e-01 1.656284050976637417e-22 9.940378738687654367e-20 4.760774293951416654e-04 0.000000000000000000e+00
7.303232813891343822e-01 2.692006411814705236e-01 1.656284050976637417e-22 9.940378738687654367e-20 4.760774293951416654e-04 0.000000000000000000e+00
7.303232813891343822e-01 2.692006411814705236e-01 1.656284050976637417e-22 9.940378738687654367e-20 4.760774293951416654e-04 0.000000000000000000e+00
7.303232813891343822e-01 2.692006411814705236e-01 1.656284050976637417e-22 9.940378738687654367e-20 4.760774293951416654e-04 0.000000000000000000e+00
7.303232813891343822e-01 2.692006411814705236e-01 1.656284050976637417e-22 9.940378738687654367e-20 4.760774293951416654e-04 0.000000000000000000e+00
7.303232813891343822e-01 2.692006411814705236e-01 1.656284050976637417e-22 9.940378738687654367e-20 4.760774293951416654e-04 0.000000000000000000e+00
7.303232813891343822e-01 2.692006411814705236e-01 1.656284050976637417e-22 9.940378738687654367e-20 4.760774293951416654e-04 0.000000000000000000e+00
7.303232813891343822e-01 2.692006411814705236e-01 1.656284050976637417e-22 9.940378738687654367e-20 4.760774293951416654e-04 0.000000000000000000e+00
7.303232813891343822e-01 2.692006411814705236e-01 1.656284050976637417e-22 9.940378738687654367e-20 4.760774293951416654e-04 0.000000000000000000e+00
7.303232813891343822e-01 2.692006411814705236e-01 1.656284050976637417e-22 9.940378738687654367e-20 4.760774293951416654e-04 0.000000000000000000e+00
7.303232813891343822e-01 2.692006411814705236e-01 1.656284050976637417e-22 9.940378738687654367e-20 4.760774293951416654e-04 0.000000000000000000e+00
7.303232813891343822e-01 2.692006411814705236e-01 1.656284050976637417e-22 9.940378738687654367e-20 4.760774293951416654e-04 0.000000000000000000e+00
7.303232813891343822e-01 2.692006411814705236e-01 1.656284050976637417e-22 9.940378738687654367e-20 4.760774293951416654e-04 0.000000000000000000e+00
