6.211781012375930944e-01 3.784166886933172380e-01 1.610653667251083798e-15 4.786439736670554586e-14 4.052100690402014849e-04 0.000000000000000000e+00
6.211781012375930944e-01 3.784166886933172380e-01 1.610653667251083798e-15 4.786439736670554586e-14 4.052100690402014849e-04 0.000000000000000000e+00
6.211778365536670954e-01 3.784169531710588896e-01 1.043717692851682227e-15 3.392944799747188886e-14 4.052102750662275855e-04 0.000000000000000000e+00
6.211775370089289705e-01 3.784172524828156026e-01 6.387746167590978749e-16 2.298577368050518544e-14 4.052105082276224535e-04 0.000000000000000000e+00
6.211775334416567151e-01 3.784172560473154090e-01 3.852705426349888898e-16 1.538889802687696516e-14 4.052105110108457039e-04 0.000000000000000000e+00
6.211775334416567151e-01 3.784172560473154090e-01 2.321550590293183033e-16 1.029503098059527384e-14 4.052105110172581634e-04 0.000000000000000000e+00
6.211775334416567151e-01 3.784172560473153535e-01 1.378407466578199378e-16 6.805506277960464323e-15 4.052105110203007058e-04 0.000000000000000000e+00
6.211775334416567151e-01 3.784172560473153535e-01 8.175711596626761042e-17 4.494981978117124666e-15 4.052105110232351532e-04 0.000000000000000000e+00
6.211775334416568262e-01 3.784172560473154090e-01 4.775708760237184692e-17 2.932428337816010686e-15 4.052105110245809733e-04 0.000000000000000000e+00
6.211775334416568262e-01 3.784172560473154090e-01 2.788200162607007228e-17 1.912246578787498785e-15 4.052105110259035374e-04 0.000000000000000000e+00
6.211775334416568262e-01 3.784172560473154090e-01 1.600975087454681870e-17 1.230310510782093243e-15 4.052105110264716051e-04 0.000000000000000000e+00
6.211775334416568262e-01 3.784172560473154090e-01 9.192744714045178760e-18 7.915631643596228430e-16 4.052105110270401065e-04 0.000000000000000000e+00
6.211775334416568262e-01 3.784172560473154090e-01 5.189539271454498763e-18 5.023291466990250267e-16 4.052105110272866541e-04 0.000000000000000000e+00
6.211775334416567151e-01 3.784172560473153535e-01 2.926802042612362015e-18 3.185313350392268749e-16 4.052105110275145534e-04 0.000000000000000000e+00
6.211775334416567151e-01 3.784172560473153535e-01 1.625571530260275314e-18 1.994959277289816009e-16 4.052105110276280693e-04 0.000000000000000000e+00
6.211775334416568262e-01 3.784172560473154090e-01 8.995911789451726651e-19 1.245783858360822815e-16 4.052105110277146971e-04 0.000000000000000000e+00
6.211775334416568262e-01 3.784172560473154090e-01 4.917467685886584264e-19 7.702436286782922046e-17 4.052105110277672809e-04 0.000000000000000000e+00
6.211775334416567151e-01 3.784172560473154090e-01 2.667407857463441005e-19 4.732646552229221919e-17 4.052105110277979638e-04 0.000000000000000000e+00
6.211775334416567151e-01 3.784172560473154090e-01 1.435862354306666289e-19 2.889944983934355777e-17 4.052105110278215994e-04 0.000000000000000000e+00
6.211775334416567151e-01 3.784172560473153535e-01 7.625297467889552674e-20 1.745488671438094658e-17 4.052105110278319535e-04 0.000000000000000000e+00
6.211775334416567151e-01 3.784172560473153535e-01 4.045425462173213213e-20 1.053394726177459285e-17 4.052105110278418740e-04 0.000000000000000000e+00
6.211775334416567151e-01 3.784172560473153535e-01 2.100533442396947681e-20 6.247466035680144572e-18 4.052105110278451808e-04 0.000000000000000000e+00
6.211775334416568262e-01 3.784172560473154090e-01 1.090674091979859176e-20 3.705242763898333680e-18 4.052105110278484876e-04 0.000000000000000000e+00
6.211775334416568262e-01 3.784172560473154090e-01 5.574339201871571084e-21 2.169555390444289546e-18 4.052105110278501681e-04 0.000000000000000000e+00
6.211775334416567151e-01 3.784172560473153535e-01 2.826013860294223538e-21 1.262052660975737371e-18 4.052105110278509813e-04 0.000000000000000000e+00
6.211775334416567151e-01 3.784172560473153535e-01 1.425176073392606118e-21 7.310263084354425856e-19 4.052105110278518487e-04 0.000000000000000000e+00
6.211775334416567151e-01 3.784172560473153535e-01 7.043702568138883164e-22 4.165770257817273854e-19 4.052105110278522281e-04 0.000000000000000000e+00
6.211775334416567151e-01 3.784172560473154090e-01 3.481236234222039856e-22 2.373873777272868942e-19 4.052105110278526618e-04 0.000000000000000000e+00
6.211775334416567151e-01 3.784172560473154090e-01 1.689303077717900843e-22 1.332835510375753057e-19 4.052105110278526618e-04 0.000000000000000000e+00
6.211775334416568262e-01 3.784172560473153535e-01 8.126213006639614936e-23 7.430605276557636730e-20 4.052105110278526618e-04 0.000000000000000000e+00
6.211775334416568262e-01 3.784172560473153535e-01 3.901492670346065876e-23 4.136121493717417370e-20 4.052105110278526618e-04 0.000000000000000000e+00
6.211775334416568262e-01 3.784172560473153535e-01 1.823505932083584516e-23 2.252768051253446704e-20 4.052105110278526618e-04 0.000000000000000000e+00
6.211775334416567151e-01 3.784172560473153535e-01 8.522824891143717804e-24 1.226986175444046734e-20 4.052105110278526618e-04 0.000000000000000000e+00
6.211775334416567151e-01 3.784172560473153535e-01 3.938174361465689364e-24 6.621285568484558481e-21 4.052105110278526618e-04 0.000000000000000000e+00
6.211775334416567151e-01 3.784172560473153535e-01 1.784788774228586514e-24 3.517443052570213221e-21 4.052105110278526618e-04 0.000000000000000000e+00
6.211775334416567151e-01 3.784172560473153535e-01 8.088699677144470654e-25 1.868580580025759571e-21 4.052105110278526618e-04 0.000000000000000000e+00
6.211775334416567151e-01 3.784172560473153535e-01 3.595825517685228079e-25 9.772740593978268782e-22 4.052105110278526618e-04 0.000000000000000000e+00
6.211775334416567151e-01 3.784172560473153535e-01 1.576629051910537368e-25 5.054411721301390257e-22 4.052105110278526618e-04 0.000000000000000000e+00
6.211775334416567151e-01 3.784172560473153535e-01 6.912902628625093943e-26 2.614116030478737178e-22 4.052105110278526618e-04 0.000000000000000000e+00
6.211775334416567151e-01 3.784172560473153535e-01 2.956182747770617357e-26 1.324896286454192016e-22 4.052105110278526618e-04 0.000000000000000000e+00
6.211775334416568262e-01 3.784172560473154090e-01 1.250452066515069448e-26 6.655845863465016396e-23 4.052105110278526618e-04 0.000000000000000000e+00
6.211775334416568262e-01 3.784172560473154090e-01 5.289356254551609588e-27 3.343679396729596720e-23 4.052105110278526618e-04 0.000000000000000000e+00
6.211775334416568262e-01 3.784172560473154090e-01 2.176651542625429100e-27 1.642722352560596692e-23 4.052105110278526618e-04 0.000000000000000000e+00
6.211775334416567151e-01 3.784172560473153535e-01 8.854082723787211571e-28 7.995159988522439758e-24 4.052105110278526618e-04 0.000000000000000000e+00
6.211775334416567151e-01 3.784172560473153535e-01 3.601622921467214529e-28 3.891259112803216966e-24 4.052105110278526618e-04 0.000000000000000000e+00
6.211775334416567151e-01 3.784172560473153535e-01 1.428509239296058072e-28 1.855514261088311280e-24 4.052105110278526618e-04 0.000000000000000000e+00
6.211775334416567151e-01 3.784172560473153535e-01 5.569923382948469432e-29 8.726239589958919426e-25 4.052105110278526618e-04 0.000000000000000000e+00
6.211775334416568262e-01 3.784172560473154090e-01 2.171777797335383608e-29 4.103835738600213736e-25 4.052105110278526618e-04 0.000000000000000000e+00
6.211775334416568262e-01 3.784172560473154090e-01 1.194754793647410045e-29 2.542731315917152695e-25 4.052105110278526618e-04 0.000000000000000000e+00
6.211775334416568262e-01 3.784172560473154090e-01 1.194754793647410045e-29 2.542731315917152695e-25 4.052105110278526618e-04 0.000000000000000000e+00
6.211775334416568262e-01 3.784172560473154090e-01 1.194754793647410045e-29 2.542731315917152695e-25 4.052105110278526618e-04 0.000000000000000000e+00
6.211775334416568262e-01 3.784172560473154090e-01 1.194754793647410045e-29 2.542731315917152695e-25 4.052105110278526618e-04 0.000000000000000000e+00
6.211775334416568262e-01 3.784172560473154090e-01 1.194754793647410045e-29 2.542731315917152695e-25 4.052105110278526618e-04 0.000000000000000000e+00
6.211775334416568262e-01 3.784172560473154090e-01 1.194754793647410045e-29 2.542731315917152695e-25 4.052105110278526618e-04 0.000000000000000000e+00
6.211775334416568262e-01 3.784172560473154090e-01 1.194754793647410045e-29 2.542731315917152695e-25 4.052105110278526618e-04 0.000000000000000000e+00
6.211775334416568262e-01 3.784172560473154090e-01 1.194754793647410045e-29 2.542731315917152695e-25 4.052105110278526618e-04 0.000000000000000000e+00
6.211775334416568262e-01 3.784172560473154090e-01 1.194754793647410045e-29 2.542731315917152695e-25 4.052105110278526618e-04 0.000000000000000000e+00
6.211775334416568262e-01 3.784172560473154090e-01 1.194754793647410045e-29 2.542731315917152695e-25 4.052105110278526618e-04 0.000000000000000000e+00
6.211775334416568262e-01 3.784172560473154090e-01 1.194754793647410045e-29 2.542731315917152695e-25 4.052105110278526618e-04 0.000000000000000000e+00
6.211775334416568262e-01 3.784172560473154090e-01 1.194754793647410045e-29 2.542731315917152695e-25 4.052105110278526618e-04 0.000000000000000000e+00
6.211775334416568262e-01 3.784172560473154090e-01 1.194754793647410045e-29 2.542731315917152695e-25 4.052105110278526618e-04 0.000000000000000000e+00
6.211775334416568262e-01 3.784172560473154090e-01 1.194754793647410045e-29 2.542731315917152695e-25 4.052105110278526618e-04 0.000000000000000000e+00
6.211775334416568262e-01 3.784172560473154090e-01 1.194754793647410045e-29 2.542731315917152695e-25 4.052105110278526618e-04 0.000000000000000000e+00
6.211775334416568262e-01 3.784172560473154090e-01 1.194754793647410045e-29 2.542731315917152695e-25 4.052105110278526618e-04 0.000000000000000000e+00
6.211775334416568262e-01 3.784172560473154090e-01 1.194754793647410045e-29 2.542731315917152695e-25 4.052105110278526618e-04 0.000000000000000000e+00
6.211775334416568262e-01 3.784172560473154090e-01 1.194754793647410045e-29 2.542731315917152695e-25 4.052105110278526618e-04 0.000000000000000000e+00
6.211775334416568262e-01 3.784172560473154090e-01 1.194754793647410045e-29 2.542731315917152695e-25 4.052105110278526618e-04 0.000000000000000000e+00
6.211775334416568262e-01 3.784172560473154090e-01 1.194754793647410045e-29 2.542731315917152695e-25 4.052105110278526618e-04 0.000000000000000000e+00
6.211775334416568262e-01 3.784172560473154090e-01 1.194754793647410045e-29 2.542731315917152695e-25 4.052105110278526618e-04 0.000000000000000000e+00
6.211775334416568262e-01 3.784172560473154090e-01 1.194754793647410045e-29 2.542731315917152695e-25 4.052105110278526618e-04 0.000000000000000000e+00
6.211775334416568262e-01 3.784172560473154090e-01 1.194754793647410045e-29 2.542731315917152695e-25 4.052105110278526618e-04 0.000000000000000000e+00
6.211775334416568262e-01 3.784172560473154090e-01 1.194754793647410045e-29 2.542731315917152695e-25 4.052105110278526618e-04 0.000000000000000000e+00
6.211775334416568262e-01 3.784172560473154090e-01 1.194754793647410045e-29 2.542731315917152695e-25 4.052105110278526618e-04 0.000000000000000000e+00
6.211775334416568262e-01 3.784172560473154090e-01 1.194754793647410045e-29 2.542731315917152695e-25 4.052105110278526618e-04 0.000000000000000000e+00
6.211775334416568262e-01 3.784172560473154090e-01 1.194754793647410045e-29 2.542731315917152695e-25 4.052105110278526618e-04 0.000000000000000000e+00
6.211775334416568262e-01 3.784172560473154090e-01 1.194754793647410045e-29 2.542731315917152695e-25 4.052105110278526618e-04 0.000000000000000000e+00
6.211775334416568262e-01 3.784172560473154090e-01 1.194754793647410045e-29 2.542731315917152695e-25 4.052105110278526618e-04 0.000000000000000000e+00
6.211775334416568262e-01 3.784172560473154090e-01 1.194754793647410045e-29 2.542731315917152695e-25 4.052105110278526618e-04 0.000000000000000000e+00
6.211775334416568262e-01 3.784172560473154090e-01 1.194754793647410045e-29 2.542731315917152695e-25 4.052105110278526618e-04 0.000000000000000000e+00
6.211775334416568262e-01 3.784172560473154090e-01 1.194754793647410045e-29 2.542731315917152695e-25 4.052105110278526618e-04 0.000000000000000000e+00
6.211775334416568262e-01 3.784172560473154090e-01 1.194754793647410045e-29 2.542731315917152695e-25 4.052105110278526618e-04 0.000000000000000000e+00
6.211775334416568262e-01 3.784172560473154090e-01 1.194754793647410045e-29 2.542731315917152695e-25 4.052105110278526618e-04 0.000000000000000000e+00
6.211775334416568262e-01 3.784172560473154090e-01 1.194754793647410045e-29 2.542731315917152695e-25 4.052105110278526618e-04 0.000000000000000000e+00
6.211775334416568262e-01 3.784172560473154090e-01 1.194754793647410045e-29 2.542731315917152695e-25 4.052105110278526618e-04 0.000000000000000000e+00
6.211775334416568262e-01 3.784172560473154090e-01 1.194754793647410045e-29 2.542731315917152695e-25 4.052105110278526618e-04 0.000000000000000000e+00
6.211775334416568262e-01 3.784172560473154090e-01 1.194754793647410045e-29 2.542731315917152695e-25 4.052105110278526618e-04 0.000000000000000000e+00
6.211775334416568262e-01 3.784172560473154090e-01 1.194754793647410045e-29 2.542731315917152695e-25 4.052105110278526618e-04 0.000000000000000000e+00
6.211775334416568262e-01 3.784172560473154090e-01 1.194754793647410045e-29 2.542731315917152695e-25 4.052105110278526618e-04 0.000000000000000000e+00
6.211775334416568262e-01 3.784172560473154090e-01 1.194754793647410045e-29 2.542731315917152695e-25 4.052105110278526618e-04 0.000000000000000000e+00
6.211775334416568262e-01 3.784172560473154090e-01 1.194754793647410045e-29 2.542731315917152695e-25 4.052105110278526618e-04 0.000000000000000000e+00
6.211775334416568262e-01 3.784172560473154090e-01 1.194754793647410045e-29 2.542731315917152695e-25 4.052105110278526618e-04 0.000000000000000000e+00
6.211775334416568262e-01 3.784172560473154090e-01 1.194754793647410045e-29 2.542731315917152695e-25 4.052105110278526618e-04 0.000000000000000000e+00
6.211775334416568262e-01 3.784172560473154090e-01 1.194754793647410045e-29 2.542731315917152695e-25 4.052105110278526618e-04 0.000000000000000000e+00
6.211775334416568262e-01 3.784172560473154090e-01 1.194754793647410045e-29 2.542731315917152695e-25 4.052105110278526618e-04 0.000000000000000000e+00
6.211775334416568262e-01 3.784172560473154090e-01 1.194754793647410045e-29 2.542731315917152695e-25 4.052105110278526618e-04 0.000000000000000000e+00
6.211775334416568262e-01 3.784172560473154090e-01 1.194754793647410045e-29 2.542731315917152695e-25 4.052105110278526618e-04 0.000000000000000000e+00
6.211775334416568262e-01 3.784172560473154090e-01 1.194754793647410045e-29 2.542731315917152695e-25 4.052105110278526618e-04 0.000000000000000000e+00
6.211775334416568262e-01 3.784172560473154090e-01 1.194754793647410045e-29 2.542731315917152695e-25 4.052105110278526618e-04 0.000000000000000000e+00
6.211775334416568262e-01 3.784172560473154090e-01 1.194754793647410045e-29 2.542731315917152695e-25 4.052105110278526618e-04 0.000000000000000000e+00
6.211775334416568262e-01 3.784172560473154090e-01 1.194754793647410045e-29 2.542731315917152695e-25 4.052105110278526618e-04 0.000000000000000000e+00
6.211775334416568262e-01 3.784172560473154090e-01 1.194754793647410045e-29 2.542731315917152695e-25 4.052105110278526618e-04 0.000000000000000000e+00
6.211775334416568262e-01 3.784172560473154090e-01 1.194754793647410045e-29 2.542731315917152695e-25 4.052105110278526618e-04 0.000000000000000000e+00
6.211775334416568262e-01 3.784172560473154090e-01 1.194754793647410045e-29 2.542731315917152695e-25 4.052105110278526618e-04 0.000000000000000000e+00
6.211775334416568262e-01 3.784172560473154090e-01 1.194754793647410045e-29 2.542731315917152695e-25 4.052105110278526618e-04 0.000000000000000000e+00
6.211775334416568262e-01 3.784172560473154090e-01 1.194754793647410045e-29 2.542731315917152695e-25 4.052105110278526618e-04 0.000000000000000000e+00
6.211775334416568262e-01 3.784172560473154090e-01 1.194754793647410045e-29 2.542731315917152695e-25 4.052105110278526618e-04 0.000000000000000000e+00
6.211775334416568262e-01 3.784172560473154090e-01 1.194754793647410045e-29 2.542731315917152695e-25 4.052105110278526618e-04 0.000000000000000000e+00
6.211775334416568262e-01 3.784172560473154090e-01 1.194754793647410045e-29 2.542731315917152695e-25 4.052105110278526618e-04 0.000000000000000000e+00
6.211775334416568262e-01 3.784172560473154090e-01 1.194754793647410045e-29 2.542731315917152695e-25 4.052105110278526618e-04 0.000000000000000000e+00
6.211775334416568262e-01 3.784172560473154090e-01 1.194754793647410045e-29 2.542731315917152695e-25 4.052105110278526618e-04 0.000000000000000000e+00
6.211775334416568262e-01 3.784172560473154090e-01 1.194754793647410045e-29 2.542731315917152695e-25 4.052105110278526618e-04 0.000000000000000000e+00
6.211775334416568262e-01 3.784172560473154090e-01 1.194754793647410045e-29 2.542731315917152695e-25 4.052105110278526618e-04 0.000000000000000000e+00
6.211775334416568262e-01 3.784172560473154090e-01 1.194754793647410045e-29 2.542731315917152695e-25 4.052105110278526618e-04 0.000000000000000000e+00
6.211775334416568262e-01 3.784172560473154090e-01 1.194754793647410045e-29 2.542731315917152695e-25 4.052105110278526618e-04 0.000000000000000000e+00
6.211775334416568262e-01 3.784172560473154090e-01 1.194754793647410045e-29 2.542731315917152695e-25 4.052105110278526618e-04 0.000000000000000000e+00
6.211775334416568262e-01 3.784172560473154090e-01 1.194754793647410045e-29 2.542731315917152695e-25 4.052105110278526618e-04 0.000000000000000000e+00
6.211775334416568262e-01 3.784172560473154090e-01 1.194754793647410045e-29 2.542731315917152695e-25 4.052105110278526618e-04 0.000000000000000000e+00
6.211775334416568262e-01 3.784172560473154090e-01 1.194754793647410045e-29 2.542731315917152695e-25 4.052105110278526618e-04 0.000000000000000000e+00
6.211775334416568262e-01 3.784172560473154090e-01 1.194754793647410045e-29 2.542731315917152695e-25 4.052105110278526618e-04 0.000000000000000000e+00
6.211775334416568262e-01 3.784172560473154090e-01 1.194754793647410045e-29 2.542731315917152695e-25 4.052105110278526618e-04 0.000000000000000000e+00
6.211775334416568262e-01 3.784172560473154090e-01 1.194754793647410045e-29 2.542731315917152695e-25 4.052105110278526618e-04 0.000000000000000000e+00
6.211775334416568262e-01 3.784172560473154090e-01 1.194754793647410045e-29 2.542731315917152695e-25 4.052105110278526618e-04 0.000000000000000000e+00
6.211775334416568262e-01 3.784172560473154090e-01 1.194754793647410045e-29 2.542731315917152695e-25 4.052105110278526618e-04 0.000000000000000000e+00
6.211775334416568262e-01 3.784172560473154090e-01 1.194754793647410045e-29 2.542731315917152695e-25 4.052105110278526618e-04 0.000000000000000000e+00
6.211775334416568262e-01 3.784172560473154090e-01 1.194754793647410045e-29 2.542731315917152695e-25 4.052105110278526618e-04 0.000000000000000000e+00
6.211775334416568262e-01 3.784172560473154090e-01 1.194754793647410045e-29 2.542731315917152695e-25 4.052105110278526618e-04 0.000000000000000000e+00
6.211775334416568262e-01 3.784172560473154090e-01 1.194754793647410045e-29 2.542731315917152695e-25 4.052105110278526618e-04 0.000000000000000000e+00
6.211775334416568262e-01 3.784172560473154090e-01 1.194754793647410045e-29 2.542731315917152695e-25 4.052105110278526618e-04 0.000000000000000000e+00
6.211775334416568262e-01 3.784172560473154090e-01 1.194754793647410045e-29 2.542731315917152695e-25 4.052105110278526618e-04 0.000000000000000000e+00
6.211775334416568262e-01 3.784172560473154090e-01 1.194754793647410045e-29 2.542731315917152695e-25 4.052105110278526618e-04 0.000000000000000000e+00
6.211775334416568262e-01 3.784172560473154090e-01 1.194754793647410045e-29 2.542731315917152695e-25 4.052105110278526618e-04 0.000000000000000000e+00
6.211775334416568262e-01 3.784172560473154090e-01 1.194754793647410045e-29 2.542731315917152695e-25 4.052105110278526618e-04 0.000000000000000000e+00
6.211775334416568262e-01 3.784172560473154090e-01 1.194754793647410045e-29 2.542731315917152695e-25 4.052105110278526618e-04 0.000000000000000000e+00
6.211775334416568262e-01 3.784172560473154090e-01 1.194754793647410045e-29 2.542731315917152695e-25 4.052105110278526618e-04 0.000000000000000000e+00
6.211775334416568262e-01 3.784172560473154090e-01 1.194754793647410045e-29 2.542731315917152695e-25 4.052105110278526618e-04 0.000000000000000000e+00
6.211775334416568262e-01 3.784172560473154090e-01 1.194754793647410045e-29 2.542731315917152695e-25 4.052105110278526618e-04 0.000000000000000000e+00
6.211775334416568262e-01 3.784172560473154090e-01 1.194754793647410045e-29 2.542731315917152695e-25 4.052105110278526618e-04 0.000000000000000000e+00
6.211775334416568262e-01 3.784172560473154090e-01 1.194754793647410045e-29 2.542731315917152695e-25 4.052105110278526618e-04 0.000000000000000000e+00
6.211775334416568262e-01 3.784172560473154090e-01 1.194754793647410045e-29 2.542731315917152695e-25 4.052105110278526618e-04 0.000000000000000000e+00
6.211775334416568262e-01 3.784172560473154090e-01 1.194754793647410045e-29 2.542731315917152695e-25 4.052105110278526618e-04 0.000000000000000000e+00
6.211775334416568262e-01 3.784172560473154090e-01 1.194754793647410045e-29 2.542731315917152695e-25 4.052105110278526618e-04 0.000000000000000000e+00
6.211775334416568262e-01 3.784172560473154090e-01 1.194754793647410045e-29 2.542731315917152695e-25 4.052105110278526618e-04 0.000000000000000000e+00
6.211775334416568262e-01 3.784172560473154090e-01 1.194754793647410045e-29 2.542731315917152695e-25 4.052105110278526618e-04 0.000000000000000000e+00
6.211775334416568262e-01 3.784172560473154090e-01 1.194754793647410045e-29 2.542731315917152695e-25 4.052105110278526618e-04 0.000000000000000000e+00
6.211775334416568262e-01 3.784172560473154090e-01 1.194754793647410045e-29 2.542731315917152695e-25 4.052105110278526618e-04 0.000000000000000000e+00
6.211775334416568262e-01 3.784172560473154090e-01 1.194754793647410045e-29 2.542731315917152695e-25 4.052105110278526618e-04 0.000000000000000000e+00
6.211775334416568262e-01 3.784172560473154090e-01 1.194754793647410045e-29 2.542731315917152695e-25 4.052105110278526618e-04 0.000000000000000000e+00
6.211775334416568262e-01 3.784172560473154090e-01 1.194754793647410045e-29 2.542731315917152695e-25 4.052105110278526618e-04 0.000000000000000000e+00
6.211775334416568262e-01 3.784172560473154090e-01 1.194754793647410045e-29 2.542731315917152695e-25 4.052105110278526618e-04 0.000000000000000000e+00
6.211775334416568262e-01 3.784172560473154090e-01 1.194754793647410045e-29 2.542731315917152695e-25 4.052105110278526618e-04 0.000000000000000000e+00
6.211775334416568262e-01 3.784172560473154090e-01 1.194754793647410045e-29 2.542731315917152695e-25 4.052105110278526618e-04 0.000000000000000000e+00
6.211775334416568262e-01 3.784172560473154090e-01 1.194754793647410045e-29 2.542731315917152695e-25 4.052105110278526618e-04 0.000000000000000000e+00
6.211775334416568262e-01 3.784172560473154090e-01 1.194754793647410045e-29 2.542731315917152695e-25 4.052105110278526618e-04 0.000000000000000000e+00
6.211775334416568262e-01 3.784172560473154090e-01 1.194754793647410045e-29 2.542731315917152695e-25 4.052105110278526618e-04 0.000000000000000000e+00
6.211775334416568262e-01 3.784172560473154090e-01 1.194754793647410045e-29 2.542731315917152695e-25 4.052105110278526618e-04 0.000000000000000000e+00
6.211775334416568262e-01 3.784172560473154090e-01 1.194754793647410045e-29 2.542731315917152695e-25 4.052105110278526618e-04 0.000000000000000000e+00
6.211775334416568262e-01 3.784172560473154090e-01 1.194754793647410045e-29 2.542731315917152695e-25 4.052105110278526618e-04 0.000000000000000000e+00
6.211775334416568262e-01 3.784172560473154090e-01 1.194754793647410045e-29 2.542731315917152695e-25 4.052105110278526618e-04 0.000000000000000000e+00
6.211775334416568262e-01 3.784172560473154090e-01 1.194754793647410045e-29 2.542731315917152695e-25 4.052105110278526618e-04 0.000000000000000000e+00
6.211775334416568262e-01 3.784172560473154090e-01 1.194754793647410045e-29 2.542731315917152695e-25 4.052105110278526618e-04 0.000000000000000000e+00
6.211775334416568262e-01 3.784172560473154090e-01 1.194754793647410045e-29 2.542731315917152695e-25 4.052105110278526618e-04 0.000000000000000000e+00
6.211775334416568262e-01 3.784172560473154090e-01 1.194754793647410045e-29 2.542731315917152695e-25 4.052105110278526618e-04 0.000000000000000000e+00
6.211775334416568262e-01 3.784172560473154090e-01 1.194754793647410045e-29 2.542731315917152695e-25 4.052105110278526618e-04 0.000000000000000000e+00
6.211775334416568262e-01 3.784172560473154090e-01 1.194754793647410045e-29 2.542731315917152695e-25 4.052105110278526618e-04 0.000000000000000000e+00
6.211775334416568262e-01 3.784172560473154090e-01 1.194754793647410045e-29 2.542731315917152695e-25 4.052105110278526618e-04 0.000000000000000000e+00
6.211775334416568262e-01 3.784172560473154090e-01 1.194754793647410045e-29 2.542731315917152695e-25 4.052105110278526618e-04 0.000000000000000000e+00
6.211775334416568262e-01 3.784172560473154090e-01 1.194754793647410045e-29 2.542731315917152695e-25 4.052105110278526618e-04 0.000000000000000000e+00
6.211775334416568262e-01 3.784172560473154090e-01 1.194754793647410045e-29 2.542731315917152695e-25 4.052105110278526618e-04 0.000000000000000000e+00
6.211775334416568262e-01 3.784172560473154090e-01 1.194754793647410045e-29 2.542731315917152695e-25 4.052105110278526618e-04 0.000000000000000000e+00
6.211775334416568262e-01 3.784172560473154090e-01 1.194754793647410045e-29 2.542731315917152695e-25 4.052105110278526618e-04 0.000000000000000000e+00
6.211775334416568262e-01 3.784172560473154090e-01 1.194754793647410045e-29 2.542731315917152695e-25 4.052105110278526618e-04 0.000000000000000000e+00
6.211775334416568262e-01 3.784172560473154090e-01 1.194754793647410045e-29 2.542731315917152695e-25 4.052105110278526618e-04 0.000000000000000000e+00
6.211775334416568262e-01 3.784172560473154090e-01 1.194754793647410045e-29 2.542731315917152695e-25 4.052105110278526618e-04 0.000000000000000000e+00
6.211775334416568262e-01 3.784172560473154090e-01 1.194754793647410045e-29 2.542731315917152695e-25 4.052105110278526618e-04 0.000000000000000000e+00
6.211775334416568262e-01 3.784172560473154090e-01 1.194754793647410045e-29 2.542731315917152695e-25 4.052105110278526618e-04 0.000000000000000000e+00
6.211775334416568262e-01 3.784172560473154090e-01 1.194754793647410045e-29 2.542731315917152695e-25 4.052105110278526618e-04 0.000000000000000000e+00
6.211775334416568262e-01 3.784172560473154090e-01 1.194754793647410045e-29 2.542731315917152695e-25 4.052105110278526618e-04 0.000000000000000000e+00
6.211775334416568262e-01 3.784172560473154090e-01 1.194754793647410045e-29 2.542731315917152695e-25 4.052105110278526618e-04 0.000000000000000000e+00
6.211775334416568262e-01 3.784172560473154090e-01 1.194754793647410045e-29 2.542731315917152695e-25 4.052105110278526618e-04 0.000000000000000000e+00
6.211775334416568262e-01 3.784172560473154090e-01 1.194754793647410045e-29 2.542731315917152695e-25 4.052105110278526618e-04 0.000000000000000000e+00
6.211775334416568262e-01 3.784172560473154090e-01 1.194754793647410045e-29 2.542731315917152695e-25 4.052105110278526618e-04 0.000000000000000000e+00
6.211775334416568262e-01 3.784172560473154090e-01 1.194754793647410045e-29 2.542731315917152695e-25 4.052105110278526618e-04 0.000000000000000000e+00
6.211775334416568262e-01 3.784172560473154090e-01 1.194754793647410045e-29 2.542731315917152695e-25 4.052105110278526618e-04 0.000000000000000000e+00
6.211775334416568262e-01 3.784172560473154090e-01 1.194754793647410045e-29 2.542731315917152695e-25 4.052105110278526618e-04 0.000000000000000000e+00
6.211775334416568262e-01 3.784172560473154090e-01 1.194754793647410045e-29 2.542731315917152695e-25 4.052105110278526618e-04 0.000000000000000000e+00
6.211775334416568262e-01 3.784172560473154090e-01 1.194754793647410045e-29 2.542731315917152695e-25 4.052105110278526618e-04 0.000000000000000000e+00
6.211775334416568262e-01 3.784172560473154090e-01 1.194754793647410045e-29 2.542731315917152695e-25 4.052105110278526618e-04 0.000000000000000000e+00
6.211775334416568262e-01 3.784172560473154090e-01 1.194754793647410045e-29 2.542731315917152695e-25 4.052105110278526618e-04 0.000000000000000000e+00
6.211775334416568262e-01 3.784172560473154090e-01 1.194754793647410045e-29 2.542731315917152695e-25 4.052105110278526618e-04 0.000000000000000000e+00
6.211775334416568262e-01 3.784172560473154090e-01 1.194754793647410045e-29 2.542731315917152695e-25 4.052105110278526618e-04 0.000000000000000000e+00
6.211775334416568262e-01 3.784172560473154090e-01 1.194754793647410045e-29 2.542731315917152695e-25 4.052105110278526618e-04 0.000000000000000000e+00
6.211775334416568262e-01 3.784172560473154090e-01 1.194754793647410045e-29 2.542731315917152695e-25 4.052105110278526618e-04 0.000000000000000000e+00
6.211775334416568262e-01 3.784172560473154090e-01 1.194754793647410045e-29 2.542731315917152695e-25 4.052105110278526618e-04 0.000000000000000000e+00
6.211775334416568262e-01 3.784172560473154090e-01 1.194754793647410045e-29 2.542731315917152695e-25 4.052105110278526618e-04 0.000000000000000000e+00
6.211775334416568262e-01 3.784172560473154090e-01 1.194754793647410045e-29 2.542731315917152695e-25 4.052105110278526618e-04 0.000000000000000000e+00
6.211775334416568262e-01 3.784172560473154090e-01 1.194754793647410045e-29 2.542731315917152695e-25 4.052105110278526618e-04 0.000000000000000000e+00
6.211775334416568262e-01 3.784172560473154090e-01 1.194754793647410045e-29 2.542731315917152695e-25 4.052105110278526618e-04 0.000000000000000000e+00
6.211775334416568262e-01 3.784172560473154090e-01 1.194754793647410045e-29 2.542731315917152695e-25 4.052105110278526618e-04 0.000000000000000000e+00
6.211775334416568262e-01 3.784172560473154090e-01 1.194754793647410045e-29 2.542731315917152695e-25 4.052105110278526618e-04 0.000000000000000000e+00
6.211775334416568262e-01 3.784172560473154090e-01 1.194754793647410045e-29 2.542731315917152695e-25 4.052105110278526618e-04 0.000000000000000000e+00
6.211775334416568262e-01 3.784172560473154090e-01 1.194754793647410045e-29 2.542731315917152695e-25 4.052105110278526618e-04 0.000000000000000000e+00
6.211775334416568262e-01 3.784172560473154090e-01 1.194754793647410045e-29 2.542731315917152695e-25 4.052105110278526618e-04 0.000000000000000000e+00
6.211775334416568262e-01 3.784172560473154090e-01 1.194754793647410045e-29 2.542731315917152695e-25 4.052105110278526618e-04 0.000000000000000000e+00
6.211775334416568262e-01 3.784172560473154090e-01 1.194754793647410045e-29 2.542731315917152695e-25 4.052105110278526618e-04 0.000000000000000000e+00
6.211775334416568262e-01 3.784172560473154090e-01 1.194754793647410045e-29 2.542731315917152695e-25 4.052105110278526618e-04 0.000000000000000000e+00
6.211775334416568262e-01 3.784172560473154090e-01 1.194754793647410045e-29 2.542731315917152695e-25 4.052105110278526618e-04 0.000000000000000000e+00
6.211775334416568262e-01 3.784172560473154090e-01 1.194754793647410045e-29 2.542731315917152695e-25 4.052105110278526618e-04 0.000000000000000000e+00
6.211775334416568262e-01 3.784172560473154090e-01 1.194754793647410045e-29 2.542731315917152695e-25 4.052105110278526618e-04 0.000000000000000000e+00
6.211775334416568262e-01 3.784172560473154090e-01 1.194754793647410045e-29 2.542731315917152695e-25 4.052105110278526618e-04 0.000000000000000000e+00
6.211775334416568262e-01 3.784172560473154090e-01 1.194754793647410045e-29 2.542731315917152695e-25 4.052105110278526618e-04 0.000000000000000000e+00
6.211775334416568262e-01 3.784172560473154090e-01 1.194754793647410045e-29 2.542731315917152695e-25 4.052105110278526618e-04 0.000000000000000000e+00
6.211775334416568262e-01 3.784172560473154090e-01 1.194754793647410045e-29 2.542731315917152695e-25 4.052105110278526618e-04 0.000000000000000000e+00
6.211775334416568262e-01 3.784172560473154090e-01 1.194754793647410045e-29 2.542731315917152695e-25 4.052105110278526618e-04 0.000000000000000000e+00
6.211775334416568262e-01 3.784172560473154090e-01 1.194754793647410045e-29 2.542731315917152695e-25 4.052105110278526618e-04 0.000000000000000000e+00
6.211775334416568262e-01 3.784172560473154090e-01 1.194754793647410045e-29 2.542731315917152695e-25 4.052105110278526618e-04 0.000000000000000000e+00
6.211775334416568262e-01 3.784172560473154090e-01 1.194754793647410045e-29 2.542731315917152695e-25 4.052105110278526618e-04 0.000000000000000000e+00
6.211775334416568262e-01 3.784172560473154090e-01 1.194754793647410045e-29 2.542731315917152695e-25 4.052105110278526618e-04 0.000000000000000000e+00
6.211775334416568262e-01 3.784172560473154090e-01 1.194754793647410045e-29 2.542731315917152695e-25 4.052105110278526618e-04 0.000000000000000000e+00
6.211775334416568262e-01 3.784172560473154090e-01 1.194754793647410045e-29 2.542731315917152695e-25 4.052105110278526618e-04 0.000000000000000000e+00
6.211775334416568262e-01 3.784172560473154090e-01 1.194754793647410045e-29 2.542731315917152695e-25 4.052105110278526618e-04 0.000000000000000000e+00
6.211775334416568262e-01 3.784172560473154090e-01 1.194754793647410045e-29 2.542731315917152695e-25 4.052105110278526618e-04 0.000000000000000000e+00
6.211775334416568262e-01 3.784172560473154090e-01 1.194754793647410045e-29 2.542731315917152695e-25 4.052105110278526618e-04 0.000000000000000000e+00
6.211775334416568262e-01 3.784172560473154090e-01 1.194754793647410045e-29 2.542731315917152695e-25 4.052105110278526618e-04 0.000000000000000000e+00
6.211775334416568262e-01 3.784172560473154090e-01 1.194754793647410045e-29 2.542731315917152695e-25 4.052105110278526618e-04 0.000000000000000000e+00
6.211775334416568262e-01 3.784172560473154090e-01 1.194754793647410045e-29 2.542731315917152695e-25 4.052105110278526618e-04 0.000000000000000000e+00
6.211775334416568262e-01 3.784172560473154090e-01 1.194754793647410045e-29 2.542731315917152695e-25 4.052105110278526618e-04 0.000000000000000000e+00
6.211775334416568262e-01 3.784172560473154090e-01 1.194754793647410045e-29 2.542731315917152695e-25 4.052105110278526618e-04 0.000000000000000000e+00
6.211775334416568262e-01 3.784172560473154090e-01 1.194754793647410045e-29 2.542731315917152695e-25 4.052105110278526618e-04 0.000000000000000000e+00
6.211775334416568262e-01 3.784172560473154090e-01 1.194754793647410045e-29 2.542731315917152695e-25 4.052105110278526618e-04 0.000000000000000000e+00
6.211775334416568262e-01 3.784172560473154090e-01 1.194754793647410045e-29 2.542731315917152695e-25 4.052105110278526618e-04 0.000000000000000000e+00
6.211775334416568262e-01 3.784172560473154090e-01 1.194754793647410045e-29 2.542731315917152695e-25 4.052105110278526618e-04 0.000000000000000000e+00
6.211775334416568262e-01 3.784172560473154090e-01 1.194754793647410045e-29 2.542731315917152695e-25 4.052105110278526618e-04 0.000000000000000000e+00
6.211775334416568262e-01 3.784172560473154090e-01 1.194754793647410045e-29 2.542731315917152695e-25 4.052105110278526618e-04 0.000000000000000000e+00
6.211775334416568262e-01 3.784172560473154090e-01 1.194754793647410045e-29 2.542731315917152695e-25 4.052105110278526618e-04 0.000000000000000000e+00
6.211775334416568262e-01 3.784172560473154090e-01 1.194754793647410045e-29 2.542731315917152695e-25 4.052105110278526618e-04 0.000000000000000000e+00
6.211775334416568262e-01 3.784172560473154090e-01 1.194754793647410045e-29 2.542731315917152695e-25 4.052105110278526618e-04 0.000000000000000000e+00
6.211775334416568262e-01 3.784172560473154090e-01 1.194754793647410045e-29 2.542731315917152695e-25 4.052105110278526618e-04 0.000000000000000000e+00
6.211775334416568262e-01 3.784172560473154090e-01 1.194754793647410045e-29 2.542731315917152695e-25 4.052105110278526618e-04 0.000000000000000000e+00
6.211775334416568262e-01 3.784172560473154090e-01 1.194754793647410045e-29 2.542731315917152695e-25 4.052105110278526618e-04 0.000000000000000000e+00
6.211775334416568262e-01 3.784172560473154090e-01 1.194754793647410045e-29 2.542731315917152695e-25 4.052105110278526618e-04 0.000000000000000000e+00
6.211775334416568262e-01 3.784172560473154090e-01 1.194754793647410045e-29 2.542731315917152695e-25 4.052105110278526618e-04 0.000000000000000000e+00
6.211775334416568262e-01 3.784172560473154090e-01 1.194754793647410045e-29 2.542731315917152695e-25 4.052105110278526618e-04 0.000000000000000000e+00
6.211775334416568262e-01 3.784172560473154090e-01 1.194754793647410045e-29 2.542731315917152695e-25 4.052105110278526618e-04 0.000000000000000000e+00
6.211775334416568262e-01 3.784172560473154090e-01 1.194754793647410045e-29 2.542731315917152695e-25 4.052105110278526618e-04 0.000000000000000000e+00
6.211775334416568262e-01 3.784172560473154090e-01 1.194754793647410045e-29 2.542731315917152695e-25 4.052105110278526618e-04 0.000000000000000000e+00
6.211775334416568262e-01 3.784172560473154090e-01 1.194754793647410045e-29 2.542731315917152695e-25 4.052105110278526618e-04 0.000000000000000000e+00
6.211775334416568262e-01 3.784172560473154090e-01 1.194754793647410045e-29 2.542731315917152695e-25 4.052105110278526618e-04 0.000000000000000000e+00
6.211775334416568262e-01 3.784172560473154090e-01 1.194754793647410045e-29 2.542731315917152695e-25 4.052105110278526618e-04 0.000000000000000000e+00
6.211775334416568262e-01 3.784172560473154090e-01 1.194754793647410045e-29 2.542731315917152695e-25 4.052105110278526618e-04 0.000000000000000000e+00
6.211775334416568262e-01 3.784172560473154090e-01 1.194754793647410045e-29 2.542731315917152695e-25 4.052105110278526618e-04 0.000000000000000000e+00
6.211775334416568262e-01 3.784172560473154090e-01 1.194754793647410045e-29 2.542731315917152695e-25 4.052105110278526618e-04 0.000000000000000000e+00
6.211775334416568262e-01 3.784172560473154090e-01 1.194754793647410045e-29 2.542731315917152695e-25 4.052105110278526618e-04 0.000000000000000000e+00
6.211775334416568262e-01 3.784172560473154090e-01 1.194754793647410045e-29 2.542731315917152695e-25 4.052105110278526618e-04 0.000000000000000000e+00
6.211775334416568262e-01 3.784172560473154090e-01 1.194754793647410045e-29 2.542731315917152695e-25 4.052105110278526618e-04 0.000000000000000000e+00
6.211775334416568262e-01 3.784172560473154090e-01 1.194754793647410045e-29 2.542731315917152695e-25 4.052105110278526618e-04 0.000000000000000000e+00
6.211775334416568262e-01 3.784172560473154090e-01 1.194754793647410045e-29 2.542731315917152695e-25 4.052105110278526618e-04 0.000000000000000000e+00
6.211775334416568262e-01 3.784172560473154090e-01 1.194754793647410045e-29 2.542731315917152695e-25 4.052105110278526618e-04 0.000000000000000000e+00
6.211775334416568262e-01 3.784172560473154090e-01 1.194754793647410045e-29 2.542731315917152695e-25 4.052105110278526618e-04 0.000000000000000000e+00
6.211775334416568262e-01 3.784172560473154090e-01 1.194754793647410045e-29 2.542731315917152695e-25 4.052105110278526618e-04 0.000000000000000000e+00
6.211775334416568262e-01 3.784172560473154090e-01 1.194754793647410045e-29 2.542731315917152695e-25 4.052105110278526618e-04 0.000000000000000000e+00
6.211775334416568262e-01 3.784172560473154090e-01 1.194754793647410045e-29 2.542731315917152695e-25 4.052105110278526618e-04 0.000000000000000000e+00
6.211775334416568262e-01 3.784172560473154090e-01 1.194754793647410045e-29 2.542731315917152695e-25 4.052105110278526618e-04 0.000000000000000000e+00
6.211775334416568262e-01 3.784172560473154090e-01 1.194754793647410045e-29 2.542731315917152695e-25 4.052105110278526618e-04 0.000000000000000000e+00
6.211775334416568262e-01 3.784172560473154090e-01 1.194754793647410045e-29 2.542731315917152695e-25 4.052105110278526618e-04 0.000000000000000000e+00
6.211775334416568262e-01 3.784172560473154090e-01 1.194754793647410045e-29 2.542731315917152695e-25 4.052105110278526618e-04 0.000000000000000000e+00
6.211775334416568262e-01 3.784172560473154090e-01 1.194754793647410045e-29 2.542731315917152695e-25 4.052105110278526618e-04 0.000000000000000000e+00
6.211775334416568262e-01 3.784172560473154090e-01 1.194754793647410045e-29 2.542731315917152695e-25 4.052105110278526618e-04 0.000000000000000000e+00
6.211775334416568262e-01 3.784172560473154090e-01 1.194754793647410045e-29 2.542731315917152695e-25 4.052105110278526618e-04 0.000000000000000000e+00
6.211775334416568262e-01 3.784172560473154090e-01 1.194754793647410045e-29 2.542731315917152695e-25 4.052105110278526618e-04 0.000000000000000000e+00
6.211775334416568262e-01 3.784172560473154090e-01 1.194754793647410045e-29 2.542731315917152695e-25 4.052105110278526618e-04 0.000000000000000000e+00
6.211775334416568262e-01 3.784172560473154090e-01 1.194754793647410045e-29 2.542731315917152695e-25 4.052105110278526618e-04 0.000000000000000000e+00
6.211775334416568262e-01 3.784172560473154090e-01 1.194754793647410045e-29 2.542731315917152695e-25 4.052105110278526618e-04 0.000000000000000000e+00
6.211775334416568262e-01 3.784172560473154090e-01 1.194754793647410045e-29 2.542731315917152695e-25 4.052105110278526618e-04 0.000000000000000000e+00
6.211775334416568262e-01 3.784172560473154090e-01 1.194754793647410045e-29 2.542731315917152695e-25 4.052105110278526618e-04 0.000000000000000000e+00
6.211775334416568262e-01 3.784172560473154090e-01 1.194754793647410045e-29 2.542731315917152695e-25 4.052105110278526618e-04 0.000000000000000000e+00
6.211775334416568262e-01 3.784172560473154090e-01 1.194754793647410045e-29 2.542731315917152695e-25 4.052105110278526618e-04 0.000000000000000000e+00
6.211775334416568262e-01 3.784172560473154090e-01 1.194754793647410045e-29 2.542731315917152695e-25 4.052105110278526618e-04 0.000000000000000000e+00
6.211775334416568262e-01 3.784172560473154090e-01 1.194754793647410045e-29 2.542731315917152695e-25 4.052105110278526618e-04 0.000000000000000000e+00
6.211775334416568262e-01 3.784172560473154090e-01 1.194754793647410045e-29 2.542731315917152695e-25 4.052105110278526618e-04 0.000000000000000000e+00
6.211775334416568262e-01 3.784172560473154090e-01 1.194754793647410045e-29 2.542731315917152695e-25 4.052105110278526618e-04 0.000000000000000000e+00
6.211775334416568262e-01 3.784172560473154090e-01 1.194754793647410045e-29 2.542731315917152695e-25 4.052105110278526618e-04 0.000000000000000000e+00
6.211775334416568262e-01 3.784172560473154090e-01 1.194754793647410045e-29 2.542731315917152695e-25 4.052105110278526618e-04 0.000000000000000000e+00
6.211775334416568262e-01 3.784172560473154090e-01 1.194754793647410045e-29 2.542731315917152695e-25 4.052105110278526618e-04 0.000000000000000000e+00
6.211775334416568262e-01 3.784172560473154090e-01 1.194754793647410045e-29 2.542731315917152695e-25 4.052105110278526618e-04 0.000000000000000000e+00
6.211775334416568262e-01 3.784172560473154090e-01 1.194754793647410045e-29 2.542731315917152695e-25 4.052105110278526618e-04 0.000000000000000000e+00
6.211775334416568262e-01 3.784172560473154090e-01 1.194754793647410045e-29 2.542731315917152695e-25 4.052105110278526618e-04 0.000000000000000000e+00
6.211775334416568262e-01 3.784172560473154090e-01 1.194754793647410045e-29 2.542731315917152695e-25 4.052105110278526618e-04 0.000000000000000000e+00
6.211775334416568262e-01 3.784172560473154090e-01 1.194754793647410045e-29 2.542731315917152695e-25 4.052105110278526618e-04 0.000000000000000000e+00
6.211775334416568262e-01 3.784172560473154090e-01 1.194754793647410045e-29 2.542731315917152695e-25 4.052105110278526618e-04 0.000000000000000000e+00
6.211775334416568262e-01 3.784172560473154090e-01 1.194754793647410045e-29 2.542731315917152695e-25 4.052105110278526618e-04 0.000000000000000000e+00
6.211775334416568262e-01 3.784172560473154090e-01 1.194754793647410045e-29 2.542731315917152695e-25 4.052105110278526618e-04 0.000000000000000000e+00
6.211775334416568262e-01 3.784172560473154090e-01 1.194754793647410045e-29 2.542731315917152695e-25 4.052105110278526618e-04 0.000000000000000000e+00
6.211775334416568262e-01 3.784172560473154090e-01 1.194754793647410045e-29 2.542731315917152695e-25 4.052105110278526618e-04 0.000000000000000000e+00
6.211775334416568262e-01 3.784172560473154090e-01 1.194754793647410045e-29 2.542731315917152695e-25 4.052105110278526618e-04 0.000000000000000000e+00
6.211775334416568262e-01 3.784172560473154090e-01 1.194754793647410045e-29 2.542731315917152695e-25 4.052105110278526618e-04 0.000000000000000000e+00
6.211775334416568262e-01 3.784172560473154090e-01 1.194754793647410045e-29 2.542731315917152695e-25 4.052105110278526618e-04 0.000000000000000000e+00
6.211775334416568262e-01 3.784172560473154090e-01 1.194754793647410045e-29 2.542731315917152695e-25 4.052105110278526618e-04 0.000000000000000000e+00
6.211775334416568262e-01 3.784172560473154090e-01 1.194754793647410045e-29 2.542731315917152695e-25 4.052105110278526618e-04 0.000000000000000000e+00
6.211775334416568262e-01 3.784172560473154090e-01 1.194754793647410045e-29 2.542731315917152695e-25 4.052105110278526618e-04 0.000000000000000000e+00
6.211775334416568262e-01 3.784172560473154090e-01 1.194754793647410045e-29 2.542731315917152695e-25 4.052105110278526618e-04 0.000000000000000000e+00
6.211775334416568262e-01 3.784172560473154090e-01 1.194754793647410045e-29 2.542731315917152695e-25 4.052105110278526618e-04 0.000000000000000000e+00
6.211775334416568262e-01 3.784172560473154090e-01 1.194754793647410045e-29 2.542731315917152695e-25 4.052105110278526618e-04 0.000000000000000000e+00
6.211775334416568262e-01 3.784172560473154090e-01 1.194754793647410045e-29 2.542731315917152695e-25 4.052105110278526618e-04 0.000000000000000000e+00
6.211775334416568262e-01 3.784172560473154090e-01 1.194754793647410045e-29 2.542731315917152695e-25 4.052105110278526618e-04 0.000000000000000000e+00
6.211775334416568262e-01 3.784172560473154090e-01 1.194754793647410045e-29 2.542731315917152695e-25 4.052105110278526618e-04 0.000000000000000000e+00
6.211775334416568262e-01 3.784172560473154090e-01 1.194754793647410045e-29 2.542731315917152695e-25 4.052105110278526618e-04 0.000000000000000000e+00
6.211775334416568262e-01 3.784172560473154090e-01 1.194754793647410045e-29 2.542731315917152695e-25 4.052105110278526618e-04 0.000000000000000000e+00
6.211775334416568262e-01 3.784172560473154090e-01 1.194754793647410045e-29 2.542731315917152695e-25 4.052105110278526618e-04 0.000000000000000000e+00
6.211775334416568262e-01 3.784172560473154090e-01 1.194754793647410045e-29 2.542731315917152695e-25 4.052105110278526618e-04 0.000000000000000000e+00
6.211775334416568262e-01 3.784172560473154090e-01 1.194754793647410045e-29 2.542731315917152695e-25 4.052105110278526618e-04 0.000000000000000000e+00
6.211775334416568262e-01 3.784172560473154090e-01 1.194754793647410045e-29 2.542731315917152695e-25 4.052105110278526618e-04 0.000000000000000000e+00
6.211775334416568262e-01 3.784172560473154090e-01 1.194754793647410045e-29 2.542731315917152695e-25 4.052105110278526618e-04 0.000000000000000000e+00
6.211775334416568262e-01 3.784172560473154090e-01 1.194754793647410045e-29 2.542731315917152695e-25 4.052105110278526618e-04 0.000000000000000000e+00
6.211775334416568262e-01 3.784172560473154090e-01 1.194754793647410045e-29 2.542731315917152695e-25 4.052105110278526618e-04 0.000000000000000000e+00
6.211775334416568262e-01 3.784172560473154090e-01 1.194754793647410045e-29 2.542731315917152695e-25 4.052105110278526618e-04 0.000000000000000000e+00
6.211775334416568262e-01 3.784172560473154090e-01 1.194754793647410045e-29 2.542731315917152695e-25 4.052105110278526618e-04 0.000000000000000000e+00
6.211775334416568262e-01 3.784172560473154090e-01 1.194754793647410045e-29 2.542731315917152695e-25 4.052105110278526618e-04 0.000000000000000000e+00
6.211775334416568262e-01 3.784172560473154090e-01 1.194754793647410045e-29 2.542731315917152695e-25 4.052105110278526618e-04 0.000000000000000000e+00
6.211775334416568262e-01 3.784172560473154090e-01 1.194754793647410045e-29 2.542731315917152695e-25 4.052105110278526618e-04 0.000000000000000000e+00
6.211775334416568262e-01 3.784172560473154090e-01 1.194754793647410045e-29 2.542731315917152695e-25 4.052105110278526618e-04 0.000000000000000000e+00
6.211775334416568262e-01 3.784172560473154090e-01 1.194754793647410045e-29 2.542731315917152695e-25 4.052105110278526618e-04 0.000000000000000000e+00
6.211775334416568262e-01 3.784172560473154090e-01 1.194754793647410045e-29 2.542731315917152695e-25 4.052105110278526618e-04 0.000000000000000000e+00
6.211775334416568262e-01 3.784172560473154090e-01 1.194754793647410045e-29 2.542731315917152695e-25 4.052105110278526618e-04 0.000000000000000000e+00
6.211775334416568262e-01 3.784172560473154090e-01 1.194754793647410045e-29 2.542731315917152695e-25 4.052105110278526618e-04 0.000000000000000000e+00
6.211775334416568262e-01 3.784172560473154090e-01 1.194754793647410045e-29 2.542731315917152695e-25 4.052105110278526618e-04 0.000000000000000000e+00
6.211775334416568262e-01 3.784172560473154090e-01 1.194754793647410045e-29 2.542731315917152695e-25 4.052105110278526618e-04 0.000000000000000000e+00
6.211775334416568262e-01 3.784172560473154090e-01 1.194754793647410045e-29 2.542731315917152695e-25 4.052105110278526618e-04 0.000000000000000000e+00
6.211775334416568262e-01 3.784172560473154090e-01 1.194754793647410045e-29 2.542731315917152695e-25 4.052105110278526618e-04 0.000000000000000000e+00
6.211775334416568262e-01 3.784172560473154090e-01 1.194754793647410045e-29 2.542731315917152695e-25 4.052105110278526618e-04 0.000000000000000000e+00
6.211775334416568262e-01 3.784172560473154090e-01 1.194754793647410045e-29 2.542731315917152695e-25 4.052105110278526618e-04 0.000000000000000000e+00
6.211775334416568262e-01 3.784172560473154090e-01 1.194754793647410045e-29 2.542731315917152695e-25 4.052105110278526618e-04 0.000000000000000000e+00
6.211775334416568262e-01 3.784172560473154090e-01 1.194754793647410045e-29 2.542731315917152695e-25 4.052105110278526618e-04 0.000000000000000000e+00
6.211775334416568262e-01 3.784172560473154090e-01 1.194754793647410045e-29 2.542731315917152695e-25 4.052105110278526618e-04 0.000000000000000000e+00
6.211775334416568262e-01 3.784172560473154090e-01 1.194754793647410045e-29 2.542731315917152695e-25 4.052105110278526618e-04 0.000000000000000000e+00
6.211775334416568262e-01 3.784172560473154090e-01 1.194754793647410045e-29 2.542731315917152695e-25 4.052105110278526618e-04 0.000000000000000000e+00
6.211775334416568262e-01 3.784172560473154090e-01 1.194754793647410045e-29 2.542731315917152695e-25 4.052105110278526618e-04 0.000000000000000000e+00
6.211775334416568262e-01 3.784172560473154090e-01 1.194754793647410045e-29 2.542731315917152695e-25 4.052105110278526618e-04 0.000000000000000000e+00
6.211775334416568262e-01 3.784172560473154090e-01 1.194754793647410045e-29 2.542731315917152695e-25 4.052105110278526618e-04 0.000000000000000000e+00
6.211775334416568262e-01 3.784172560473154090e-01 1.194754793647410045e-29 2.542731315917152695e-25 4.052105110278526618e-04 0.000000000000000000e+00
6.211775334416568262e-01 3.784172560473154090e-01 1.194754793647410045e-29 2.542731315917152695e-25 4.052105110278526618e-04 0.000000000000000000e+00
6.211775334416568262e-01 3.784172560473154090e-01 1.194754793647410045e-29 2.542731315917152695e-25 4.052105110278526618e-04 0.000000000000000000e+00
6.211775334416568262e-01 3.784172560473154090e-01 1.194754793647410045e-29 2.542731315917152695e-25 4.052105110278526618e-04 0.000000000000000000e+00
6.211775334416568262e-01 3.784172560473154090e-01 1.194754793647410045e-29 2.542731315917152695e-25 4.052105110278526618e-04 0.000000000000000000e+00
6.211775334416568262e-01 3.784172560473154090e-01 1.194754793647410045e-29 2.542731315917152695e-25 4.052105110278526618e-04 0.000000000000000000e+00
6.211775334416568262e-01 3.784172560473154090e-01 1.194754793647410045e-29 2.542731315917152695e-25 4.052105110278526618e-04 0.000000000000000000e+00
6.211775334416568262e-01 3.784172560473154090e-01 1.194754793647410045e-29 2.542731315917152695e-25 4.052105110278526618e-04 0.000000000000000000e+00
6.211775334416568262e-01 3.784172560473154090e-01 1.194754793647410045e-29 2.542731315917152695e-25 4.052105110278526618e-04 0.000000000000000000e+00
6.211775334416568262e-01 3.784172560473154090e-01 1.194754793647410045e-29 2.542731315917152695e-25 4.052105110278526618e-04 0.000000000000000000e+00
6.211775334416568262e-01 3.784172560473154090e-01 1.194754793647410045e-29 2.542731315917152695e-25 4.052105110278526618e-04 0.000000000000000000e+00
6.211775334416568262e-01 3.784172560473154090e-01 1.194754793647410045e-29 2.542731315917152695e-25 4.052105110278526618e-04 0.000000000000000000e+00
6.211775334416568262e-01 3.784172560473154090e-01 1.194754793647410045e-29 2.542731315917152695e-25 4.052105110278526618e-04 0.000000000000000000e+00
6.211775334416568262e-01 3.784172560473154090e-01 1.194754793647410045e-29 2.542731315917152695e-25 4.052105110278526618e-04 0.000000000000000000e+00
6.211775334416568262e-01 3.784172560473154090e-01 1.194754793647410045e-29 2.542731315917152695e-25 4.052105110278526618e-04 0.000000000000000000e+00
6.211775334416568262e-01 3.784172560473154090e-01 1.194754793647410045e-29 2.542731315917152695e-25 4.052105110278526618e-04 0.000000000000000000e+00
6.211775334416568262e-01 3.784172560473154090e-01 1.194754793647410045e-29 2.542731315917152695e-25 4.052105110278526618e-04 0.000000000000000000e+00
6.211775334416568262e-01 3.784172560473154090e-01 1.194754793647410045e-29 2.542731315917152695e-25 4.052105110278526618e-04 0.000000000000000000e+00
6.211775334416568262e-01 3.784172560473154090e-01 1.194754793647410045e-29 2.542731315917152695e-25 4.052105110278526618e-04 0.000000000000000000e+00
6.211775334416568262e-01 3.784172560473154090e-01 1.194754793647410045e-29 2.542731315917152695e-25 4.052105110278526618e-04 0.000000000000000000e+00
6.211775334416568262e-01 3.784172560473154090e-01 1.194754793647410045e-29 2.542731315917152695e-25 4.052105110278526618e-04 0.000000000000000000e+00
6.211775334416568262e-01 3.784172560473154090e-01 1.194754793647410045e-29 2.542731315917152695e-25 4.052105110278526618e-04 0.000000000000000000e+00
6.211775334416568262e-01 3.784172560473154090e-01 1.194754793647410045e-29 2.542731315917152695e-25 4.052105110278526618e-04 0.000000000000000000e+00
6.211775334416568262e-01 3.784172560473154090e-01 1.194754793647410045e-29 2.542731315917152695e-25 4.052105110278526618e-04 0.000000000000000000e+00
6.211775334416568262e-01 3.784172560473154090e-01 1.194754793647410045e-29 2.542731315917152695e-25 4.052105110278526618e-04 0.000000000000000000e+00
6.211775334416568262e-01 3.784172560473154090e-01 1.194754793647410045e-29 2.542731315917152695e-25 4.052105110278526618e-04 0.000000000000000000e+00
6.211775334416568262e-01 3.784172560473154090e-01 1.194754793647410045e-29 2.542731315917152695e-25 4.052105110278526618e-04 0.000000000000000000e+00
6.211775334416568262e-01 3.784172560473154090e-01 1.194754793647410045e-29 2.542731315917152695e-25 4.052105110278526618e-04 0.000000000000000000e+00
6.211775334416568262e-01 3.784172560473154090e-01 1.194754793647410045e-29 2.542731315917152695e-25 4.052105110278526618e-04 0.000000000000000000e+00
6.211775334416568262e-01 3.784172560473154090e-01 1.194754793647410045e-29 2.542731315917152695e-25 4.052105110278526618e-04 0.000000000000000000e+00
6.211775334416568262e-01 3.784172560473154090e-01 1.194754793647410045e-29 2.542731315917152695e-25 4.052105110278526618e-04 0.000000000000000000e+00
6.211775334416568262e-01 3.784172560473154090e-01 1.194754793647410045e-29 2.542731315917152695e-25 4.052105110278526618e-04 0.000000000000000000e+00
6.211775334416568262e-01 3.784172560473154090e-01 1.194754793647410045e-29 2.542731315917152695e-25 4.052105110278526618e-04 0.000000000000000000e+00
6.211775334416568262e-01 3.784172560473154090e-01 1.194754793647410045e-29 2.542731315917152695e-25 4.052105110278526618e-04 0.000000000000000000e+00
6.211775334416568262e-01 3.784172560473154090e-01 1.194754793647410045e-29 2.542731315917152695e-25 4.052105110278526618e-04 0.000000000000000000e+00
6.211775334416568262e-01 3.784172560473154090e-01 1.194754793647410045e-29 2.542731315917152695e-25 4.052105110278526618e-04 0.000000000000000000e+00
6.211775334416568262e-01 3.784172560473154090e-01 1.194754793647410045e-29 2.542731315917152695e-25 4.052105110278526618e-04 0.000000000000000000e+00
6.211775334416568262e-01 3.784172560473154090e-01 1.194754793647410045e-29 2.542731315917152695e-25 4.052105110278526618e-04 0.000000000000000000e+00
6.211775334416568262e-01 3.784172560473154090e-01 1.194754793647410045e-29 2.542731315917152695e-25 4.052105110278526618e-04 0.000000000000000000e+00
6.211775334416568262e-01 3.784172560473154090e-01 1.194754793647410045e-29 2.542731315917152695e-25 4.052105110278526618e-04 0.000000000000000000e+00
6.211775334416568262e-01 3.784172560473154090e-01 1.194754793647410045e-29 2.542731315917152695e-25 4.052105110278526618e-04 0.000000000000000000e+00
6.211775334416568262e-01 3.784172560473154090e-01 1.194754793647410045e-29 2.542731315917152695e-25 4.052105110278526618e-04 0.000000000000000000e+00
6.211775334416568262e-01 3.784172560473154090e-01 1.194754793647410045e-29 2.542731315917152695e-25 4.052105110278526618e-04 0.000000000000000000e+00
6.211775334416568262e-01 3.784172560473154090e-01 1.194754793647410045e-29 2.542731315917152695e-25 4.052105110278526618e-04 0.000000000000000000e+00
6.211775334416568262e-01 3.784172560473154090e-01 1.194754793647410045e-29 2.542731315917152695e-25 4.052105110278526618e-04 0.000000000000000000e+00
6.211775334416568262e-01 3.784172560473154090e-01 1.194754793647410045e-29 2.542731315917152695e-25 4.052105110278526618e-04 0.000000000000000000e+00
6.211775334416568262e-01 3.784172560473154090e-01 1.194754793647410045e-29 2.542731315917152695e-25 4.052105110278526618e-04 0.000000000000000000e+00
6.211775334416568262e-01 3.784172560473154090e-01 1.194754793647410045e-29 2.542731315917152695e-25 4.052105110278526618e-04 0.000000000000000000e+00
6.211775334416568262e-01 3.784172560473154090e-01 1.194754793647410045e-29 2.542731315917152695e-25 4.052105110278526618e-04 0.000000000000000000e+00
6.211775334416568262e-01 3.784172560473154090e-01 1.194754793647410045e-29 2.542731315917152695e-25 4.052105110278526618e-04 0.000000000000000000e+00
6.211775334416568262e-01 3.784172560473154090e-01 1.194754793647410045e-29 2.542731315917152695e-25 4.052105110278526618e-04 0.000000000000000000e+00
6.211775334416568262e-01 3.784172560473154090e-01 1.194754793647410045e-29 2.542731315917152695e-25 4.052105110278526618e-04 0.000000000000000000e+00
6.211775334416568262e-01 3.784172560473154090e-01 1.194754793647410045e-29 2.542731315917152695e-25 4.052105110278526618e-04 0.000000000000000000e+00
6.211775334416568262e-01 3.784172560473154090e-01 1.194754793647410045e-29 2.542731315917152695e-25 4.052105110278526618e-04 0.000000000000000000e+00
6.211775334416568262e-01 3.784172560473154090e-01 1.194754793647410045e-29 2.542731315917152695e-25 4.052105110278526618e-04 0.000000000000000000e+00
6.211775334416568262e-01 3.784172560473154090e-01 1.194754793647410045e-29 2.542731315917152695e-25 4.052105110278526618e-04 0.000000000000000000e+00
6.211775334416568262e-01 3.784172560473154090e-01 1.194754793647410045e-29 2.542731315917152695e-25 4.052105110278526618e-04 0.000000000000000000e+00
6.211775334416568262e-01 3.784172560473154090e-01 1.194754793647410045e-29 2.542731315917152695e-25 4.052105110278526618e-04 0.000000000000000000e+00
6.211775334416568262e-01 3.784172560473154090e-01 1.194754793647410045e-29 2.542731315917152695e-25 4.052105110278526618e-04 0.000000000000000000e+00
6.211775334416568262e-01 3.784172560473154090e-01 1.194754793647410045e-29 2.542731315917152695e-25 4.052105110278526618e-04 0.000000000000000000e+00
6.211775334416568262e-01 3.784172560473154090e-01 1.194754793647410045e-29 2.542731315917152695e-25 4.052105110278526618e-04 0.000000000000000000e+00
6.211775334416568262e-01 3.784172560473154090e-01 1.194754793647410045e-29 2.542731315917152695e-25 4.052105110278526618e-04 0.000000000000000000e+00
6.211775334416568262e-01 3.784172560473154090e-01 1.194754793647410045e-29 2.542731315917152695e-25 4.052105110278526618e-04 0.000000000000000000e+00
6.211775334416568262e-01 3.784172560473154090e-01 1.194754793647410045e-29 2.542731315917152695e-25 4.052105110278526618e-04 0.000000000000000000e+00
6.211775334416568262e-01 3.784172560473154090e-01 1.194754793647410045e-29 2.542731315917152695e-25 4.052105110278526618e-04 0.000000000000000000e+00
6.211775334416568262e-01 3.784172560473154090e-01 1.194754793647410045e-29 2.542731315917152695e-25 4.052105110278526618e-04 0.000000000000000000e+00
6.211775334416568262e-01 3.784172560473154090e-01 1.194754793647410045e-29 2.542731315917152695e-25 4.052105110278526618e-04 0.000000000000000000e+00
6.211775334416568262e-01 3.784172560473154090e-01 1.194754793647410045e-29 2.542731315917152695e-25 4.052105110278526618e-04 0.000000000000000000e+00
6.211775334416568262e-01 3.784172560473154090e-01 1.194754793647410045e-29 2.542731315917152695e-25 4.052105110278526618e-04 0.000000000000000000e+00
6.211775334416568262e-01 3.784172560473154090e-01 1.194754793647410045e-29 2.542731315917152695e-25 4.052105110278526618e-04 0.000000000000000000e+00
6.211775334416568262e-01 3.784172560473154090e-01 1.194754793647410045e-29 2.542731315917152695e-25 4.052105110278526618e-04 0.000000000000000000e+00
6.211775334416568262e-01 3.784172560473154090e-01 1.194754793647410045e-29 2.542731315917152695e-25 4.052105110278526618e-04 0.000000000000000000e+00
6.211775334416568262e-01 3.784172560473154090e-01 1.194754793647410045e-29 2.542731315917152695e-25 4.052105110278526618e-04 0.000000000000000000e+00
6.211775334416568262e-01 3.784172560473154090e-01 1.194754793647410045e-29 2.542731315917152695e-25 4.052105110278526618e-04 0.000000000000000000e+00
6.211775334416568262e-01 3.784172560473154090e-01 1.194754793647410045e-29 2.542731315917152695e-25 4.052105110278526618e-04 0.000000000000000000e+00
6.211775334416568262e-01 3.784172560473154090e-01 1.194754793647410045e-29 2.542731315917152695e-25 4.052105110278526618e-04 0.000000000000000000e+00
6.211775334416568262e-01 3.784172560473154090e-01 1.194754793647410045e-29 2.542731315917152695e-25 4.052105110278526618e-04 0.000000000000000000e+00
6.211775334416568262e-01 3.784172560473154090e-01 1.194754793647410045e-29 2.542731315917152695e-25 4.052105110278526618e-04 0.000000000000000000e+00
6.211775334416568262e-01 3.784172560473154090e-01 1.194754793647410045e-29 2.542731315917152695e-25 4.052105110278526618e-04 0.000000000000000000e+00
6.211775334416568262e-01 3.784172560473154090e-01 1.194754793647410045e-29 2.542731315917152695e-25 4.052105110278526618e-04 0.000000000000000000e+00
6.211775334416568262e-01 3.784172560473154090e-01 1.194754793647410045e-29 2.542731315917152695e-25 4.052105110278526618e-04 0.000000000000000000e+00
6.211775334416568262e-01 3.784172560473154090e-01 1.194754793647410045e-29 2.542731315917152695e-25 4.052105110278526618e-04 0.000000000000000000e+00
6.211775334416568262e-01 3.784172560473154090e-01 1.194754793647410045e-29 2.542731315917152695e-25 4.052105110278526618e-04 0.000000000000000000e+00
6.211775334416568262e-01 3.784172560473154090e-01 1.194754793647410045e-29 2.542731315917152695e-25 4.052105110278526618e-04 0.000000000000000000e+00
6.211775334416568262e-01 3.784172560473154090e-01 1.194754793647410045e-29 2.542731315917152695e-25 4.052105110278526618e-04 0.000000000000000000e+00
6.211775334416568262e-01 3.784172560473154090e-01 1.194754793647410045e-29 2.542731315917152695e-25 4.052105110278526618e-04 0.000000000000000000e+00
6.211775334416568262e-01 3.784172560473154090e-01 1.194754793647410045e-29 2.542731315917152695e-25 4.052105110278526618e-04 0.000000000000000000e+00
6.211775334416568262e-01 3.784172560473154090e-01 1.194754793647410045e-29 2.542731315917152695e-25 4.052105110278526618e-04 0.000000000000000000e+00
6.211775334416568262e-01 3.784172560473154090e-01 1.194754793647410045e-29 2.542731315917152695e-25 4.052105110278526618e-04 0.000000000000000000e+00
6.211775334416568262e-01 3.784172560473154090e-01 1.194754793647410045e-29 2.542731315917152695e-25 4.052105110278526618e-04 0.000000000000000000e+00
6.211775334416568262e-01 3.784172560473154090e-01 1.194754793647410045e-29 2.542731315917152695e-25 4.052105110278526618e-04 0.000000000000000000e+00
6.211775334416568262e-01 3.784172560473154090e-01 1.194754793647410045e-29 2.542731315917152695e-25 4.052105110278526618e-04 0.000000000000000000e+00
6.211775334416568262e-01 3.784172560473154090e-01 1.194754793647410045e-29 2.542731315917152695e-25 4.052105110278526618e-04 0.000000000000000000e+00
6.211775334416568262e-01 3.784172560473154090e-01 1.194754793647410045e-29 2.542731315917152695e-25 4.052105110278526618e-04 0.000000000000000000e+00
6.211775334416568262e-01 3.784172560473154090e-01 1.194754793647410045e-29 2.542731315917152695e-25 4.052105110278526618e-04 0.000000000000000000e+00
6.211775334416568262e-01 3.784172560473154090e-01 1.194754793647410045e-29 2.542731315917152695e-25 4.052105110278526618e-04 0.000000000000000000e+00
6.211775334416568262e-01 3.784172560473154090e-01 1.194754793647410045e-29 2.542731315917152695e-25 4.052105110278526618e-04 0.000000000000000000e+00
6.211775334416568262e-01 3.784172560473154090e-01 1.194754793647410045e-29 2.542731315917152695e-25 4.052105110278526618e-04 0.000000000000000000e+00
6.211775334416568262e-01 3.784172560473154090e-01 1.194754793647410045e-29 2.542731315917152695e-25 4.052105110278526618e-04 0.000000000000000000e+00
6.211775334416568262e-01 3.784172560473154090e-01 1.194754793647410045e-29 2.542731315917152695e-25 4.052105110278526618e-04 0.000000000000000000e+00
6.211775334416568262e-01 3.784172560473154090e-01 1.194754793647410045e-29 2.542731315917152695e-25 4.052105110278526618e-04 0.000000000000000000e+00
6.211775334416568262e-01 3.784172560473154090e-01 1.194754793647410045e-29 2.542731315917152695e-25 4.052105110278526618e-04 0.000000000000000000e+00
6.211775334416568262e-01 3.784172560473154090e-01 1.194754793647410045e-29 2.542731315917152695e-25 4.052105110278526618e-04 0.000000000000000000e+00
6.211775334416568262e-01 3.784172560473154090e-01 1.194754793647410045e-29 2.542731315917152695e-25 4.052105110278526618e-04 0.000000000000000000e+00
6.211775334416568262e-01 3.784172560473154090e-01 1.194754793647410045e-29 2.542731315917152695e-25 4.052105110278526618e-04 0.000000000000000000e+00
6.211775334416568262e-01 3.784172560473154090e-01 1.194754793647410045e-29 2.542731315917152695e-25 4.052105110278526618e-04 0.000000000000000000e+00
6.211775334416568262e-01 3.784172560473154090e-01 1.194754793647410045e-29 2.542731315917152695e-25 4.052105110278526618e-04 0.000000000000000000e+00
6.211775334416568262e-01 3.784172560473154090e-01 1.194754793647410045e-29 2.542731315917152695e-25 4.052105110278526618e-04 0.000000000000000000e+00
6.211775334416568262e-01 3.784172560473154090e-01 1.194754793647410045e-29 2.542731315917152695e-25 4.052105110278526618e-04 0.000000000000000000e+00
6.211775334416568262e-01 3.784172560473154090e-01 1.194754793647410045e-29 2.542731315917152695e-25 4.052105110278526618e-04 0.000000000000000000e+00
6.211775334416568262e-01 3.784172560473154090e-01 1.194754793647410045e-29 2.542731315917152695e-25 4.052105110278526618e-04 0.000000000000000000e+00
6.211775334416568262e-01 3.784172560473154090e-01 1.194754793647410045e-29 2.542731315917152695e-25 4.052105110278526618e-04 0.000000000000000000e+00
6.211775334416568262e-01 3.784172560473154090e-01 1.194754793647410045e-29 2.542731315917152695e-25 4.052105110278526618e-04 0.000000000000000000e+00
6.211775334416568262e-01 3.784172560473154090e-01 1.194754793647410045e-29 2.542731315917152695e-25 4.052105110278526618e-04 0.000000000000000000e+00
6.211775334416568262e-01 3.784172560473154090e-01 1.194754793647410045e-29 2.542731315917152695e-25 4.052105110278526618e-04 0.000000000000000000e+00
6.211775334416568262e-01 3.784172560473154090e-01 1.194754793647410045e-29 2.542731315917152695e-25 4.052105110278526618e-04 0.000000000000000000e+00
6.211775334416568262e-01 3.784172560473154090e-01 1.194754793647410045e-29 2.542731315917152695e-25 4.052105110278526618e-04 0.000000000000000000e+00
6.211775334416568262e-01 3.784172560473154090e-01 1.194754793647410045e-29 2.542731315917152695e-25 4.052105110278526618e-04 0.000000000000000000e+00
6.211775334416568262e-01 3.784172560473154090e-01 1.194754793647410045e-29 2.542731315917152695e-25 4.052105110278526618e-04 0.000000000000000000e+00
6.211775334416568262e-01 3.784172560473154090e-01 1.194754793647410045e-29 2.542731315917152695e-25 4.052105110278526618e-04 0.000000000000000000e+00
6.211775334416568262e-01 3.784172560473154090e-01 1.194754793647410045e-29 2.542731315917152695e-25 4.052105110278526618e-04 0.000000000000000000e+00
6.211775334416568262e-01 3.784172560473154090e-01 1.194754793647410045e-29 2.542731315917152695e-25 4.052105110278526618e-04 0.000000000000000000e+00
6.211775334416568262e-01 3.784172560473154090e-01 1.194754793647410045e-29 2.542731315917152695e-25 4.052105110278526618e-04 0.000000000000000000e+00
6.211775334416568262e-01 3.784172560473154090e-01 1.194754793647410045e-29 2.542731315917152695e-25 4.052105110278526618e-04 0.000000000000000000e+00
6.211775334416568262e-01 3.784172560473154090e-01 1.194754793647410045e-29 2.542731315917152695e-25 4.052105110278526618e-04 0.000000000000000000e+00
6.211775334416568262e-01 3.784172560473154090e-01 1.194754793647410045e-29 2.542731315917152695e-25 4.052105110278526618e-04 0.000000000000000000e+00
6.211775334416568262e-01 3.784172560473154090e-01 1.194754793647410045e-29 2.542731315917152695e-25 4.052105110278526618e-04 0.000000000000000000e+00
6.211775334416568262e-01 3.784172560473154090e-01 1.194754793647410045e-29 2.542731315917152695e-25 4.052105110278526618e-04 0.000000000000000000e+00
6.211775334416568262e-01 3.784172560473154090e-01 1.194754793647410045e-29 2.542731315917152695e-25 4.052105110278526618e-04 0.000000000000000000e+00
6.211775334416568262e-01 3.784172560473154090e-01 1.194754793647410045e-29 2.542731315917152695e-25 4.052105110278526618e-04 0.000000000000000000e+00
6.211775334416568262e-01 3.784172560473154090e-01 1.194754793647410045e-29 2.542731315917152695e-25 4.052105110278526618e-04 0.000000000000000000e+00
6.211775334416568262e-01 3.784172560473154090e-01 1.194754793647410045e-29 2.542731315917152695e-25 4.052105110278526618e-04 0.000000000000000000e+00
6.211775334416568262e-01 3.784172560473154090e-01 1.194754793647410045e-29 2.542731315917152695e-25 4.052105110278526618e-04 0.000000000000000000e+00
6.211775334416568262e-01 3.784172560473154090e-01 1.194754793647410045e-29 2.542731315917152695e-25 4.052105110278526618e-04 0.000000000000000000e+00
6.211775334416568262e-01 3.784172560473154090e-01 1.194754793647410045e-29 2.542731315917152695e-25 4.052105110278526618e-04 0.000000000000000000e+00
6.211775334416568262e-01 3.784172560473154090e-01 1.194754793647410045e-29 2.542731315917152695e-25 4.052105110278526618e-04 0.000000000000000000e+00
6.211775334416568262e-01 3.784172560473154090e-01 1.194754793647410045e-29 2.542731315917152695e-25 4.052105110278526618e-04 0.000000000000000000e+00
6.211775334416568262e-01 3.784172560473154090e-01 1.194754793647410045e-29 2.542731315917152695e-25 4.052105110278526618e-04 0.000000000000000000e+00
6.211775334416568262e-01 3.784172560473154090e-01 1.194754793647410045e-29 2.542731315917152695e-25 4.052105110278526618e-04 0.000000000000000000e+00
6.211775334416568262e-01 3.784172560473154090e-01 1.194754793647410045e-29 2.542731315917152695e-25 4.052105110278526618e-04 0.000000000000000000e+00
6.211775334416568262e-01 3.784172560473154090e-01 1.194754793647410045e-29 2.542731315917152695e-25 4.052105110278526618e-04 0.000000000000000000e+00
6.211775334416568262e-01 3.784172560473154090e-01 1.194754793647410045e-29 2.542731315917152695e-25 4.052105110278526618e-04 0.000000000000000000e+00
6.211775334416568262e-01 3.784172560473154090e-01 1.194754793647410045e-29 2.542731315917152695e-25 4.052105110278526618e-04 0.000000000000000000e+00
6.211775334416568262e-01 3.784172560473154090e-01 1.194754793647410045e-29 2.542731315917152695e-25 4.052105110278526618e-04 0.000000000000000000e+00
6.211775334416568262e-01 3.784172560473154090e-01 1.194754793647410045e-29 2.542731315917152695e-25 4.052105110278526618e-04 0.000000000000000000e+00
6.211775334416568262e-01 3.784172560473154090e-01 1.194754793647410045e-29 2.542731315917152695e-25 4.052105110278526618e-04 0.000000000000000000e+00
6.211775334416568262e-01 3.784172560473154090e-01 1.194754793647410045e-29 2.542731315917152695e-25 4.052105110278526618e-04 0.000000000000000000e+00
6.211775334416568262e-01 3.784172560473154090e-01 1.194754793647410045e-29 2.542731315917152695e-25 4.052105110278526618e-04 0.000000000000000000e+00
6.211775334416568262e-01 3.784172560473154090e-01 1.194754793647410045e-29 2.542731315917152695e-25 4.052105110278526618e-04 0.000000000000000000e+00
6.211775334416568262e-01 3.784172560473154090e-01 1.194754793647410045e-29 2.542731315917152695e-25 4.052105110278526618e-04 0.000000000000000000e+00
6.211775334416568262e-01 3.784172560473154090e-01 1.194754793647410045e-29 2.542731315917152695e-25 4.052105110278526618e-04 0.000000000000000000e+00
6.211775334416568262e-01 3.784172560473154090e-01 1.194754793647410045e-29 2.542731315917152695e-25 4.052105110278526618e-04 0.000000000000000000e+00
6.211775334416568262e-01 3.784172560473154090e-01 1.194754793647410045e-29 2.542731315917152695e-25 4.052105110278526618e-04 0.000000000000000000e+00
6.211775334416568262e-01 3.784172560473154090e-01 1.194754793647410045e-29 2.542731315917152695e-25 4.052105110278526618e-04 0.000000000000000000e+00
6.211775334416568262e-01 3.784172560473154090e-01 1.194754793647410045e-29 2.542731315917152695e-25 4.052105110278526618e-04 0.000000000000000000e+00
6.211775334416568262e-01 3.784172560473154090e-01 1.194754793647410045e-29 2.542731315917152695e-25 4.052105110278526618e-04 0.000000000000000000e+00
6.211775334416568262e-01 3.784172560473154090e-01 1.194754793647410045e-29 2.542731315917152695e-25 4.052105110278526618e-04 0.000000000000000000e+00
6.211775334416568262e-01 3.784172560473154090e-01 1.194754793647410045e-29 2.542731315917152695e-25 4.052105110278526618e-04 0.000000000000000000e+00
6.211775334416568262e-01 3.784172560473154090e-01 1.194754793647410045e-29 2.542731315917152695e-25 4.052105110278526618e-04 0.000000000000000000e+00
6.211775334416568262e-01 3.784172560473154090e-01 1.194754793647410045e-29 2.542731315917152695e-25 4.052105110278526618e-04 0.000000000000000000e+00
6.211775334416568262e-01 3.784172560473154090e-01 1.194754793647410045e-29 2.542731315917152695e-25 4.052105110278526618e-04 0.000000000000000000e+00
6.211775334416568262e-01 3.784172560473154090e-01 1.194754793647410045e-29 2.542731315917152695e-25 4.052105110278526618e-04 0.000000000000000000e+00
