9.373954438090628116e-01 6.202887907269619139e-02 2.081798017649450870e-15 3.979590358821178702e-15 5.756771182348237575e-04 0.000000000000000000e+00
9.373954438090629226e-01 6.202887907269619139e-02 1.488005384306691191e-15 3.047727329395525877e-15 5.756771182363260280e-04 0.000000000000000000e+00
9.373954438090628116e-01 6.202887907269619139e-02 9.089166718183665846e-16 2.059960506120293673e-15 5.756771182379054937e-04 0.000000000000000000e+00
9.373954438090630337e-01 6.202887907269622608e-02 5.509183650506158647e-16 1.383665579207884912e-15 5.756771182389496888e-04 0.000000000000000000e+00
9.373954438090629226e-01 6.202887907269622608e-02 3.312135247228423672e-16 9.232990788884007185e-16 5.756771182396261226e-04 0.000000000000000000e+00
9.373954438090629226e-01 6.202887907269619139e-02 1.975367954128480487e-16 6.121278193746627100e-16 5.756771182400699950e-04 0.000000000000000000e+00
9.373954438090629226e-01 6.202887907269622608e-02 1.168702003338746322e-16 4.032063851153050951e-16 5.756771182403613201e-04 0.000000000000000000e+00
9.373954438090628116e-01 6.202887907269619139e-02 6.858822870365791714e-17 2.638621926322696015e-16 5.756771182405514891e-04 0.000000000000000000e+00
9.373954438090630337e-01 6.202887907269622608e-02 3.992130982077081629e-17 1.715244606278642899e-16 5.756771182406738956e-04 0.000000000000000000e+00
9.373954438090629226e-01 6.202887907269619139e-02 2.303100917949004910e-17 1.107048571012460644e-16 5.756771182407509823e-04 0.000000000000000000e+00
9.373954438090629226e-01 6.202887907269619139e-02 1.317654480884940415e-17 7.097125749412607307e-17 5.756771182408005304e-04 0.000000000000000000e+00
9.373954438090629226e-01 6.202887907269619139e-02 7.475813089084004876e-18 4.519220882973264048e-17 5.756771182408328396e-04 0.000000000000000000e+00
9.373954438090628116e-01 6.202887907269619139e-02 4.202214364841907823e-18 2.856156405731388450e-17 5.756771182408522468e-04 0.000000000000000000e+00
9.373954438090629226e-01 6.202887907269619139e-02 2.341586188050503220e-18 1.792416690360173785e-17 5.756771182408652572e-04 0.000000000000000000e+00
9.373954438090629226e-01 6.202887907269619139e-02 1.293629624157894621e-18 1.117067313852302845e-17 5.756771182408728467e-04 0.000000000000000000e+00
9.373954438090629226e-01 6.202887907269619139e-02 7.076304120155516356e-19 6.906232999117863569e-18 5.756771182408776171e-04 0.000000000000000000e+00
9.373954438090628116e-01 6.202887907269619139e-02 3.837461386795953034e-19 4.239985923040290541e-18 5.756771182408805445e-04 0.000000000000000000e+00
9.373954438090628116e-01 6.202887907269619139e-02 2.061056502707617827e-19 2.582848501661043753e-18 5.756771182408822792e-04 0.000000000000000000e+00
9.373954438090628116e-01 6.202887907269619139e-02 1.096606419401150376e-19 1.561459590842193767e-18 5.756771182408834718e-04 0.000000000000000000e+00
9.373954438090628116e-01 6.202887907269619139e-02 5.779443891239144984e-20 9.367566583438998468e-19 5.756771182408846645e-04 0.000000000000000000e+00
9.373954438090629226e-01 6.202887907269622608e-02 3.015701182926547882e-20 5.574669132944775656e-19 5.756771182408846645e-04 0.000000000000000000e+00
9.373954438090629226e-01 6.202887907269622608e-02 1.558550779556479289e-20 3.291846504450820258e-19 5.756771182408852066e-04 0.000000000000000000e+00
9.373954438090630337e-01 6.202887907269622608e-02 7.972617560313226722e-21 1.927787041346294780e-19 5.756771182408852066e-04 0.000000000000000000e+00
9.373954438090628116e-01 6.202887907269619139e-02 4.037636556637214805e-21 1.119843337613424662e-19 5.756771182408852066e-04 0.000000000000000000e+00
9.373954438090629226e-01 6.202887907269619139e-02 2.024042031309369001e-21 6.451620835622010805e-20 5.756771182408852066e-04 0.000000000000000000e+00
9.373954438090629226e-01 6.202887907269619139e-02 1.003694852377979542e-21 3.684428385708757569e-20 5.756771182408852066e-04 0.000000000000000000e+00
9.373954438090628116e-01 6.202887907269619139e-02 4.929155552728923541e-22 2.087682283562034245e-20 5.756771182408852066e-04 0.000000000000000000e+00
9.373954438090628116e-01 6.202887907269619139e-02 2.391754059679748939e-22 1.171466526999279103e-20 5.756771182408852066e-04 0.000000000000000000e+00
9.373954438090629226e-01 6.202887907269619139e-02 1.148880494835110211e-22 6.519989257009507192e-21 5.756771182408852066e-04 0.000000000000000000e+00
9.373954438090628116e-01 6.202887907269619139e-02 5.458923023454184572e-23 3.596993220370639972e-21 5.756771182408852066e-04 0.000000000000000000e+00
9.373954438090629226e-01 6.202887907269619139e-02 2.562995348562421544e-23 1.965312185118565962e-21 5.756771182408852066e-04 0.000000000000000000e+00
9.373954438090629226e-01 6.202887907269622608e-02 1.190605419253592543e-23 1.064594093375294280e-21 5.756771182408858571e-04 0.000000000000000000e+00
9.373954438090628116e-01 6.202887907269619139e-02 5.468719144225009427e-24 5.714378074821973220e-22 5.756771182408852066e-04 0.000000000000000000e+00
9.373954438090629226e-01 6.202887907269619139e-02 2.480001566097544027e-24 3.035709614108498624e-22 5.756771182408852066e-04 0.000000000000000000e+00
9.373954438090629226e-01 6.202887907269622608e-02 1.111960476021235818e-24 1.597943549100711505e-22 5.756771182408852066e-04 0.000000000000000000e+00
9.373954438090628116e-01 6.202887907269619139e-02 4.928453051191029709e-25 8.333008393429655576e-23 5.756771182408852066e-04 0.000000000000000000e+00
9.373954438090630337e-01 6.202887907269622608e-02 2.156790770855040014e-25 4.301006480808586773e-23 5.756771182408852066e-04 0.000000000000000000e+00
9.373954438090628116e-01 6.202887907269619139e-02 9.317341521829001105e-26 2.196815350381596755e-23 5.756771182408852066e-04 0.000000000000000000e+00
9.373954438090629226e-01 6.202887907269622608e-02 3.976403815759471237e-26 1.111059779262649226e-23 5.756771182408852066e-04 0.000000000000000000e+00
9.373954438090628116e-01 6.202887907269619139e-02 1.676144103979253974e-26 5.563229377285978244e-24 5.756771182408852066e-04 0.000000000000000000e+00
9.373954438090629226e-01 6.202887907269619139e-02 6.976878317826271722e-27 2.757314329538913142e-24 5.756771182408852066e-04 0.000000000000000000e+00
9.373954438090629226e-01 6.202887907269619139e-02 2.864326510581348963e-27 1.351438229451167376e-24 5.756771182408852066e-04 0.000000000000000000e+00
9.373954438090628116e-01 6.202887907269619139e-02 1.159921220453329129e-27 6.550628441409604027e-25 5.756771182408852066e-04 0.000000000000000000e+00
9.373954438090629226e-01 6.202887907269619139e-02 4.633836642968942236e-28 3.140473433918438239e-25 5.756771182408852066e-04 0.000000000000000000e+00
9.373954438090629226e-01 6.202887907269619139e-02 1.825753794977906630e-28 1.488804168445585382e-25 5.756771182408852066e-04 0.000000000000000000e+00
9.373954438090630337e-01 6.202887907269622608e-02 7.093013784998958704e-29 6.977942368203023235e-26 5.756771182408852066e-04 0.000000000000000000e+00
9.373954438090629226e-01 6.202887907269619139e-02 2.716461032891150538e-29 3.232815310785050681e-26 5.756771182408852066e-04 0.000000000000000000e+00
9.373954438090629226e-01 6.202887907269619139e-02 1.025313139187295080e-29 1.480177902041020080e-26 5.756771182408852066e-04 0.000000000000000000e+00
9.373954438090629226e-01 6.202887907269619139e-02 3.813165783687930418e-30 6.696406394104800793e-27 5.756771182408852066e-04 0.000000000000000000e+00
9.373954438090629226e-01 6.202887907269619139e-02 1.396967792674142775e-30 2.992813382308045685e-27 5.756771182408852066e-04 0.000000000000000000e+00
9.373954438090629226e-01 6.202887907269619139e-02 1.302834044115983011e-30 2.829958359495508308e-27 5.756771182408852066e-04 0.000000000000000000e+00
9.373954438090629226e-01 6.202887907269619139e-02 1.302834044115983011e-30 2.829958359495508308e-27 5.756771182408852066e-04 0.000000000000000000e+00
9.373954438090629226e-01 6.202887907269619139e-02 1.302834044115983011e-30 2.829958359495508308e-27 5.756771182408852066e-04 0.000000000000000000e+00
9.373954438090629226e-01 6.202887907269619139e-02 1.302834044115983011e-30 2.829958359495508308e-27 5.756771182408852066e-04 0.000000000000000000e+00
9.373954438090629226e-01 6.202887907269619139e-02 1.302834044115983011e-30 2.829958359495508308e-27 5.756771182408852066e-04 0.000000000000000000e+00
9.373954438090629226e-01 6.202887907269619139e-02 1.302834044115983011e-30 2.829958359495508308e-27 5.756771182408852066e-04 0.000000000000000000e+00
9.373954438090629226e-01 6.202887907269619139e-02 1.302834044115983011e-30 2.829958359495508308e-27 5.756771182408852066e-04 0.000000000000000000e+00
9.373954438090629226e-01 6.202887907269619139e-02 1.302834044115983011e-30 2.829958359495508308e-27 5.756771182408852066e-04 0.000000000000000000e+00
9.373954438090629226e-01 6.202887907269619139e-02 1.302834044115983011e-30 2.829958359495508308e-27 5.756771182408852066e-04 0.000000000000000000e+00
9.373954438090629226e-01 6.202887907269619139e-02 1.302834044115983011e-30 2.829958359495508308e-27 5.756771182408852066e-04 0.000000000000000000e+00
9.373954438090629226e-01 6.202887907269619139e-02 1.302834044115983011e-30 2.829958359495508308e-27 5.756771182408852066e-04 0.000000000000000000e+00
9.373954438090629226e-01 6.202887907269619139e-02 1.302834044115983011e-30 2.829958359495508308e-27 5.756771182408852066e-04 0.000000000000000000e+00
9.373954438090629226e-01 6.202887907269619139e-02 1.302834044115983011e-30 2.829958359495508308e-27 5.756771182408852066e-04 0.000000000000000000e+00
9.373954438090629226e-01 6.202887907269619139e-02 1.302834044115983011e-30 2.829958359495508308e-27 5.756771182408852066e-04 0.000000000000000000e+00
9.373954438090629226e-01 6.202887907269619139e-02 1.302834044115983011e-30 2.829958359495508308e-27 5.756771182408852066e-04 0.000000000000000000e+00
9.373954438090629226e-01 6.202887907269619139e-02 1.302834044115983011e-30 2.829958359495508308e-27 5.756771182408852066e-04 0.000000000000000000e+00
9.373954438090629226e-01 6.202887907269619139e-02 1.302834044115983011e-30 2.829958359495508308e-27 5.756771182408852066e-04 0.000000000000000000e+00
9.373954438090629226e-01 6.202887907269619139e-02 1.302834044115983011e-30 2.829958359495508308e-27 5.756771182408852066e-04 0.000000000000000000e+00
9.373954438090629226e-01 6.202887907269619139e-02 1.302834044115983011e-30 2.829958359495508308e-27 5.756771182408852066e-04 0.000000000000000000e+00
9.373954438090629226e-01 6.202887907269619139e-02 1.302834044115983011e-30 2.829958359495508308e-27 5.756771182408852066e-04 0.000000000000000000e+00
9.373954438090629226e-01 6.202887907269619139e-02 1.302834044115983011e-30 2.829958359495508308e-27 5.756771182408852066e-04 0.000000000000000000e+00
9.373954438090629226e-01 6.202887907269619139e-02 1.302834044115983011e-30 2.829958359495508308e-27 5.756771182408852066e-04 0.000000000000000000e+00
9.373954438090629226e-01 6.202887907269619139e-02 1.302834044115983011e-30 2.829958359495508308e-27 5.756771182408852066e-04 0.000000000000000000e+00
9.373954438090629226e-01 6.202887907269619139e-02 1.302834044115983011e-30 2.829958359495508308e-27 5.756771182408852066e-04 0.000000000000000000e+00
9.373954438090629226e-01 6.202887907269619139e-02 1.302834044115983011e-30 2.829958359495508308e-27 5.756771182408852066e-04 0.000000000000000000e+00
9.373954438090629226e-01 6.202887907269619139e-02 1.302834044115983011e-30 2.829958359495508308e-27 5.756771182408852066e-04 0.000000000000000000e+00
9.373954438090629226e-01 6.202887907269619139e-02 1.302834044115983011e-30 2.829958359495508308e-27 5.756771182408852066e-04 0.000000000000000000e+00
9.373954438090629226e-01 6.202887907269619139e-02 1.302834044115983011e-30 2.829958359495508308e-27 5.756771182408852066e-04 0.000000000000000000e+00
9.373954438090629226e-01 6.202887907269619139e-02 1.302834044115983011e-30 2.829958359495508308e-27 5.756771182408852066e-04 0.000000000000000000e+00
9.373954438090629226e-01 6.202887907269619139e-02 1.302834044115983011e-30 2.829958359495508308e-27 5.756771182408852066e-04 0.000000000000000000e+00
9.373954438090629226e-01 6.202887907269619139e-02 1.302834044115983011e-30 2.829958359495508308e-27 5.756771182408852066e-04 0.000000000000000000e+00
9.373954438090629226e-01 6.202887907269619139e-02 1.302834044115983011e-30 2.829958359495508308e-27 5.756771182408852066e-04 0.000000000000000000e+00
9.373954438090629226e-01 6.202887907269619139e-02 1.302834044115983011e-30 2.829958359495508308e-27 5.756771182408852066e-04 0.000000000000000000e+00
9.373954438090629226e-01 6.202887907269619139e-02 1.302834044115983011e-30 2.829958359495508308e-27 5.756771182408852066e-04 0.000000000000000000e+00
9.373954438090629226e-01 6.202887907269619139e-02 1.302834044115983011e-30 2.829958359495508308e-27 5.756771182408852066e-04 0.000000000000000000e+00
9.373954438090629226e-01 6.202887907269619139e-02 1.302834044115983011e-30 2.829958359495508308e-27 5.756771182408852066e-04 0.000000000000000000e+00
9.373954438090629226e-01 6.202887907269619139e-02 1.302834044115983011e-30 2.829958359495508308e-27 5.756771182408852066e-04 0.000000000000000000e+00
9.373954438090629226e-01 6.202887907269619139e-02 1.302834044115983011e-30 2.829958359495508308e-27 5.756771182408852066e-04 0.000000000000000000e+00
9.373954438090629226e-01 6.202887907269619139e-02 1.302834044115983011e-30 2.829958359495508308e-27 5.756771182408852066e-04 0.000000000000000000e+00
9.373954438090629226e-01 6.202887907269619139e-02 1.302834044115983011e-30 2.829958359495508308e-27 5.756771182408852066e-04 0.000000000000000000e+00
9.373954438090629226e-01 6.202887907269619139e-02 1.302834044115983011e-30 2.829958359495508308e-27 5.756771182408852066e-04 0.000000000000000000e+00
9.373954438090629226e-01 6.202887907269619139e-02 1.302834044115983011e-30 2.829958359495508308e-27 5.756771182408852066e-04 0.000000000000000000e+00
9.373954438090629226e-01 6.202887907269619139e-02 1.302834044115983011e-30 2.829958359495508308e-27 5.756771182408852066e-04 0.000000000000000000e+00
9.373954438090629226e-01 6.202887907269619139e-02 1.302834044115983011e-30 2.829958359495508308e-27 5.756771182408852066e-04 0.000000000000000000e+00
9.373954438090629226e-01 6.202887907269619139e-02 1.302834044115983011e-30 2.829958359495508308e-27 5.756771182408852066e-04 0.000000000000000000e+00
9.373954438090629226e-01 6.202887907269619139e-02 1.302834044115983011e-30 2.829958359495508308e-27 5.756771182408852066e-04 0.000000000000000000e+00
9.373954438090629226e-01 6.202887907269619139e-02 1.302834044115983011e-30 2.829958359495508308e-27 5.756771182408852066e-04 0.000000000000000000e+00
9.373954438090629226e-01 6.202887907269619139e-02 1.302834044115983011e-30 2.829958359495508308e-27 5.756771182408852066e-04 0.000000000000000000e+00
9.373954438090629226e-01 6.202887907269619139e-02 1.302834044115983011e-30 2.829958359495508308e-27 5.756771182408852066e-04 0.000000000000000000e+00
9.373954438090629226e-01 6.202887907269619139e-02 1.302834044115983011e-30 2.829958359495508308e-27 5.756771182408852066e-04 0.000000000000000000e+00
9.373954438090629226e-01 6.202887907269619139e-02 1.302834044115983011e-30 2.829958359495508308e-27 5.756771182408852066e-04 0.000000000000000000e+00
9.373954438090629226e-01 6.202887907269619139e-02 1.302834044115983011e-30 2.829958359495508308e-27 5.756771182408852066e-04 0.000000000000000000e+00
9.373954438090629226e-01 6.202887907269619139e-02 1.302834044115983011e-30 2.829958359495508308e-27 5.756771182408852066e-04 0.000000000000000000e+00
9.373954438090629226e-01 6.202887907269619139e-02 1.302834044115983011e-30 2.829958359495508308e-27 5.756771182408852066e-04 0.000000000000000000e+00
9.373954438090629226e-01 6.202887907269619139e-02 1.302834044115983011e-30 2.829958359495508308e-27 5.756771182408852066e-04 0.000000000000000000e+00
9.373954438090629226e-01 6.202887907269619139e-02 1.302834044115983011e-30 2.829958359495508308e-27 5.756771182408852066e-04 0.000000000000000000e+00
9.373954438090629226e-01 6.202887907269619139e-02 1.302834044115983011e-30 2.829958359495508308e-27 5.756771182408852066e-04 0.000000000000000000e+00
9.373954438090629226e-01 6.202887907269619139e-02 1.302834044115983011e-30 2.829958359495508308e-27 5.756771182408852066e-04 0.000000000000000000e+00
9.373954438090629226e-01 6.202887907269619139e-02 1.302834044115983011e-30 2.829958359495508308e-27 5.756771182408852066e-04 0.000000000000000000e+00
9.373954438090629226e-01 6.202887907269619139e-02 1.302834044115983011e-30 2.829958359495508308e-27 5.756771182408852066e-04 0.000000000000000000e+00
9.373954438090629226e-01 6.202887907269619139e-02 1.302834044115983011e-30 2.829958359495508308e-27 5.756771182408852066e-04 0.000000000000000000e+00
9.373954438090629226e-01 6.202887907269619139e-02 1.302834044115983011e-30 2.829958359495508308e-27 5.756771182408852066e-04 0.000000000000000000e+00
9.373954438090629226e-01 6.202887907269619139e-02 1.302834044115983011e-30 2.829958359495508308e-27 5.756771182408852066e-04 0.000000000000000000e+00
9.373954438090629226e-01 6.202887907269619139e-02 1.302834044115983011e-30 2.829958359495508308e-27 5.756771182408852066e-04 0.000000000000000000e+00
9.373954438090629226e-01 6.202887907269619139e-02 1.302834044115983011e-30 2.829958359495508308e-27 5.756771182408852066e-04 0.000000000000000000e+00
9.373954438090629226e-01 6.202887907269619139e-02 1.302834044115983011e-30 2.829958359495508308e-27 5.756771182408852066e-04 0.000000000000000000e+00
9.373954438090629226e-01 6.202887907269619139e-02 1.302834044115983011e-30 2.829958359495508308e-27 5.756771182408852066e-04 0.000000000000000000e+00
9.373954438090629226e-01 6.202887907269619139e-02 1.302834044115983011e-30 2.829958359495508308e-27 5.756771182408852066e-04 0.000000000000000000e+00
9.373954438090629226e-01 6.202887907269619139e-02 1.302834044115983011e-30 2.829958359495508308e-27 5.756771182408852066e-04 0.000000000000000000e+00
9.373954438090629226e-01 6.202887907269619139e-02 1.302834044115983011e-30 2.829958359495508308e-27 5.756771182408852066e-04 0.000000000000000000e+00
9.373954438090629226e-01 6.202887907269619139e-02 1.302834044115983011e-30 2.829958359495508308e-27 5.756771182408852066e-04 0.000000000000000000e+00
9.373954438090629226e-01 6.202887907269619139e-02 1.302834044115983011e-30 2.829958359495508308e-27 5.756771182408852066e-04 0.000000000000000000e+00
9.373954438090629226e-01 6.202887907269619139e-02 1.302834044115983011e-30 2.829958359495508308e-27 5.756771182408852066e-04 0.000000000000000000e+00
9.373954438090629226e-01 6.202887907269619139e-02 1.302834044115983011e-30 2.829958359495508308e-27 5.756771182408852066e-04 0.000000000000000000e+00
9.373954438090629226e-01 6.202887907269619139e-02 1.302834044115983011e-30 2.829958359495508308e-27 5.756771182408852066e-04 0.000000000000000000e+00
9.373954438090629226e-01 6.202887907269619139e-02 1.302834044115983011e-30 2.829958359495508308e-27 5.756771182408852066e-04 0.000000000000000000e+00
9.373954438090629226e-01 6.202887907269619139e-02 1.302834044115983011e-30 2.829958359495508308e-27 5.756771182408852066e-04 0.000000000000000000e+00
9.373954438090629226e-01 6.202887907269619139e-02 1.302834044115983011e-30 2.829958359495508308e-27 5.756771182408852066e-04 0.000000000000000000e+00
9.373954438090629226e-01 6.202887907269619139e-02 1.302834044115983011e-30 2.829958359495508308e-27 5.756771182408852066e-04 0.000000000000000000e+00
9.373954438090629226e-01 6.202887907269619139e-02 1.302834044115983011e-30 2.829958359495508308e-27 5.756771182408852066e-04 0.000000000000000000e+00
9.373954438090629226e-01 6.202887907269619139e-02 1.302834044115983011e-30 2.829958359495508308e-27 5.756771182408852066e-04 0.000000000000000000e+00
9.373954438090629226e-01 6.202887907269619139e-02 1.302834044115983011e-30 2.829958359495508308e-27 5.756771182408852066e-04 0.000000000000000000e+00
9.373954438090629226e-01 6.202887907269619139e-02 1.302834044115983011e-30 2.829958359495508308e-27 5.756771182408852066e-04 0.000000000000000000e+00
9.373954438090629226e-01 6.202887907269619139e-02 1.302834044115983011e-30 2.829958359495508308e-27 5.756771182408852066e-04 0.000000000000000000e+00
9.373954438090629226e-01 6.202887907269619139e-02 1.302834044115983011e-30 2.829958359495508308e-27 5.756771182408852066e-04 0.000000000000000000e+00
9.373954438090629226e-01 6.202887907269619139e-02 1.302834044115983011e-30 2.829958359495508308e-27 5.756771182408852066e-04 0.000000000000000000e+00
9.373954438090629226e-01 6.202887907269619139e-02 1.302834044115983011e-30 2.829958359495508308e-27 5.756771182408852066e-04 0.000000000000000000e+00
9.373954438090629226e-01 6.202887907269619139e-02 1.302834044115983011e-30 2.829958359495508308e-27 5.756771182408852066e-04 0.000000000000000000e+00
9.373954438090629226e-01 6.202887907269619139e-02 1.302834044115983011e-30 2.829958359495508308e-27 5.756771182408852066e-04 0.000000000000000000e+00
9.373954438090629226e-01 6.202887907269619139e-02 1.302834044115983011e-30 2.829958359495508308e-27 5.756771182408852066e-04 0.000000000000000000e+00
9.373954438090629226e-01 6.202887907269619139e-02 1.302834044115983011e-30 2.829958359495508308e-27 5.756771182408852066e-04 0.000000000000000000e+00
9.373954438090629226e-01 6.202887907269619139e-02 1.302834044115983011e-30 2.829958359495508308e-27 5.756771182408852066e-04 0.000000000000000000e+00
9.373954438090629226e-01 6.202887907269619139e-02 1.302834044115983011e-30 2.829958359495508308e-27 5.756771182408852066e-04 0.000000000000000000e+00
9.373954438090629226e-01 6.202887907269619139e-02 1.302834044115983011e-30 2.829958359495508308e-27 5.756771182408852066e-04 0.000000000000000000e+00
9.373954438090629226e-01 6.202887907269619139e-02 1.302834044115983011e-30 2.829958359495508308e-27 5.756771182408852066e-04 0.000000000000000000e+00
9.373954438090629226e-01 6.202887907269619139e-02 1.302834044115983011e-30 2.829958359495508308e-27 5.756771182408852066e-04 0.000000000000000000e+00
9.373954438090629226e-01 6.202887907269619139e-02 1.302834044115983011e-30 2.829958359495508308e-27 5.756771182408852066e-04 0.000000000000000000e+00
9.373954438090629226e-01 6.202887907269619139e-02 1.302834044115983011e-30 2.829958359495508308e-27 5.756771182408852066e-04 0.000000000000000000e+00
9.373954438090629226e-01 6.202887907269619139e-02 1.302834044115983011e-30 2.829958359495508308e-27 5.756771182408852066e-04 0.000000000000000000e+00
9.373954438090629226e-01 6.202887907269619139e-02 1.302834044115983011e-30 2.829958359495508308e-27 5.756771182408852066e-04 0.000000000000000000e+00
9.373954438090629226e-01 6.202887907269619139e-02 1.302834044115983011e-30 2.829958359495508308e-27 5.756771182408852066e-04 0.000000000000000000e+00
9.373954438090629226e-01 6.202887907269619139e-02 1.302834044115983011e-30 2.829958359495508308e-27 5.756771182408852066e-04 0.000000000000000000e+00
9.373954438090629226e-01 6.202887907269619139e-02 1.302834044115983011e-30 2.829958359495508308e-27 5.756771182408852066e-04 0.000000000000000000e+00
9.373954438090629226e-01 6.202887907269619139e-02 1.302834044115983011e-30 2.829958359495508308e-27 5.756771182408852066e-04 0.000000000000000000e+00
9.373954438090629226e-01 6.202887907269619139e-02 1.302834044115983011e-30 2.829958359495508308e-27 5.756771182408852066e-04 0.000000000000000000e+00
9.373954438090629226e-01 6.202887907269619139e-02 1.302834044115983011e-30 2.829958359495508308e-27 5.756771182408852066e-04 0.000000000000000000e+00
9.373954438090629226e-01 6.202887907269619139e-02 1.302834044115983011e-30 2.829958359495508308e-27 5.756771182408852066e-04 0.000000000000000000e+00
9.373954438090629226e-01 6.202887907269619139e-02 1.302834044115983011e-30 2.829958359495508308e-27 5.756771182408852066e-04 0.000000000000000000e+00
9.373954438090629226e-01 6.202887907269619139e-02 1.302834044115983011e-30 2.829958359495508308e-27 5.756771182408852066e-04 0.000000000000000000e+00
9.373954438090629226e-01 6.202887907269619139e-02 1.302834044115983011e-30 2.829958359495508308e-27 5.756771182408852066e-04 0.000000000000000000e+00
9.373954438090629226e-01 6.202887907269619139e-02 1.302834044115983011e-30 2.829958359495508308e-27 5.756771182408852066e-04 0.000000000000000000e+00
9.373954438090629226e-01 6.202887907269619139e-02 1.302834044115983011e-30 2.829958359495508308e-27 5.756771182408852066e-04 0.000000000000000000e+00
9.373954438090629226e-01 6.202887907269619139e-02 1.302834044115983011e-30 2.829958359495508308e-27 5.756771182408852066e-04 0.000000000000000000e+00
9.373954438090629226e-01 6.202887907269619139e-02 1.302834044115983011e-30 2.829958359495508308e-27 5.756771182408852066e-04 0.000000000000000000e+00
9.373954438090629226e-01 6.202887907269619139e-02 1.302834044115983011e-30 2.829958359495508308e-27 5.756771182408852066e-04 0.000000000000000000e+00
9.373954438090629226e-01 6.202887907269619139e-02 1.302834044115983011e-30 2.829958359495508308e-27 5.756771182408852066e-04 0.000000000000000000e+00
9.373954438090629226e-01 6.202887907269619139e-02 1.302834044115983011e-30 2.829958359495508308e-27 5.756771182408852066e-04 0.000000000000000000e+00
9.373954438090629226e-01 6.202887907269619139e-02 1.302834044115983011e-30 2.829958359495508308e-27 5.756771182408852066e-04 0.000000000000000000e+00
9.373954438090629226e-01 6.202887907269619139e-02 1.302834044115983011e-30 2.829958359495508308e-27 5.756771182408852066e-04 0.000000000000000000e+00
9.373954438090629226e-01 6.202887907269619139e-02 1.302834044115983011e-30 2.829958359495508308e-27 5.756771182408852066e-04 0.000000000000000000e+00
9.373954438090629226e-01 6.202887907269619139e-02 1.302834044115983011e-30 2.829958359495508308e-27 5.756771182408852066e-04 0.000000000000000000e+00
9.373954438090629226e-01 6.202887907269619139e-02 1.302834044115983011e-30 2.829958359495508308e-27 5.756771182408852066e-04 0.000000000000000000e+00
9.373954438090629226e-01 6.202887907269619139e-02 1.302834044115983011e-30 2.829958359495508308e-27 5.756771182408852066e-04 0.000000000000000000e+00
9.373954438090629226e-01 6.202887907269619139e-02 1.302834044115983011e-30 2.829958359495508308e-27 5.756771182408852066e-04 0.000000000000000000e+00
9.373954438090629226e-01 6.202887907269619139e-02 1.302834044115983011e-30 2.829958359495508308e-27 5.756771182408852066e-04 0.000000000000000000e+00
9.373954438090629226e-01 6.202887907269619139e-02 1.302834044115983011e-30 2.829958359495508308e-27 5.756771182408852066e-04 0.000000000000000000e+00
9.373954438090629226e-01 6.202887907269619139e-02 1.302834044115983011e-30 2.829958359495508308e-27 5.756771182408852066e-04 0.000000000000000000e+00
9.373954438090629226e-01 6.202887907269619139e-02 1.302834044115983011e-30 2.829958359495508308e-27 5.756771182408852066e-04 0.000000000000000000e+00
9.373954438090629226e-01 6.202887907269619139e-02 1.302834044115983011e-30 2.829958359495508308e-27 5.756771182408852066e-04 0.000000000000000000e+00
9.373954438090629226e-01 6.202887907269619139e-02 1.302834044115983011e-30 2.829958359495508308e-27 5.756771182408852066e-04 0.000000000000000000e+00
9.373954438090629226e-01 6.202887907269619139e-02 1.302834044115983011e-30 2.829958359495508308e-27 5.756771182408852066e-04 0.000000000000000000e+00
9.373954438090629226e-01 6.202887907269619139e-02 1.302834044115983011e-30 2.829958359495508308e-27 5.756771182408852066e-04 0.000000000000000000e+00
9.373954438090629226e-01 6.202887907269619139e-02 1.302834044115983011e-30 2.829958359495508308e-27 5.756771182408852066e-04 0.000000000000000000e+00
9.373954438090629226e-01 6.202887907269619139e-02 1.302834044115983011e-30 2.829958359495508308e-27 5.756771182408852066e-04 0.000000000000000000e+00
9.373954438090629226e-01 6.202887907269619139e-02 1.302834044115983011e-30 2.829958359495508308e-27 5.756771182408852066e-04 0.000000000000000000e+00
9.373954438090629226e-01 6.202887907269619139e-02 1.302834044115983011e-30 2.829958359495508308e-27 5.756771182408852066e-04 0.000000000000000000e+00
9.373954438090629226e-01 6.202887907269619139e-02 1.302834044115983011e-30 2.829958359495508308e-27 5.756771182408852066e-04 0.000000000000000000e+00
9.373954438090629226e-01 6.202887907269619139e-02 1.302834044115983011e-30 2.829958359495508308e-27 5.756771182408852066e-04 0.000000000000000000e+00
9.373954438090629226e-01 6.202887907269619139e-02 1.302834044115983011e-30 2.829958359495508308e-27 5.756771182408852066e-04 0.000000000000000000e+00
9.373954438090629226e-01 6.202887907269619139e-02 1.302834044115983011e-30 2.829958359495508308e-27 5.756771182408852066e-04 0.000000000000000000e+00
9.373954438090629226e-01 6.202887907269619139e-02 1.302834044115983011e-30 2.829958359495508308e-27 5.756771182408852066e-04 0.000000000000000000e+00
9.373954438090629226e-01 6.202887907269619139e-02 1.302834044115983011e-30 2.829958359495508308e-27 5.756771182408852066e-04 0.000000000000000000e+00
9.373954438090629226e-01 6.202887907269619139e-02 1.302834044115983011e-30 2.829958359495508308e-27 5.756771182408852066e-04 0.000000000000000000e+00
9.373954438090629226e-01 6.202887907269619139e-02 1.302834044115983011e-30 2.829958359495508308e-27 5.756771182408852066e-04 0.000000000000000000e+00
9.373954438090629226e-01 6.202887907269619139e-02 1.302834044115983011e-30 2.829958359495508308e-27 5.756771182408852066e-04 0.000000000000000000e+00
9.373954438090629226e-01 6.202887907269619139e-02 1.302834044115983011e-30 2.829958359495508308e-27 5.756771182408852066e-04 0.000000000000000000e+00
9.373954438090629226e-01 6.202887907269619139e-02 1.302834044115983011e-30 2.829958359495508308e-27 5.756771182408852066e-04 0.000000000000000000e+00
9.373954438090629226e-01 6.202887907269619139e-02 1.302834044115983011e-30 2.829958359495508308e-27 5.756771182408852066e-04 0.000000000000000000e+00
9.373954438090629226e-01 6.202887907269619139e-02 1.302834044115983011e-30 2.829958359495508308e-27 5.756771182408852066e-04 0.000000000000000000e+00
9.373954438090629226e-01 6.202887907269619139e-02 1.302834044115983011e-30 2.829958359495508308e-27 5.756771182408852066e-04 0.000000000000000000e+00
9.373954438090629226e-01 6.202887907269619139e-02 1.302834044115983011e-30 2.829958359495508308e-27 5.756771182408852066e-04 0.000000000000000000e+00
9.373954438090629226e-01 6.202887907269619139e-02 1.302834044115983011e-30 2.829958359495508308e-27 5.756771182408852066e-04 0.000000000000000000e+00
9.373954438090629226e-01 6.202887907269619139e-02 1.302834044115983011e-30 2.829958359495508308e-27 5.756771182408852066e-04 0.000000000000000000e+00
9.373954438090629226e-01 6.202887907269619139e-02 1.302834044115983011e-30 2.829958359495508308e-27 5.756771182408852066e-04 0.000000000000000000e+00
9.373954438090629226e-01 6.202887907269619139e-02 1.302834044115983011e-30 2.829958359495508308e-27 5.756771182408852066e-04 0.000000000000000000e+00
9.373954438090629226e-01 6.202887907269619139e-02 1.302834044115983011e-30 2.829958359495508308e-27 5.756771182408852066e-04 0.000000000000000000e+00
9.373954438090629226e-01 6.202887907269619139e-02 1.302834044115983011e-30 2.829958359495508308e-27 5.756771182408852066e-04 0.000000000000000000e+00
9.373954438090629226e-01 6.202887907269619139e-02 1.302834044115983011e-30 2.829958359495508308e-27 5.756771182408852066e-04 0.000000000000000000e+00
9.373954438090629226e-01 6.202887907269619139e-02 1.302834044115983011e-30 2.829958359495508308e-27 5.756771182408852066e-04 0.000000000000000000e+00
9.373954438090629226e-01 6.202887907269619139e-02 1.302834044115983011e-30 2.829958359495508308e-27 5.756771182408852066e-04 0.000000000000000000e+00
9.373954438090629226e-01 6.202887907269619139e-02 1.302834044115983011e-30 2.829958359495508308e-27 5.756771182408852066e-04 0.000000000000000000e+00
9.373954438090629226e-01 6.202887907269619139e-02 1.302834044115983011e-30 2.829958359495508308e-27 5.756771182408852066e-04 0.000000000000000000e+00
9.373954438090629226e-01 6.202887907269619139e-02 1.302834044115983011e-30 2.829958359495508308e-27 5.756771182408852066e-04 0.000000000000000000e+00
9.373954438090629226e-01 6.202887907269619139e-02 1.302834044115983011e-30 2.829958359495508308e-27 5.756771182408852066e-04 0.000000000000000000e+00
9.373954438090629226e-01 6.202887907269619139e-02 1.302834044115983011e-30 2.829958359495508308e-27 5.756771182408852066e-04 0.000000000000000000e+00
9.373954438090629226e-01 6.202887907269619139e-02 1.302834044115983011e-30 2.829958359495508308e-27 5.756771182408852066e-04 0.000000000000000000e+00
9.373954438090629226e-01 6.202887907269619139e-02 1.302834044115983011e-30 2.829958359495508308e-27 5.756771182408852066e-04 0.000000000000000000e+00
9.373954438090629226e-01 6.202887907269619139e-02 1.302834044115983011e-30 2.829958359495508308e-27 5.756771182408852066e-04 0.000000000000000000e+00
9.373954438090629226e-01 6.202887907269619139e-02 1.302834044115983011e-30 2.829958359495508308e-27 5.756771182408852066e-04 0.000000000000000000e+00
9.373954438090629226e-01 6.202887907269619139e-02 1.302834044115983011e-30 2.829958359495508308e-27 5.756771182408852066e-04 0.000000000000000000e+00
9.373954438090629226e-01 6.202887907269619139e-02 1.302834044115983011e-30 2.829958359495508308e-27 5.756771182408852066e-04 0.000000000000000000e+00
9.373954438090629226e-01 6.202887907269619139e-02 1.302834044115983011e-30 2.829958359495508308e-27 5.756771182408852066e-04 0.000000000000000000e+00
9.373954438090629226e-01 6.202887907269619139e-02 1.302834044115983011e-30 2.829958359495508308e-27 5.756771182408852066e-04 0.000000000000000000e+00
9.373954438090629226e-01 6.202887907269619139e-02 1.302834044115983011e-30 2.829958359495508308e-27 5.756771182408852066e-04 0.000000000000000000e+00
9.373954438090629226e-01 6.202887907269619139e-02 1.302834044115983011e-30 2.829958359495508308e-27 5.756771182408852066e-04 0.000000000000000000e+00
9.373954438090629226e-01 6.202887907269619139e-02 1.302834044115983011e-30 2.829958359495508308e-27 5.756771182408852066e-04 0.000000000000000000e+00
9.373954438090629226e-01 6.202887907269619139e-02 1.302834044115983011e-30 2.829958359495508308e-27 5.756771182408852066e-04 0.000000000000000000e+00
9.373954438090629226e-01 6.202887907269619139e-02 1.302834044115983011e-30 2.829958359495508308e-27 5.756771182408852066e-04 0.000000000000000000e+00
9.373954438090629226e-01 6.202887907269619139e-02 1.302834044115983011e-30 2.829958359495508308e-27 5.756771182408852066e-04 0.000000000000000000e+00
9.373954438090629226e-01 6.202887907269619139e-02 1.302834044115983011e-30 2.829958359495508308e-27 5.756771182408852066e-04 0.000000000000000000e+00
9.373954438090629226e-01 6.202887907269619139e-02 1.302834044115983011e-30 2.829958359495508308e-27 5.756771182408852066e-04 0.000000000000000000e+00
9.373954438090629226e-01 6.202887907269619139e-02 1.302834044115983011e-30 2.829958359495508308e-27 5.756771182408852066e-04 0.000000000000000000e+00
9.373954438090629226e-01 6.202887907269619139e-02 1.302834044115983011e-30 2.829958359495508308e-27 5.756771182408852066e-04 0.000000000000000000e+00
9.373954438090629226e-01 6.202887907269619139e-02 1.302834044115983011e-30 2.829958359495508308e-27 5.756771182408852066e-04 0.000000000000000000e+00
9.373954438090629226e-01 6.202887907269619139e-02 1.302834044115983011e-30 2.829958359495508308e-27 5.756771182408852066e-04 0.000000000000000000e+00
9.373954438090629226e-01 6.202887907269619139e-02 1.302834044115983011e-30 2.829958359495508308e-27 5.756771182408852066e-04 0.000000000000000000e+00
9.373954438090629226e-01 6.202887907269619139e-02 1.302834044115983011e-30 2.829958359495508308e-27 5.756771182408852066e-04 0.000000000000000000e+00
9.373954438090629226e-01 6.202887907269619139e-02 1.302834044115983011e-30 2.829958359495508308e-27 5.756771182408852066e-04 0.000000000000000000e+00
9.373954438090629226e-01 6.202887907269619139e-02 1.302834044115983011e-30 2.829958359495508308e-27 5.756771182408852066e-04 0.000000000000000000e+00
9.373954438090629226e-01 6.202887907269619139e-02 1.302834044115983011e-30 2.829958359495508308e-27 5.756771182408852066e-04 0.000000000000000000e+00
9.373954438090629226e-01 6.202887907269619139e-02 1.302834044115983011e-30 2.829958359495508308e-27 5.756771182408852066e-04 0.000000000000000000e+00
9.373954438090629226e-01 6.202887907269619139e-02 1.302834044115983011e-30 2.829958359495508308e-27 5.756771182408852066e-04 0.000000000000000000e+00
9.373954438090629226e-01 6.202887907269619139e-02 1.302834044115983011e-30 2.829958359495508308e-27 5.756771182408852066e-04 0.000000000000000000e+00
9.373954438090629226e-01 6.202887907269619139e-02 1.302834044115983011e-30 2.829958359495508308e-27 5.756771182408852066e-04 0.000000000000000000e+00
9.373954438090629226e-01 6.202887907269619139e-02 1.302834044115983011e-30 2.829958359495508308e-27 5.756771182408852066e-04 0.000000000000000000e+00
9.373954438090629226e-01 6.202887907269619139e-02 1.302834044115983011e-30 2.829958359495508308e-27 5.756771182408852066e-04 0.000000000000000000e+00
9.373954438090629226e-01 6.202887907269619139e-02 1.302834044115983011e-30 2.829958359495508308e-27 5.756771182408852066e-04 0.000000000000000000e+00
9.373954438090629226e-01 6.202887907269619139e-02 1.302834044115983011e-30 2.829958359495508308e-27 5.756771182408852066e-04 0.000000000000000000e+00
9.373954438090629226e-01 6.202887907269619139e-02 1.302834044115983011e-30 2.829958359495508308e-27 5.756771182408852066e-04 0.000000000000000000e+00
9.373954438090629226e-01 6.202887907269619139e-02 1.302834044115983011e-30 2.829958359495508308e-27 5.756771182408852066e-04 0.000000000000000000e+00
9.373954438090629226e-01 6.202887907269619139e-02 1.302834044115983011e-30 2.829958359495508308e-27 5.756771182408852066e-04 0.000000000000000000e+00
9.373954438090629226e-01 6.202887907269619139e-02 1.302834044115983011e-30 2.829958359495508308e-27 5.756771182408852066e-04 0.000000000000000000e+00
9.373954438090629226e-01 6.202887907269619139e-02 1.302834044115983011e-30 2.829958359495508308e-27 5.756771182408852066e-04 0.000000000000000000e+00
9.373954438090629226e-01 6.202887907269619139e-02 1.302834044115983011e-30 2.829958359495508308e-27 5.756771182408852066e-04 0.000000000000000000e+00
9.373954438090629226e-01 6.202887907269619139e-02 1.302834044115983011e-30 2.829958359495508308e-27 5.756771182408852066e-04 0.000000000000000000e+00
9.373954438090629226e-01 6.202887907269619139e-02 1.302834044115983011e-30 2.829958359495508308e-27 5.756771182408852066e-04 0.000000000000000000e+00
9.373954438090629226e-01 6.202887907269619139e-02 1.302834044115983011e-30 2.829958359495508308e-27 5.756771182408852066e-04 0.000000000000000000e+00
9.373954438090629226e-01 6.202887907269619139e-02 1.302834044115983011e-30 2.829958359495508308e-27 5.756771182408852066e-04 0.000000000000000000e+00
9.373954438090629226e-01 6.202887907269619139e-02 1.302834044115983011e-30 2.829958359495508308e-27 5.756771182408852066e-04 0.000000000000000000e+00
9.373954438090629226e-01 6.202887907269619139e-02 1.302834044115983011e-30 2.829958359495508308e-27 5.756771182408852066e-04 0.000000000000000000e+00
9.373954438090629226e-01 6.202887907269619139e-02 1.302834044115983011e-30 2.829958359495508308e-27 5.756771182408852066e-04 0.000000000000000000e+00
9.373954438090629226e-01 6.202887907269619139e-02 1.302834044115983011e-30 2.829958359495508308e-27 5.756771182408852066e-04 0.000000000000000000e+00
9.373954438090629226e-01 6.202887907269619139e-02 1.302834044115983011e-30 2.829958359495508308e-27 5.756771182408852066e-04 0.000000000000000000e+00
9.373954438090629226e-01 6.202887907269619139e-02 1.302834044115983011e-30 2.829958359495508308e-27 5.756771182408852066e-04 0.000000000000000000e+00
9.373954438090629226e-01 6.202887907269619139e-02 1.302834044115983011e-30 2.829958359495508308e-27 5.756771182408852066e-04 0.000000000000000000e+00
9.373954438090629226e-01 6.202887907269619139e-02 1.302834044115983011e-30 2.829958359495508308e-27 5.756771182408852066e-04 0.000000000000000000e+00
9.373954438090629226e-01 6.202887907269619139e-02 1.302834044115983011e-30 2.829958359495508308e-27 5.756771182408852066e-04 0.000000000000000000e+00
9.373954438090629226e-01 6.202887907269619139e-02 1.302834044115983011e-30 2.829958359495508308e-27 5.756771182408852066e-04 0.000000000000000000e+00
9.373954438090629226e-01 6.202887907269619139e-02 1.302834044115983011e-30 2.829958359495508308e-27 5.756771182408852066e-04 0.000000000000000000e+00
9.373954438090629226e-01 6.202887907269619139e-02 1.302834044115983011e-30 2.829958359495508308e-27 5.756771182408852066e-04 0.000000000000000000e+00
9.373954438090629226e-01 6.202887907269619139e-02 1.302834044115983011e-30 2.829958359495508308e-27 5.756771182408852066e-04 0.000000000000000000e+00
9.373954438090629226e-01 6.202887907269619139e-02 1.302834044115983011e-30 2.829958359495508308e-27 5.756771182408852066e-04 0.000000000000000000e+00
9.373954438090629226e-01 6.202887907269619139e-02 1.302834044115983011e-30 2.829958359495508308e-27 5.756771182408852066e-04 0.000000000000000000e+00
9.373954438090629226e-01 6.202887907269619139e-02 1.302834044115983011e-30 2.829958359495508308e-27 5.756771182408852066e-04 0.000000000000000000e+00
9.373954438090629226e-01 6.202887907269619139e-02 1.302834044115983011e-30 2.829958359495508308e-27 5.756771182408852066e-04 0.000000000000000000e+00
9.373954438090629226e-01 6.202887907269619139e-02 1.302834044115983011e-30 2.829958359495508308e-27 5.756771182408852066e-04 0.000000000000000000e+00
9.373954438090629226e-01 6.202887907269619139e-02 1.302834044115983011e-30 2.829958359495508308e-27 5.756771182408852066e-04 0.000000000000000000e+00
9.373954438090629226e-01 6.202887907269619139e-02 1.302834044115983011e-30 2.829958359495508308e-27 5.756771182408852066e-04 0.000000000000000000e+00
9.373954438090629226e-01 6.202887907269619139e-02 1.302834044115983011e-30 2.829958359495508308e-27 5.756771182408852066e-04 0.000000000000000000e+00
9.373954438090629226e-01 6.202887907269619139e-02 1.302834044115983011e-30 2.829958359495508308e-27 5.756771182408852066e-04 0.000000000000000000e+00
9.373954438090629226e-01 6.202887907269619139e-02 1.302834044115983011e-30 2.829958359495508308e-27 5.756771182408852066e-04 0.000000000000000000e+00
9.373954438090629226e-01 6.202887907269619139e-02 1.302834044115983011e-30 2.829958359495508308e-27 5.756771182408852066e-04 0.000000000000000000e+00
9.373954438090629226e-01 6.202887907269619139e-02 1.302834044115983011e-30 2.829958359495508308e-27 5.756771182408852066e-04 0.000000000000000000e+00
9.373954438090629226e-01 6.202887907269619139e-02 1.302834044115983011e-30 2.829958359495508308e-27 5.756771182408852066e-04 0.000000000000000000e+00
9.373954438090629226e-01 6.202887907269619139e-02 1.302834044115983011e-30 2.829958359495508308e-27 5.756771182408852066e-04 0.000000000000000000e+00
9.373954438090629226e-01 6.202887907269619139e-02 1.302834044115983011e-30 2.829958359495508308e-27 5.756771182408852066e-04 0.000000000000000000e+00
9.373954438090629226e-01 6.202887907269619139e-02 1.302834044115983011e-30 2.829958359495508308e-27 5.756771182408852066e-04 0.000000000000000000e+00
9.373954438090629226e-01 6.202887907269619139e-02 1.302834044115983011e-30 2.829958359495508308e-27 5.756771182408852066e-04 0.000000000000000000e+00
9.373954438090629226e-01 6.202887907269619139e-02 1.302834044115983011e-30 2.829958359495508308e-27 5.756771182408852066e-04 0.000000000000000000e+00
9.373954438090629226e-01 6.202887907269619139e-02 1.302834044115983011e-30 2.829958359495508308e-27 5.756771182408852066e-04 0.000000000000000000e+00
9.373954438090629226e-01 6.202887907269619139e-02 1.302834044115983011e-30 2.829958359495508308e-27 5.756771182408852066e-04 0.000000000000000000e+00
9.373954438090629226e-01 6.202887907269619139e-02 1.302834044115983011e-30 2.829958359495508308e-27 5.756771182408852066e-04 0.000000000000000000e+00
9.373954438090629226e-01 6.202887907269619139e-02 1.302834044115983011e-30 2.829958359495508308e-27 5.756771182408852066e-04 0.000000000000000000e+00
9.373954438090629226e-01 6.202887907269619139e-02 1.302834044115983011e-30 2.829958359495508308e-27 5.756771182408852066e-04 0.000000000000000000e+00
9.373954438090629226e-01 6.202887907269619139e-02 1.302834044115983011e-30 2.829958359495508308e-27 5.756771182408852066e-04 0.000000000000000000e+00
9.373954438090629226e-01 6.202887907269619139e-02 1.302834044115983011e-30 2.829958359495508308e-27 5.756771182408852066e-04 0.000000000000000000e+00
9.373954438090629226e-01 6.202887907269619139e-02 1.302834044115983011e-30 2.829958359495508308e-27 5.756771182408852066e-04 0.000000000000000000e+00
9.373954438090629226e-01 6.202887907269619139e-02 1.302834044115983011e-30 2.829958359495508308e-27 5.756771182408852066e-04 0.000000000000000000e+00
9.373954438090629226e-01 6.202887907269619139e-02 1.302834044115983011e-30 2.829958359495508308e-27 5.756771182408852066e-04 0.000000000000000000e+00
9.373954438090629226e-01 6.202887907269619139e-02 1.302834044115983011e-30 2.829958359495508308e-27 5.756771182408852066e-04 0.000000000000000000e+00
9.373954438090629226e-01 6.202887907269619139e-02 1.302834044115983011e-30 2.829958359495508308e-27 5.756771182408852066e-04 0.000000000000000000e+00
9.373954438090629226e-01 6.202887907269619139e-02 1.302834044115983011e-30 2.829958359495508308e-27 5.756771182408852066e-04 0.000000000000000000e+00
9.373954438090629226e-01 6.202887907269619139e-02 1.302834044115983011e-30 2.829958359495508308e-27 5.756771182408852066e-04 0.000000000000000000e+00
9.373954438090629226e-01 6.202887907269619139e-02 1.302834044115983011e-30 2.829958359495508308e-27 5.756771182408852066e-04 0.000000000000000000e+00
9.373954438090629226e-01 6.202887907269619139e-02 1.302834044115983011e-30 2.829958359495508308e-27 5.756771182408852066e-04 0.000000000000000000e+00
9.373954438090629226e-01 6.202887907269619139e-02 1.302834044115983011e-30 2.829958359495508308e-27 5.756771182408852066e-04 0.000000000000000000e+00
9.373954438090629226e-01 6.202887907269619139e-02 1.302834044115983011e-30 2.829958359495508308e-27 5.756771182408852066e-04 0.000000000000000000e+00
9.373954438090629226e-01 6.202887907269619139e-02 1.302834044115983011e-30 2.829958359495508308e-27 5.756771182408852066e-04 0.000000000000000000e+00
9.373954438090629226e-01 6.202887907269619139e-02 1.302834044115983011e-30 2.829958359495508308e-27 5.756771182408852066e-04 0.000000000000000000e+00
9.373954438090629226e-01 6.202887907269619139e-02 1.302834044115983011e-30 2.829958359495508308e-27 5.756771182408852066e-04 0.000000000000000000e+00
9.373954438090629226e-01 6.202887907269619139e-02 1.302834044115983011e-30 2.829958359495508308e-27 5.756771182408852066e-04 0.000000000000000000e+00
9.373954438090629226e-01 6.202887907269619139e-02 1.302834044115983011e-30 2.829958359495508308e-27 5.756771182408852066e-04 0.000000000000000000e+00
9.373954438090629226e-01 6.202887907269619139e-02 1.302834044115983011e-30 2.829958359495508308e-27 5.756771182408852066e-04 0.000000000000000000e+00
9.373954438090629226e-01 6.202887907269619139e-02 1.302834044115983011e-30 2.829958359495508308e-27 5.756771182408852066e-04 0.000000000000000000e+00
9.373954438090629226e-01 6.202887907269619139e-02 1.302834044115983011e-30 2.829958359495508308e-27 5.756771182408852066e-04 0.000000000000000000e+00
9.373954438090629226e-01 6.202887907269619139e-02 1.302834044115983011e-30 2.829958359495508308e-27 5.756771182408852066e-04 0.000000000000000000e+00
9.373954438090629226e-01 6.202887907269619139e-02 1.302834044115983011e-30 2.829958359495508308e-27 5.756771182408852066e-04 0.000000000000000000e+00
9.373954438090629226e-01 6.202887907269619139e-02 1.302834044115983011e-30 2.829958359495508308e-27 5.756771182408852066e-04 0.000000000000000000e+00
9.373954438090629226e-01 6.202887907269619139e-02 1.302834044115983011e-30 2.829958359495508308e-27 5.756771182408852066e-04 0.000000000000000000e+00
9.373954438090629226e-01 6.202887907269619139e-02 1.302834044115983011e-30 2.829958359495508308e-27 5.756771182408852066e-04 0.000000000000000000e+00
9.373954438090629226e-01 6.202887907269619139e-02 1.302834044115983011e-30 2.829958359495508308e-27 5.756771182408852066e-04 0.000000000000000000e+00
9.373954438090629226e-01 6.202887907269619139e-02 1.302834044115983011e-30 2.829958359495508308e-27 5.756771182408852066e-04 0.000000000000000000e+00
9.373954438090629226e-01 6.202887907269619139e-02 1.302834044115983011e-30 2.829958359495508308e-27 5.756771182408852066e-04 0.000000000000000000e+00
9.373954438090629226e-01 6.202887907269619139e-02 1.302834044115983011e-30 2.829958359495508308e-27 5.756771182408852066e-04 0.000000000000000000e+00
9.373954438090629226e-01 6.202887907269619139e-02 1.302834044115983011e-30 2.829958359495508308e-27 5.756771182408852066e-04 0.000000000000000000e+00
9.373954438090629226e-01 6.202887907269619139e-02 1.302834044115983011e-30 2.829958359495508308e-27 5.756771182408852066e-04 0.000000000000000000e+00
9.373954438090629226e-01 6.202887907269619139e-02 1.302834044115983011e-30 2.829958359495508308e-27 5.756771182408852066e-04 0.000000000000000000e+00
9.373954438090629226e-01 6.202887907269619139e-02 1.302834044115983011e-30 2.829958359495508308e-27 5.756771182408852066e-04 0.000000000000000000e+00
9.373954438090629226e-01 6.202887907269619139e-02 1.302834044115983011e-30 2.829958359495508308e-27 5.756771182408852066e-04 0.000000000000000000e+00
9.373954438090629226e-01 6.202887907269619139e-02 1.302834044115983011e-30 2.829958359495508308e-27 5.756771182408852066e-04 0.000000000000000000e+00
9.373954438090629226e-01 6.202887907269619139e-02 1.302834044115983011e-30 2.829958359495508308e-27 5.756771182408852066e-04 0.000000000000000000e+00
9.373954438090629226e-01 6.202887907269619139e-02 1.302834044115983011e-30 2.829958359495508308e-27 5.756771182408852066e-04 0.000000000000000000e+00
9.373954438090629226e-01 6.202887907269619139e-02 1.302834044115983011e-30 2.829958359495508308e-27 5.756771182408852066e-04 0.000000000000000000e+00
9.373954438090629226e-01 6.202887907269619139e-02 1.302834044115983011e-30 2.829958359495508308e-27 5.756771182408852066e-04 0.000000000000000000e+00
9.373954438090629226e-01 6.202887907269619139e-02 1.302834044115983011e-30 2.829958359495508308e-27 5.756771182408852066e-04 0.000000000000000000e+00
9.373954438090629226e-01 6.202887907269619139e-02 1.302834044115983011e-30 2.829958359495508308e-27 5.756771182408852066e-04 0.000000000000000000e+00
9.373954438090629226e-01 6.202887907269619139e-02 1.302834044115983011e-30 2.829958359495508308e-27 5.756771182408852066e-04 0.000000000000000000e+00
9.373954438090629226e-01 6.202887907269619139e-02 1.302834044115983011e-30 2.829958359495508308e-27 5.756771182408852066e-04 0.000000000000000000e+00
9.373954438090629226e-01 6.202887907269619139e-02 1.302834044115983011e-30 2.829958359495508308e-27 5.756771182408852066e-04 0.000000000000000000e+00
9.373954438090629226e-01 6.202887907269619139e-02 1.302834044115983011e-30 2.829958359495508308e-27 5.756771182408852066e-04 0.000000000000000000e+00
9.373954438090629226e-01 6.202887907269619139e-02 1.302834044115983011e-30 2.829958359495508308e-27 5.756771182408852066e-04 0.000000000000000000e+00
9.373954438090629226e-01 6.202887907269619139e-02 1.302834044115983011e-30 2.829958359495508308e-27 5.756771182408852066e-04 0.000000000000000000e+00
9.373954438090629226e-01 6.202887907269619139e-02 1.302834044115983011e-30 2.829958359495508308e-27 5.756771182408852066e-04 0.000000000000000000e+00
9.373954438090629226e-01 6.202887907269619139e-02 1.302834044115983011e-30 2.829958359495508308e-27 5.756771182408852066e-04 0.000000000000000000e+00
9.373954438090629226e-01 6.202887907269619139e-02 1.302834044115983011e-30 2.829958359495508308e-27 5.756771182408852066e-04 0.000000000000000000e+00
9.373954438090629226e-01 6.202887907269619139e-02 1.302834044115983011e-30 2.829958359495508308e-27 5.756771182408852066e-04 0.000000000000000000e+00
9.373954438090629226e-01 6.202887907269619139e-02 1.302834044115983011e-30 2.829958359495508308e-27 5.756771182408852066e-04 0.000000000000000000e+00
9.373954438090629226e-01 6.202887907269619139e-02 1.302834044115983011e-30 2.829958359495508308e-27 5.756771182408852066e-04 0.000000000000000000e+00
9.373954438090629226e-01 6.202887907269619139e-02 1.302834044115983011e-30 2.829958359495508308e-27 5.756771182408852066e-04 0.000000000000000000e+00
9.373954438090629226e-01 6.202887907269619139e-02 1.302834044115983011e-30 2.829958359495508308e-27 5.756771182408852066e-04 0.000000000000000000e+00
9.373954438090629226e-01 6.202887907269619139e-02 1.302834044115983011e-30 2.829958359495508308e-27 5.756771182408852066e-04 0.000000000000000000e+00
9.373954438090629226e-01 6.202887907269619139e-02 1.302834044115983011e-30 2.829958359495508308e-27 5.756771182408852066e-04 0.000000000000000000e+00
9.373954438090629226e-01 6.202887907269619139e-02 1.302834044115983011e-30 2.829958359495508308e-27 5.756771182408852066e-04 0.000000000000000000e+00
9.373954438090629226e-01 6.202887907269619139e-02 1.302834044115983011e-30 2.829958359495508308e-27 5.756771182408852066e-04 0.000000000000000000e+00
9.373954438090629226e-01 6.202887907269619139e-02 1.302834044115983011e-30 2.829958359495508308e-27 5.756771182408852066e-04 0.000000000000000000e+00
9.373954438090629226e-01 6.202887907269619139e-02 1.302834044115983011e-30 2.829958359495508308e-27 5.756771182408852066e-04 0.000000000000000000e+00
9.373954438090629226e-01 6.202887907269619139e-02 1.302834044115983011e-30 2.829958359495508308e-27 5.756771182408852066e-04 0.000000000000000000e+00
9.373954438090629226e-01 6.202887907269619139e-02 1.302834044115983011e-30 2.829958359495508308e-27 5.756771182408852066e-04 0.000000000000000000e+00
9.373954438090629226e-01 6.202887907269619139e-02 1.302834044115983011e-30 2.829958359495508308e-27 5.756771182408852066e-04 0.000000000000000000e+00
9.373954438090629226e-01 6.202887907269619139e-02 1.302834044115983011e-30 2.829958359495508308e-27 5.756771182408852066e-04 0.000000000000000000e+00
9.373954438090629226e-01 6.202887907269619139e-02 1.302834044115983011e-30 2.829958359495508308e-27 5.756771182408852066e-04 0.000000000000000000e+00
9.373954438090629226e-01 6.202887907269619139e-02 1.302834044115983011e-30 2.829958359495508308e-27 5.756771182408852066e-04 0.000000000000000000e+00
9.373954438090629226e-01 6.202887907269619139e-02 1.302834044115983011e-30 2.829958359495508308e-27 5.756771182408852066e-04 0.000000000000000000e+00
9.373954438090629226e-01 6.202887907269619139e-02 1.302834044115983011e-30 2.829958359495508308e-27 5.756771182408852066e-04 0.000000000000000000e+00
9.373954438090629226e-01 6.202887907269619139e-02 1.302834044115983011e-30 2.829958359495508308e-27 5.756771182408852066e-04 0.000000000000000000e+00
9.373954438090629226e-01 6.202887907269619139e-02 1.302834044115983011e-30 2.829958359495508308e-27 5.756771182408852066e-04 0.000000000000000000e+00
9.373954438090629226e-01 6.202887907269619139e-02 1.302834044115983011e-30 2.829958359495508308e-27 5.756771182408852066e-04 0.000000000000000000e+00
9.373954438090629226e-01 6.202887907269619139e-02 1.302834044115983011e-30 2.829958359495508308e-27 5.756771182408852066e-04 0.000000000000000000e+00
9.373954438090629226e-01 6.202887907269619139e-02 1.302834044115983011e-30 2.829958359495508308e-27 5.756771182408852066e-04 0.000000000000000000e+00
9.373954438090629226e-01 6.202887907269619139e-02 1.302834044115983011e-30 2.829958359495508308e-27 5.756771182408852066e-04 0.000000000000000000e+00
9.373954438090629226e-01 6.202887907269619139e-02 1.302834044115983011e-30 2.829958359495508308e-27 5.756771182408852066e-04 0.000000000000000000e+00
9.373954438090629226e-01 6.202887907269619139e-02 1.302834044115983011e-30 2.829958359495508308e-27 5.756771182408852066e-04 0.000000000000000000e+00
9.373954438090629226e-01 6.202887907269619139e-02 1.302834044115983011e-30 2.829958359495508308e-27 5.756771182408852066e-04 0.000000000000000000e+00
9.373954438090629226e-01 6.202887907269619139e-02 1.302834044115983011e-30 2.829958359495508308e-27 5.756771182408852066e-04 0.000000000000000000e+00
9.373954438090629226e-01 6.202887907269619139e-02 1.302834044115983011e-30 2.829958359495508308e-27 5.756771182408852066e-04 0.000000000000000000e+00
9.373954438090629226e-01 6.202887907269619139e-02 1.302834044115983011e-30 2.829958359495508308e-27 5.756771182408852066e-04 0.000000000000000000e+00
9.373954438090629226e-01 6.202887907269619139e-02 1.302834044115983011e-30 2.829958359495508308e-27 5.756771182408852066e-04 0.000000000000000000e+00
9.373954438090629226e-01 6.202887907269619139e-02 1.302834044115983011e-30 2.829958359495508308e-27 5.756771182408852066e-04 0.000000000000000000e+00
9.373954438090629226e-01 6.202887907269619139e-02 1.302834044115983011e-30 2.829958359495508308e-27 5.756771182408852066e-04 0.000000000000000000e+00
9.373954438090629226e-01 6.202887907269619139e-02 1.302834044115983011e-30 2.829958359495508308e-27 5.756771182408852066e-04 0.000000000000000000e+00
9.373954438090629226e-01 6.202887907269619139e-02 1.302834044115983011e-30 2.829958359495508308e-27 5.756771182408852066e-04 0.000000000000000000e+00
9.373954438090629226e-01 6.202887907269619139e-02 1.302834044115983011e-30 2.829958359495508308e-27 5.756771182408852066e-04 0.000000000000000000e+00
9.373954438090629226e-01 6.202887907269619139e-02 1.302834044115983011e-30 2.829958359495508308e-27 5.756771182408852066e-04 0.000000000000000000e+00
9.373954438090629226e-01 6.202887907269619139e-02 1.302834044115983011e-30 2.829958359495508308e-27 5.756771182408852066e-04 0.000000000000000000e+00
9.373954438090629226e-01 6.202887907269619139e-02 1.302834044115983011e-30 2.829958359495508308e-27 5.756771182408852066e-04 0.000000000000000000e+00
9.373954438090629226e-01 6.202887907269619139e-02 1.302834044115983011e-30 2.829958359495508308e-27 5.756771182408852066e-04 0.000000000000000000e+00
9.373954438090629226e-01 6.202887907269619139e-02 1.302834044115983011e-30 2.829958359495508308e-27 5.756771182408852066e-04 0.000000000000000000e+00
9.373954438090629226e-01 6.202887907269619139e-02 1.302834044115983011e-30 2.829958359495508308e-27 5.756771182408852066e-04 0.000000000000000000e+00
9.373954438090629226e-01 6.202887907269619139e-02 1.302834044115983011e-30 2.829958359495508308e-27 5.756771182408852066e-04 0.000000000000000000e+00
9.373954438090629226e-01 6.202887907269619139e-02 1.302834044115983011e-30 2.829958359495508308e-27 5.756771182408852066e-04 0.000000000000000000e+00
9.373954438090629226e-01 6.202887907269619139e-02 1.302834044115983011e-30 2.829958359495508308e-27 5.756771182408852066e-04 0.000000000000000000e+00
9.373954438090629226e-01 6.202887907269619139e-02 1.302834044115983011e-30 2.829958359495508308e-27 5.756771182408852066e-04 0.000000000000000000e+00
9.373954438090629226e-01 6.202887907269619139e-02 1.302834044115983011e-30 2.829958359495508308e-27 5.756771182408852066e-04 0.000000000000000000e+00
9.373954438090629226e-01 6.202887907269619139e-02 1.302834044115983011e-30 2.829958359495508308e-27 5.756771182408852066e-04 0.000000000000000000e+00
9.373954438090629226e-01 6.202887907269619139e-02 1.302834044115983011e-30 2.829958359495508308e-27 5.756771182408852066e-04 0.000000000000000000e+00
9.373954438090629226e-01 6.202887907269619139e-02 1.302834044115983011e-30 2.829958359495508308e-27 5.756771182408852066e-04 0.000000000000000000e+00
9.373954438090629226e-01 6.202887907269619139e-02 1.302834044115983011e-30 2.829958359495508308e-27 5.756771182408852066e-04 0.000000000000000000e+00
9.373954438090629226e-01 6.202887907269619139e-02 1.302834044115983011e-30 2.829958359495508308e-27 5.756771182408852066e-04 0.000000000000000000e+00
9.373954438090629226e-01 6.202887907269619139e-02 1.302834044115983011e-30 2.829958359495508308e-27 5.756771182408852066e-04 0.000000000000000000e+00
9.373954438090629226e-01 6.202887907269619139e-02 1.302834044115983011e-30 2.829958359495508308e-27 5.756771182408852066e-04 0.000000000000000000e+00
9.373954438090629226e-01 6.202887907269619139e-02 1.302834044115983011e-30 2.829958359495508308e-27 5.756771182408852066e-04 0.000000000000000000e+00
9.373954438090629226e-01 6.202887907269619139e-02 1.302834044115983011e-30 2.829958359495508308e-27 5.756771182408852066e-04 0.000000000000000000e+00
9.373954438090629226e-01 6.202887907269619139e-02 1.302834044115983011e-30 2.829958359495508308e-27 5.756771182408852066e-04 0.000000000000000000e+00
9.373954438090629226e-01 6.202887907269619139e-02 1.302834044115983011e-30 2.829958359495508308e-27 5.756771182408852066e-04 0.000000000000000000e+00
9.373954438090629226e-01 6.202887907269619139e-02 1.302834044115983011e-30 2.829958359495508308e-27 5.756771182408852066e-04 0.000000000000000000e+00
9.373954438090629226e-01 6.202887907269619139e-02 1.302834044115983011e-30 2.829958359495508308e-27 5.756771182408852066e-04 0.000000000000000000e+00
9.373954438090629226e-01 6.202887907269619139e-02 1.302834044115983011e-30 2.829958359495508308e-27 5.756771182408852066e-04 0.000000000000000000e+00
9.373954438090629226e-01 6.202887907269619139e-02 1.302834044115983011e-30 2.829958359495508308e-27 5.756771182408852066e-04 0.000000000000000000e+00
9.373954438090629226e-01 6.202887907269619139e-02 1.302834044115983011e-30 2.829958359495508308e-27 5.756771182408852066e-04 0.000000000000000000e+00
9.373954438090629226e-01 6.202887907269619139e-02 1.302834044115983011e-30 2.829958359495508308e-27 5.756771182408852066e-04 0.000000000000000000e+00
9.373954438090629226e-01 6.202887907269619139e-02 1.302834044115983011e-30 2.829958359495508308e-27 5.756771182408852066e-04 0.000000000000000000e+00
9.373954438090629226e-01 6.202887907269619139e-02 1.302834044115983011e-30 2.829958359495508308e-27 5.756771182408852066e-04 0.000000000000000000e+00
9.373954438090629226e-01 6.202887907269619139e-02 1.302834044115983011e-30 2.829958359495508308e-27 5.756771182408852066e-04 0.000000000000000000e+00
9.373954438090629226e-01 6.202887907269619139e-02 1.302834044115983011e-30 2.829958359495508308e-27 5.756771182408852066e-04 0.000000000000000000e+00
9.373954438090629226e-01 6.202887907269619139e-02 1.302834044115983011e-30 2.829958359495508308e-27 5.756771182408852066e-04 0.000000000000000000e+00
9.373954438090629226e-01 6.202887907269619139e-02 1.302834044115983011e-30 2.829958359495508308e-27 5.756771182408852066e-04 0.000000000000000000e+00
9.373954438090629226e-01 6.202887907269619139e-02 1.302834044115983011e-30 2.829958359495508308e-27 5.756771182408852066e-04 0.000000000000000000e+00
9.373954438090629226e-01 6.202887907269619139e-02 1.302834044115983011e-30 2.829958359495508308e-27 5.756771182408852066e-04 0.000000000000000000e+00
9.373954438090629226e-01 6.202887907269619139e-02 1.302834044115983011e-30 2.829958359495508308e-27 5.756771182408852066e-04 0.000000000000000000e+00
9.373954438090629226e-01 6.202887907269619139e-02 1.302834044115983011e-30 2.829958359495508308e-27 5.756771182408852066e-04 0.000000000000000000e+00
9.373954438090629226e-01 6.202887907269619139e-02 1.302834044115983011e-30 2.829958359495508308e-27 5.756771182408852066e-04 0.000000000000000000e+00
9.373954438090629226e-01 6.202887907269619139e-02 1.302834044115983011e-30 2.829958359495508308e-27 5.756771182408852066e-04 0.000000000000000000e+00
9.373954438090629226e-01 6.202887907269619139e-02 1.302834044115983011e-30 2.829958359495508308e-27 5.756771182408852066e-04 0.000000000000000000e+00
9.373954438090629226e-01 6.202887907269619139e-02 1.302834044115983011e-30 2.829958359495508308e-27 5.756771182408852066e-04 0.000000000000000000e+00
9.373954438090629226e-01 6.202887907269619139e-02 1.302834044115983011e-30 2.829958359495508308e-27 5.756771182408852066e-04 0.000000000000000000e+00
9.373954438090629226e-01 6.202887907269619139e-02 1.302834044115983011e-30 2.829958359495508308e-27 5.756771182408852066e-04 0.000000000000000000e+00
9.373954438090629226e-01 6.202887907269619139e-02 1.302834044115983011e-30 2.829958359495508308e-27 5.756771182408852066e-04 0.000000000000000000e+00
9.373954438090629226e-01 6.202887907269619139e-02 1.302834044115983011e-30 2.829958359495508308e-27 5.756771182408852066e-04 0.000000000000000000e+00
9.373954438090629226e-01 6.202887907269619139e-02 1.302834044115983011e-30 2.829958359495508308e-27 5.756771182408852066e-04 0.000000000000000000e+00
9.373954438090629226e-01 6.202887907269619139e-02 1.302834044115983011e-30 2.829958359495508308e-27 5.756771182408852066e-04 0.000000000000000000e+00
9.373954438090629226e-01 6.202887907269619139e-02 1.302834044115983011e-30 2.829958359495508308e-27 5.756771182408852066e-04 0.000000000000000000e+00
9.373954438090629226e-01 6.202887907269619139e-02 1.302834044115983011e-30 2.829958359495508308e-27 5.756771182408852066e-04 0.000000000000000000e+00
9.373954438090629226e-01 6.202887907269619139e-02 1.302834044115983011e-30 2.829958359495508308e-27 5.756771182408852066e-04 0.000000000000000000e+00
9.373954438090629226e-01 6.202887907269619139e-02 1.302834044115983011e-30 2.829958359495508308e-27 5.756771182408852066e-04 0.000000000000000000e+00
9.373954438090629226e-01 6.202887907269619139e-02 1.302834044115983011e-30 2.829958359495508308e-27 5.756771182408852066e-04 0.000000000000000000e+00
9.373954438090629226e-01 6.202887907269619139e-02 1.302834044115983011e-30 2.829958359495508308e-27 5.756771182408852066e-04 0.000000000000000000e+00
9.373954438090629226e-01 6.202887907269619139e-02 1.302834044115983011e-30 2.829958359495508308e-27 5.756771182408852066e-04 0.000000000000000000e+00
9.373954438090629226e-01 6.202887907269619139e-02 1.302834044115983011e-30 2.829958359495508308e-27 5.756771182408852066e-04 0.000000000000000000e+00
9.373954438090629226e-01 6.202887907269619139e-02 1.302834044115983011e-30 2.829958359495508308e-27 5.756771182408852066e-04 0.000000000000000000e+00
9.373954438090629226e-01 6.202887907269619139e-02 1.302834044115983011e-30 2.829958359495508308e-27 5.756771182408852066e-04 0.000000000000000000e+00
9.373954438090629226e-01 6.202887907269619139e-02 1.302834044115983011e-30 2.829958359495508308e-27 5.756771182408852066e-04 0.000000000000000000e+00
9.373954438090629226e-01 6.202887907269619139e-02 1.302834044115983011e-30 2.829958359495508308e-27 5.756771182408852066e-04 0.000000000000000000e+00
9.373954438090629226e-01 6.202887907269619139e-02 1.302834044115983011e-30 2.829958359495508308e-27 5.756771182408852066e-04 0.000000000000000000e+00
9.373954438090629226e-01 6.202887907269619139e-02 1.302834044115983011e-30 2.829958359495508308e-27 5.756771182408852066e-04 0.000000000000000000e+00
9.373954438090629226e-01 6.202887907269619139e-02 1.302834044115983011e-30 2.829958359495508308e-27 5.756771182408852066e-04 0.000000000000000000e+00
9.373954438090629226e-01 6.202887907269619139e-02 1.302834044115983011e-30 2.829958359495508308e-27 5.756771182408852066e-04 0.000000000000000000e+00
9.373954438090629226e-01 6.202887907269619139e-02 1.302834044115983011e-30 2.829958359495508308e-27 5.756771182408852066e-04 0.000000000000000000e+00
9.373954438090629226e-01 6.202887907269619139e-02 1.302834044115983011e-30 2.829958359495508308e-27 5.756771182408852066e-04 0.000000000000000000e+00
9.373954438090629226e-01 6.202887907269619139e-02 1.302834044115983011e-30 2.829958359495508308e-27 5.756771182408852066e-04 0.000000000000000000e+00
9.373954438090629226e-01 6.202887907269619139e-02 1.302834044115983011e-30 2.829958359495508308e-27 5.756771182408852066e-04 0.000000000000000000e+00
9.373954438090629226e-01 6.202887907269619139e-02 1.302834044115983011e-30 2.829958359495508308e-27 5.756771182408852066e-04 0.000000000000000000e+00
9.373954438090629226e-01 6.202887907269619139e-02 1.302834044115983011e-30 2.829958359495508308e-27 5.756771182408852066e-04 0.000000000000000000e+00
9.373954438090629226e-01 6.202887907269619139e-02 1.302834044115983011e-30 2.829958359495508308e-27 5.756771182408852066e-04 0.000000000000000000e+00
9.373954438090629226e-01 6.202887907269619139e-02 1.302834044115983011e-30 2.829958359495508308e-27 5.756771182408852066e-04 0.000000000000000000e+00
9.373954438090629226e-01 6.202887907269619139e-02 1.302834044115983011e-30 2.829958359495508308e-27 5.756771182408852066e-04 0.000000000000000000e+00
9.373954438090629226e-01 6.202887907269619139e-02 1.302834044115983011e-30 2.829958359495508308e-27 5.756771182408852066e-04 0.000000000000000000e+00
9.373954438090629226e-01 6.202887907269619139e-02 1.302834044115983011e-30 2.829958359495508308e-27 5.756771182408852066e-04 0.000000000000000000e+00
9.373954438090629226e-01 6.202887907269619139e-02 1.302834044115983011e-30 2.829958359495508308e-27 5.756771182408852066e-04 0.000000000000000000e+00
9.373954438090629226e-01 6.202887907269619139e-02 1.302834044115983011e-30 2.829958359495508308e-27 5.756771182408852066e-04 0.000000000000000000e+00
9.373954438090629226e-01 6.202887907269619139e-02 1.302834044115983011e-30 2.829958359495508308e-27 5.756771182408852066e-04 0.000000000000000000e+00
9.373954438090629226e-01 6.202887907269619139e-02 1.302834044115983011e-30 2.829958359495508308e-27 5.756771182408852066e-04 0.000000000000000000e+00
9.373954438090629226e-01 6.202887907269619139e-02 1.302834044115983011e-30 2.829958359495508308e-27 5.756771182408852066e-04 0.000000000000000000e+00
9.373954438090629226e-01 6.202887907269619139e-02 1.302834044115983011e-30 2.829958359495508308e-27 5.756771182408852066e-04 0.000000000000000000e+00
9.373954438090629226e-01 6.202887907269619139e-02 1.302834044115983011e-30 2.829958359495508308e-27 5.756771182408852066e-04 0.000000000000000000e+00
9.373954438090629226e-01 6.202887907269619139e-02 1.302834044115983011e-30 2.829958359495508308e-27 5.756771182408852066e-04 0.000000000000000000e+00
9.373954438090629226e-01 6.202887907269619139e-02 1.302834044115983011e-30 2.829958359495508308e-27 5.756771182408852066e-04 0.000000000000000000e+00
9.373954438090629226e-01 6.202887907269619139e-02 1.302834044115983011e-30 2.829958359495508308e-27 5.756771182408852066e-04 0.000000000000000000e+00
9.373954438090629226e-01 6.202887907269619139e-02 1.302834044115983011e-30 2.829958359495508308e-27 5.756771182408852066e-04 0.000000000000000000e+00
9.373954438090629226e-01 6.202887907269619139e-02 1.302834044115983011e-30 2.829958359495508308e-27 5.756771182408852066e-04 0.000000000000000000e+00
9.373954438090629226e-01 6.202887907269619139e-02 1.302834044115983011e-30 2.829958359495508308e-27 5.756771182408852066e-04 0.000000000000000000e+00
9.373954438090629226e-01 6.202887907269619139e-02 1.302834044115983011e-30 2.829958359495508308e-27 5.756771182408852066e-04 0.000000000000000000e+00
9.373954438090629226e-01 6.202887907269619139e-02 1.302834044115983011e-30 2.829958359495508308e-27 5.756771182408852066e-04 0.000000000000000000e+00
9.373954438090629226e-01 6.202887907269619139e-02 1.302834044115983011e-30 2.829958359495508308e-27 5.756771182408852066e-04 0.000000000000000000e+00
9.373954438090629226e-01 6.202887907269619139e-02 1.302834044115983011e-30 2.829958359495508308e-27 5.756771182408852066e-04 0.000000000000000000e+00
9.373954438090629226e-01 6.202887907269619139e-02 1.302834044115983011e-30 2.829958359495508308e-27 5.756771182408852066e-04 0.000000000000000000e+00
9.373954438090629226e-01 6.202887907269619139e-02 1.302834044115983011e-30 2.829958359495508308e-27 5.756771182408852066e-04 0.000000000000000000e+00
9.373954438090629226e-01 6.202887907269619139e-02 1.302834044115983011e-30 2.829958359495508308e-27 5.756771182408852066e-04 0.000000000000000000e+00
9.373954438090629226e-01 6.202887907269619139e-02 1.302834044115983011e-30 2.829958359495508308e-27 5.756771182408852066e-04 0.000000000000000000e+00
9.373954438090629226e-01 6.202887907269619139e-02 1.302834044115983011e-30 2.829958359495508308e-27 5.756771182408852066e-04 0.000000000000000000e+00
9.373954438090629226e-01 6.202887907269619139e-02 1.302834044115983011e-30 2.829958359495508308e-27 5.756771182408852066e-04 0.000000000000000000e+00
9.373954438090629226e-01 6.202887907269619139e-02 1.302834044115983011e-30 2.829958359495508308e-27 5.756771182408852066e-04 0.000000000000000000e+00
9.373954438090629226e-01 6.202887907269619139e-02 1.302834044115983011e-30 2.829958359495508308e-27 5.756771182408852066e-04 0.000000000000000000e+00
9.373954438090629226e-01 6.202887907269619139e-02 1.302834044115983011e-30 2.829958359495508308e-27 5.756771182408852066e-04 0.000000000000000000e+00
9.373954438090629226e-01 6.202887907269619139e-02 1.302834044115983011e-30 2.829958359495508308e-27 5.756771182408852066e-04 0.000000000000000000e+00
9.373954438090629226e-01 6.202887907269619139e-02 1.302834044115983011e-30 2.829958359495508308e-27 5.756771182408852066e-04 0.000000000000000000e+00
9.373954438090629226e-01 6.202887907269619139e-02 1.302834044115983011e-30 2.829958359495508308e-27 5.756771182408852066e-04 0.000000000000000000e+00
9.373954438090629226e-01 6.202887907269619139e-02 1.302834044115983011e-30 2.829958359495508308e-27 5.756771182408852066e-04 0.000000000000000000e+00
9.373954438090629226e-01 6.202887907269619139e-02 1.302834044115983011e-30 2.829958359495508308e-27 5.756771182408852066e-04 0.000000000000000000e+00
9.373954438090629226e-01 6.202887907269619139e-02 1.302834044115983011e-30 2.829958359495508308e-27 5.756771182408852066e-04 0.000000000000000000e+00
9.373954438090629226e-01 6.202887907269619139e-02 1.302834044115983011e-30 2.829958359495508308e-27 5.756771182408852066e-04 0.000000000000000000e+00
9.373954438090629226e-01 6.202887907269619139e-02 1.302834044115983011e-30 2.829958359495508308e-27 5.756771182408852066e-04 0.000000000000000000e+00
9.373954438090629226e-01 6.202887907269619139e-02 1.302834044115983011e-30 2.829958359495508308e-27 5.756771182408852066e-04 0.000000000000000000e+00
9.373954438090629226e-01 6.202887907269619139e-02 1.302834044115983011e-30 2.829958359495508308e-27 5.756771182408852066e-04 0.000000000000000000e+00
9.373954438090629226e-01 6.202887907269619139e-02 1.302834044115983011e-30 2.829958359495508308e-27 5.756771182408852066e-04 0.000000000000000000e+00
9.373954438090629226e-01 6.202887907269619139e-02 1.302834044115983011e-30 2.829958359495508308e-27 5.756771182408852066e-04 0.000000000000000000e+00
9.373954438090629226e-01 6.202887907269619139e-02 1.302834044115983011e-30 2.829958359495508308e-27 5.756771182408852066e-04 0.000000000000000000e+00
9.373954438090629226e-01 6.202887907269619139e-02 1.302834044115983011e-30 2.829958359495508308e-27 5.756771182408852066e-04 0.000000000000000000e+00
9.373954438090629226e-01 6.202887907269619139e-02 1.302834044115983011e-30 2.829958359495508308e-27 5.756771182408852066e-04 0.000000000000000000e+00
9.373954438090629226e-01 6.202887907269619139e-02 1.302834044115983011e-30 2.829958359495508308e-27 5.756771182408852066e-04 0.000000000000000000e+00
9.373954438090629226e-01 6.202887907269619139e-02 1.302834044115983011e-30 2.829958359495508308e-27 5.756771182408852066e-04 0.000000000000000000e+00
