9.993542025008587126e-01 3.298928240949014013e-05 2.632480539126743950e-18 2.104634779174423538e-21 6.128082167317484927e-04 0.000000000000000000e+00
9.993542025008587126e-01 3.298928240949014013e-05 1.639778748100050565e-18 1.444772216185595651e-21 6.128082167317490348e-04 0.000000000000000000e+00
9.993542025008587126e-01 3.298928240949014013e-05 1.004476320696881332e-18 9.786020322191991462e-22 6.128082167317496854e-04 0.000000000000000000e+00
9.993542025008588237e-01 3.298928240949014013e-05 6.105410753888827950e-19 6.586956887472650420e-22 6.128082167317503359e-04 0.000000000000000000e+00
9.993542025008589347e-01 3.298928240949014013e-05 3.681696623752927172e-19 4.405393596794957956e-22 6.128082167317503359e-04 0.000000000000000000e+00
9.993542025008589347e-01 3.298928240949014013e-05 2.202638255612866137e-19 2.927580757756222358e-22 6.128082167317503359e-04 0.000000000000000000e+00
9.993542025008587126e-01 3.298928240949014013e-05 1.307044493080542823e-19 1.932716733579444846e-22 6.128082167317509864e-04 0.000000000000000000e+00
9.993542025008587126e-01 3.298928240949014013e-05 7.693115368704211827e-20 1.267572037493160476e-22 6.128082167317509864e-04 0.000000000000000000e+00
9.993542025008589347e-01 3.298928240949014013e-05 4.490546000511733103e-20 8.257672070070157476e-23 6.128082167317509864e-04 0.000000000000000000e+00
9.993542025008587126e-01 3.298928240949014013e-05 2.599127814015084540e-20 5.342932924777503051e-23 6.128082167317509864e-04 0.000000000000000000e+00
9.993542025008588237e-01 3.298928240949014013e-05 1.491651832368653355e-20 3.433383440727991558e-23 6.128082167317509864e-04 0.000000000000000000e+00
9.993542025008588237e-01 3.298928240949014013e-05 8.487168655058831052e-21 2.190988262578104432e-23 6.128082167317509864e-04 0.000000000000000000e+00
9.993542025008587126e-01 3.298928240949014013e-05 4.786655906032337064e-21 1.388247251283043005e-23 6.128082167317509864e-04 0.000000000000000000e+00
9.993542025008588237e-01 3.298928240949014013e-05 2.675733721425080376e-21 8.733250800942204646e-24 6.128082167317509864e-04 0.000000000000000000e+00
9.993542025008589347e-01 3.298928240949014013e-05 1.482351535245876311e-21 5.454209646358397540e-24 6.128082167317509864e-04 0.000000000000000000e+00
9.993542025008587126e-01 3.298928240949014013e-05 8.137724943058943039e-22 3.381352793275617915e-24 6.128082167317509864e-04 0.000000000000000000e+00
9.993542025008588237e-01 3.298928240949014013e-05 4.426342962448966966e-22 2.080695986617254390e-24 6.128082167317509864e-04 0.000000000000000000e+00
9.993542025008587126e-01 3.298928240949014013e-05 2.385213532157200043e-22 1.270707334869630710e-24 6.128082167317509864e-04 0.000000000000000000e+00
9.993542025008588237e-01 3.298928240949014013e-05 1.273206636918764330e-22 7.701227507154759153e-25 6.128082167317509864e-04 0.000000000000000000e+00
9.993542025008587126e-01 3.298928240949014013e-05 6.731367962056095296e-23 4.631331279516814244e-25 6.128082167317509864e-04 0.000000000000000000e+00
9.993542025008587126e-01 3.298928240949014013e-05 3.524077172687660175e-23 2.763159890224403357e-25 6.128082167317509864e-04 0.000000000000000000e+00
9.993542025008589347e-01 3.298928240949014013e-05 1.826896530597700194e-23 1.635502269069661098e-25 6.128082167317509864e-04 0.000000000000000000e+00
9.993542025008587126e-01 3.298928240949014013e-05 9.376984817724739254e-24 9.602935354581001813e-26 6.128082167317509864e-04 0.000000000000000000e+00
9.993542025008588237e-01 3.298928240949014013e-05 4.764574058751121083e-24 5.592531398764687030e-26 6.128082167317509864e-04 0.000000000000000000e+00
9.993542025008588237e-01 3.298928240949014013e-05 2.395945943196084835e-24 3.229739307990381676e-26 6.128082167317509864e-04 0.000000000000000000e+00
9.993542025008587126e-01 3.298928240949014013e-05 1.192469138844604949e-24 1.849698530806960703e-26 6.128082167317509864e-04 0.000000000000000000e+00
9.993542025008587126e-01 3.298928240949014013e-05 5.871867065724988095e-25 1.050220634905916108e-26 6.128082167317509864e-04 0.000000000000000000e+00
9.993542025008588237e-01 3.298928240949014013e-05 2.860695297542755582e-25 5.911694335989797276e-27 6.128082167317509864e-04 0.000000000000000000e+00
9.993542025008588237e-01 3.298928240949014013e-05 1.378528815764954514e-25 3.298374380485858696e-27 6.128082167317509864e-04 0.000000000000000000e+00
9.993542025008587126e-01 3.298928240949014013e-05 6.570785403613240907e-26 1.824109737095068941e-27 6.128082167317509864e-04 0.000000000000000000e+00
9.993542025008588237e-01 3.298928240949014013e-05 3.096683143594916037e-26 9.995852154828653611e-28 6.128082167317509864e-04 0.000000000000000000e+00
9.993542025008588237e-01 3.298928240949014013e-05 1.443165613868853591e-26 5.428206141515662019e-28 6.128082167317509864e-04 0.000000000000000000e+00
9.993542025008587126e-01 3.298928240949014013e-05 6.648806986048500080e-27 2.920475836084192362e-28 6.128082167317509864e-04 0.000000000000000000e+00
9.993542025008587126e-01 3.298928240949014013e-05 3.027394047215474340e-27 1.556402594816599759e-28 6.128082167317509864e-04 0.000000000000000000e+00
9.993542025008587126e-01 3.298928240949014013e-05 1.362220739385193085e-27 8.215321433162465719e-29 6.128082167317509864e-04 0.000000000000000000e+00
9.993542025008588237e-01 3.298928240949014013e-05 6.055992753444530437e-28 4.294227053738374082e-29 6.128082167317509864e-04 0.000000000000000000e+00
9.993542025008587126e-01 3.298928240949014013e-05 2.659508609940660656e-28 2.222477501454754672e-29 6.128082167317509864e-04 0.000000000000000000e+00
9.993542025008587126e-01 3.298928240949014013e-05 1.153385635934519047e-28 1.138632018100322334e-29 6.128082167317509864e-04 0.000000000000000000e+00
9.993542025008588237e-01 3.298928240949014013e-05 4.939186676362591982e-29 5.774081336188113609e-30 6.128082167317509864e-04 0.000000000000000000e+00
9.993542025008588237e-01 3.298928240949014013e-05 2.088290604756734694e-29 2.897961480719008203e-30 6.128082167317509864e-04 0.000000000000000000e+00
9.993542025008588237e-01 3.298928240949014013e-05 8.715722439621351739e-30 1.439293762513350308e-30 6.128082167317509864e-04 0.000000000000000000e+00
9.993542025008588237e-01 3.298928240949014013e-05 3.590181442935288303e-30 7.072798749149774653e-31 6.128082167317509864e-04 0.000000000000000000e+00
9.993542025008587126e-01 3.298928240949014013e-05 1.459335383477134757e-30 3.438407540726262896e-31 6.128082167317509864e-04 0.000000000000000000e+00
9.993542025008588237e-01 3.298928240949014013e-05 5.852473713826727879e-31 1.653417240439472111e-31 6.128082167317509864e-04 0.000000000000000000e+00
9.993542025008587126e-01 3.298928240949014013e-05 2.314048420614579212e-31 7.860037068192479895e-32 6.128082167317509864e-04 0.000000000000000000e+00
9.993542025008587126e-01 3.298928240949014013e-05 9.019636406374974448e-32 3.693434989960490057e-32 6.128082167317509864e-04 0.000000000000000000e+00
9.993542025008588237e-01 3.298928240949014013e-05 3.465152072120826689e-32 1.715321938310057852e-32 6.128082167317509864e-04 0.000000000000000000e+00
9.993542025008587126e-01 3.298928240949014013e-05 1.311908217427621083e-32 7.872528211211753464e-33 6.128082167317509864e-04 0.000000000000000000e+00
9.993542025008588237e-01 3.298928240949014013e-05 4.894049585443110051e-33 3.570130359513778256e-33 6.128082167317509864e-04 0.000000000000000000e+00
9.993542025008588237e-01 3.298928240949014013e-05 1.797542322371173642e-33 1.598752373266448263e-33 6.128082167317509864e-04 0.000000000000000000e+00
9.993542025008588237e-01 3.298928240949014013e-05 7.490336537178614896e-34 7.921363531709248227e-34 6.128082167317509864e-04 0.000000000000000000e+00
9.993542025008588237e-01 3.298928240949014013e-05 7.490336537178614896e-34 7.921363531709248227e-34 6.128082167317509864e-04 0.000000000000000000e+00
9.993542025008588237e-01 3.298928240949014013e-05 7.490336537178614896e-34 7.921363531709248227e-34 6.128082167317509864e-04 0.000000000000000000e+00
9.993542025008588237e-01 3.298928240949014013e-05 7.490336537178614896e-34 7.921363531709248227e-34 6.128082167317509864e-04 0.000000000000000000e+00
9.993542025008588237e-01 3.298928240949014013e-05 7.490336537178614896e-34 7.921363531709248227e-34 6.128082167317509864e-04 0.000000000000000000e+00
9.993542025008588237e-01 3.298928240949014013e-05 7.490336537178614896e-34 7.921363531709248227e-34 6.128082167317509864e-04 0.000000000000000000e+00
9.993542025008588237e-01 3.298928240949014013e-05 7.490336537178614896e-34 7.921363531709248227e-34 6.128082167317509864e-04 0.000000000000000000e+00
9.993542025008588237e-01 3.298928240949014013e-05 7.490336537178614896e-34 7.921363531709248227e-34 6.128082167317509864e-04 0.000000000000000000e+00
9.993542025008588237e-01 3.298928240949014013e-05 7.490336537178614896e-34 7.921363531709248227e-34 6.128082167317509864e-04 0.000000000000000000e+00
9.993542025008588237e-01 3.298928240949014013e-05 7.490336537178614896e-34 7.921363531709248227e-34 6.128082167317509864e-04 0.000000000000000000e+00
9.993542025008588237e-01 3.298928240949014013e-05 7.490336537178614896e-34 7.921363531709248227e-34 6.128082167317509864e-04 0.000000000000000000e+00
9.993542025008588237e-01 3.298928240949014013e-05 7.490336537178614896e-34 7.921363531709248227e-34 6.128082167317509864e-04 0.000000000000000000e+00
9.993542025008588237e-01 3.298928240949014013e-05 7.490336537178614896e-34 7.921363531709248227e-34 6.128082167317509864e-04 0.000000000000000000e+00
9.993542025008588237e-01 3.298928240949014013e-05 7.490336537178614896e-34 7.921363531709248227e-34 6.128082167317509864e-04 0.000000000000000000e+00
9.993542025008588237e-01 3.298928240949014013e-05 7.490336537178614896e-34 7.921363531709248227e-34 6.128082167317509864e-04 0.000000000000000000e+00
9.993542025008588237e-01 3.298928240949014013e-05 7.490336537178614896e-34 7.921363531709248227e-34 6.128082167317509864e-04 0.000000000000000000e+00
9.993542025008588237e-01 3.298928240949014013e-05 7.490336537178614896e-34 7.921363531709248227e-34 6.128082167317509864e-04 0.000000000000000000e+00
9.993542025008588237e-01 3.298928240949014013e-05 7.490336537178614896e-34 7.921363531709248227e-34 6.128082167317509864e-04 0.000000000000000000e+00
9.993542025008588237e-01 3.298928240949014013e-05 7.490336537178614896e-34 7.921363531709248227e-34 6.128082167317509864e-04 0.000000000000000000e+00
9.993542025008588237e-01 3.298928240949014013e-05 7.490336537178614896e-34 7.921363531709248227e-34 6.128082167317509864e-04 0.000000000000000000e+00
9.993542025008588237e-01 3.298928240949014013e-05 7.490336537178614896e-34 7.921363531709248227e-34 6.128082167317509864e-04 0.000000000000000000e+00
9.993542025008588237e-01 3.298928240949014013e-05 7.490336537178614896e-34 7.921363531709248227e-34 6.128082167317509864e-04 0.000000000000000000e+00
9.993542025008588237e-01 3.298928240949014013e-05 7.490336537178614896e-34 7.921363531709248227e-34 6.128082167317509864e-04 0.000000000000000000e+00
9.993542025008588237e-01 3.298928240949014013e-05 7.490336537178614896e-34 7.921363531709248227e-34 6.128082167317509864e-04 0.000000000000000000e+00
9.993542025008588237e-01 3.298928240949014013e-05 7.490336537178614896e-34 7.921363531709248227e-34 6.128082167317509864e-04 0.000000000000000000e+00
9.993542025008588237e-01 3.298928240949014013e-05 7.490336537178614896e-34 7.921363531709248227e-34 6.128082167317509864e-04 0.000000000000000000e+00
9.993542025008588237e-01 3.298928240949014013e-05 7.490336537178614896e-34 7.921363531709248227e-34 6.128082167317509864e-04 0.000000000000000000e+00
9.993542025008588237e-01 3.298928240949014013e-05 7.490336537178614896e-34 7.921363531709248227e-34 6.128082167317509864e-04 0.000000000000000000e+00
9.993542025008588237e-01 3.298928240949014013e-05 7.490336537178614896e-34 7.921363531709248227e-34 6.128082167317509864e-04 0.000000000000000000e+00
9.993542025008588237e-01 3.298928240949014013e-05 7.490336537178614896e-34 7.921363531709248227e-34 6.128082167317509864e-04 0.000000000000000000e+00
9.993542025008588237e-01 3.298928240949014013e-05 7.490336537178614896e-34 7.921363531709248227e-34 6.128082167317509864e-04 0.000000000000000000e+00
9.993542025008588237e-01 3.298928240949014013e-05 7.490336537178614896e-34 7.921363531709248227e-34 6.128082167317509864e-04 0.000000000000000000e+00
9.993542025008588237e-01 3.298928240949014013e-05 7.490336537178614896e-34 7.921363531709248227e-34 6.128082167317509864e-04 0.000000000000000000e+00
9.993542025008588237e-01 3.298928240949014013e-05 7.490336537178614896e-34 7.921363531709248227e-34 6.128082167317509864e-04 0.000000000000000000e+00
9.993542025008588237e-01 3.298928240949014013e-05 7.490336537178614896e-34 7.921363531709248227e-34 6.128082167317509864e-04 0.000000000000000000e+00
9.993542025008588237e-01 3.298928240949014013e-05 7.490336537178614896e-34 7.921363531709248227e-34 6.128082167317509864e-04 0.000000000000000000e+00
9.993542025008588237e-01 3.298928240949014013e-05 7.490336537178614896e-34 7.921363531709248227e-34 6.128082167317509864e-04 0.000000000000000000e+00
9.993542025008588237e-01 3.298928240949014013e-05 7.490336537178614896e-34 7.921363531709248227e-34 6.128082167317509864e-04 0.000000000000000000e+00
9.993542025008588237e-01 3.298928240949014013e-05 7.490336537178614896e-34 7.921363531709248227e-34 6.128082167317509864e-04 0.000000000000000000e+00
9.993542025008588237e-01 3.298928240949014013e-05 7.490336537178614896e-34 7.921363531709248227e-34 6.128082167317509864e-04 0.000000000000000000e+00
9.993542025008588237e-01 3.298928240949014013e-05 7.490336537178614896e-34 7.921363531709248227e-34 6.128082167317509864e-04 0.000000000000000000e+00
9.993542025008588237e-01 3.298928240949014013e-05 7.490336537178614896e-34 7.921363531709248227e-34 6.128082167317509864e-04 0.000000000000000000e+00
9.993542025008588237e-01 3.298928240949014013e-05 7.490336537178614896e-34 7.921363531709248227e-34 6.128082167317509864e-04 0.000000000000000000e+00
9.993542025008588237e-01 3.298928240949014013e-05 7.490336537178614896e-34 7.921363531709248227e-34 6.128082167317509864e-04 0.000000000000000000e+00
9.993542025008588237e-01 3.298928240949014013e-05 7.490336537178614896e-34 7.921363531709248227e-34 6.128082167317509864e-04 0.000000000000000000e+00
9.993542025008588237e-01 3.298928240949014013e-05 7.490336537178614896e-34 7.921363531709248227e-34 6.128082167317509864e-04 0.000000000000000000e+00
9.993542025008588237e-01 3.298928240949014013e-05 7.490336537178614896e-34 7.921363531709248227e-34 6.128082167317509864e-04 0.000000000000000000e+00
9.993542025008588237e-01 3.298928240949014013e-05 7.490336537178614896e-34 7.921363531709248227e-34 6.128082167317509864e-04 0.000000000000000000e+00
9.993542025008588237e-01 3.298928240949014013e-05 7.490336537178614896e-34 7.921363531709248227e-34 6.128082167317509864e-04 0.000000000000000000e+00
9.993542025008588237e-01 3.298928240949014013e-05 7.490336537178614896e-34 7.921363531709248227e-34 6.128082167317509864e-04 0.000000000000000000e+00
9.993542025008588237e-01 3.298928240949014013e-05 7.490336537178614896e-34 7.921363531709248227e-34 6.128082167317509864e-04 0.000000000000000000e+00
9.993542025008588237e-01 3.298928240949014013e-05 7.490336537178614896e-34 7.921363531709248227e-34 6.128082167317509864e-04 0.000000000000000000e+00
9.993542025008588237e-01 3.298928240949014013e-05 7.490336537178614896e-34 7.921363531709248227e-34 6.128082167317509864e-04 0.000000000000000000e+00
9.993542025008588237e-01 3.298928240949014013e-05 7.490336537178614896e-34 7.921363531709248227e-34 6.128082167317509864e-04 0.000000000000000000e+00
9.993542025008588237e-01 3.298928240949014013e-05 7.490336537178614896e-34 7.921363531709248227e-34 6.128082167317509864e-04 0.000000000000000000e+00
9.993542025008588237e-01 3.298928240949014013e-05 7.490336537178614896e-34 7.921363531709248227e-34 6.128082167317509864e-04 0.000000000000000000e+00
9.993542025008588237e-01 3.298928240949014013e-05 7.490336537178614896e-34 7.921363531709248227e-34 6.128082167317509864e-04 0.000000000000000000e+00
9.993542025008588237e-01 3.298928240949014013e-05 7.490336537178614896e-34 7.921363531709248227e-34 6.128082167317509864e-04 0.000000000000000000e+00
9.993542025008588237e-01 3.298928240949014013e-05 7.490336537178614896e-34 7.921363531709248227e-34 6.128082167317509864e-04 0.000000000000000000e+00
9.993542025008588237e-01 3.298928240949014013e-05 7.490336537178614896e-34 7.921363531709248227e-34 6.128082167317509864e-04 0.000000000000000000e+00
9.993542025008588237e-01 3.298928240949014013e-05 7.490336537178614896e-34 7.921363531709248227e-34 6.128082167317509864e-04 0.000000000000000000e+00
9.993542025008588237e-01 3.298928240949014013e-05 7.490336537178614896e-34 7.921363531709248227e-34 6.128082167317509864e-04 0.000000000000000000e+00
9.993542025008588237e-01 3.298928240949014013e-05 7.490336537178614896e-34 7.921363531709248227e-34 6.128082167317509864e-04 0.000000000000000000e+00
9.993542025008588237e-01 3.298928240949014013e-05 7.490336537178614896e-34 7.921363531709248227e-34 6.128082167317509864e-04 0.000000000000000000e+00
9.993542025008588237e-01 3.298928240949014013e-05 7.490336537178614896e-34 7.921363531709248227e-34 6.128082167317509864e-04 0.000000000000000000e+00
9.993542025008588237e-01 3.298928240949014013e-05 7.490336537178614896e-34 7.921363531709248227e-34 6.128082167317509864e-04 0.000000000000000000e+00
9.993542025008588237e-01 3.298928240949014013e-05 7.490336537178614896e-34 7.921363531709248227e-34 6.128082167317509864e-04 0.000000000000000000e+00
9.993542025008588237e-01 3.298928240949014013e-05 7.490336537178614896e-34 7.921363531709248227e-34 6.128082167317509864e-04 0.000000000000000000e+00
9.993542025008588237e-01 3.298928240949014013e-05 7.490336537178614896e-34 7.921363531709248227e-34 6.128082167317509864e-04 0.000000000000000000e+00
9.993542025008588237e-01 3.298928240949014013e-05 7.490336537178614896e-34 7.921363531709248227e-34 6.128082167317509864e-04 0.000000000000000000e+00
9.993542025008588237e-01 3.298928240949014013e-05 7.490336537178614896e-34 7.921363531709248227e-34 6.128082167317509864e-04 0.000000000000000000e+00
9.993542025008588237e-01 3.298928240949014013e-05 7.490336537178614896e-34 7.921363531709248227e-34 6.128082167317509864e-04 0.000000000000000000e+00
9.993542025008588237e-01 3.298928240949014013e-05 7.490336537178614896e-34 7.921363531709248227e-34 6.128082167317509864e-04 0.000000000000000000e+00
9.993542025008588237e-01 3.298928240949014013e-05 7.490336537178614896e-34 7.921363531709248227e-34 6.128082167317509864e-04 0.000000000000000000e+00
9.993542025008588237e-01 3.298928240949014013e-05 7.490336537178614896e-34 7.921363531709248227e-34 6.128082167317509864e-04 0.000000000000000000e+00
9.993542025008588237e-01 3.298928240949014013e-05 7.490336537178614896e-34 7.921363531709248227e-34 6.128082167317509864e-04 0.000000000000000000e+00
9.993542025008588237e-01 3.298928240949014013e-05 7.490336537178614896e-34 7.921363531709248227e-34 6.128082167317509864e-04 0.000000000000000000e+00
9.993542025008588237e-01 3.298928240949014013e-05 7.490336537178614896e-34 7.921363531709248227e-34 6.128082167317509864e-04 0.000000000000000000e+00
9.993542025008588237e-01 3.298928240949014013e-05 7.490336537178614896e-34 7.921363531709248227e-34 6.128082167317509864e-04 0.000000000000000000e+00
9.993542025008588237e-01 3.298928240949014013e-05 7.490336537178614896e-34 7.921363531709248227e-34 6.128082167317509864e-04 0.000000000000000000e+00
9.993542025008588237e-01 3.298928240949014013e-05 7.490336537178614896e-34 7.921363531709248227e-34 6.128082167317509864e-04 0.000000000000000000e+00
9.993542025008588237e-01 3.298928240949014013e-05 7.490336537178614896e-34 7.921363531709248227e-34 6.128082167317509864e-04 0.000000000000000000e+00
9.993542025008588237e-01 3.298928240949014013e-05 7.490336537178614896e-34 7.921363531709248227e-34 6.128082167317509864e-04 0.000000000000000000e+00
9.993542025008588237e-01 3.298928240949014013e-05 7.490336537178614896e-34 7.921363531709248227e-34 6.128082167317509864e-04 0.000000000000000000e+00
9.993542025008588237e-01 3.298928240949014013e-05 7.490336537178614896e-34 7.921363531709248227e-34 6.128082167317509864e-04 0.000000000000000000e+00
9.993542025008588237e-01 3.298928240949014013e-05 7.490336537178614896e-34 7.921363531709248227e-34 6.128082167317509864e-04 0.000000000000000000e+00
9.993542025008588237e-01 3.298928240949014013e-05 7.490336537178614896e-34 7.921363531709248227e-34 6.128082167317509864e-04 0.000000000000000000e+00
9.993542025008588237e-01 3.298928240949014013e-05 7.490336537178614896e-34 7.921363531709248227e-34 6.128082167317509864e-04 0.000000000000000000e+00
9.993542025008588237e-01 3.298928240949014013e-05 7.490336537178614896e-34 7.921363531709248227e-34 6.128082167317509864e-04 0.000000000000000000e+00
9.993542025008588237e-01 3.298928240949014013e-05 7.490336537178614896e-34 7.921363531709248227e-34 6.128082167317509864e-04 0.000000000000000000e+00
9.993542025008588237e-01 3.298928240949014013e-05 7.490336537178614896e-34 7.921363531709248227e-34 6.128082167317509864e-04 0.000000000000000000e+00
9.993542025008588237e-01 3.298928240949014013e-05 7.490336537178614896e-34 7.921363531709248227e-34 6.128082167317509864e-04 0.000000000000000000e+00
9.993542025008588237e-01 3.298928240949014013e-05 7.490336537178614896e-34 7.921363531709248227e-34 6.128082167317509864e-04 0.000000000000000000e+00
9.993542025008588237e-01 3.298928240949014013e-05 7.490336537178614896e-34 7.921363531709248227e-34 6.128082167317509864e-04 0.000000000000000000e+00
9.993542025008588237e-01 3.298928240949014013e-05 7.490336537178614896e-34 7.921363531709248227e-34 6.128082167317509864e-04 0.000000000000000000e+00
9.993542025008588237e-01 3.298928240949014013e-05 7.490336537178614896e-34 7.921363531709248227e-34 6.128082167317509864e-04 0.000000000000000000e+00
9.993542025008588237e-01 3.298928240949014013e-05 7.490336537178614896e-34 7.921363531709248227e-34 6.128082167317509864e-04 0.000000000000000000e+00
9.993542025008588237e-01 3.298928240949014013e-05 7.490336537178614896e-34 7.921363531709248227e-34 6.128082167317509864e-04 0.000000000000000000e+00
9.993542025008588237e-01 3.298928240949014013e-05 7.490336537178614896e-34 7.921363531709248227e-34 6.128082167317509864e-04 0.000000000000000000e+00
9.993542025008588237e-01 3.298928240949014013e-05 7.490336537178614896e-34 7.921363531709248227e-34 6.128082167317509864e-04 0.000000000000000000e+00
9.993542025008588237e-01 3.298928240949014013e-05 7.490336537178614896e-34 7.921363531709248227e-34 6.128082167317509864e-04 0.000000000000000000e+00
9.993542025008588237e-01 3.298928240949014013e-05 7.490336537178614896e-34 7.921363531709248227e-34 6.128082167317509864e-04 0.000000000000000000e+00
9.993542025008588237e-01 3.298928240949014013e-05 7.490336537178614896e-34 7.921363531709248227e-34 6.128082167317509864e-04 0.000000000000000000e+00
9.993542025008588237e-01 3.298928240949014013e-05 7.490336537178614896e-34 7.921363531709248227e-34 6.128082167317509864e-04 0.000000000000000000e+00
9.993542025008588237e-01 3.298928240949014013e-05 7.490336537178614896e-34 7.921363531709248227e-34 6.128082167317509864e-04 0.000000000000000000e+00
9.993542025008588237e-01 3.298928240949014013e-05 7.490336537178614896e-34 7.921363531709248227e-34 6.128082167317509864e-04 0.000000000000000000e+00
9.993542025008588237e-01 3.298928240949014013e-05 7.490336537178614896e-34 7.921363531709248227e-34 6.128082167317509864e-04 0.000000000000000000e+00
9.993542025008588237e-01 3.298928240949014013e-05 7.490336537178614896e-34 7.921363531709248227e-34 6.128082167317509864e-04 0.000000000000000000e+00
9.993542025008588237e-01 3.298928240949014013e-05 7.490336537178614896e-34 7.921363531709248227e-34 6.128082167317509864e-04 0.000000000000000000e+00
9.993542025008588237e-01 3.298928240949014013e-05 7.490336537178614896e-34 7.921363531709248227e-34 6.128082167317509864e-04 0.000000000000000000e+00
9.993542025008588237e-01 3.298928240949014013e-05 7.490336537178614896e-34 7.921363531709248227e-34 6.128082167317509864e-04 0.000000000000000000e+00
9.993542025008588237e-01 3.298928240949014013e-05 7.490336537178614896e-34 7.921363531709248227e-34 6.128082167317509864e-04 0.000000000000000000e+00
9.993542025008588237e-01 3.298928240949014013e-05 7.490336537178614896e-34 7.921363531709248227e-34 6.128082167317509864e-04 0.000000000000000000e+00
9.993542025008588237e-01 3.298928240949014013e-05 7.490336537178614896e-34 7.921363531709248227e-34 6.128082167317509864e-04 0.000000000000000000e+00
9.993542025008588237e-01 3.298928240949014013e-05 7.490336537178614896e-34 7.921363531709248227e-34 6.128082167317509864e-04 0.000000000000000000e+00
9.993542025008588237e-01 3.298928240949014013e-05 7.490336537178614896e-34 7.921363531709248227e-34 6.128082167317509864e-04 0.000000000000000000e+00
9.993542025008588237e-01 3.298928240949014013e-05 7.490336537178614896e-34 7.921363531709248227e-34 6.128082167317509864e-04 0.000000000000000000e+00
9.993542025008588237e-01 3.298928240949014013e-05 7.490336537178614896e-34 7.921363531709248227e-34 6.128082167317509864e-04 0.000000000000000000e+00
9.993542025008588237e-01 3.298928240949014013e-05 7.490336537178614896e-34 7.921363531709248227e-34 6.128082167317509864e-04 0.000000000000000000e+00
9.993542025008588237e-01 3.298928240949014013e-05 7.490336537178614896e-34 7.921363531709248227e-34 6.128082167317509864e-04 0.000000000000000000e+00
9.993542025008588237e-01 3.298928240949014013e-05 7.490336537178614896e-34 7.921363531709248227e-34 6.128082167317509864e-04 0.000000000000000000e+00
9.993542025008588237e-01 3.298928240949014013e-05 7.490336537178614896e-34 7.921363531709248227e-34 6.128082167317509864e-04 0.000000000000000000e+00
9.993542025008588237e-01 3.298928240949014013e-05 7.490336537178614896e-34 7.921363531709248227e-34 6.128082167317509864e-04 0.000000000000000000e+00
9.993542025008588237e-01 3.298928240949014013e-05 7.490336537178614896e-34 7.921363531709248227e-34 6.128082167317509864e-04 0.000000000000000000e+00
9.993542025008588237e-01 3.298928240949014013e-05 7.490336537178614896e-34 7.921363531709248227e-34 6.128082167317509864e-04 0.000000000000000000e+00
9.993542025008588237e-01 3.298928240949014013e-05 7.490336537178614896e-34 7.921363531709248227e-34 6.128082167317509864e-04 0.000000000000000000e+00
9.993542025008588237e-01 3.298928240949014013e-05 7.490336537178614896e-34 7.921363531709248227e-34 6.128082167317509864e-04 0.000000000000000000e+00
9.993542025008588237e-01 3.298928240949014013e-05 7.490336537178614896e-34 7.921363531709248227e-34 6.128082167317509864e-04 0.000000000000000000e+00
9.993542025008588237e-01 3.298928240949014013e-05 7.490336537178614896e-34 7.921363531709248227e-34 6.128082167317509864e-04 0.000000000000000000e+00
9.993542025008588237e-01 3.298928240949014013e-05 7.490336537178614896e-34 7.921363531709248227e-34 6.128082167317509864e-04 0.000000000000000000e+00
9.993542025008588237e-01 3.298928240949014013e-05 7.490336537178614896e-34 7.921363531709248227e-34 6.128082167317509864e-04 0.000000000000000000e+00
9.993542025008588237e-01 3.298928240949014013e-05 7.490336537178614896e-34 7.921363531709248227e-34 6.128082167317509864e-04 0.000000000000000000e+00
9.993542025008588237e-01 3.298928240949014013e-05 7.490336537178614896e-34 7.921363531709248227e-34 6.128082167317509864e-04 0.000000000000000000e+00
9.993542025008588237e-01 3.298928240949014013e-05 7.490336537178614896e-34 7.921363531709248227e-34 6.128082167317509864e-04 0.000000000000000000e+00
9.993542025008588237e-01 3.298928240949014013e-05 7.490336537178614896e-34 7.921363531709248227e-34 6.128082167317509864e-04 0.000000000000000000e+00
9.993542025008588237e-01 3.298928240949014013e-05 7.490336537178614896e-34 7.921363531709248227e-34 6.128082167317509864e-04 0.000000000000000000e+00
9.993542025008588237e-01 3.298928240949014013e-05 7.490336537178614896e-34 7.921363531709248227e-34 6.128082167317509864e-04 0.000000000000000000e+00
9.993542025008588237e-01 3.298928240949014013e-05 7.490336537178614896e-34 7.921363531709248227e-34 6.128082167317509864e-04 0.000000000000000000e+00
9.993542025008588237e-01 3.298928240949014013e-05 7.490336537178614896e-34 7.921363531709248227e-34 6.128082167317509864e-04 0.000000000000000000e+00
9.993542025008588237e-01 3.298928240949014013e-05 7.490336537178614896e-34 7.921363531709248227e-34 6.128082167317509864e-04 0.000000000000000000e+00
9.993542025008588237e-01 3.298928240949014013e-05 7.490336537178614896e-34 7.921363531709248227e-34 6.128082167317509864e-04 0.000000000000000000e+00
9.993542025008588237e-01 3.298928240949014013e-05 7.490336537178614896e-34 7.921363531709248227e-34 6.128082167317509864e-04 0.000000000000000000e+00
9.993542025008588237e-01 3.298928240949014013e-05 7.490336537178614896e-34 7.921363531709248227e-34 6.128082167317509864e-04 0.000000000000000000e+00
9.993542025008588237e-01 3.298928240949014013e-05 7.490336537178614896e-34 7.921363531709248227e-34 6.128082167317509864e-04 0.000000000000000000e+00
9.993542025008588237e-01 3.298928240949014013e-05 7.490336537178614896e-34 7.921363531709248227e-34 6.128082167317509864e-04 0.000000000000000000e+00
9.993542025008588237e-01 3.298928240949014013e-05 7.490336537178614896e-34 7.921363531709248227e-34 6.128082167317509864e-04 0.000000000000000000e+00
9.993542025008588237e-01 3.298928240949014013e-05 7.490336537178614896e-34 7.921363531709248227e-34 6.128082167317509864e-04 0.000000000000000000e+00
9.993542025008588237e-01 3.298928240949014013e-05 7.490336537178614896e-34 7.921363531709248227e-34 6.128082167317509864e-04 0.000000000000000000e+00
9.993542025008588237e-01 3.298928240949014013e-05 7.490336537178614896e-34 7.921363531709248227e-34 6.128082167317509864e-04 0.000000000000000000e+00
9.993542025008588237e-01 3.298928240949014013e-05 7.490336537178614896e-34 7.921363531709248227e-34 6.128082167317509864e-04 0.000000000000000000e+00
9.993542025008588237e-01 3.298928240949014013e-05 7.490336537178614896e-34 7.921363531709248227e-34 6.128082167317509864e-04 0.000000000000000000e+00
9.993542025008588237e-01 3.298928240949014013e-05 7.490336537178614896e-34 7.921363531709248227e-34 6.128082167317509864e-04 0.000000000000000000e+00
9.993542025008588237e-01 3.298928240949014013e-05 7.490336537178614896e-34 7.921363531709248227e-34 6.128082167317509864e-04 0.000000000000000000e+00
9.993542025008588237e-01 3.298928240949014013e-05 7.490336537178614896e-34 7.921363531709248227e-34 6.128082167317509864e-04 0.000000000000000000e+00
9.993542025008588237e-01 3.298928240949014013e-05 7.490336537178614896e-34 7.921363531709248227e-34 6.128082167317509864e-04 0.000000000000000000e+00
9.993542025008588237e-01 3.298928240949014013e-05 7.490336537178614896e-34 7.921363531709248227e-34 6.128082167317509864e-04 0.000000000000000000e+00
9.993542025008588237e-01 3.298928240949014013e-05 7.490336537178614896e-34 7.921363531709248227e-34 6.128082167317509864e-04 0.000000000000000000e+00
9.993542025008588237e-01 3.298928240949014013e-05 7.490336537178614896e-34 7.921363531709248227e-34 6.128082167317509864e-04 0.000000000000000000e+00
9.993542025008588237e-01 3.298928240949014013e-05 7.490336537178614896e-34 7.921363531709248227e-34 6.128082167317509864e-04 0.000000000000000000e+00
9.993542025008588237e-01 3.298928240949014013e-05 7.490336537178614896e-34 7.921363531709248227e-34 6.128082167317509864e-04 0.000000000000000000e+00
9.993542025008588237e-01 3.298928240949014013e-05 7.490336537178614896e-34 7.921363531709248227e-34 6.128082167317509864e-04 0.000000000000000000e+00
9.993542025008588237e-01 3.298928240949014013e-05 7.490336537178614896e-34 7.921363531709248227e-34 6.128082167317509864e-04 0.000000000000000000e+00
9.993542025008588237e-01 3.298928240949014013e-05 7.490336537178614896e-34 7.921363531709248227e-34 6.128082167317509864e-04 0.000000000000000000e+00
9.993542025008588237e-01 3.298928240949014013e-05 7.490336537178614896e-34 7.921363531709248227e-34 6.128082167317509864e-04 0.000000000000000000e+00
9.993542025008588237e-01 3.298928240949014013e-05 7.490336537178614896e-34 7.921363531709248227e-34 6.128082167317509864e-04 0.000000000000000000e+00
9.993542025008588237e-01 3.298928240949014013e-05 7.490336537178614896e-34 7.921363531709248227e-34 6.128082167317509864e-04 0.000000000000000000e+00
9.993542025008588237e-01 3.298928240949014013e-05 7.490336537178614896e-34 7.921363531709248227e-34 6.128082167317509864e-04 0.000000000000000000e+00
9.993542025008588237e-01 3.298928240949014013e-05 7.490336537178614896e-34 7.921363531709248227e-34 6.128082167317509864e-04 0.000000000000000000e+00
9.993542025008588237e-01 3.298928240949014013e-05 7.490336537178614896e-34 7.921363531709248227e-34 6.128082167317509864e-04 0.000000000000000000e+00
9.993542025008588237e-01 3.298928240949014013e-05 7.490336537178614896e-34 7.921363531709248227e-34 6.128082167317509864e-04 0.000000000000000000e+00
9.993542025008588237e-01 3.298928240949014013e-05 7.490336537178614896e-34 7.921363531709248227e-34 6.128082167317509864e-04 0.000000000000000000e+00
9.993542025008588237e-01 3.298928240949014013e-05 7.490336537178614896e-34 7.921363531709248227e-34 6.128082167317509864e-04 0.000000000000000000e+00
9.993542025008588237e-01 3.298928240949014013e-05 7.490336537178614896e-34 7.921363531709248227e-34 6.128082167317509864e-04 0.000000000000000000e+00
9.993542025008588237e-01 3.298928240949014013e-05 7.490336537178614896e-34 7.921363531709248227e-34 6.128082167317509864e-04 0.000000000000000000e+00
9.993542025008588237e-01 3.298928240949014013e-05 7.490336537178614896e-34 7.921363531709248227e-34 6.128082167317509864e-04 0.000000000000000000e+00
9.993542025008588237e-01 3.298928240949014013e-05 7.490336537178614896e-34 7.921363531709248227e-34 6.128082167317509864e-04 0.000000000000000000e+00
9.993542025008588237e-01 3.298928240949014013e-05 7.490336537178614896e-34 7.921363531709248227e-34 6.128082167317509864e-04 0.000000000000000000e+00
9.993542025008588237e-01 3.298928240949014013e-05 7.490336537178614896e-34 7.921363531709248227e-34 6.128082167317509864e-04 0.000000000000000000e+00
9.993542025008588237e-01 3.298928240949014013e-05 7.490336537178614896e-34 7.921363531709248227e-34 6.128082167317509864e-04 0.000000000000000000e+00
9.993542025008588237e-01 3.298928240949014013e-05 7.490336537178614896e-34 7.921363531709248227e-34 6.128082167317509864e-04 0.000000000000000000e+00
9.993542025008588237e-01 3.298928240949014013e-05 7.490336537178614896e-34 7.921363531709248227e-34 6.128082167317509864e-04 0.000000000000000000e+00
9.993542025008588237e-01 3.298928240949014013e-05 7.490336537178614896e-34 7.921363531709248227e-34 6.128082167317509864e-04 0.000000000000000000e+00
9.993542025008588237e-01 3.298928240949014013e-05 7.490336537178614896e-34 7.921363531709248227e-34 6.128082167317509864e-04 0.000000000000000000e+00
9.993542025008588237e-01 3.298928240949014013e-05 7.490336537178614896e-34 7.921363531709248227e-34 6.128082167317509864e-04 0.000000000000000000e+00
9.993542025008588237e-01 3.298928240949014013e-05 7.490336537178614896e-34 7.921363531709248227e-34 6.128082167317509864e-04 0.000000000000000000e+00
9.993542025008588237e-01 3.298928240949014013e-05 7.490336537178614896e-34 7.921363531709248227e-34 6.128082167317509864e-04 0.000000000000000000e+00
9.993542025008588237e-01 3.298928240949014013e-05 7.490336537178614896e-34 7.921363531709248227e-34 6.128082167317509864e-04 0.000000000000000000e+00
9.993542025008588237e-01 3.298928240949014013e-05 7.490336537178614896e-34 7.921363531709248227e-34 6.128082167317509864e-04 0.000000000000000000e+00
9.993542025008588237e-01 3.298928240949014013e-05 7.490336537178614896e-34 7.921363531709248227e-34 6.128082167317509864e-04 0.000000000000000000e+00
9.993542025008588237e-01 3.298928240949014013e-05 7.490336537178614896e-34 7.921363531709248227e-34 6.128082167317509864e-04 0.000000000000000000e+00
9.993542025008588237e-01 3.298928240949014013e-05 7.490336537178614896e-34 7.921363531709248227e-34 6.128082167317509864e-04 0.000000000000000000e+00
9.993542025008588237e-01 3.298928240949014013e-05 7.490336537178614896e-34 7.921363531709248227e-34 6.128082167317509864e-04 0.000000000000000000e+00
9.993542025008588237e-01 3.298928240949014013e-05 7.490336537178614896e-34 7.921363531709248227e-34 6.128082167317509864e-04 0.000000000000000000e+00
9.993542025008588237e-01 3.298928240949014013e-05 7.490336537178614896e-34 7.921363531709248227e-34 6.128082167317509864e-04 0.000000000000000000e+00
9.993542025008588237e-01 3.298928240949014013e-05 7.490336537178614896e-34 7.921363531709248227e-34 6.128082167317509864e-04 0.000000000000000000e+00
9.993542025008588237e-01 3.298928240949014013e-05 7.490336537178614896e-34 7.921363531709248227e-34 6.128082167317509864e-04 0.000000000000000000e+00
9.993542025008588237e-01 3.298928240949014013e-05 7.490336537178614896e-34 7.921363531709248227e-34 6.128082167317509864e-04 0.000000000000000000e+00
9.993542025008588237e-01 3.298928240949014013e-05 7.490336537178614896e-34 7.921363531709248227e-34 6.128082167317509864e-04 0.000000000000000000e+00
9.993542025008588237e-01 3.298928240949014013e-05 7.490336537178614896e-34 7.921363531709248227e-34 6.128082167317509864e-04 0.000000000000000000e+00
9.993542025008588237e-01 3.298928240949014013e-05 7.490336537178614896e-34 7.921363531709248227e-34 6.128082167317509864e-04 0.000000000000000000e+00
9.993542025008588237e-01 3.298928240949014013e-05 7.490336537178614896e-34 7.921363531709248227e-34 6.128082167317509864e-04 0.000000000000000000e+00
9.993542025008588237e-01 3.298928240949014013e-05 7.490336537178614896e-34 7.921363531709248227e-34 6.128082167317509864e-04 0.000000000000000000e+00
9.993542025008588237e-01 3.298928240949014013e-05 7.490336537178614896e-34 7.921363531709248227e-34 6.128082167317509864e-04 0.000000000000000000e+00
9.993542025008588237e-01 3.298928240949014013e-05 7.490336537178614896e-34 7.921363531709248227e-34 6.128082167317509864e-04 0.000000000000000000e+00
9.993542025008588237e-01 3.298928240949014013e-05 7.490336537178614896e-34 7.921363531709248227e-34 6.128082167317509864e-04 0.000000000000000000e+00
9.993542025008588237e-01 3.298928240949014013e-05 7.490336537178614896e-34 7.921363531709248227e-34 6.128082167317509864e-04 0.000000000000000000e+00
9.993542025008588237e-01 3.298928240949014013e-05 7.490336537178614896e-34 7.921363531709248227e-34 6.128082167317509864e-04 0.000000000000000000e+00
9.993542025008588237e-01 3.298928240949014013e-05 7.490336537178614896e-34 7.921363531709248227e-34 6.128082167317509864e-04 0.000000000000000000e+00
9.993542025008588237e-01 3.298928240949014013e-05 7.490336537178614896e-34 7.921363531709248227e-34 6.128082167317509864e-04 0.000000000000000000e+00
9.993542025008588237e-01 3.298928240949014013e-05 7.490336537178614896e-34 7.921363531709248227e-34 6.128082167317509864e-04 0.000000000000000000e+00
9.993542025008588237e-01 3.298928240949014013e-05 7.490336537178614896e-34 7.921363531709248227e-34 6.128082167317509864e-04 0.000000000000000000e+00
9.993542025008588237e-01 3.298928240949014013e-05 7.490336537178614896e-34 7.921363531709248227e-34 6.128082167317509864e-04 0.000000000000000000e+00
9.993542025008588237e-01 3.298928240949014013e-05 7.490336537178614896e-34 7.921363531709248227e-34 6.128082167317509864e-04 0.000000000000000000e+00
9.993542025008588237e-01 3.298928240949014013e-05 7.490336537178614896e-34 7.921363531709248227e-34 6.128082167317509864e-04 0.000000000000000000e+00
9.993542025008588237e-01 3.298928240949014013e-05 7.490336537178614896e-34 7.921363531709248227e-34 6.128082167317509864e-04 0.000000000000000000e+00
9.993542025008588237e-01 3.298928240949014013e-05 7.490336537178614896e-34 7.921363531709248227e-34 6.128082167317509864e-04 0.000000000000000000e+00
9.993542025008588237e-01 3.298928240949014013e-05 7.490336537178614896e-34 7.921363531709248227e-34 6.128082167317509864e-04 0.000000000000000000e+00
9.993542025008588237e-01 3.298928240949014013e-05 7.490336537178614896e-34 7.921363531709248227e-34 6.128082167317509864e-04 0.000000000000000000e+00
9.993542025008588237e-01 3.298928240949014013e-05 7.490336537178614896e-34 7.921363531709248227e-34 6.128082167317509864e-04 0.000000000000000000e+00
9.993542025008588237e-01 3.298928240949014013e-05 7.490336537178614896e-34 7.921363531709248227e-34 6.128082167317509864e-04 0.000000000000000000e+00
9.993542025008588237e-01 3.298928240949014013e-05 7.490336537178614896e-34 7.921363531709248227e-34 6.128082167317509864e-04 0.000000000000000000e+00
9.993542025008588237e-01 3.298928240949014013e-05 7.490336537178614896e-34 7.921363531709248227e-34 6.128082167317509864e-04 0.000000000000000000e+00
9.993542025008588237e-01 3.298928240949014013e-05 7.490336537178614896e-34 7.921363531709248227e-34 6.128082167317509864e-04 0.000000000000000000e+00
9.993542025008588237e-01 3.298928240949014013e-05 7.490336537178614896e-34 7.921363531709248227e-34 6.128082167317509864e-04 0.000000000000000000e+00
9.993542025008588237e-01 3.298928240949014013e-05 7.490336537178614896e-34 7.921363531709248227e-34 6.128082167317509864e-04 0.000000000000000000e+00
9.993542025008588237e-01 3.298928240949014013e-05 7.490336537178614896e-34 7.921363531709248227e-34 6.128082167317509864e-04 0.000000000000000000e+00
9.993542025008588237e-01 3.298928240949014013e-05 7.490336537178614896e-34 7.921363531709248227e-34 6.128082167317509864e-04 0.000000000000000000e+00
9.993542025008588237e-01 3.298928240949014013e-05 7.490336537178614896e-34 7.921363531709248227e-34 6.128082167317509864e-04 0.000000000000000000e+00
9.993542025008588237e-01 3.298928240949014013e-05 7.490336537178614896e-34 7.921363531709248227e-34 6.128082167317509864e-04 0.000000000000000000e+00
9.993542025008588237e-01 3.298928240949014013e-05 7.490336537178614896e-34 7.921363531709248227e-34 6.128082167317509864e-04 0.000000000000000000e+00
9.993542025008588237e-01 3.298928240949014013e-05 7.490336537178614896e-34 7.921363531709248227e-34 6.128082167317509864e-04 0.000000000000000000e+00
9.993542025008588237e-01 3.298928240949014013e-05 7.490336537178614896e-34 7.921363531709248227e-34 6.128082167317509864e-04 0.000000000000000000e+00
9.993542025008588237e-01 3.298928240949014013e-05 7.490336537178614896e-34 7.921363531709248227e-34 6.128082167317509864e-04 0.000000000000000000e+00
9.993542025008588237e-01 3.298928240949014013e-05 7.490336537178614896e-34 7.921363531709248227e-34 6.128082167317509864e-04 0.000000000000000000e+00
9.993542025008588237e-01 3.298928240949014013e-05 7.490336537178614896e-34 7.921363531709248227e-34 6.128082167317509864e-04 0.000000000000000000e+00
9.993542025008588237e-01 3.298928240949014013e-05 7.490336537178614896e-34 7.921363531709248227e-34 6.128082167317509864e-04 0.000000000000000000e+00
9.993542025008588237e-01 3.298928240949014013e-05 7.490336537178614896e-34 7.921363531709248227e-34 6.128082167317509864e-04 0.000000000000000000e+00
9.993542025008588237e-01 3.298928240949014013e-05 7.490336537178614896e-34 7.921363531709248227e-34 6.128082167317509864e-04 0.000000000000000000e+00
9.993542025008588237e-01 3.298928240949014013e-05 7.490336537178614896e-34 7.921363531709248227e-34 6.128082167317509864e-04 0.000000000000000000e+00
9.993542025008588237e-01 3.298928240949014013e-05 7.490336537178614896e-34 7.921363531709248227e-34 6.128082167317509864e-04 0.000000000000000000e+00
9.993542025008588237e-01 3.298928240949014013e-05 7.490336537178614896e-34 7.921363531709248227e-34 6.128082167317509864e-04 0.000000000000000000e+00
9.993542025008588237e-01 3.298928240949014013e-05 7.490336537178614896e-34 7.921363531709248227e-34 6.128082167317509864e-04 0.000000000000000000e+00
9.993542025008588237e-01 3.298928240949014013e-05 7.490336537178614896e-34 7.921363531709248227e-34 6.128082167317509864e-04 0.000000000000000000e+00
9.993542025008588237e-01 3.298928240949014013e-05 7.490336537178614896e-34 7.921363531709248227e-34 6.128082167317509864e-04 0.000000000000000000e+00
9.993542025008588237e-01 3.298928240949014013e-05 7.490336537178614896e-34 7.921363531709248227e-34 6.128082167317509864e-04 0.000000000000000000e+00
9.993542025008588237e-01 3.298928240949014013e-05 7.490336537178614896e-34 7.921363531709248227e-34 6.128082167317509864e-04 0.000000000000000000e+00
9.993542025008588237e-01 3.298928240949014013e-05 7.490336537178614896e-34 7.921363531709248227e-34 6.128082167317509864e-04 0.000000000000000000e+00
9.993542025008588237e-01 3.298928240949014013e-05 7.490336537178614896e-34 7.921363531709248227e-34 6.128082167317509864e-04 0.000000000000000000e+00
9.993542025008588237e-01 3.298928240949014013e-05 7.490336537178614896e-34 7.921363531709248227e-34 6.128082167317509864e-04 0.000000000000000000e+00
9.993542025008588237e-01 3.298928240949014013e-05 7.490336537178614896e-34 7.921363531709248227e-34 6.128082167317509864e-04 0.000000000000000000e+00
9.993542025008588237e-01 3.298928240949014013e-05 7.490336537178614896e-34 7.921363531709248227e-34 6.128082167317509864e-04 0.000000000000000000e+00
9.993542025008588237e-01 3.298928240949014013e-05 7.490336537178614896e-34 7.921363531709248227e-34 6.128082167317509864e-04 0.000000000000000000e+00
9.993542025008588237e-01 3.298928240949014013e-05 7.490336537178614896e-34 7.921363531709248227e-34 6.128082167317509864e-04 0.000000000000000000e+00
9.993542025008588237e-01 3.298928240949014013e-05 7.490336537178614896e-34 7.921363531709248227e-34 6.128082167317509864e-04 0.000000000000000000e+00
9.993542025008588237e-01 3.298928240949014013e-05 7.490336537178614896e-34 7.921363531709248227e-34 6.128082167317509864e-04 0.000000000000000000e+00
9.993542025008588237e-01 3.298928240949014013e-05 7.490336537178614896e-34 7.921363531709248227e-34 6.128082167317509864e-04 0.000000000000000000e+00
9.993542025008588237e-01 3.298928240949014013e-05 7.490336537178614896e-34 7.921363531709248227e-34 6.128082167317509864e-04 0.000000000000000000e+00
9.993542025008588237e-01 3.298928240949014013e-05 7.490336537178614896e-34 7.921363531709248227e-34 6.128082167317509864e-04 0.000000000000000000e+00
9.993542025008588237e-01 3.298928240949014013e-05 7.490336537178614896e-34 7.921363531709248227e-34 6.128082167317509864e-04 0.000000000000000000e+00
9.993542025008588237e-01 3.298928240949014013e-05 7.490336537178614896e-34 7.921363531709248227e-34 6.128082167317509864e-04 0.000000000000000000e+00
9.993542025008588237e-01 3.298928240949014013e-05 7.490336537178614896e-34 7.921363531709248227e-34 6.128082167317509864e-04 0.000000000000000000e+00
9.993542025008588237e-01 3.298928240949014013e-05 7.490336537178614896e-34 7.921363531709248227e-34 6.128082167317509864e-04 0.000000000000000000e+00
9.993542025008588237e-01 3.298928240949014013e-05 7.490336537178614896e-34 7.921363531709248227e-34 6.128082167317509864e-04 0.000000000000000000e+00
9.993542025008588237e-01 3.298928240949014013e-05 7.490336537178614896e-34 7.921363531709248227e-34 6.128082167317509864e-04 0.000000000000000000e+00
9.993542025008588237e-01 3.298928240949014013e-05 7.490336537178614896e-34 7.921363531709248227e-34 6.128082167317509864e-04 0.000000000000000000e+00
9.993542025008588237e-01 3.298928240949014013e-05 7.490336537178614896e-34 7.921363531709248227e-34 6.128082167317509864e-04 0.000000000000000000e+00
9.993542025008588237e-01 3.298928240949014013e-05 7.490336537178614896e-34 7.921363531709248227e-34 6.128082167317509864e-04 0.000000000000000000e+00
9.993542025008588237e-01 3.298928240949014013e-05 7.490336537178614896e-34 7.921363531709248227e-34 6.128082167317509864e-04 0.000000000000000000e+00
9.993542025008588237e-01 3.298928240949014013e-05 7.490336537178614896e-34 7.921363531709248227e-34 6.128082167317509864e-04 0.000000000000000000e+00
9.993542025008588237e-01 3.298928240949014013e-05 7.490336537178614896e-34 7.921363531709248227e-34 6.128082167317509864e-04 0.000000000000000000e+00
9.993542025008588237e-01 3.298928240949014013e-05 7.490336537178614896e-34 7.921363531709248227e-34 6.128082167317509864e-04 0.000000000000000000e+00
9.993542025008588237e-01 3.298928240949014013e-05 7.490336537178614896e-34 7.921363531709248227e-34 6.128082167317509864e-04 0.000000000000000000e+00
9.993542025008588237e-01 3.298928240949014013e-05 7.490336537178614896e-34 7.921363531709248227e-34 6.128082167317509864e-04 0.000000000000000000e+00
9.993542025008588237e-01 3.298928240949014013e-05 7.490336537178614896e-34 7.921363531709248227e-34 6.128082167317509864e-04 0.000000000000000000e+00
9.993542025008588237e-01 3.298928240949014013e-05 7.490336537178614896e-34 7.921363531709248227e-34 6.128082167317509864e-04 0.000000000000000000e+00
9.993542025008588237e-01 3.298928240949014013e-05 7.490336537178614896e-34 7.921363531709248227e-34 6.128082167317509864e-04 0.000000000000000000e+00
9.993542025008588237e-01 3.298928240949014013e-05 7.490336537178614896e-34 7.921363531709248227e-34 6.128082167317509864e-04 0.000000000000000000e+00
9.993542025008588237e-01 3.298928240949014013e-05 7.490336537178614896e-34 7.921363531709248227e-34 6.128082167317509864e-04 0.000000000000000000e+00
9.993542025008588237e-01 3.298928240949014013e-05 7.490336537178614896e-34 7.921363531709248227e-34 6.128082167317509864e-04 0.000000000000000000e+00
9.993542025008588237e-01 3.298928240949014013e-05 7.490336537178614896e-34 7.921363531709248227e-34 6.128082167317509864e-04 0.000000000000000000e+00
9.993542025008588237e-01 3.298928240949014013e-05 7.490336537178614896e-34 7.921363531709248227e-34 6.128082167317509864e-04 0.000000000000000000e+00
9.993542025008588237e-01 3.298928240949014013e-05 7.490336537178614896e-34 7.921363531709248227e-34 6.128082167317509864e-04 0.000000000000000000e+00
9.993542025008588237e-01 3.298928240949014013e-05 7.490336537178614896e-34 7.921363531709248227e-34 6.128082167317509864e-04 0.000000000000000000e+00
9.993542025008588237e-01 3.298928240949014013e-05 7.490336537178614896e-34 7.921363531709248227e-34 6.128082167317509864e-04 0.000000000000000000e+00
9.993542025008588237e-01 3.298928240949014013e-05 7.490336537178614896e-34 7.921363531709248227e-34 6.128082167317509864e-04 0.000000000000000000e+00
9.993542025008588237e-01 3.298928240949014013e-05 7.490336537178614896e-34 7.921363531709248227e-34 6.128082167317509864e-04 0.000000000000000000e+00
9.993542025008588237e-01 3.298928240949014013e-05 7.490336537178614896e-34 7.921363531709248227e-34 6.128082167317509864e-04 0.000000000000000000e+00
9.993542025008588237e-01 3.298928240949014013e-05 7.490336537178614896e-34 7.921363531709248227e-34 6.128082167317509864e-04 0.000000000000000000e+00
9.993542025008588237e-01 3.298928240949014013e-05 7.490336537178614896e-34 7.921363531709248227e-34 6.128082167317509864e-04 0.000000000000000000e+00
9.993542025008588237e-01 3.298928240949014013e-05 7.490336537178614896e-34 7.921363531709248227e-34 6.128082167317509864e-04 0.000000000000000000e+00
9.993542025008588237e-01 3.298928240949014013e-05 7.490336537178614896e-34 7.921363531709248227e-34 6.128082167317509864e-04 0.000000000000000000e+00
9.993542025008588237e-01 3.298928240949014013e-05 7.490336537178614896e-34 7.921363531709248227e-34 6.128082167317509864e-04 0.000000000000000000e+00
9.993542025008588237e-01 3.298928240949014013e-05 7.490336537178614896e-34 7.921363531709248227e-34 6.128082167317509864e-04 0.000000000000000000e+00
9.993542025008588237e-01 3.298928240949014013e-05 7.490336537178614896e-34 7.921363531709248227e-34 6.128082167317509864e-04 0.000000000000000000e+00
9.993542025008588237e-01 3.298928240949014013e-05 7.490336537178614896e-34 7.921363531709248227e-34 6.128082167317509864e-04 0.000000000000000000e+00
9.993542025008588237e-01 3.298928240949014013e-05 7.490336537178614896e-34 7.921363531709248227e-34 6.128082167317509864e-04 0.000000000000000000e+00
9.993542025008588237e-01 3.298928240949014013e-05 7.490336537178614896e-34 7.921363531709248227e-34 6.128082167317509864e-04 0.000000000000000000e+00
9.993542025008588237e-01 3.298928240949014013e-05 7.490336537178614896e-34 7.921363531709248227e-34 6.128082167317509864e-04 0.000000000000000000e+00
9.993542025008588237e-01 3.298928240949014013e-05 7.490336537178614896e-34 7.921363531709248227e-34 6.128082167317509864e-04 0.000000000000000000e+00
9.993542025008588237e-01 3.298928240949014013e-05 7.490336537178614896e-34 7.921363531709248227e-34 6.128082167317509864e-04 0.000000000000000000e+00
9.993542025008588237e-01 3.298928240949014013e-05 7.490336537178614896e-34 7.921363531709248227e-34 6.128082167317509864e-04 0.000000000000000000e+00
9.993542025008588237e-01 3.298928240949014013e-05 7.490336537178614896e-34 7.921363531709248227e-34 6.128082167317509864e-04 0.000000000000000000e+00
9.993542025008588237e-01 3.298928240949014013e-05 7.490336537178614896e-34 7.921363531709248227e-34 6.128082167317509864e-04 0.000000000000000000e+00
9.993542025008588237e-01 3.298928240949014013e-05 7.490336537178614896e-34 7.921363531709248227e-34 6.128082167317509864e-04 0.000000000000000000e+00
9.993542025008588237e-01 3.298928240949014013e-05 7.490336537178614896e-34 7.921363531709248227e-34 6.128082167317509864e-04 0.000000000000000000e+00
9.993542025008588237e-01 3.298928240949014013e-05 7.490336537178614896e-34 7.921363531709248227e-34 6.128082167317509864e-04 0.000000000000000000e+00
9.993542025008588237e-01 3.298928240949014013e-05 7.490336537178614896e-34 7.921363531709248227e-34 6.128082167317509864e-04 0.000000000000000000e+00
9.993542025008588237e-01 3.298928240949014013e-05 7.490336537178614896e-34 7.921363531709248227e-34 6.128082167317509864e-04 0.000000000000000000e+00
9.993542025008588237e-01 3.298928240949014013e-05 7.490336537178614896e-34 7.921363531709248227e-34 6.128082167317509864e-04 0.000000000000000000e+00
9.993542025008588237e-01 3.298928240949014013e-05 7.490336537178614896e-34 7.921363531709248227e-34 6.128082167317509864e-04 0.000000000000000000e+00
9.993542025008588237e-01 3.298928240949014013e-05 7.490336537178614896e-34 7.921363531709248227e-34 6.128082167317509864e-04 0.000000000000000000e+00
9.993542025008588237e-01 3.298928240949014013e-05 7.490336537178614896e-34 7.921363531709248227e-34 6.128082167317509864e-04 0.000000000000000000e+00
9.993542025008588237e-01 3.298928240949014013e-05 7.490336537178614896e-34 7.921363531709248227e-34 6.128082167317509864e-04 0.000000000000000000e+00
9.993542025008588237e-01 3.298928240949014013e-05 7.490336537178614896e-34 7.921363531709248227e-34 6.128082167317509864e-04 0.000000000000000000e+00
9.993542025008588237e-01 3.298928240949014013e-05 7.490336537178614896e-34 7.921363531709248227e-34 6.128082167317509864e-04 0.000000000000000000e+00
9.993542025008588237e-01 3.298928240949014013e-05 7.490336537178614896e-34 7.921363531709248227e-34 6.128082167317509864e-04 0.000000000000000000e+00
9.993542025008588237e-01 3.298928240949014013e-05 7.490336537178614896e-34 7.921363531709248227e-34 6.128082167317509864e-04 0.000000000000000000e+00
9.993542025008588237e-01 3.298928240949014013e-05 7.490336537178614896e-34 7.921363531709248227e-34 6.128082167317509864e-04 0.000000000000000000e+00
9.993542025008588237e-01 3.298928240949014013e-05 7.490336537178614896e-34 7.921363531709248227e-34 6.128082167317509864e-04 0.000000000000000000e+00
9.993542025008588237e-01 3.298928240949014013e-05 7.490336537178614896e-34 7.921363531709248227e-34 6.128082167317509864e-04 0.000000000000000000e+00
9.993542025008588237e-01 3.298928240949014013e-05 7.490336537178614896e-34 7.921363531709248227e-34 6.128082167317509864e-04 0.000000000000000000e+00
9.993542025008588237e-01 3.298928240949014013e-05 7.490336537178614896e-34 7.921363531709248227e-34 6.128082167317509864e-04 0.000000000000000000e+00
9.993542025008588237e-01 3.298928240949014013e-05 7.490336537178614896e-34 7.921363531709248227e-34 6.128082167317509864e-04 0.000000000000000000e+00
9.993542025008588237e-01 3.298928240949014013e-05 7.490336537178614896e-34 7.921363531709248227e-34 6.128082167317509864e-04 0.000000000000000000e+00
9.993542025008588237e-01 3.298928240949014013e-05 7.490336537178614896e-34 7.921363531709248227e-34 6.128082167317509864e-04 0.000000000000000000e+00
9.993542025008588237e-01 3.298928240949014013e-05 7.490336537178614896e-34 7.921363531709248227e-34 6.128082167317509864e-04 0.000000000000000000e+00
9.993542025008588237e-01 3.298928240949014013e-05 7.490336537178614896e-34 7.921363531709248227e-34 6.128082167317509864e-04 0.000000000000000000e+00
9.993542025008588237e-01 3.298928240949014013e-05 7.490336537178614896e-34 7.921363531709248227e-34 6.128082167317509864e-04 0.000000000000000000e+00
9.993542025008588237e-01 3.298928240949014013e-05 7.490336537178614896e-34 7.921363531709248227e-34 6.128082167317509864e-04 0.000000000000000000e+00
9.993542025008588237e-01 3.298928240949014013e-05 7.490336537178614896e-34 7.921363531709248227e-34 6.128082167317509864e-04 0.000000000000000000e+00
9.993542025008588237e-01 3.298928240949014013e-05 7.490336537178614896e-34 7.921363531709248227e-34 6.128082167317509864e-04 0.000000000000000000e+00
9.993542025008588237e-01 3.298928240949014013e-05 7.490336537178614896e-34 7.921363531709248227e-34 6.128082167317509864e-04 0.000000000000000000e+00
9.993542025008588237e-01 3.298928240949014013e-05 7.490336537178614896e-34 7.921363531709248227e-34 6.128082167317509864e-04 0.000000000000000000e+00
9.993542025008588237e-01 3.298928240949014013e-05 7.490336537178614896e-34 7.921363531709248227e-34 6.128082167317509864e-04 0.000000000000000000e+00
9.993542025008588237e-01 3.298928240949014013e-05 7.490336537178614896e-34 7.921363531709248227e-34 6.128082167317509864e-04 0.000000000000000000e+00
9.993542025008588237e-01 3.298928240949014013e-05 7.490336537178614896e-34 7.921363531709248227e-34 6.128082167317509864e-04 0.000000000000000000e+00
9.993542025008588237e-01 3.298928240949014013e-05 7.490336537178614896e-34 7.921363531709248227e-34 6.128082167317509864e-04 0.000000000000000000e+00
9.993542025008588237e-01 3.298928240949014013e-05 7.490336537178614896e-34 7.921363531709248227e-34 6.128082167317509864e-04 0.000000000000000000e+00
9.993542025008588237e-01 3.298928240949014013e-05 7.490336537178614896e-34 7.921363531709248227e-34 6.128082167317509864e-04 0.000000000000000000e+00
9.993542025008588237e-01 3.298928240949014013e-05 7.490336537178614896e-34 7.921363531709248227e-34 6.128082167317509864e-04 0.000000000000000000e+00
9.993542025008588237e-01 3.298928240949014013e-05 7.490336537178614896e-34 7.921363531709248227e-34 6.128082167317509864e-04 0.000000000000000000e+00
9.993542025008588237e-01 3.298928240949014013e-05 7.490336537178614896e-34 7.921363531709248227e-34 6.128082167317509864e-04 0.000000000000000000e+00
9.993542025008588237e-01 3.298928240949014013e-05 7.490336537178614896e-34 7.921363531709248227e-34 6.128082167317509864e-04 0.000000000000000000e+00
9.993542025008588237e-01 3.298928240949014013e-05 7.490336537178614896e-34 7.921363531709248227e-34 6.128082167317509864e-04 0.000000000000000000e+00
9.993542025008588237e-01 3.298928240949014013e-05 7.490336537178614896e-34 7.921363531709248227e-34 6.128082167317509864e-04 0.000000000000000000e+00
9.993542025008588237e-01 3.298928240949014013e-05 7.490336537178614896e-34 7.921363531709248227e-34 6.128082167317509864e-04 0.000000000000000000e+00
9.993542025008588237e-01 3.298928240949014013e-05 7.490336537178614896e-34 7.921363531709248227e-34 6.128082167317509864e-04 0.000000000000000000e+00
9.993542025008588237e-01 3.298928240949014013e-05 7.490336537178614896e-34 7.921363531709248227e-34 6.128082167317509864e-04 0.000000000000000000e+00
9.993542025008588237e-01 3.298928240949014013e-05 7.490336537178614896e-34 7.921363531709248227e-34 6.128082167317509864e-04 0.000000000000000000e+00
9.993542025008588237e-01 3.298928240949014013e-05 7.490336537178614896e-34 7.921363531709248227e-34 6.128082167317509864e-04 0.000000000000000000e+00
9.993542025008588237e-01 3.298928240949014013e-05 7.490336537178614896e-34 7.921363531709248227e-34 6.128082167317509864e-04 0.000000000000000000e+00
9.993542025008588237e-01 3.298928240949014013e-05 7.490336537178614896e-34 7.921363531709248227e-34 6.128082167317509864e-04 0.000000000000000000e+00
9.993542025008588237e-01 3.298928240949014013e-05 7.490336537178614896e-34 7.921363531709248227e-34 6.128082167317509864e-04 0.000000000000000000e+00
9.993542025008588237e-01 3.298928240949014013e-05 7.490336537178614896e-34 7.921363531709248227e-34 6.128082167317509864e-04 0.000000000000000000e+00
9.993542025008588237e-01 3.298928240949014013e-05 7.490336537178614896e-34 7.921363531709248227e-34 6.128082167317509864e-04 0.000000000000000000e+00
9.993542025008588237e-01 3.298928240949014013e-05 7.490336537178614896e-34 7.921363531709248227e-34 6.128082167317509864e-04 0.000000000000000000e+00
9.993542025008588237e-01 3.298928240949014013e-05 7.490336537178614896e-34 7.921363531709248227e-34 6.128082167317509864e-04 0.000000000000000000e+00
9.993542025008588237e-01 3.298928240949014013e-05 7.490336537178614896e-34 7.921363531709248227e-34 6.128082167317509864e-04 0.000000000000000000e+00
9.993542025008588237e-01 3.298928240949014013e-05 7.490336537178614896e-34 7.921363531709248227e-34 6.128082167317509864e-04 0.000000000000000000e+00
9.993542025008588237e-01 3.298928240949014013e-05 7.490336537178614896e-34 7.921363531709248227e-34 6.128082167317509864e-04 0.000000000000000000e+00
9.993542025008588237e-01 3.298928240949014013e-05 7.490336537178614896e-34 7.921363531709248227e-34 6.128082167317509864e-04 0.000000000000000000e+00
9.993542025008588237e-01 3.298928240949014013e-05 7.490336537178614896e-34 7.921363531709248227e-34 6.128082167317509864e-04 0.000000000000000000e+00
9.993542025008588237e-01 3.298928240949014013e-05 7.490336537178614896e-34 7.921363531709248227e-34 6.128082167317509864e-04 0.000000000000000000e+00
9.993542025008588237e-01 3.298928240949014013e-05 7.490336537178614896e-34 7.921363531709248227e-34 6.128082167317509864e-04 0.000000000000000000e+00
9.993542025008588237e-01 3.298928240949014013e-05 7.490336537178614896e-34 7.921363531709248227e-34 6.128082167317509864e-04 0.000000000000000000e+00
9.993542025008588237e-01 3.298928240949014013e-05 7.490336537178614896e-34 7.921363531709248227e-34 6.128082167317509864e-04 0.000000000000000000e+00
9.993542025008588237e-01 3.298928240949014013e-05 7.490336537178614896e-34 7.921363531709248227e-34 6.128082167317509864e-04 0.000000000000000000e+00
9.993542025008588237e-01 3.298928240949014013e-05 7.490336537178614896e-34 7.921363531709248227e-34 6.128082167317509864e-04 0.000000000000000000e+00
9.993542025008588237e-01 3.298928240949014013e-05 7.490336537178614896e-34 7.921363531709248227e-34 6.128082167317509864e-04 0.000000000000000000e+00
9.993542025008588237e-01 3.298928240949014013e-05 7.490336537178614896e-34 7.921363531709248227e-34 6.128082167317509864e-04 0.000000000000000000e+00
9.993542025008588237e-01 3.298928240949014013e-05 7.490336537178614896e-34 7.921363531709248227e-34 6.128082167317509864e-04 0.000000000000000000e+00
9.993542025008588237e-01 3.298928240949014013e-05 7.490336537178614896e-34 7.921363531709248227e-34 6.128082167317509864e-04 0.000000000000000000e+00
9.993542025008588237e-01 3.298928240949014013e-05 7.490336537178614896e-34 7.921363531709248227e-34 6.128082167317509864e-04 0.000000000000000000e+00
9.993542025008588237e-01 3.298928240949014013e-05 7.490336537178614896e-34 7.921363531709248227e-34 6.128082167317509864e-04 0.000000000000000000e+00
9.993542025008588237e-01 3.298928240949014013e-05 7.490336537178614896e-34 7.921363531709248227e-34 6.128082167317509864e-04 0.000000000000000000e+00
9.993542025008588237e-01 3.298928240949014013e-05 7.490336537178614896e-34 7.921363531709248227e-34 6.128082167317509864e-04 0.000000000000000000e+00
9.993542025008588237e-01 3.298928240949014013e-05 7.490336537178614896e-34 7.921363531709248227e-34 6.128082167317509864e-04 0.000000000000000000e+00
9.993542025008588237e-01 3.298928240949014013e-05 7.490336537178614896e-34 7.921363531709248227e-34 6.128082167317509864e-04 0.000000000000000000e+00
9.993542025008588237e-01 3.298928240949014013e-05 7.490336537178614896e-34 7.921363531709248227e-34 6.128082167317509864e-04 0.000000000000000000e+00
9.993542025008588237e-01 3.298928240949014013e-05 7.490336537178614896e-34 7.921363531709248227e-34 6.128082167317509864e-04 0.000000000000000000e+00
9.993542025008588237e-01 3.298928240949014013e-05 7.490336537178614896e-34 7.921363531709248227e-34 6.128082167317509864e-04 0.000000000000000000e+00
9.993542025008588237e-01 3.298928240949014013e-05 7.490336537178614896e-34 7.921363531709248227e-34 6.128082167317509864e-04 0.000000000000000000e+00
9.993542025008588237e-01 3.298928240949014013e-05 7.490336537178614896e-34 7.921363531709248227e-34 6.128082167317509864e-04 0.000000000000000000e+00
9.993542025008588237e-01 3.298928240949014013e-05 7.490336537178614896e-34 7.921363531709248227e-34 6.128082167317509864e-04 0.000000000000000000e+00
9.993542025008588237e-01 3.298928240949014013e-05 7.490336537178614896e-34 7.921363531709248227e-34 6.128082167317509864e-04 0.000000000000000000e+00
9.993542025008588237e-01 3.298928240949014013e-05 7.490336537178614896e-34 7.921363531709248227e-34 6.128082167317509864e-04 0.000000000000000000e+00
9.993542025008588237e-01 3.298928240949014013e-05 7.490336537178614896e-34 7.921363531709248227e-34 6.128082167317509864e-04 0.000000000000000000e+00
9.993542025008588237e-01 3.298928240949014013e-05 7.490336537178614896e-34 7.921363531709248227e-34 6.128082167317509864e-04 0.000000000000000000e+00
9.993542025008588237e-01 3.298928240949014013e-05 7.490336537178614896e-34 7.921363531709248227e-34 6.128082167317509864e-04 0.000000000000000000e+00
9.993542025008588237e-01 3.298928240949014013e-05 7.490336537178614896e-34 7.921363531709248227e-34 6.128082167317509864e-04 0.000000000000000000e+00
9.993542025008588237e-01 3.298928240949014013e-05 7.490336537178614896e-34 7.921363531709248227e-34 6.128082167317509864e-04 0.000000000000000000e+00
9.993542025008588237e-01 3.298928240949014013e-05 7.490336537178614896e-34 7.921363531709248227e-34 6.128082167317509864e-04 0.000000000000000000e+00
9.993542025008588237e-01 3.298928240949014013e-05 7.490336537178614896e-34 7.921363531709248227e-34 6.128082167317509864e-04 0.000000000000000000e+00
9.993542025008588237e-01 3.298928240949014013e-05 7.490336537178614896e-34 7.921363531709248227e-34 6.128082167317509864e-04 0.000000000000000000e+00
9.993542025008588237e-01 3.298928240949014013e-05 7.490336537178614896e-34 7.921363531709248227e-34 6.128082167317509864e-04 0.000000000000000000e+00
9.993542025008588237e-01 3.298928240949014013e-05 7.490336537178614896e-34 7.921363531709248227e-34 6.128082167317509864e-04 0.000000000000000000e+00
9.993542025008588237e-01 3.298928240949014013e-05 7.490336537178614896e-34 7.921363531709248227e-34 6.128082167317509864e-04 0.000000000000000000e+00
9.993542025008588237e-01 3.298928240949014013e-05 7.490336537178614896e-34 7.921363531709248227e-34 6.128082167317509864e-04 0.000000000000000000e+00
9.993542025008588237e-01 3.298928240949014013e-05 7.490336537178614896e-34 7.921363531709248227e-34 6.128082167317509864e-04 0.000000000000000000e+00
9.993542025008588237e-01 3.298928240949014013e-05 7.490336537178614896e-34 7.921363531709248227e-34 6.128082167317509864e-04 0.000000000000000000e+00
9.993542025008588237e-01 3.298928240949014013e-05 7.490336537178614896e-34 7.921363531709248227e-34 6.128082167317509864e-04 0.000000000000000000e+00
9.993542025008588237e-01 3.298928240949014013e-05 7.490336537178614896e-34 7.921363531709248227e-34 6.128082167317509864e-04 0.000000000000000000e+00
9.993542025008588237e-01 3.298928240949014013e-05 7.490336537178614896e-34 7.921363531709248227e-34 6.128082167317509864e-04 0.000000000000000000e+00
9.993542025008588237e-01 3.298928240949014013e-05 7.490336537178614896e-34 7.921363531709248227e-34 6.128082167317509864e-04 0.000000000000000000e+00
9.993542025008588237e-01 3.298928240949014013e-05 7.490336537178614896e-34 7.921363531709248227e-34 6.128082167317509864e-04 0.000000000000000000e+00
9.993542025008588237e-01 3.298928240949014013e-05 7.490336537178614896e-34 7.921363531709248227e-34 6.128082167317509864e-04 0.000000000000000000e+00
9.993542025008588237e-01 3.298928240949014013e-05 7.490336537178614896e-34 7.921363531709248227e-34 6.128082167317509864e-04 0.000000000000000000e+00
9.993542025008588237e-01 3.298928240949014013e-05 7.490336537178614896e-34 7.921363531709248227e-34 6.128082167317509864e-04 0.000000000000000000e+00
9.993542025008588237e-01 3.298928240949014013e-05 7.490336537178614896e-34 7.921363531709248227e-34 6.128082167317509864e-04 0.000000000000000000e+00
9.993542025008588237e-01 3.298928240949014013e-05 7.490336537178614896e-34 7.921363531709248227e-34 6.128082167317509864e-04 0.000000000000000000e+00
9.993542025008588237e-01 3.298928240949014013e-05 7.490336537178614896e-34 7.921363531709248227e-34 6.128082167317509864e-04 0.000000000000000000e+00
9.993542025008588237e-01 3.298928240949014013e-05 7.490336537178614896e-34 7.921363531709248227e-34 6.128082167317509864e-04 0.000000000000000000e+00
9.993542025008588237e-01 3.298928240949014013e-05 7.490336537178614896e-34 7.921363531709248227e-34 6.128082167317509864e-04 0.000000000000000000e+00
9.993542025008588237e-01 3.298928240949014013e-05 7.490336537178614896e-34 7.921363531709248227e-34 6.128082167317509864e-04 0.000000000000000000e+00
9.993542025008588237e-01 3.298928240949014013e-05 7.490336537178614896e-34 7.921363531709248227e-34 6.128082167317509864e-04 0.000000000000000000e+00
9.993542025008588237e-01 3.298928240949014013e-05 7.490336537178614896e-34 7.921363531709248227e-34 6.128082167317509864e-04 0.000000000000000000e+00
9.993542025008588237e-01 3.298928240949014013e-05 7.490336537178614896e-34 7.921363531709248227e-34 6.128082167317509864e-04 0.000000000000000000e+00
9.993542025008588237e-01 3.298928240949014013e-05 7.490336537178614896e-34 7.921363531709248227e-34 6.128082167317509864e-04 0.000000000000000000e+00
9.993542025008588237e-01 3.298928240949014013e-05 7.490336537178614896e-34 7.921363531709248227e-34 6.128082167317509864e-04 0.000000000000000000e+00
9.993542025008588237e-01 3.298928240949014013e-05 7.490336537178614896e-34 7.921363531709248227e-34 6.128082167317509864e-04 0.000000000000000000e+00
9.993542025008588237e-01 3.298928240949014013e-05 7.490336537178614896e-34 7.921363531709248227e-34 6.128082167317509864e-04 0.000000000000000000e+00
9.993542025008588237e-01 3.298928240949014013e-05 7.490336537178614896e-34 7.921363531709248227e-34 6.128082167317509864e-04 0.000000000000000000e+00
9.993542025008588237e-01 3.298928240949014013e-05 7.490336537178614896e-34 7.921363531709248227e-34 6.128082167317509864e-04 0.000000000000000000e+00
9.993542025008588237e-01 3.298928240949014013e-05 7.490336537178614896e-34 7.921363531709248227e-34 6.128082167317509864e-04 0.000000000000000000e+00
9.993542025008588237e-01 3.298928240949014013e-05 7.490336537178614896e-34 7.921363531709248227e-34 6.128082167317509864e-04 0.000000000000000000e+00
9.993542025008588237e-01 3.298928240949014013e-05 7.490336537178614896e-34 7.921363531709248227e-34 6.128082167317509864e-04 0.000000000000000000e+00
9.993542025008588237e-01 3.298928240949014013e-05 7.490336537178614896e-34 7.921363531709248227e-34 6.128082167317509864e-04 0.000000000000000000e+00
9.993542025008588237e-01 3.298928240949014013e-05 7.490336537178614896e-34 7.921363531709248227e-34 6.128082167317509864e-04 0.000000000000000000e+00
9.993542025008588237e-01 3.298928240949014013e-05 7.490336537178614896e-34 7.921363531709248227e-34 6.128082167317509864e-04 0.000000000000000000e+00
9.993542025008588237e-01 3.298928240949014013e-05 7.490336537178614896e-34 7.921363531709248227e-34 6.128082167317509864e-04 0.000000000000000000e+00
9.993542025008588237e-01 3.298928240949014013e-05 7.490336537178614896e-34 7.921363531709248227e-34 6.128082167317509864e-04 0.000000000000000000e+00
9.993542025008588237e-01 3.298928240949014013e-05 7.490336537178614896e-34 7.921363531709248227e-34 6.128082167317509864e-04 0.000000000000000000e+00
9.993542025008588237e-01 3.298928240949014013e-05 7.490336537178614896e-34 7.921363531709248227e-34 6.128082167317509864e-04 0.000000000000000000e+00
9.993542025008588237e-01 3.298928240949014013e-05 7.490336537178614896e-34 7.921363531709248227e-34 6.128082167317509864e-04 0.000000000000000000e+00
9.993542025008588237e-01 3.298928240949014013e-05 7.490336537178614896e-34 7.921363531709248227e-34 6.128082167317509864e-04 0.000000000000000000e+00
9.993542025008588237e-01 3.298928240949014013e-05 7.490336537178614896e-34 7.921363531709248227e-34 6.128082167317509864e-04 0.000000000000000000e+00
9.993542025008588237e-01 3.298928240949014013e-05 7.490336537178614896e-34 7.921363531709248227e-34 6.128082167317509864e-04 0.000000000000000000e+00
9.993542025008588237e-01 3.298928240949014013e-05 7.490336537178614896e-34 7.921363531709248227e-34 6.128082167317509864e-04 0.000000000000000000e+00
9.993542025008588237e-01 3.298928240949014013e-05 7.490336537178614896e-34 7.921363531709248227e-34 6.128082167317509864e-04 0.000000000000000000e+00
9.993542025008588237e-01 3.298928240949014013e-05 7.490336537178614896e-34 7.921363531709248227e-34 6.128082167317509864e-04 0.000000000000000000e+00
9.993542025008588237e-01 3.298928240949014013e-05 7.490336537178614896e-34 7.921363531709248227e-34 6.128082167317509864e-04 0.000000000000000000e+00
9.993542025008588237e-01 3.298928240949014013e-05 7.490336537178614896e-34 7.921363531709248227e-34 6.128082167317509864e-04 0.000000000000000000e+00
9.993542025008588237e-01 3.298928240949014013e-05 7.490336537178614896e-34 7.921363531709248227e-34 6.128082167317509864e-04 0.000000000000000000e+00
9.993542025008588237e-01 3.298928240949014013e-05 7.490336537178614896e-34 7.921363531709248227e-34 6.128082167317509864e-04 0.000000000000000000e+00
9.993542025008588237e-01 3.298928240949014013e-05 7.490336537178614896e-34 7.921363531709248227e-34 6.128082167317509864e-04 0.000000000000000000e+00
9.993542025008588237e-01 3.298928240949014013e-05 7.490336537178614896e-34 7.921363531709248227e-34 6.128082167317509864e-04 0.000000000000000000e+00
9.993542025008588237e-01 3.298928240949014013e-05 7.490336537178614896e-34 7.921363531709248227e-34 6.128082167317509864e-04 0.000000000000000000e+00
9.993542025008588237e-01 3.298928240949014013e-05 7.490336537178614896e-34 7.921363531709248227e-34 6.128082167317509864e-04 0.000000000000000000e+00
9.993542025008588237e-01 3.298928240949014013e-05 7.490336537178614896e-34 7.921363531709248227e-34 6.128082167317509864e-04 0.000000000000000000e+00
9.993542025008588237e-01 3.298928240949014013e-05 7.490336537178614896e-34 7.921363531709248227e-34 6.128082167317509864e-04 0.000000000000000000e+00
