9.979666832997239334e-01 1.426464123081672359e-03 8.184041955699521451e-12 4.290050528238637631e-14 6.068525689672917478e-04 0.000000000000000000e+00
9.979666832997240444e-01 1.426464123081672359e-03 6.080374955557603484e-12 3.393415920275674950e-14 6.068525710722966118e-04 0.000000000000000000e+00
9.979666832997240444e-01 1.426464123081672359e-03 4.346912918962427869e-12 2.603643897090113563e-14 6.068525728154007537e-04 0.000000000000000000e+00
9.979666832997241555e-01 1.426464123081672359e-03 3.089213869343987505e-12 1.988115944073825933e-14 6.068525740803900606e-04 0.000000000000000000e+00
9.979666832997241555e-01 1.426464123081672359e-03 2.182387133815632859e-12 1.510840382988865389e-14 6.068525749928951581e-04 0.000000000000000000e+00
9.979666832997240444e-01 1.426464123081672359e-03 1.532509778959674789e-12 1.142585492449103244e-14 6.068525756473503808e-04 0.000000000000000000e+00
9.979666832997240444e-01 1.426464123081672359e-03 1.069620747828531004e-12 8.598559280497823266e-15 6.068525761140298102e-04 0.000000000000000000e+00
9.979666832997238224e-01 1.426464123081672359e-03 7.419589936639560767e-13 6.438785019376026761e-15 6.068525764448621769e-04 0.000000000000000000e+00
9.979666832997240444e-01 1.426464123081672359e-03 5.114720154137772222e-13 4.797309646119100871e-15 6.068525766779484052e-04 0.000000000000000000e+00
9.979666832997239334e-01 1.426464123081672359e-03 3.503042721740418705e-13 3.555642066656477691e-15 6.068525768397633026e-04 0.000000000000000000e+00
9.979666832997240444e-01 1.426464123081672359e-03 2.383897550017611485e-13 2.621769308117309423e-15 6.068525769526145457e-04 0.000000000000000000e+00
9.979666832997240444e-01 1.426464123081672359e-03 1.611836999092638213e-13 1.923113665122528179e-15 6.068525770308297578e-04 0.000000000000000000e+00
9.979666832997241555e-01 1.426464123081672359e-03 1.082638932130417423e-13 1.403133418403337205e-15 6.068525770844611193e-04 0.000000000000000000e+00
9.979666832997240444e-01 1.426464123081672359e-03 7.222393774273130933e-14 1.018123790183285494e-15 6.068525771207762542e-04 0.000000000000000000e+00
9.979666832997241555e-01 1.426464123081672359e-03 4.786450931582377643e-14 7.348370343439828439e-16 6.068525771455438771e-04 0.000000000000000000e+00
9.979666832997239334e-01 1.426464123081672359e-03 3.150468355602031106e-14 5.274544474350479636e-16 6.068525771621277251e-04 0.000000000000000000e+00
9.979666832997240444e-01 1.426464123081672359e-03 2.059392015654885812e-14 3.764962225300805916e-16 6.068525771731975377e-04 0.000000000000000000e+00
9.979666832997241555e-01 1.426464123081672359e-03 1.336962857847539667e-14 2.672570270734387702e-16 6.068525771805764009e-04 0.000000000000000000e+00
9.979666832997240444e-01 1.426464123081672359e-03 8.617186402011556422e-15 1.886117601122939068e-16 6.068525771853954627e-04 0.000000000000000000e+00
9.979666832997239334e-01 1.426464123081672359e-03 5.515321045786630463e-15 1.323593492853402033e-16 6.068525771885764034e-04 0.000000000000000000e+00
9.979666832997239334e-01 1.426464123081672359e-03 3.503950469661956521e-15 9.233011703804930763e-17 6.068525771906241361e-04 0.000000000000000000e+00
9.979666832997239334e-01 1.426464123081672359e-03 2.210006238184168097e-15 6.403074007790629276e-17 6.068525771919520669e-04 0.000000000000000000e+00
9.979666832997240444e-01 1.426464123081672359e-03 1.383540697950536082e-15 4.413882922016921835e-17 6.068525771928028403e-04 0.000000000000000000e+00
9.979666832997241555e-01 1.426464123081672359e-03 8.595355632742677382e-16 3.023902830800712208e-17 6.068525771933396288e-04 0.000000000000000000e+00
9.979666832997239334e-01 1.426464123081672359e-03 5.300137834140190297e-16 2.059170305137900193e-17 6.068525771936821283e-04 0.000000000000000000e+00
9.979666832997240444e-01 1.426464123081672359e-03 3.242522977166783218e-16 1.393316005835061156e-17 6.068525771938944151e-04 0.000000000000000000e+00
9.979666832997240444e-01 1.426464123081672359e-03 1.968254507271959848e-16 9.368371669453042663e-18 6.068525771940265793e-04 0.000000000000000000e+00
9.979666832997240444e-01 1.426464123081672359e-03 1.185502583303700280e-16 6.259682428032453781e-18 6.068525771941084366e-04 0.000000000000000000e+00
9.979666832997240444e-01 1.426464123081672359e-03 7.084151792347600919e-17 4.155912035979626075e-18 6.068525771941587436e-04 0.000000000000000000e+00
9.979666832997240444e-01 1.426464123081672359e-03 4.197891316546190076e-17 2.740561483785218892e-18 6.068525771941891012e-04 0.000000000000000000e+00
9.979666832997240444e-01 1.426464123081672359e-03 2.467398943065162719e-17 1.795386446179774208e-18 6.068525771942070990e-04 0.000000000000000000e+00
9.979666832997240444e-01 1.426464123081672359e-03 1.438324916014016103e-17 1.168359580073229514e-18 6.068525771942177242e-04 0.000000000000000000e+00
9.979666832997239334e-01 1.426464123081672359e-03 8.314351990144684991e-18 7.551792931813709580e-19 6.068525771942245546e-04 0.000000000000000000e+00
9.979666832997241555e-01 1.426464123081672359e-03 4.765382191256263096e-18 4.847671946362064322e-19 6.068525771942288915e-04 0.000000000000000000e+00
9.979666832997241555e-01 1.426464123081672359e-03 2.707753245161032115e-18 3.090156993248909241e-19 6.068525771942307346e-04 0.000000000000000000e+00
9.979666832997241555e-01 1.426464123081672359e-03 1.525129045145906380e-18 1.955900009684839535e-19 6.068525771942319272e-04 0.000000000000000000e+00
9.979666832997241555e-01 1.426464123081672359e-03 8.513253798890178297e-19 1.229008179959439488e-19 6.068525771942332283e-04 0.000000000000000000e+00
9.979666832997241555e-01 1.426464123081672359e-03 4.709523779781832259e-19 7.666645994432819832e-20 6.068525771942332283e-04 0.000000000000000000e+00
9.979666832997240444e-01 1.426464123081672359e-03 2.581671804346991189e-19 4.747424349347520982e-20 6.068525771942337704e-04 0.000000000000000000e+00
9.979666832997239334e-01 1.426464123081672359e-03 1.402221935082843922e-19 2.917905923536655971e-20 6.068525771942337704e-04 0.000000000000000000e+00
9.979666832997240444e-01 1.426464123081672359e-03 7.545002156951936335e-20 1.779887328668239028e-20 6.068525771942337704e-04 0.000000000000000000e+00
9.979666832997240444e-01 1.426464123081672359e-03 4.020978637312375627e-20 1.077315669233966917e-20 6.068525771942337704e-04 0.000000000000000000e+00
9.979666832997240444e-01 1.426464123081672359e-03 2.122359139697525422e-20 6.470088550200146663e-21 6.068525771942337704e-04 0.000000000000000000e+00
9.979666832997239334e-01 1.426464123081672359e-03 1.109359248724415947e-20 3.855269901345450868e-21 6.068525771942337704e-04 0.000000000000000000e+00
9.979666832997240444e-01 1.426464123081672359e-03 5.741765642685551479e-21 2.278971884483534590e-21 6.068525771942337704e-04 0.000000000000000000e+00
9.979666832997240444e-01 1.426464123081672359e-03 2.942354114423983789e-21 1.336371387978446945e-21 6.068525771942337704e-04 0.000000000000000000e+00
9.979666832997240444e-01 1.426464123081672359e-03 1.492725703656125525e-21 7.772957266042910842e-22 6.068525771942337704e-04 0.000000000000000000e+00
9.979666832997240444e-01 1.426464123081672359e-03 7.496498008739276494e-22 4.484167323497719171e-22 6.068525771942337704e-04 0.000000000000000000e+00
9.979666832997241555e-01 1.426464123081672359e-03 3.723736178143090394e-22 2.564065709550367900e-22 6.068525771942337704e-04 0.000000000000000000e+00
9.979666832997240444e-01 1.426464123081672359e-03 1.830306623794796085e-22 1.453702537037620748e-22 6.068525771942337704e-04 0.000000000000000000e+00
9.979666832997241555e-01 1.426464123081672359e-03 1.004223537419115155e-22 8.998087363683615769e-23 6.068525771942337704e-04 0.000000000000000000e+00
9.979666832997241555e-01 1.426464123081672359e-03 1.004223537419115155e-22 8.998087363683615769e-23 6.068525771942337704e-04 0.000000000000000000e+00
9.979666832997241555e-01 1.426464123081672359e-03 1.004223537419115155e-22 8.998087363683615769e-23 6.068525771942337704e-04 0.000000000000000000e+00
9.979666832997241555e-01 1.426464123081672359e-03 1.004223537419115155e-22 8.998087363683615769e-23 6.068525771942337704e-04 0.000000000000000000e+00
9.979666832997241555e-01 1.426464123081672359e-03 1.004223537419115155e-22 8.998087363683615769e-23 6.068525771942337704e-04 0.000000000000000000e+00
9.979666832997241555e-01 1.426464123081672359e-03 1.004223537419115155e-22 8.998087363683615769e-23 6.068525771942337704e-04 0.000000000000000000e+00
9.979666832997241555e-01 1.426464123081672359e-03 1.004223537419115155e-22 8.998087363683615769e-23 6.068525771942337704e-04 0.000000000000000000e+00
9.979666832997241555e-01 1.426464123081672359e-03 1.004223537419115155e-22 8.998087363683615769e-23 6.068525771942337704e-04 0.000000000000000000e+00
9.979666832997241555e-01 1.426464123081672359e-03 1.004223537419115155e-22 8.998087363683615769e-23 6.068525771942337704e-04 0.000000000000000000e+00
9.979666832997241555e-01 1.426464123081672359e-03 1.004223537419115155e-22 8.998087363683615769e-23 6.068525771942337704e-04 0.000000000000000000e+00
9.979666832997241555e-01 1.426464123081672359e-03 1.004223537419115155e-22 8.998087363683615769e-23 6.068525771942337704e-04 0.000000000000000000e+00
9.979666832997241555e-01 1.426464123081672359e-03 1.004223537419115155e-22 8.998087363683615769e-23 6.068525771942337704e-04 0.000000000000000000e+00
9.979666832997241555e-01 1.426464123081672359e-03 1.004223537419115155e-22 8.998087363683615769e-23 6.068525771942337704e-04 0.000000000000000000e+00
9.979666832997241555e-01 1.426464123081672359e-03 1.004223537419115155e-22 8.998087363683615769e-23 6.068525771942337704e-04 0.000000000000000000e+00
9.979666832997241555e-01 1.426464123081672359e-03 1.004223537419115155e-22 8.998087363683615769e-23 6.068525771942337704e-04 0.000000000000000000e+00
9.979666832997241555e-01 1.426464123081672359e-03 1.004223537419115155e-22 8.998087363683615769e-23 6.068525771942337704e-04 0.000000000000000000e+00
9.979666832997241555e-01 1.426464123081672359e-03 1.004223537419115155e-22 8.998087363683615769e-23 6.068525771942337704e-04 0.000000000000000000e+00
9.979666832997241555e-01 1.426464123081672359e-03 1.004223537419115155e-22 8.998087363683615769e-23 6.068525771942337704e-04 0.000000000000000000e+00
9.979666832997241555e-01 1.426464123081672359e-03 1.004223537419115155e-22 8.998087363683615769e-23 6.068525771942337704e-04 0.000000000000000000e+00
9.979666832997241555e-01 1.426464123081672359e-03 1.004223537419115155e-22 8.998087363683615769e-23 6.068525771942337704e-04 0.000000000000000000e+00
9.979666832997241555e-01 1.426464123081672359e-03 1.004223537419115155e-22 8.998087363683615769e-23 6.068525771942337704e-04 0.000000000000000000e+00
9.979666832997241555e-01 1.426464123081672359e-03 1.004223537419115155e-22 8.998087363683615769e-23 6.068525771942337704e-04 0.000000000000000000e+00
9.979666832997241555e-01 1.426464123081672359e-03 1.004223537419115155e-22 8.998087363683615769e-23 6.068525771942337704e-04 0.000000000000000000e+00
9.979666832997241555e-01 1.426464123081672359e-03 1.004223537419115155e-22 8.998087363683615769e-23 6.068525771942337704e-04 0.000000000000000000e+00
9.979666832997241555e-01 1.426464123081672359e-03 1.004223537419115155e-22 8.998087363683615769e-23 6.068525771942337704e-04 0.000000000000000000e+00
9.979666832997241555e-01 1.426464123081672359e-03 1.004223537419115155e-22 8.998087363683615769e-23 6.068525771942337704e-04 0.000000000000000000e+00
9.979666832997241555e-01 1.426464123081672359e-03 1.004223537419115155e-22 8.998087363683615769e-23 6.068525771942337704e-04 0.000000000000000000e+00
9.979666832997241555e-01 1.426464123081672359e-03 1.004223537419115155e-22 8.998087363683615769e-23 6.068525771942337704e-04 0.000000000000000000e+00
9.979666832997241555e-01 1.426464123081672359e-03 1.004223537419115155e-22 8.998087363683615769e-23 6.068525771942337704e-04 0.000000000000000000e+00
9.979666832997241555e-01 1.426464123081672359e-03 1.004223537419115155e-22 8.998087363683615769e-23 6.068525771942337704e-04 0.000000000000000000e+00
9.979666832997241555e-01 1.426464123081672359e-03 1.004223537419115155e-22 8.998087363683615769e-23 6.068525771942337704e-04 0.000000000000000000e+00
9.979666832997241555e-01 1.426464123081672359e-03 1.004223537419115155e-22 8.998087363683615769e-23 6.068525771942337704e-04 0.000000000000000000e+00
9.979666832997241555e-01 1.426464123081672359e-03 1.004223537419115155e-22 8.998087363683615769e-23 6.068525771942337704e-04 0.000000000000000000e+00
9.979666832997241555e-01 1.426464123081672359e-03 1.004223537419115155e-22 8.998087363683615769e-23 6.068525771942337704e-04 0.000000000000000000e+00
9.979666832997241555e-01 1.426464123081672359e-03 1.004223537419115155e-22 8.998087363683615769e-23 6.068525771942337704e-04 0.000000000000000000e+00
9.979666832997241555e-01 1.426464123081672359e-03 1.004223537419115155e-22 8.998087363683615769e-23 6.068525771942337704e-04 0.000000000000000000e+00
9.979666832997241555e-01 1.426464123081672359e-03 1.004223537419115155e-22 8.998087363683615769e-23 6.068525771942337704e-04 0.000000000000000000e+00
9.979666832997241555e-01 1.426464123081672359e-03 1.004223537419115155e-22 8.998087363683615769e-23 6.068525771942337704e-04 0.000000000000000000e+00
9.979666832997241555e-01 1.426464123081672359e-03 1.004223537419115155e-22 8.998087363683615769e-23 6.068525771942337704e-04 0.000000000000000000e+00
9.979666832997241555e-01 1.426464123081672359e-03 1.004223537419115155e-22 8.998087363683615769e-23 6.068525771942337704e-04 0.000000000000000000e+00
9.979666832997241555e-01 1.426464123081672359e-03 1.004223537419115155e-22 8.998087363683615769e-23 6.068525771942337704e-04 0.000000000000000000e+00
9.979666832997241555e-01 1.426464123081672359e-03 1.004223537419115155e-22 8.998087363683615769e-23 6.068525771942337704e-04 0.000000000000000000e+00
9.979666832997241555e-01 1.426464123081672359e-03 1.004223537419115155e-22 8.998087363683615769e-23 6.068525771942337704e-04 0.000000000000000000e+00
9.979666832997241555e-01 1.426464123081672359e-03 1.004223537419115155e-22 8.998087363683615769e-23 6.068525771942337704e-04 0.000000000000000000e+00
9.979666832997241555e-01 1.426464123081672359e-03 1.004223537419115155e-22 8.998087363683615769e-23 6.068525771942337704e-04 0.000000000000000000e+00
9.979666832997241555e-01 1.426464123081672359e-03 1.004223537419115155e-22 8.998087363683615769e-23 6.068525771942337704e-04 0.000000000000000000e+00
9.979666832997241555e-01 1.426464123081672359e-03 1.004223537419115155e-22 8.998087363683615769e-23 6.068525771942337704e-04 0.000000000000000000e+00
9.979666832997241555e-01 1.426464123081672359e-03 1.004223537419115155e-22 8.998087363683615769e-23 6.068525771942337704e-04 0.000000000000000000e+00
9.979666832997241555e-01 1.426464123081672359e-03 1.004223537419115155e-22 8.998087363683615769e-23 6.068525771942337704e-04 0.000000000000000000e+00
9.979666832997241555e-01 1.426464123081672359e-03 1.004223537419115155e-22 8.998087363683615769e-23 6.068525771942337704e-04 0.000000000000000000e+00
9.979666832997241555e-01 1.426464123081672359e-03 1.004223537419115155e-22 8.998087363683615769e-23 6.068525771942337704e-04 0.000000000000000000e+00
9.979666832997241555e-01 1.426464123081672359e-03 1.004223537419115155e-22 8.998087363683615769e-23 6.068525771942337704e-04 0.000000000000000000e+00
9.979666832997241555e-01 1.426464123081672359e-03 1.004223537419115155e-22 8.998087363683615769e-23 6.068525771942337704e-04 0.000000000000000000e+00
9.979666832997241555e-01 1.426464123081672359e-03 1.004223537419115155e-22 8.998087363683615769e-23 6.068525771942337704e-04 0.000000000000000000e+00
9.979666832997241555e-01 1.426464123081672359e-03 1.004223537419115155e-22 8.998087363683615769e-23 6.068525771942337704e-04 0.000000000000000000e+00
9.979666832997241555e-01 1.426464123081672359e-03 1.004223537419115155e-22 8.998087363683615769e-23 6.068525771942337704e-04 0.000000000000000000e+00
9.979666832997241555e-01 1.426464123081672359e-03 1.004223537419115155e-22 8.998087363683615769e-23 6.068525771942337704e-04 0.000000000000000000e+00
9.979666832997241555e-01 1.426464123081672359e-03 1.004223537419115155e-22 8.998087363683615769e-23 6.068525771942337704e-04 0.000000000000000000e+00
9.979666832997241555e-01 1.426464123081672359e-03 1.004223537419115155e-22 8.998087363683615769e-23 6.068525771942337704e-04 0.000000000000000000e+00
9.979666832997241555e-01 1.426464123081672359e-03 1.004223537419115155e-22 8.998087363683615769e-23 6.068525771942337704e-04 0.000000000000000000e+00
9.979666832997241555e-01 1.426464123081672359e-03 1.004223537419115155e-22 8.998087363683615769e-23 6.068525771942337704e-04 0.000000000000000000e+00
9.979666832997241555e-01 1.426464123081672359e-03 1.004223537419115155e-22 8.998087363683615769e-23 6.068525771942337704e-04 0.000000000000000000e+00
9.979666832997241555e-01 1.426464123081672359e-03 1.004223537419115155e-22 8.998087363683615769e-23 6.068525771942337704e-04 0.000000000000000000e+00
9.979666832997241555e-01 1.426464123081672359e-03 1.004223537419115155e-22 8.998087363683615769e-23 6.068525771942337704e-04 0.000000000000000000e+00
9.979666832997241555e-01 1.426464123081672359e-03 1.004223537419115155e-22 8.998087363683615769e-23 6.068525771942337704e-04 0.000000000000000000e+00
9.979666832997241555e-01 1.426464123081672359e-03 1.004223537419115155e-22 8.998087363683615769e-23 6.068525771942337704e-04 0.000000000000000000e+00
9.979666832997241555e-01 1.426464123081672359e-03 1.004223537419115155e-22 8.998087363683615769e-23 6.068525771942337704e-04 0.000000000000000000e+00
9.979666832997241555e-01 1.426464123081672359e-03 1.004223537419115155e-22 8.998087363683615769e-23 6.068525771942337704e-04 0.000000000000000000e+00
9.979666832997241555e-01 1.426464123081672359e-03 1.004223537419115155e-22 8.998087363683615769e-23 6.068525771942337704e-04 0.000000000000000000e+00
9.979666832997241555e-01 1.426464123081672359e-03 1.004223537419115155e-22 8.998087363683615769e-23 6.068525771942337704e-04 0.000000000000000000e+00
9.979666832997241555e-01 1.426464123081672359e-03 1.004223537419115155e-22 8.998087363683615769e-23 6.068525771942337704e-04 0.000000000000000000e+00
9.979666832997241555e-01 1.426464123081672359e-03 1.004223537419115155e-22 8.998087363683615769e-23 6.068525771942337704e-04 0.000000000000000000e+00
9.979666832997241555e-01 1.426464123081672359e-03 1.004223537419115155e-22 8.998087363683615769e-23 6.068525771942337704e-04 0.000000000000000000e+00
9.979666832997241555e-01 1.426464123081672359e-03 1.004223537419115155e-22 8.998087363683615769e-23 6.068525771942337704e-04 0.000000000000000000e+00
9.979666832997241555e-01 1.426464123081672359e-03 1.004223537419115155e-22 8.998087363683615769e-23 6.068525771942337704e-04 0.000000000000000000e+00
9.979666832997241555e-01 1.426464123081672359e-03 1.004223537419115155e-22 8.998087363683615769e-23 6.068525771942337704e-04 0.000000000000000000e+00
9.979666832997241555e-01 1.426464123081672359e-03 1.004223537419115155e-22 8.998087363683615769e-23 6.068525771942337704e-04 0.000000000000000000e+00
9.979666832997241555e-01 1.426464123081672359e-03 1.004223537419115155e-22 8.998087363683615769e-23 6.068525771942337704e-04 0.000000000000000000e+00
9.979666832997241555e-01 1.426464123081672359e-03 1.004223537419115155e-22 8.998087363683615769e-23 6.068525771942337704e-04 0.000000000000000000e+00
9.979666832997241555e-01 1.426464123081672359e-03 1.004223537419115155e-22 8.998087363683615769e-23 6.068525771942337704e-04 0.000000000000000000e+00
9.979666832997241555e-01 1.426464123081672359e-03 1.004223537419115155e-22 8.998087363683615769e-23 6.068525771942337704e-04 0.000000000000000000e+00
9.979666832997241555e-01 1.426464123081672359e-03 1.004223537419115155e-22 8.998087363683615769e-23 6.068525771942337704e-04 0.000000000000000000e+00
9.979666832997241555e-01 1.426464123081672359e-03 1.004223537419115155e-22 8.998087363683615769e-23 6.068525771942337704e-04 0.000000000000000000e+00
9.979666832997241555e-01 1.426464123081672359e-03 1.004223537419115155e-22 8.998087363683615769e-23 6.068525771942337704e-04 0.000000000000000000e+00
9.979666832997241555e-01 1.426464123081672359e-03 1.004223537419115155e-22 8.998087363683615769e-23 6.068525771942337704e-04 0.000000000000000000e+00
9.979666832997241555e-01 1.426464123081672359e-03 1.004223537419115155e-22 8.998087363683615769e-23 6.068525771942337704e-04 0.000000000000000000e+00
9.979666832997241555e-01 1.426464123081672359e-03 1.004223537419115155e-22 8.998087363683615769e-23 6.068525771942337704e-04 0.000000000000000000e+00
9.979666832997241555e-01 1.426464123081672359e-03 1.004223537419115155e-22 8.998087363683615769e-23 6.068525771942337704e-04 0.000000000000000000e+00
9.979666832997241555e-01 1.426464123081672359e-03 1.004223537419115155e-22 8.998087363683615769e-23 6.068525771942337704e-04 0.000000000000000000e+00
9.979666832997241555e-01 1.426464123081672359e-03 1.004223537419115155e-22 8.998087363683615769e-23 6.068525771942337704e-04 0.000000000000000000e+00
9.979666832997241555e-01 1.426464123081672359e-03 1.004223537419115155e-22 8.998087363683615769e-23 6.068525771942337704e-04 0.000000000000000000e+00
9.979666832997241555e-01 1.426464123081672359e-03 1.004223537419115155e-22 8.998087363683615769e-23 6.068525771942337704e-04 0.000000000000000000e+00
9.979666832997241555e-01 1.426464123081672359e-03 1.004223537419115155e-22 8.998087363683615769e-23 6.068525771942337704e-04 0.000000000000000000e+00
9.979666832997241555e-01 1.426464123081672359e-03 1.004223537419115155e-22 8.998087363683615769e-23 6.068525771942337704e-04 0.000000000000000000e+00
9.979666832997241555e-01 1.426464123081672359e-03 1.004223537419115155e-22 8.998087363683615769e-23 6.068525771942337704e-04 0.000000000000000000e+00
9.979666832997241555e-01 1.426464123081672359e-03 1.004223537419115155e-22 8.998087363683615769e-23 6.068525771942337704e-04 0.000000000000000000e+00
9.979666832997241555e-01 1.426464123081672359e-03 1.004223537419115155e-22 8.998087363683615769e-23 6.068525771942337704e-04 0.000000000000000000e+00
9.979666832997241555e-01 1.426464123081672359e-03 1.004223537419115155e-22 8.998087363683615769e-23 6.068525771942337704e-04 0.000000000000000000e+00
9.979666832997241555e-01 1.426464123081672359e-03 1.004223537419115155e-22 8.998087363683615769e-23 6.068525771942337704e-04 0.000000000000000000e+00
9.979666832997241555e-01 1.426464123081672359e-03 1.004223537419115155e-22 8.998087363683615769e-23 6.068525771942337704e-04 0.000000000000000000e+00
9.979666832997241555e-01 1.426464123081672359e-03 1.004223537419115155e-22 8.998087363683615769e-23 6.068525771942337704e-04 0.000000000000000000e+00
9.979666832997241555e-01 1.426464123081672359e-03 1.004223537419115155e-22 8.998087363683615769e-23 6.068525771942337704e-04 0.000000000000000000e+00
9.979666832997241555e-01 1.426464123081672359e-03 1.004223537419115155e-22 8.998087363683615769e-23 6.068525771942337704e-04 0.000000000000000000e+00
9.979666832997241555e-01 1.426464123081672359e-03 1.004223537419115155e-22 8.998087363683615769e-23 6.068525771942337704e-04 0.000000000000000000e+00
9.979666832997241555e-01 1.426464123081672359e-03 1.004223537419115155e-22 8.998087363683615769e-23 6.068525771942337704e-04 0.000000000000000000e+00
9.979666832997241555e-01 1.426464123081672359e-03 1.004223537419115155e-22 8.998087363683615769e-23 6.068525771942337704e-04 0.000000000000000000e+00
9.979666832997241555e-01 1.426464123081672359e-03 1.004223537419115155e-22 8.998087363683615769e-23 6.068525771942337704e-04 0.000000000000000000e+00
9.979666832997241555e-01 1.426464123081672359e-03 1.004223537419115155e-22 8.998087363683615769e-23 6.068525771942337704e-04 0.000000000000000000e+00
9.979666832997241555e-01 1.426464123081672359e-03 1.004223537419115155e-22 8.998087363683615769e-23 6.068525771942337704e-04 0.000000000000000000e+00
9.979666832997241555e-01 1.426464123081672359e-03 1.004223537419115155e-22 8.998087363683615769e-23 6.068525771942337704e-04 0.000000000000000000e+00
9.979666832997241555e-01 1.426464123081672359e-03 1.004223537419115155e-22 8.998087363683615769e-23 6.068525771942337704e-04 0.000000000000000000e+00
9.979666832997241555e-01 1.426464123081672359e-03 1.004223537419115155e-22 8.998087363683615769e-23 6.068525771942337704e-04 0.000000000000000000e+00
9.979666832997241555e-01 1.426464123081672359e-03 1.004223537419115155e-22 8.998087363683615769e-23 6.068525771942337704e-04 0.000000000000000000e+00
9.979666832997241555e-01 1.426464123081672359e-03 1.004223537419115155e-22 8.998087363683615769e-23 6.068525771942337704e-04 0.000000000000000000e+00
9.979666832997241555e-01 1.426464123081672359e-03 1.004223537419115155e-22 8.998087363683615769e-23 6.068525771942337704e-04 0.000000000000000000e+00
9.979666832997241555e-01 1.426464123081672359e-03 1.004223537419115155e-22 8.998087363683615769e-23 6.068525771942337704e-04 0.000000000000000000e+00
9.979666832997241555e-01 1.426464123081672359e-03 1.004223537419115155e-22 8.998087363683615769e-23 6.068525771942337704e-04 0.000000000000000000e+00
9.979666832997241555e-01 1.426464123081672359e-03 1.004223537419115155e-22 8.998087363683615769e-23 6.068525771942337704e-04 0.000000000000000000e+00
9.979666832997241555e-01 1.426464123081672359e-03 1.004223537419115155e-22 8.998087363683615769e-23 6.068525771942337704e-04 0.000000000000000000e+00
9.979666832997241555e-01 1.426464123081672359e-03 1.004223537419115155e-22 8.998087363683615769e-23 6.068525771942337704e-04 0.000000000000000000e+00
9.979666832997241555e-01 1.426464123081672359e-03 1.004223537419115155e-22 8.998087363683615769e-23 6.068525771942337704e-04 0.000000000000000000e+00
9.979666832997241555e-01 1.426464123081672359e-03 1.004223537419115155e-22 8.998087363683615769e-23 6.068525771942337704e-04 0.000000000000000000e+00
9.979666832997241555e-01 1.426464123081672359e-03 1.004223537419115155e-22 8.998087363683615769e-23 6.068525771942337704e-04 0.000000000000000000e+00
9.979666832997241555e-01 1.426464123081672359e-03 1.004223537419115155e-22 8.998087363683615769e-23 6.068525771942337704e-04 0.000000000000000000e+00
9.979666832997241555e-01 1.426464123081672359e-03 1.004223537419115155e-22 8.998087363683615769e-23 6.068525771942337704e-04 0.000000000000000000e+00
9.979666832997241555e-01 1.426464123081672359e-03 1.004223537419115155e-22 8.998087363683615769e-23 6.068525771942337704e-04 0.000000000000000000e+00
9.979666832997241555e-01 1.426464123081672359e-03 1.004223537419115155e-22 8.998087363683615769e-23 6.068525771942337704e-04 0.000000000000000000e+00
9.979666832997241555e-01 1.426464123081672359e-03 1.004223537419115155e-22 8.998087363683615769e-23 6.068525771942337704e-04 0.000000000000000000e+00
9.979666832997241555e-01 1.426464123081672359e-03 1.004223537419115155e-22 8.998087363683615769e-23 6.068525771942337704e-04 0.000000000000000000e+00
9.979666832997241555e-01 1.426464123081672359e-03 1.004223537419115155e-22 8.998087363683615769e-23 6.068525771942337704e-04 0.000000000000000000e+00
9.979666832997241555e-01 1.426464123081672359e-03 1.004223537419115155e-22 8.998087363683615769e-23 6.068525771942337704e-04 0.000000000000000000e+00
9.979666832997241555e-01 1.426464123081672359e-03 1.004223537419115155e-22 8.998087363683615769e-23 6.068525771942337704e-04 0.000000000000000000e+00
9.979666832997241555e-01 1.426464123081672359e-03 1.004223537419115155e-22 8.998087363683615769e-23 6.068525771942337704e-04 0.000000000000000000e+00
9.979666832997241555e-01 1.426464123081672359e-03 1.004223537419115155e-22 8.998087363683615769e-23 6.068525771942337704e-04 0.000000000000000000e+00
9.979666832997241555e-01 1.426464123081672359e-03 1.004223537419115155e-22 8.998087363683615769e-23 6.068525771942337704e-04 0.000000000000000000e+00
9.979666832997241555e-01 1.426464123081672359e-03 1.004223537419115155e-22 8.998087363683615769e-23 6.068525771942337704e-04 0.000000000000000000e+00
9.979666832997241555e-01 1.426464123081672359e-03 1.004223537419115155e-22 8.998087363683615769e-23 6.068525771942337704e-04 0.000000000000000000e+00
9.979666832997241555e-01 1.426464123081672359e-03 1.004223537419115155e-22 8.998087363683615769e-23 6.068525771942337704e-04 0.000000000000000000e+00
9.979666832997241555e-01 1.426464123081672359e-03 1.004223537419115155e-22 8.998087363683615769e-23 6.068525771942337704e-04 0.000000000000000000e+00
9.979666832997241555e-01 1.426464123081672359e-03 1.004223537419115155e-22 8.998087363683615769e-23 6.068525771942337704e-04 0.000000000000000000e+00
9.979666832997241555e-01 1.426464123081672359e-03 1.004223537419115155e-22 8.998087363683615769e-23 6.068525771942337704e-04 0.000000000000000000e+00
9.979666832997241555e-01 1.426464123081672359e-03 1.004223537419115155e-22 8.998087363683615769e-23 6.068525771942337704e-04 0.000000000000000000e+00
9.979666832997241555e-01 1.426464123081672359e-03 1.004223537419115155e-22 8.998087363683615769e-23 6.068525771942337704e-04 0.000000000000000000e+00
9.979666832997241555e-01 1.426464123081672359e-03 1.004223537419115155e-22 8.998087363683615769e-23 6.068525771942337704e-04 0.000000000000000000e+00
9.979666832997241555e-01 1.426464123081672359e-03 1.004223537419115155e-22 8.998087363683615769e-23 6.068525771942337704e-04 0.000000000000000000e+00
9.979666832997241555e-01 1.426464123081672359e-03 1.004223537419115155e-22 8.998087363683615769e-23 6.068525771942337704e-04 0.000000000000000000e+00
9.979666832997241555e-01 1.426464123081672359e-03 1.004223537419115155e-22 8.998087363683615769e-23 6.068525771942337704e-04 0.000000000000000000e+00
9.979666832997241555e-01 1.426464123081672359e-03 1.004223537419115155e-22 8.998087363683615769e-23 6.068525771942337704e-04 0.000000000000000000e+00
9.979666832997241555e-01 1.426464123081672359e-03 1.004223537419115155e-22 8.998087363683615769e-23 6.068525771942337704e-04 0.000000000000000000e+00
9.979666832997241555e-01 1.426464123081672359e-03 1.004223537419115155e-22 8.998087363683615769e-23 6.068525771942337704e-04 0.000000000000000000e+00
9.979666832997241555e-01 1.426464123081672359e-03 1.004223537419115155e-22 8.998087363683615769e-23 6.068525771942337704e-04 0.000000000000000000e+00
9.979666832997241555e-01 1.426464123081672359e-03 1.004223537419115155e-22 8.998087363683615769e-23 6.068525771942337704e-04 0.000000000000000000e+00
9.979666832997241555e-01 1.426464123081672359e-03 1.004223537419115155e-22 8.998087363683615769e-23 6.068525771942337704e-04 0.000000000000000000e+00
9.979666832997241555e-01 1.426464123081672359e-03 1.004223537419115155e-22 8.998087363683615769e-23 6.068525771942337704e-04 0.000000000000000000e+00
9.979666832997241555e-01 1.426464123081672359e-03 1.004223537419115155e-22 8.998087363683615769e-23 6.068525771942337704e-04 0.000000000000000000e+00
9.979666832997241555e-01 1.426464123081672359e-03 1.004223537419115155e-22 8.998087363683615769e-23 6.068525771942337704e-04 0.000000000000000000e+00
9.979666832997241555e-01 1.426464123081672359e-03 1.004223537419115155e-22 8.998087363683615769e-23 6.068525771942337704e-04 0.000000000000000000e+00
9.979666832997241555e-01 1.426464123081672359e-03 1.004223537419115155e-22 8.998087363683615769e-23 6.068525771942337704e-04 0.000000000000000000e+00
9.979666832997241555e-01 1.426464123081672359e-03 1.004223537419115155e-22 8.998087363683615769e-23 6.068525771942337704e-04 0.000000000000000000e+00
9.979666832997241555e-01 1.426464123081672359e-03 1.004223537419115155e-22 8.998087363683615769e-23 6.068525771942337704e-04 0.000000000000000000e+00
9.979666832997241555e-01 1.426464123081672359e-03 1.004223537419115155e-22 8.998087363683615769e-23 6.068525771942337704e-04 0.000000000000000000e+00
9.979666832997241555e-01 1.426464123081672359e-03 1.004223537419115155e-22 8.998087363683615769e-23 6.068525771942337704e-04 0.000000000000000000e+00
9.979666832997241555e-01 1.426464123081672359e-03 1.004223537419115155e-22 8.998087363683615769e-23 6.068525771942337704e-04 0.000000000000000000e+00
9.979666832997241555e-01 1.426464123081672359e-03 1.004223537419115155e-22 8.998087363683615769e-23 6.068525771942337704e-04 0.000000000000000000e+00
9.979666832997241555e-01 1.426464123081672359e-03 1.004223537419115155e-22 8.998087363683615769e-23 6.068525771942337704e-04 0.000000000000000000e+00
9.979666832997241555e-01 1.426464123081672359e-03 1.004223537419115155e-22 8.998087363683615769e-23 6.068525771942337704e-04 0.000000000000000000e+00
9.979666832997241555e-01 1.426464123081672359e-03 1.004223537419115155e-22 8.998087363683615769e-23 6.068525771942337704e-04 0.000000000000000000e+00
9.979666832997241555e-01 1.426464123081672359e-03 1.004223537419115155e-22 8.998087363683615769e-23 6.068525771942337704e-04 0.000000000000000000e+00
9.979666832997241555e-01 1.426464123081672359e-03 1.004223537419115155e-22 8.998087363683615769e-23 6.068525771942337704e-04 0.000000000000000000e+00
9.979666832997241555e-01 1.426464123081672359e-03 1.004223537419115155e-22 8.998087363683615769e-23 6.068525771942337704e-04 0.000000000000000000e+00
9.979666832997241555e-01 1.426464123081672359e-03 1.004223537419115155e-22 8.998087363683615769e-23 6.068525771942337704e-04 0.000000000000000000e+00
9.979666832997241555e-01 1.426464123081672359e-03 1.004223537419115155e-22 8.998087363683615769e-23 6.068525771942337704e-04 0.000000000000000000e+00
9.979666832997241555e-01 1.426464123081672359e-03 1.004223537419115155e-22 8.998087363683615769e-23 6.068525771942337704e-04 0.000000000000000000e+00
9.979666832997241555e-01 1.426464123081672359e-03 1.004223537419115155e-22 8.998087363683615769e-23 6.068525771942337704e-04 0.000000000000000000e+00
9.979666832997241555e-01 1.426464123081672359e-03 1.004223537419115155e-22 8.998087363683615769e-23 6.068525771942337704e-04 0.000000000000000000e+00
9.979666832997241555e-01 1.426464123081672359e-03 1.004223537419115155e-22 8.998087363683615769e-23 6.068525771942337704e-04 0.000000000000000000e+00
9.979666832997241555e-01 1.426464123081672359e-03 1.004223537419115155e-22 8.998087363683615769e-23 6.068525771942337704e-04 0.000000000000000000e+00
9.979666832997241555e-01 1.426464123081672359e-03 1.004223537419115155e-22 8.998087363683615769e-23 6.068525771942337704e-04 0.000000000000000000e+00
9.979666832997241555e-01 1.426464123081672359e-03 1.004223537419115155e-22 8.998087363683615769e-23 6.068525771942337704e-04 0.000000000000000000e+00
9.979666832997241555e-01 1.426464123081672359e-03 1.004223537419115155e-22 8.998087363683615769e-23 6.068525771942337704e-04 0.000000000000000000e+00
9.979666832997241555e-01 1.426464123081672359e-03 1.004223537419115155e-22 8.998087363683615769e-23 6.068525771942337704e-04 0.000000000000000000e+00
9.979666832997241555e-01 1.426464123081672359e-03 1.004223537419115155e-22 8.998087363683615769e-23 6.068525771942337704e-04 0.000000000000000000e+00
9.979666832997241555e-01 1.426464123081672359e-03 1.004223537419115155e-22 8.998087363683615769e-23 6.068525771942337704e-04 0.000000000000000000e+00
9.979666832997241555e-01 1.426464123081672359e-03 1.004223537419115155e-22 8.998087363683615769e-23 6.068525771942337704e-04 0.000000000000000000e+00
9.979666832997241555e-01 1.426464123081672359e-03 1.004223537419115155e-22 8.998087363683615769e-23 6.068525771942337704e-04 0.000000000000000000e+00
9.979666832997241555e-01 1.426464123081672359e-03 1.004223537419115155e-22 8.998087363683615769e-23 6.068525771942337704e-04 0.000000000000000000e+00
9.979666832997241555e-01 1.426464123081672359e-03 1.004223537419115155e-22 8.998087363683615769e-23 6.068525771942337704e-04 0.000000000000000000e+00
9.979666832997241555e-01 1.426464123081672359e-03 1.004223537419115155e-22 8.998087363683615769e-23 6.068525771942337704e-04 0.000000000000000000e+00
9.979666832997241555e-01 1.426464123081672359e-03 1.004223537419115155e-22 8.998087363683615769e-23 6.068525771942337704e-04 0.000000000000000000e+00
9.979666832997241555e-01 1.426464123081672359e-03 1.004223537419115155e-22 8.998087363683615769e-23 6.068525771942337704e-04 0.000000000000000000e+00
9.979666832997241555e-01 1.426464123081672359e-03 1.004223537419115155e-22 8.998087363683615769e-23 6.068525771942337704e-04 0.000000000000000000e+00
9.979666832997241555e-01 1.426464123081672359e-03 1.004223537419115155e-22 8.998087363683615769e-23 6.068525771942337704e-04 0.000000000000000000e+00
9.979666832997241555e-01 1.426464123081672359e-03 1.004223537419115155e-22 8.998087363683615769e-23 6.068525771942337704e-04 0.000000000000000000e+00
9.979666832997241555e-01 1.426464123081672359e-03 1.004223537419115155e-22 8.998087363683615769e-23 6.068525771942337704e-04 0.000000000000000000e+00
9.979666832997241555e-01 1.426464123081672359e-03 1.004223537419115155e-22 8.998087363683615769e-23 6.068525771942337704e-04 0.000000000000000000e+00
9.979666832997241555e-01 1.426464123081672359e-03 1.004223537419115155e-22 8.998087363683615769e-23 6.068525771942337704e-04 0.000000000000000000e+00
9.979666832997241555e-01 1.426464123081672359e-03 1.004223537419115155e-22 8.998087363683615769e-23 6.068525771942337704e-04 0.000000000000000000e+00
9.979666832997241555e-01 1.426464123081672359e-03 1.004223537419115155e-22 8.998087363683615769e-23 6.068525771942337704e-04 0.000000000000000000e+00
9.979666832997241555e-01 1.426464123081672359e-03 1.004223537419115155e-22 8.998087363683615769e-23 6.068525771942337704e-04 0.000000000000000000e+00
9.979666832997241555e-01 1.426464123081672359e-03 1.004223537419115155e-22 8.998087363683615769e-23 6.068525771942337704e-04 0.000000000000000000e+00
9.979666832997241555e-01 1.426464123081672359e-03 1.004223537419115155e-22 8.998087363683615769e-23 6.068525771942337704e-04 0.000000000000000000e+00
9.979666832997241555e-01 1.426464123081672359e-03 1.004223537419115155e-22 8.998087363683615769e-23 6.068525771942337704e-04 0.000000000000000000e+00
9.979666832997241555e-01 1.426464123081672359e-03 1.004223537419115155e-22 8.998087363683615769e-23 6.068525771942337704e-04 0.000000000000000000e+00
9.979666832997241555e-01 1.426464123081672359e-03 1.004223537419115155e-22 8.998087363683615769e-23 6.068525771942337704e-04 0.000000000000000000e+00
9.979666832997241555e-01 1.426464123081672359e-03 1.004223537419115155e-22 8.998087363683615769e-23 6.068525771942337704e-04 0.000000000000000000e+00
9.979666832997241555e-01 1.426464123081672359e-03 1.004223537419115155e-22 8.998087363683615769e-23 6.068525771942337704e-04 0.000000000000000000e+00
9.979666832997241555e-01 1.426464123081672359e-03 1.004223537419115155e-22 8.998087363683615769e-23 6.068525771942337704e-04 0.000000000000000000e+00
9.979666832997241555e-01 1.426464123081672359e-03 1.004223537419115155e-22 8.998087363683615769e-23 6.068525771942337704e-04 0.000000000000000000e+00
9.979666832997241555e-01 1.426464123081672359e-03 1.004223537419115155e-22 8.998087363683615769e-23 6.068525771942337704e-04 0.000000000000000000e+00
9.979666832997241555e-01 1.426464123081672359e-03 1.004223537419115155e-22 8.998087363683615769e-23 6.068525771942337704e-04 0.000000000000000000e+00
9.979666832997241555e-01 1.426464123081672359e-03 1.004223537419115155e-22 8.998087363683615769e-23 6.068525771942337704e-04 0.000000000000000000e+00
9.979666832997241555e-01 1.426464123081672359e-03 1.004223537419115155e-22 8.998087363683615769e-23 6.068525771942337704e-04 0.000000000000000000e+00
9.979666832997241555e-01 1.426464123081672359e-03 1.004223537419115155e-22 8.998087363683615769e-23 6.068525771942337704e-04 0.000000000000000000e+00
9.979666832997241555e-01 1.426464123081672359e-03 1.004223537419115155e-22 8.998087363683615769e-23 6.068525771942337704e-04 0.000000000000000000e+00
9.979666832997241555e-01 1.426464123081672359e-03 1.004223537419115155e-22 8.998087363683615769e-23 6.068525771942337704e-04 0.000000000000000000e+00
9.979666832997241555e-01 1.426464123081672359e-03 1.004223537419115155e-22 8.998087363683615769e-23 6.068525771942337704e-04 0.000000000000000000e+00
9.979666832997241555e-01 1.426464123081672359e-03 1.004223537419115155e-22 8.998087363683615769e-23 6.068525771942337704e-04 0.000000000000000000e+00
9.979666832997241555e-01 1.426464123081672359e-03 1.004223537419115155e-22 8.998087363683615769e-23 6.068525771942337704e-04 0.000000000000000000e+00
9.979666832997241555e-01 1.426464123081672359e-03 1.004223537419115155e-22 8.998087363683615769e-23 6.068525771942337704e-04 0.000000000000000000e+00
9.979666832997241555e-01 1.426464123081672359e-03 1.004223537419115155e-22 8.998087363683615769e-23 6.068525771942337704e-04 0.000000000000000000e+00
9.979666832997241555e-01 1.426464123081672359e-03 1.004223537419115155e-22 8.998087363683615769e-23 6.068525771942337704e-04 0.000000000000000000e+00
9.979666832997241555e-01 1.426464123081672359e-03 1.004223537419115155e-22 8.998087363683615769e-23 6.068525771942337704e-04 0.000000000000000000e+00
9.979666832997241555e-01 1.426464123081672359e-03 1.004223537419115155e-22 8.998087363683615769e-23 6.068525771942337704e-04 0.000000000000000000e+00
9.979666832997241555e-01 1.426464123081672359e-03 1.004223537419115155e-22 8.998087363683615769e-23 6.068525771942337704e-04 0.000000000000000000e+00
9.979666832997241555e-01 1.426464123081672359e-03 1.004223537419115155e-22 8.998087363683615769e-23 6.068525771942337704e-04 0.000000000000000000e+00
9.979666832997241555e-01 1.426464123081672359e-03 1.004223537419115155e-22 8.998087363683615769e-23 6.068525771942337704e-04 0.000000000000000000e+00
9.979666832997241555e-01 1.426464123081672359e-03 1.004223537419115155e-22 8.998087363683615769e-23 6.068525771942337704e-04 0.000000000000000000e+00
9.979666832997241555e-01 1.426464123081672359e-03 1.004223537419115155e-22 8.998087363683615769e-23 6.068525771942337704e-04 0.000000000000000000e+00
9.979666832997241555e-01 1.426464123081672359e-03 1.004223537419115155e-22 8.998087363683615769e-23 6.068525771942337704e-04 0.000000000000000000e+00
9.979666832997241555e-01 1.426464123081672359e-03 1.004223537419115155e-22 8.998087363683615769e-23 6.068525771942337704e-04 0.000000000000000000e+00
9.979666832997241555e-01 1.426464123081672359e-03 1.004223537419115155e-22 8.998087363683615769e-23 6.068525771942337704e-04 0.000000000000000000e+00
9.979666832997241555e-01 1.426464123081672359e-03 1.004223537419115155e-22 8.998087363683615769e-23 6.068525771942337704e-04 0.000000000000000000e+00
9.979666832997241555e-01 1.426464123081672359e-03 1.004223537419115155e-22 8.998087363683615769e-23 6.068525771942337704e-04 0.000000000000000000e+00
9.979666832997241555e-01 1.426464123081672359e-03 1.004223537419115155e-22 8.998087363683615769e-23 6.068525771942337704e-04 0.000000000000000000e+00
9.979666832997241555e-01 1.426464123081672359e-03 1.004223537419115155e-22 8.998087363683615769e-23 6.068525771942337704e-04 0.000000000000000000e+00
9.979666832997241555e-01 1.426464123081672359e-03 1.004223537419115155e-22 8.998087363683615769e-23 6.068525771942337704e-04 0.000000000000000000e+00
9.979666832997241555e-01 1.426464123081672359e-03 1.004223537419115155e-22 8.998087363683615769e-23 6.068525771942337704e-04 0.000000000000000000e+00
9.979666832997241555e-01 1.426464123081672359e-03 1.004223537419115155e-22 8.998087363683615769e-23 6.068525771942337704e-04 0.000000000000000000e+00
9.979666832997241555e-01 1.426464123081672359e-03 1.004223537419115155e-22 8.998087363683615769e-23 6.068525771942337704e-04 0.000000000000000000e+00
9.979666832997241555e-01 1.426464123081672359e-03 1.004223537419115155e-22 8.998087363683615769e-23 6.068525771942337704e-04 0.000000000000000000e+00
9.979666832997241555e-01 1.426464123081672359e-03 1.004223537419115155e-22 8.998087363683615769e-23 6.068525771942337704e-04 0.000000000000000000e+00
9.979666832997241555e-01 1.426464123081672359e-03 1.004223537419115155e-22 8.998087363683615769e-23 6.068525771942337704e-04 0.000000000000000000e+00
9.979666832997241555e-01 1.426464123081672359e-03 1.004223537419115155e-22 8.998087363683615769e-23 6.068525771942337704e-04 0.000000000000000000e+00
9.979666832997241555e-01 1.426464123081672359e-03 1.004223537419115155e-22 8.998087363683615769e-23 6.068525771942337704e-04 0.000000000000000000e+00
9.979666832997241555e-01 1.426464123081672359e-03 1.004223537419115155e-22 8.998087363683615769e-23 6.068525771942337704e-04 0.000000000000000000e+00
9.979666832997241555e-01 1.426464123081672359e-03 1.004223537419115155e-22 8.998087363683615769e-23 6.068525771942337704e-04 0.000000000000000000e+00
9.979666832997241555e-01 1.426464123081672359e-03 1.004223537419115155e-22 8.998087363683615769e-23 6.068525771942337704e-04 0.000000000000000000e+00
9.979666832997241555e-01 1.426464123081672359e-03 1.004223537419115155e-22 8.998087363683615769e-23 6.068525771942337704e-04 0.000000000000000000e+00
9.979666832997241555e-01 1.426464123081672359e-03 1.004223537419115155e-22 8.998087363683615769e-23 6.068525771942337704e-04 0.000000000000000000e+00
9.979666832997241555e-01 1.426464123081672359e-03 1.004223537419115155e-22 8.998087363683615769e-23 6.068525771942337704e-04 0.000000000000000000e+00
9.979666832997241555e-01 1.426464123081672359e-03 1.004223537419115155e-22 8.998087363683615769e-23 6.068525771942337704e-04 0.000000000000000000e+00
9.979666832997241555e-01 1.426464123081672359e-03 1.004223537419115155e-22 8.998087363683615769e-23 6.068525771942337704e-04 0.000000000000000000e+00
9.979666832997241555e-01 1.426464123081672359e-03 1.004223537419115155e-22 8.998087363683615769e-23 6.068525771942337704e-04 0.000000000000000000e+00
9.979666832997241555e-01 1.426464123081672359e-03 1.004223537419115155e-22 8.998087363683615769e-23 6.068525771942337704e-04 0.000000000000000000e+00
9.979666832997241555e-01 1.426464123081672359e-03 1.004223537419115155e-22 8.998087363683615769e-23 6.068525771942337704e-04 0.000000000000000000e+00
9.979666832997241555e-01 1.426464123081672359e-03 1.004223537419115155e-22 8.998087363683615769e-23 6.068525771942337704e-04 0.000000000000000000e+00
9.979666832997241555e-01 1.426464123081672359e-03 1.004223537419115155e-22 8.998087363683615769e-23 6.068525771942337704e-04 0.000000000000000000e+00
9.979666832997241555e-01 1.426464123081672359e-03 1.004223537419115155e-22 8.998087363683615769e-23 6.068525771942337704e-04 0.000000000000000000e+00
9.979666832997241555e-01 1.426464123081672359e-03 1.004223537419115155e-22 8.998087363683615769e-23 6.068525771942337704e-04 0.000000000000000000e+00
9.979666832997241555e-01 1.426464123081672359e-03 1.004223537419115155e-22 8.998087363683615769e-23 6.068525771942337704e-04 0.000000000000000000e+00
9.979666832997241555e-01 1.426464123081672359e-03 1.004223537419115155e-22 8.998087363683615769e-23 6.068525771942337704e-04 0.000000000000000000e+00
9.979666832997241555e-01 1.426464123081672359e-03 1.004223537419115155e-22 8.998087363683615769e-23 6.068525771942337704e-04 0.000000000000000000e+00
9.979666832997241555e-01 1.426464123081672359e-03 1.004223537419115155e-22 8.998087363683615769e-23 6.068525771942337704e-04 0.000000000000000000e+00
9.979666832997241555e-01 1.426464123081672359e-03 1.004223537419115155e-22 8.998087363683615769e-23 6.068525771942337704e-04 0.000000000000000000e+00
9.979666832997241555e-01 1.426464123081672359e-03 1.004223537419115155e-22 8.998087363683615769e-23 6.068525771942337704e-04 0.000000000000000000e+00
9.979666832997241555e-01 1.426464123081672359e-03 1.004223537419115155e-22 8.998087363683615769e-23 6.068525771942337704e-04 0.000000000000000000e+00
9.979666832997241555e-01 1.426464123081672359e-03 1.004223537419115155e-22 8.998087363683615769e-23 6.068525771942337704e-04 0.000000000000000000e+00
9.979666832997241555e-01 1.426464123081672359e-03 1.004223537419115155e-22 8.998087363683615769e-23 6.068525771942337704e-04 0.000000000000000000e+00
9.979666832997241555e-01 1.426464123081672359e-03 1.004223537419115155e-22 8.998087363683615769e-23 6.068525771942337704e-04 0.000000000000000000e+00
9.979666832997241555e-01 1.426464123081672359e-03 1.004223537419115155e-22 8.998087363683615769e-23 6.068525771942337704e-04 0.000000000000000000e+00
9.979666832997241555e-01 1.426464123081672359e-03 1.004223537419115155e-22 8.998087363683615769e-23 6.068525771942337704e-04 0.000000000000000000e+00
9.979666832997241555e-01 1.426464123081672359e-03 1.004223537419115155e-22 8.998087363683615769e-23 6.068525771942337704e-04 0.000000000000000000e+00
9.979666832997241555e-01 1.426464123081672359e-03 1.004223537419115155e-22 8.998087363683615769e-23 6.068525771942337704e-04 0.000000000000000000e+00
9.979666832997241555e-01 1.426464123081672359e-03 1.004223537419115155e-22 8.998087363683615769e-23 6.068525771942337704e-04 0.000000000000000000e+00
9.979666832997241555e-01 1.426464123081672359e-03 1.004223537419115155e-22 8.998087363683615769e-23 6.068525771942337704e-04 0.000000000000000000e+00
9.979666832997241555e-01 1.426464123081672359e-03 1.004223537419115155e-22 8.998087363683615769e-23 6.068525771942337704e-04 0.000000000000000000e+00
9.979666832997241555e-01 1.426464123081672359e-03 1.004223537419115155e-22 8.998087363683615769e-23 6.068525771942337704e-04 0.000000000000000000e+00
9.979666832997241555e-01 1.426464123081672359e-03 1.004223537419115155e-22 8.998087363683615769e-23 6.068525771942337704e-04 0.000000000000000000e+00
9.979666832997241555e-01 1.426464123081672359e-03 1.004223537419115155e-22 8.998087363683615769e-23 6.068525771942337704e-04 0.000000000000000000e+00
9.979666832997241555e-01 1.426464123081672359e-03 1.004223537419115155e-22 8.998087363683615769e-23 6.068525771942337704e-04 0.000000000000000000e+00
9.979666832997241555e-01 1.426464123081672359e-03 1.004223537419115155e-22 8.998087363683615769e-23 6.068525771942337704e-04 0.000000000000000000e+00
9.979666832997241555e-01 1.426464123081672359e-03 1.004223537419115155e-22 8.998087363683615769e-23 6.068525771942337704e-04 0.000000000000000000e+00
9.979666832997241555e-01 1.426464123081672359e-03 1.004223537419115155e-22 8.998087363683615769e-23 6.068525771942337704e-04 0.000000000000000000e+00
9.979666832997241555e-01 1.426464123081672359e-03 1.004223537419115155e-22 8.998087363683615769e-23 6.068525771942337704e-04 0.000000000000000000e+00
9.979666832997241555e-01 1.426464123081672359e-03 1.004223537419115155e-22 8.998087363683615769e-23 6.068525771942337704e-04 0.000000000000000000e+00
9.979666832997241555e-01 1.426464123081672359e-03 1.004223537419115155e-22 8.998087363683615769e-23 6.068525771942337704e-04 0.000000000000000000e+00
9.979666832997241555e-01 1.426464123081672359e-03 1.004223537419115155e-22 8.998087363683615769e-23 6.068525771942337704e-04 0.000000000000000000e+00
9.979666832997241555e-01 1.426464123081672359e-03 1.004223537419115155e-22 8.998087363683615769e-23 6.068525771942337704e-04 0.000000000000000000e+00
9.979666832997241555e-01 1.426464123081672359e-03 1.004223537419115155e-22 8.998087363683615769e-23 6.068525771942337704e-04 0.000000000000000000e+00
9.979666832997241555e-01 1.426464123081672359e-03 1.004223537419115155e-22 8.998087363683615769e-23 6.068525771942337704e-04 0.000000000000000000e+00
9.979666832997241555e-01 1.426464123081672359e-03 1.004223537419115155e-22 8.998087363683615769e-23 6.068525771942337704e-04 0.000000000000000000e+00
9.979666832997241555e-01 1.426464123081672359e-03 1.004223537419115155e-22 8.998087363683615769e-23 6.068525771942337704e-04 0.000000000000000000e+00
9.979666832997241555e-01 1.426464123081672359e-03 1.004223537419115155e-22 8.998087363683615769e-23 6.068525771942337704e-04 0.000000000000000000e+00
9.979666832997241555e-01 1.426464123081672359e-03 1.004223537419115155e-22 8.998087363683615769e-23 6.068525771942337704e-04 0.000000000000000000e+00
9.979666832997241555e-01 1.426464123081672359e-03 1.004223537419115155e-22 8.998087363683615769e-23 6.068525771942337704e-04 0.000000000000000000e+00
9.979666832997241555e-01 1.426464123081672359e-03 1.004223537419115155e-22 8.998087363683615769e-23 6.068525771942337704e-04 0.000000000000000000e+00
9.979666832997241555e-01 1.426464123081672359e-03 1.004223537419115155e-22 8.998087363683615769e-23 6.068525771942337704e-04 0.000000000000000000e+00
9.979666832997241555e-01 1.426464123081672359e-03 1.004223537419115155e-22 8.998087363683615769e-23 6.068525771942337704e-04 0.000000000000000000e+00
9.979666832997241555e-01 1.426464123081672359e-03 1.004223537419115155e-22 8.998087363683615769e-23 6.068525771942337704e-04 0.000000000000000000e+00
9.979666832997241555e-01 1.426464123081672359e-03 1.004223537419115155e-22 8.998087363683615769e-23 6.068525771942337704e-04 0.000000000000000000e+00
9.979666832997241555e-01 1.426464123081672359e-03 1.004223537419115155e-22 8.998087363683615769e-23 6.068525771942337704e-04 0.000000000000000000e+00
9.979666832997241555e-01 1.426464123081672359e-03 1.004223537419115155e-22 8.998087363683615769e-23 6.068525771942337704e-04 0.000000000000000000e+00
9.979666832997241555e-01 1.426464123081672359e-03 1.004223537419115155e-22 8.998087363683615769e-23 6.068525771942337704e-04 0.000000000000000000e+00
9.979666832997241555e-01 1.426464123081672359e-03 1.004223537419115155e-22 8.998087363683615769e-23 6.068525771942337704e-04 0.000000000000000000e+00
9.979666832997241555e-01 1.426464123081672359e-03 1.004223537419115155e-22 8.998087363683615769e-23 6.068525771942337704e-04 0.000000000000000000e+00
9.979666832997241555e-01 1.426464123081672359e-03 1.004223537419115155e-22 8.998087363683615769e-23 6.068525771942337704e-04 0.000000000000000000e+00
9.979666832997241555e-01 1.426464123081672359e-03 1.004223537419115155e-22 8.998087363683615769e-23 6.068525771942337704e-04 0.000000000000000000e+00
9.979666832997241555e-01 1.426464123081672359e-03 1.004223537419115155e-22 8.998087363683615769e-23 6.068525771942337704e-04 0.000000000000000000e+00
9.979666832997241555e-01 1.426464123081672359e-03 1.004223537419115155e-22 8.998087363683615769e-23 6.068525771942337704e-04 0.000000000000000000e+00
9.979666832997241555e-01 1.426464123081672359e-03 1.004223537419115155e-22 8.998087363683615769e-23 6.068525771942337704e-04 0.000000000000000000e+00
9.979666832997241555e-01 1.426464123081672359e-03 1.004223537419115155e-22 8.998087363683615769e-23 6.068525771942337704e-04 0.000000000000000000e+00
9.979666832997241555e-01 1.426464123081672359e-03 1.004223537419115155e-22 8.998087363683615769e-23 6.068525771942337704e-04 0.000000000000000000e+00
9.979666832997241555e-01 1.426464123081672359e-03 1.004223537419115155e-22 8.998087363683615769e-23 6.068525771942337704e-04 0.000000000000000000e+00
9.979666832997241555e-01 1.426464123081672359e-03 1.004223537419115155e-22 8.998087363683615769e-23 6.068525771942337704e-04 0.000000000000000000e+00
9.979666832997241555e-01 1.426464123081672359e-03 1.004223537419115155e-22 8.998087363683615769e-23 6.068525771942337704e-04 0.000000000000000000e+00
9.979666832997241555e-01 1.426464123081672359e-03 1.004223537419115155e-22 8.998087363683615769e-23 6.068525771942337704e-04 0.000000000000000000e+00
9.979666832997241555e-01 1.426464123081672359e-03 1.004223537419115155e-22 8.998087363683615769e-23 6.068525771942337704e-04 0.000000000000000000e+00
9.979666832997241555e-01 1.426464123081672359e-03 1.004223537419115155e-22 8.998087363683615769e-23 6.068525771942337704e-04 0.000000000000000000e+00
9.979666832997241555e-01 1.426464123081672359e-03 1.004223537419115155e-22 8.998087363683615769e-23 6.068525771942337704e-04 0.000000000000000000e+00
9.979666832997241555e-01 1.426464123081672359e-03 1.004223537419115155e-22 8.998087363683615769e-23 6.068525771942337704e-04 0.000000000000000000e+00
9.979666832997241555e-01 1.426464123081672359e-03 1.004223537419115155e-22 8.998087363683615769e-23 6.068525771942337704e-04 0.000000000000000000e+00
9.979666832997241555e-01 1.426464123081672359e-03 1.004223537419115155e-22 8.998087363683615769e-23 6.068525771942337704e-04 0.000000000000000000e+00
9.979666832997241555e-01 1.426464123081672359e-03 1.004223537419115155e-22 8.998087363683615769e-23 6.068525771942337704e-04 0.000000000000000000e+00
9.979666832997241555e-01 1.426464123081672359e-03 1.004223537419115155e-22 8.998087363683615769e-23 6.068525771942337704e-04 0.000000000000000000e+00
9.979666832997241555e-01 1.426464123081672359e-03 1.004223537419115155e-22 8.998087363683615769e-23 6.068525771942337704e-04 0.000000000000000000e+00
9.979666832997241555e-01 1.426464123081672359e-03 1.004223537419115155e-22 8.998087363683615769e-23 6.068525771942337704e-04 0.000000000000000000e+00
9.979666832997241555e-01 1.426464123081672359e-03 1.004223537419115155e-22 8.998087363683615769e-23 6.068525771942337704e-04 0.000000000000000000e+00
9.979666832997241555e-01 1.426464123081672359e-03 1.004223537419115155e-22 8.998087363683615769e-23 6.068525771942337704e-04 0.000000000000000000e+00
9.979666832997241555e-01 1.426464123081672359e-03 1.004223537419115155e-22 8.998087363683615769e-23 6.068525771942337704e-04 0.000000000000000000e+00
9.979666832997241555e-01 1.426464123081672359e-03 1.004223537419115155e-22 8.998087363683615769e-23 6.068525771942337704e-04 0.000000000000000000e+00
9.979666832997241555e-01 1.426464123081672359e-03 1.004223537419115155e-22 8.998087363683615769e-23 6.068525771942337704e-04 0.000000000000000000e+00
9.979666832997241555e-01 1.426464123081672359e-03 1.004223537419115155e-22 8.998087363683615769e-23 6.068525771942337704e-04 0.000000000000000000e+00
9.979666832997241555e-01 1.426464123081672359e-03 1.004223537419115155e-22 8.998087363683615769e-23 6.068525771942337704e-04 0.000000000000000000e+00
9.979666832997241555e-01 1.426464123081672359e-03 1.004223537419115155e-22 8.998087363683615769e-23 6.068525771942337704e-04 0.000000000000000000e+00
9.979666832997241555e-01 1.426464123081672359e-03 1.004223537419115155e-22 8.998087363683615769e-23 6.068525771942337704e-04 0.000000000000000000e+00
9.979666832997241555e-01 1.426464123081672359e-03 1.004223537419115155e-22 8.998087363683615769e-23 6.068525771942337704e-04 0.000000000000000000e+00
9.979666832997241555e-01 1.426464123081672359e-03 1.004223537419115155e-22 8.998087363683615769e-23 6.068525771942337704e-04 0.000000000000000000e+00
9.979666832997241555e-01 1.426464123081672359e-03 1.004223537419115155e-22 8.998087363683615769e-23 6.068525771942337704e-04 0.000000000000000000e+00
9.979666832997241555e-01 1.426464123081672359e-03 1.004223537419115155e-22 8.998087363683615769e-23 6.068525771942337704e-04 0.000000000000000000e+00
9.979666832997241555e-01 1.426464123081672359e-03 1.004223537419115155e-22 8.998087363683615769e-23 6.068525771942337704e-04 0.000000000000000000e+00
9.979666832997241555e-01 1.426464123081672359e-03 1.004223537419115155e-22 8.998087363683615769e-23 6.068525771942337704e-04 0.000000000000000000e+00
9.979666832997241555e-01 1.426464123081672359e-03 1.004223537419115155e-22 8.998087363683615769e-23 6.068525771942337704e-04 0.000000000000000000e+00
9.979666832997241555e-01 1.426464123081672359e-03 1.004223537419115155e-22 8.998087363683615769e-23 6.068525771942337704e-04 0.000000000000000000e+00
9.979666832997241555e-01 1.426464123081672359e-03 1.004223537419115155e-22 8.998087363683615769e-23 6.068525771942337704e-04 0.000000000000000000e+00
9.979666832997241555e-01 1.426464123081672359e-03 1.004223537419115155e-22 8.998087363683615769e-23 6.068525771942337704e-04 0.000000000000000000e+00
9.979666832997241555e-01 1.426464123081672359e-03 1.004223537419115155e-22 8.998087363683615769e-23 6.068525771942337704e-04 0.000000000000000000e+00
9.979666832997241555e-01 1.426464123081672359e-03 1.004223537419115155e-22 8.998087363683615769e-23 6.068525771942337704e-04 0.000000000000000000e+00
9.979666832997241555e-01 1.426464123081672359e-03 1.004223537419115155e-22 8.998087363683615769e-23 6.068525771942337704e-04 0.000000000000000000e+00
9.979666832997241555e-01 1.426464123081672359e-03 1.004223537419115155e-22 8.998087363683615769e-23 6.068525771942337704e-04 0.000000000000000000e+00
9.979666832997241555e-01 1.426464123081672359e-03 1.004223537419115155e-22 8.998087363683615769e-23 6.068525771942337704e-04 0.000000000000000000e+00
9.979666832997241555e-01 1.426464123081672359e-03 1.004223537419115155e-22 8.998087363683615769e-23 6.068525771942337704e-04 0.000000000000000000e+00
9.979666832997241555e-01 1.426464123081672359e-03 1.004223537419115155e-22 8.998087363683615769e-23 6.068525771942337704e-04 0.000000000000000000e+00
9.979666832997241555e-01 1.426464123081672359e-03 1.004223537419115155e-22 8.998087363683615769e-23 6.068525771942337704e-04 0.000000000000000000e+00
9.979666832997241555e-01 1.426464123081672359e-03 1.004223537419115155e-22 8.998087363683615769e-23 6.068525771942337704e-04 0.000000000000000000e+00
9.979666832997241555e-01 1.426464123081672359e-03 1.004223537419115155e-22 8.998087363683615769e-23 6.068525771942337704e-04 0.000000000000000000e+00
9.979666832997241555e-01 1.426464123081672359e-03 1.004223537419115155e-22 8.998087363683615769e-23 6.068525771942337704e-04 0.000000000000000000e+00
9.979666832997241555e-01 1.426464123081672359e-03 1.004223537419115155e-22 8.998087363683615769e-23 6.068525771942337704e-04 0.000000000000000000e+00
9.979666832997241555e-01 1.426464123081672359e-03 1.004223537419115155e-22 8.998087363683615769e-23 6.068525771942337704e-04 0.000000000000000000e+00
9.979666832997241555e-01 1.426464123081672359e-03 1.004223537419115155e-22 8.998087363683615769e-23 6.068525771942337704e-04 0.000000000000000000e+00
9.979666832997241555e-01 1.426464123081672359e-03 1.004223537419115155e-22 8.998087363683615769e-23 6.068525771942337704e-04 0.000000000000000000e+00
9.979666832997241555e-01 1.426464123081672359e-03 1.004223537419115155e-22 8.998087363683615769e-23 6.068525771942337704e-04 0.000000000000000000e+00
9.979666832997241555e-01 1.426464123081672359e-03 1.004223537419115155e-22 8.998087363683615769e-23 6.068525771942337704e-04 0.000000000000000000e+00
9.979666832997241555e-01 1.426464123081672359e-03 1.004223537419115155e-22 8.998087363683615769e-23 6.068525771942337704e-04 0.000000000000000000e+00
9.979666832997241555e-01 1.426464123081672359e-03 1.004223537419115155e-22 8.998087363683615769e-23 6.068525771942337704e-04 0.000000000000000000e+00
9.979666832997241555e-01 1.426464123081672359e-03 1.004223537419115155e-22 8.998087363683615769e-23 6.068525771942337704e-04 0.000000000000000000e+00
9.979666832997241555e-01 1.426464123081672359e-03 1.004223537419115155e-22 8.998087363683615769e-23 6.068525771942337704e-04 0.000000000000000000e+00
9.979666832997241555e-01 1.426464123081672359e-03 1.004223537419115155e-22 8.998087363683615769e-23 6.068525771942337704e-04 0.000000000000000000e+00
9.979666832997241555e-01 1.426464123081672359e-03 1.004223537419115155e-22 8.998087363683615769e-23 6.068525771942337704e-04 0.000000000000000000e+00
9.979666832997241555e-01 1.426464123081672359e-03 1.004223537419115155e-22 8.998087363683615769e-23 6.068525771942337704e-04 0.000000000000000000e+00
9.979666832997241555e-01 1.426464123081672359e-03 1.004223537419115155e-22 8.998087363683615769e-23 6.068525771942337704e-04 0.000000000000000000e+00
9.979666832997241555e-01 1.426464123081672359e-03 1.004223537419115155e-22 8.998087363683615769e-23 6.068525771942337704e-04 0.000000000000000000e+00
9.979666832997241555e-01 1.426464123081672359e-03 1.004223537419115155e-22 8.998087363683615769e-23 6.068525771942337704e-04 0.000000000000000000e+00
9.979666832997241555e-01 1.426464123081672359e-03 1.004223537419115155e-22 8.998087363683615769e-23 6.068525771942337704e-04 0.000000000000000000e+00
9.979666832997241555e-01 1.426464123081672359e-03 1.004223537419115155e-22 8.998087363683615769e-23 6.068525771942337704e-04 0.000000000000000000e+00
9.979666832997241555e-01 1.426464123081672359e-03 1.004223537419115155e-22 8.998087363683615769e-23 6.068525771942337704e-04 0.000000000000000000e+00
9.979666832997241555e-01 1.426464123081672359e-03 1.004223537419115155e-22 8.998087363683615769e-23 6.068525771942337704e-04 0.000000000000000000e+00
9.979666832997241555e-01 1.426464123081672359e-03 1.004223537419115155e-22 8.998087363683615769e-23 6.068525771942337704e-04 0.000000000000000000e+00
9.979666832997241555e-01 1.426464123081672359e-03 1.004223537419115155e-22 8.998087363683615769e-23 6.068525771942337704e-04 0.000000000000000000e+00
9.979666832997241555e-01 1.426464123081672359e-03 1.004223537419115155e-22 8.998087363683615769e-23 6.068525771942337704e-04 0.000000000000000000e+00
9.979666832997241555e-01 1.426464123081672359e-03 1.004223537419115155e-22 8.998087363683615769e-23 6.068525771942337704e-04 0.000000000000000000e+00
9.979666832997241555e-01 1.426464123081672359e-03 1.004223537419115155e-22 8.998087363683615769e-23 6.068525771942337704e-04 0.000000000000000000e+00
9.979666832997241555e-01 1.426464123081672359e-03 1.004223537419115155e-22 8.998087363683615769e-23 6.068525771942337704e-04 0.000000000000000000e+00
9.979666832997241555e-01 1.426464123081672359e-03 1.004223537419115155e-22 8.998087363683615769e-23 6.068525771942337704e-04 0.000000000000000000e+00
9.979666832997241555e-01 1.426464123081672359e-03 1.004223537419115155e-22 8.998087363683615769e-23 6.068525771942337704e-04 0.000000000000000000e+00
9.979666832997241555e-01 1.426464123081672359e-03 1.004223537419115155e-22 8.998087363683615769e-23 6.068525771942337704e-04 0.000000000000000000e+00
9.979666832997241555e-01 1.426464123081672359e-03 1.004223537419115155e-22 8.998087363683615769e-23 6.068525771942337704e-04 0.000000000000000000e+00
9.979666832997241555e-01 1.426464123081672359e-03 1.004223537419115155e-22 8.998087363683615769e-23 6.068525771942337704e-04 0.000000000000000000e+00
9.979666832997241555e-01 1.426464123081672359e-03 1.004223537419115155e-22 8.998087363683615769e-23 6.068525771942337704e-04 0.000000000000000000e+00
9.979666832997241555e-01 1.426464123081672359e-03 1.004223537419115155e-22 8.998087363683615769e-23 6.068525771942337704e-04 0.000000000000000000e+00
9.979666832997241555e-01 1.426464123081672359e-03 1.004223537419115155e-22 8.998087363683615769e-23 6.068525771942337704e-04 0.000000000000000000e+00
9.979666832997241555e-01 1.426464123081672359e-03 1.004223537419115155e-22 8.998087363683615769e-23 6.068525771942337704e-04 0.000000000000000000e+00
9.979666832997241555e-01 1.426464123081672359e-03 1.004223537419115155e-22 8.998087363683615769e-23 6.068525771942337704e-04 0.000000000000000000e+00
9.979666832997241555e-01 1.426464123081672359e-03 1.004223537419115155e-22 8.998087363683615769e-23 6.068525771942337704e-04 0.000000000000000000e+00
9.979666832997241555e-01 1.426464123081672359e-03 1.004223537419115155e-22 8.998087363683615769e-23 6.068525771942337704e-04 0.000000000000000000e+00
9.979666832997241555e-01 1.426464123081672359e-03 1.004223537419115155e-22 8.998087363683615769e-23 6.068525771942337704e-04 0.000000000000000000e+00
9.979666832997241555e-01 1.426464123081672359e-03 1.004223537419115155e-22 8.998087363683615769e-23 6.068525771942337704e-04 0.000000000000000000e+00
9.979666832997241555e-01 1.426464123081672359e-03 1.004223537419115155e-22 8.998087363683615769e-23 6.068525771942337704e-04 0.000000000000000000e+00
9.979666832997241555e-01 1.426464123081672359e-03 1.004223537419115155e-22 8.998087363683615769e-23 6.068525771942337704e-04 0.000000000000000000e+00
9.979666832997241555e-01 1.426464123081672359e-03 1.004223537419115155e-22 8.998087363683615769e-23 6.068525771942337704e-04 0.000000000000000000e+00
9.979666832997241555e-01 1.426464123081672359e-03 1.004223537419115155e-22 8.998087363683615769e-23 6.068525771942337704e-04 0.000000000000000000e+00
9.979666832997241555e-01 1.426464123081672359e-03 1.004223537419115155e-22 8.998087363683615769e-23 6.068525771942337704e-04 0.000000000000000000e+00
9.979666832997241555e-01 1.426464123081672359e-03 1.004223537419115155e-22 8.998087363683615769e-23 6.068525771942337704e-04 0.000000000000000000e+00
9.979666832997241555e-01 1.426464123081672359e-03 1.004223537419115155e-22 8.998087363683615769e-23 6.068525771942337704e-04 0.000000000000000000e+00
9.979666832997241555e-01 1.426464123081672359e-03 1.004223537419115155e-22 8.998087363683615769e-23 6.068525771942337704e-04 0.000000000000000000e+00
9.979666832997241555e-01 1.426464123081672359e-03 1.004223537419115155e-22 8.998087363683615769e-23 6.068525771942337704e-04 0.000000000000000000e+00
9.979666832997241555e-01 1.426464123081672359e-03 1.004223537419115155e-22 8.998087363683615769e-23 6.068525771942337704e-04 0.000000000000000000e+00
9.979666832997241555e-01 1.426464123081672359e-03 1.004223537419115155e-22 8.998087363683615769e-23 6.068525771942337704e-04 0.000000000000000000e+00
9.979666832997241555e-01 1.426464123081672359e-03 1.004223537419115155e-22 8.998087363683615769e-23 6.068525771942337704e-04 0.000000000000000000e+00
9.979666832997241555e-01 1.426464123081672359e-03 1.004223537419115155e-22 8.998087363683615769e-23 6.068525771942337704e-04 0.000000000000000000e+00
9.979666832997241555e-01 1.426464123081672359e-03 1.004223537419115155e-22 8.998087363683615769e-23 6.068525771942337704e-04 0.000000000000000000e+00
9.979666832997241555e-01 1.426464123081672359e-03 1.004223537419115155e-22 8.998087363683615769e-23 6.068525771942337704e-04 0.000000000000000000e+00
9.979666832997241555e-01 1.426464123081672359e-03 1.004223537419115155e-22 8.998087363683615769e-23 6.068525771942337704e-04 0.000000000000000000e+00
9.979666832997241555e-01 1.426464123081672359e-03 1.004223537419115155e-22 8.998087363683615769e-23 6.068525771942337704e-04 0.000000000000000000e+00
9.979666832997241555e-01 1.426464123081672359e-03 1.004223537419115155e-22 8.998087363683615769e-23 6.068525771942337704e-04 0.000000000000000000e+00
9.979666832997241555e-01 1.426464123081672359e-03 1.004223537419115155e-22 8.998087363683615769e-23 6.068525771942337704e-04 0.000000000000000000e+00
9.979666832997241555e-01 1.426464123081672359e-03 1.004223537419115155e-22 8.998087363683615769e-23 6.068525771942337704e-04 0.000000000000000000e+00
9.979666832997241555e-01 1.426464123081672359e-03 1.004223537419115155e-22 8.998087363683615769e-23 6.068525771942337704e-04 0.000000000000000000e+00
9.979666832997241555e-01 1.426464123081672359e-03 1.004223537419115155e-22 8.998087363683615769e-23 6.068525771942337704e-04 0.000000000000000000e+00
9.979666832997241555e-01 1.426464123081672359e-03 1.004223537419115155e-22 8.998087363683615769e-23 6.068525771942337704e-04 0.000000000000000000e+00
9.979666832997241555e-01 1.426464123081672359e-03 1.004223537419115155e-22 8.998087363683615769e-23 6.068525771942337704e-04 0.000000000000000000e+00
9.979666832997241555e-01 1.426464123081672359e-03 1.004223537419115155e-22 8.998087363683615769e-23 6.068525771942337704e-04 0.000000000000000000e+00
9.979666832997241555e-01 1.426464123081672359e-03 1.004223537419115155e-22 8.998087363683615769e-23 6.068525771942337704e-04 0.000000000000000000e+00
9.979666832997241555e-01 1.426464123081672359e-03 1.004223537419115155e-22 8.998087363683615769e-23 6.068525771942337704e-04 0.000000000000000000e+00
9.979666832997241555e-01 1.426464123081672359e-03 1.004223537419115155e-22 8.998087363683615769e-23 6.068525771942337704e-04 0.000000000000000000e+00
9.979666832997241555e-01 1.426464123081672359e-03 1.004223537419115155e-22 8.998087363683615769e-23 6.068525771942337704e-04 0.000000000000000000e+00
9.979666832997241555e-01 1.426464123081672359e-03 1.004223537419115155e-22 8.998087363683615769e-23 6.068525771942337704e-04 0.000000000000000000e+00
9.979666832997241555e-01 1.426464123081672359e-03 1.004223537419115155e-22 8.998087363683615769e-23 6.068525771942337704e-04 0.000000000000000000e+00
9.979666832997241555e-01 1.426464123081672359e-03 1.004223537419115155e-22 8.998087363683615769e-23 6.068525771942337704e-04 0.000000000000000000e+00
9.979666832997241555e-01 1.426464123081672359e-03 1.004223537419115155e-22 8.998087363683615769e-23 6.068525771942337704e-04 0.000000000000000000e+00
9.979666832997241555e-01 1.426464123081672359e-03 1.004223537419115155e-22 8.998087363683615769e-23 6.068525771942337704e-04 0.000000000000000000e+00
9.979666832997241555e-01 1.426464123081672359e-03 1.004223537419115155e-22 8.998087363683615769e-23 6.068525771942337704e-04 0.000000000000000000e+00
9.979666832997241555e-01 1.426464123081672359e-03 1.004223537419115155e-22 8.998087363683615769e-23 6.068525771942337704e-04 0.000000000000000000e+00
9.979666832997241555e-01 1.426464123081672359e-03 1.004223537419115155e-22 8.998087363683615769e-23 6.068525771942337704e-04 0.000000000000000000e+00
9.979666832997241555e-01 1.426464123081672359e-03 1.004223537419115155e-22 8.998087363683615769e-23 6.068525771942337704e-04 0.000000000000000000e+00
9.979666832997241555e-01 1.426464123081672359e-03 1.004223537419115155e-22 8.998087363683615769e-23 6.068525771942337704e-04 0.000000000000000000e+00
9.979666832997241555e-01 1.426464123081672359e-03 1.004223537419115155e-22 8.998087363683615769e-23 6.068525771942337704e-04 0.000000000000000000e+00
9.979666832997241555e-01 1.426464123081672359e-03 1.004223537419115155e-22 8.998087363683615769e-23 6.068525771942337704e-04 0.000000000000000000e+00
9.979666832997241555e-01 1.426464123081672359e-03 1.004223537419115155e-22 8.998087363683615769e-23 6.068525771942337704e-04 0.000000000000000000e+00
9.979666832997241555e-01 1.426464123081672359e-03 1.004223537419115155e-22 8.998087363683615769e-23 6.068525771942337704e-04 0.000000000000000000e+00
9.979666832997241555e-01 1.426464123081672359e-03 1.004223537419115155e-22 8.998087363683615769e-23 6.068525771942337704e-04 0.000000000000000000e+00
9.979666832997241555e-01 1.426464123081672359e-03 1.004223537419115155e-22 8.998087363683615769e-23 6.068525771942337704e-04 0.000000000000000000e+00
9.979666832997241555e-01 1.426464123081672359e-03 1.004223537419115155e-22 8.998087363683615769e-23 6.068525771942337704e-04 0.000000000000000000e+00
9.979666832997241555e-01 1.426464123081672359e-03 1.004223537419115155e-22 8.998087363683615769e-23 6.068525771942337704e-04 0.000000000000000000e+00
9.979666832997241555e-01 1.426464123081672359e-03 1.004223537419115155e-22 8.998087363683615769e-23 6.068525771942337704e-04 0.000000000000000000e+00
9.979666832997241555e-01 1.426464123081672359e-03 1.004223537419115155e-22 8.998087363683615769e-23 6.068525771942337704e-04 0.000000000000000000e+00
9.979666832997241555e-01 1.426464123081672359e-03 1.004223537419115155e-22 8.998087363683615769e-23 6.068525771942337704e-04 0.000000000000000000e+00
9.979666832997241555e-01 1.426464123081672359e-03 1.004223537419115155e-22 8.998087363683615769e-23 6.068525771942337704e-04 0.000000000000000000e+00
9.979666832997241555e-01 1.426464123081672359e-03 1.004223537419115155e-22 8.998087363683615769e-23 6.068525771942337704e-04 0.000000000000000000e+00
9.979666832997241555e-01 1.426464123081672359e-03 1.004223537419115155e-22 8.998087363683615769e-23 6.068525771942337704e-04 0.000000000000000000e+00
9.979666832997241555e-01 1.426464123081672359e-03 1.004223537419115155e-22 8.998087363683615769e-23 6.068525771942337704e-04 0.000000000000000000e+00
