9.993801086326710159e-01 3.332964889443807940e-05 2.251149578524405511e-18 1.860543354572873699e-21 5.865617184346335992e-04 0.000000000000000000e+00
9.993801086326709049e-01 3.332964889443807940e-05 1.479574481116802835e-18 1.332853778808330517e-21 5.865617184346342498e-04 0.000000000000000000e+00
9.993801086326709049e-01 3.332964889443807940e-05 9.054938517482657134e-19 9.021144088555041916e-22 5.865617184346347919e-04 0.000000000000000000e+00
9.993801086326709049e-01 3.332964889443807940e-05 5.498588673080935940e-19 6.067499708476221132e-22 5.865617184346354424e-04 0.000000000000000000e+00
9.993801086326707939e-01 3.332964889443807940e-05 3.312828805271838836e-19 4.055071613384574913e-22 5.865617184346354424e-04 0.000000000000000000e+00
9.993801086326709049e-01 3.332964889443807940e-05 1.979909529779754348e-19 2.692528352075573956e-22 5.865617184346354424e-04 0.000000000000000000e+00
9.993801086326710159e-01 3.332964889443807940e-05 1.173741836040257309e-19 1.776153417794371632e-22 5.865617184346354424e-04 0.000000000000000000e+00
9.993801086326709049e-01 3.332964889443807940e-05 6.901649667394344660e-20 1.163955548233770556e-22 5.865617184346359845e-04 0.000000000000000000e+00
9.993801086326707939e-01 3.332964889443807940e-05 4.024662626768192932e-20 7.576731181817774323e-23 5.865617184346354424e-04 0.000000000000000000e+00
9.993801086326709049e-01 3.332964889443807940e-05 2.327032885939991168e-20 4.898195093408173660e-23 5.865617184346354424e-04 0.000000000000000000e+00
9.993801086326710159e-01 3.332964889443807940e-05 1.334169076628832298e-20 3.145068461956296269e-23 5.865617184346354424e-04 0.000000000000000000e+00
9.993801086326709049e-01 3.332964889443807940e-05 7.582592940620809332e-21 2.005179214986219811e-23 5.865617184346354424e-04 0.000000000000000000e+00
9.993801086326709049e-01 3.332964889443807940e-05 4.272179436964210604e-21 1.269481484213129847e-23 5.865617184346359845e-04 0.000000000000000000e+00
9.993801086326709049e-01 3.332964889443807940e-05 2.385525093087232931e-21 7.979041281949507433e-24 5.865617184346359845e-04 0.000000000000000000e+00
9.993801086326710159e-01 3.332964889443807940e-05 1.320269614142462575e-21 4.979197851308126356e-24 5.865617184346354424e-04 0.000000000000000000e+00
9.993801086326710159e-01 3.332964889443807940e-05 7.239333193785928513e-22 3.083906062905161060e-24 5.865617184346354424e-04 0.000000000000000000e+00
9.993801086326709049e-01 3.332964889443807940e-05 3.933351097413946875e-22 1.895976841673555163e-24 5.865617184346354424e-04 0.000000000000000000e+00
9.993801086326709049e-01 3.332964889443807940e-05 2.117298448142477828e-22 1.156900026518398891e-24 5.865617184346354424e-04 0.000000000000000000e+00
9.993801086326707939e-01 3.332964889443807940e-05 1.128788593357270730e-22 7.004430897048527883e-25 5.865617184346354424e-04 0.000000000000000000e+00
9.993801086326709049e-01 3.332964889443807940e-05 5.960607286906879811e-23 4.208168164599440745e-25 5.865617184346354424e-04 0.000000000000000000e+00
9.993801086326709049e-01 3.332964889443807940e-05 3.117109775705685298e-23 2.508446182942837579e-25 5.865617184346354424e-04 0.000000000000000000e+00
9.993801086326709049e-01 3.332964889443807940e-05 1.614111795238989150e-23 1.483392720309559703e-25 5.865617184346354424e-04 0.000000000000000000e+00
9.993801086326709049e-01 3.332964889443807940e-05 8.275063454997692348e-24 8.701524928663861662e-26 5.865617184346359845e-04 0.000000000000000000e+00
9.993801086326707939e-01 3.332964889443807940e-05 4.199303447984086648e-24 5.062336815941648756e-26 5.865617184346359845e-04 0.000000000000000000e+00
9.993801086326709049e-01 3.332964889443807940e-05 2.109173110183758704e-24 2.920728382136253254e-26 5.865617184346354424e-04 0.000000000000000000e+00
9.993801086326710159e-01 3.332964889443807940e-05 1.048358311544666393e-24 1.670942437873046976e-26 5.865617184346354424e-04 0.000000000000000000e+00
9.993801086326709049e-01 3.332964889443807940e-05 5.155922706939548043e-25 9.477862607626395910e-27 5.865617184346359845e-04 0.000000000000000000e+00
9.993801086326710159e-01 3.332964889443807940e-05 2.508665362367954224e-25 5.329538184881724045e-27 5.865617184346354424e-04 0.000000000000000000e+00
9.993801086326707939e-01 3.332964889443807940e-05 1.207293896563929429e-25 2.970388112571097201e-27 5.865617184346359845e-04 0.000000000000000000e+00
9.993801086326710159e-01 3.332964889443807940e-05 5.746151134182115668e-26 1.640773042605229979e-27 5.865617184346354424e-04 0.000000000000000000e+00
9.993801086326709049e-01 3.332964889443807940e-05 2.704492715826373973e-26 8.981638902694522170e-28 5.865617184346359845e-04 0.000000000000000000e+00
9.993801086326709049e-01 3.332964889443807940e-05 1.258593395768018623e-26 4.871812807676949244e-28 5.865617184346354424e-04 0.000000000000000000e+00
9.993801086326710159e-01 3.332964889443807940e-05 5.790619101419545106e-27 2.618255629824828644e-28 5.865617184346359845e-04 0.000000000000000000e+00
9.993801086326710159e-01 3.332964889443807940e-05 2.633302763417275677e-27 1.393913056395872080e-28 5.865617184346359845e-04 0.000000000000000000e+00
9.993801086326710159e-01 3.332964889443807940e-05 1.183013437637163110e-27 7.348183857458374365e-29 5.865617184346354424e-04 0.000000000000000000e+00
9.993801086326710159e-01 3.332964889443807940e-05 5.251374582776796548e-28 3.836282352436635481e-29 5.865617184346354424e-04 0.000000000000000000e+00
9.993801086326709049e-01 3.332964889443807940e-05 2.302904386672900707e-28 1.983200042997468679e-29 5.865617184346359845e-04 0.000000000000000000e+00
9.993801086326709049e-01 3.332964889443807940e-05 9.970486835406878135e-29 1.014657173050327093e-29 5.865617184346359845e-04 0.000000000000000000e+00
9.993801086326711269e-01 3.332964889443807940e-05 4.263820323083770600e-29 5.139659312112636945e-30 5.865617184346354424e-04 0.000000000000000000e+00
9.993801086326709049e-01 3.332964889443807940e-05 1.799821172756440974e-29 2.576161924796338037e-30 5.865617184346359845e-04 0.000000000000000000e+00
9.993801086326709049e-01 3.332964889443807940e-05 7.500296434630506743e-30 1.277888019485300787e-30 5.865617184346354424e-04 0.000000000000000000e+00
9.993801086326709049e-01 3.332964889443807940e-05 3.084405787042354704e-30 6.271214466235217903e-31 5.865617184346359845e-04 0.000000000000000000e+00
9.993801086326709049e-01 3.332964889443807940e-05 1.251777095905965102e-30 3.044839410591994344e-31 5.865617184346354424e-04 0.000000000000000000e+00
9.993801086326709049e-01 3.332964889443807940e-05 5.010725884603292321e-31 1.461950994800769881e-31 5.865617184346354424e-04 0.000000000000000000e+00
9.993801086326709049e-01 3.332964889443807940e-05 1.978532847035382217e-31 6.942191264654603908e-32 5.865617184346359845e-04 0.000000000000000000e+00
9.993801086326710159e-01 3.332964889443807940e-05 7.696866736073129651e-32 3.256994473805099832e-32 5.865617184346359845e-04 0.000000000000000000e+00
9.993801086326709049e-01 3.332964889443807940e-05 2.951915190049368826e-32 1.510531652692267404e-32 5.865617184346359845e-04 0.000000000000000000e+00
9.993801086326710159e-01 3.332964889443807940e-05 1.115823577959259256e-32 6.923722643468675070e-33 5.865617184346354424e-04 0.000000000000000000e+00
9.993801086326709049e-01 3.332964889443807940e-05 4.152954212139399288e-33 3.133981803857619816e-33 5.865617184346359845e-04 0.000000000000000000e+00
9.993801086326709049e-01 3.332964889443807940e-05 1.522758564020856275e-33 1.401510749246736392e-33 5.865617184346359845e-04 0.000000000000000000e+00
9.993801086326710159e-01 3.332964889443807940e-05 7.932270264019995841e-34 8.305863422687465013e-34 5.865617184346354424e-04 0.000000000000000000e+00
9.993801086326710159e-01 3.332964889443807940e-05 7.932270264019995841e-34 8.305863422687465013e-34 5.865617184346354424e-04 0.000000000000000000e+00
9.993801086326710159e-01 3.332964889443807940e-05 7.932270264019995841e-34 8.305863422687465013e-34 5.865617184346354424e-04 0.000000000000000000e+00
9.993801086326710159e-01 3.332964889443807940e-05 7.932270264019995841e-34 8.305863422687465013e-34 5.865617184346354424e-04 0.000000000000000000e+00
9.993801086326710159e-01 3.332964889443807940e-05 7.932270264019995841e-34 8.305863422687465013e-34 5.865617184346354424e-04 0.000000000000000000e+00
9.993801086326710159e-01 3.332964889443807940e-05 7.932270264019995841e-34 8.305863422687465013e-34 5.865617184346354424e-04 0.000000000000000000e+00
9.993801086326710159e-01 3.332964889443807940e-05 7.932270264019995841e-34 8.305863422687465013e-34 5.865617184346354424e-04 0.000000000000000000e+00
9.993801086326710159e-01 3.332964889443807940e-05 7.932270264019995841e-34 8.305863422687465013e-34 5.865617184346354424e-04 0.000000000000000000e+00
9.993801086326710159e-01 3.332964889443807940e-05 7.932270264019995841e-34 8.305863422687465013e-34 5.865617184346354424e-04 0.000000000000000000e+00
9.993801086326710159e-01 3.332964889443807940e-05 7.932270264019995841e-34 8.305863422687465013e-34 5.865617184346354424e-04 0.000000000000000000e+00
9.993801086326710159e-01 3.332964889443807940e-05 7.932270264019995841e-34 8.305863422687465013e-34 5.865617184346354424e-04 0.000000000000000000e+00
9.993801086326710159e-01 3.332964889443807940e-05 7.932270264019995841e-34 8.305863422687465013e-34 5.865617184346354424e-04 0.000000000000000000e+00
9.993801086326710159e-01 3.332964889443807940e-05 7.932270264019995841e-34 8.305863422687465013e-34 5.865617184346354424e-04 0.000000000000000000e+00
9.993801086326710159e-01 3.332964889443807940e-05 7.932270264019995841e-34 8.305863422687465013e-34 5.865617184346354424e-04 0.000000000000000000e+00
9.993801086326710159e-01 3.332964889443807940e-05 7.932270264019995841e-34 8.305863422687465013e-34 5.865617184346354424e-04 0.000000000000000000e+00
9.993801086326710159e-01 3.332964889443807940e-05 7.932270264019995841e-34 8.305863422687465013e-34 5.865617184346354424e-04 0.000000000000000000e+00
9.993801086326710159e-01 3.332964889443807940e-05 7.932270264019995841e-34 8.305863422687465013e-34 5.865617184346354424e-04 0.000000000000000000e+00
9.993801086326710159e-01 3.332964889443807940e-05 7.932270264019995841e-34 8.305863422687465013e-34 5.865617184346354424e-04 0.000000000000000000e+00
9.993801086326710159e-01 3.332964889443807940e-05 7.932270264019995841e-34 8.305863422687465013e-34 5.865617184346354424e-04 0.000000000000000000e+00
9.993801086326710159e-01 3.332964889443807940e-05 7.932270264019995841e-34 8.305863422687465013e-34 5.865617184346354424e-04 0.000000000000000000e+00
9.993801086326710159e-01 3.332964889443807940e-05 7.932270264019995841e-34 8.305863422687465013e-34 5.865617184346354424e-04 0.000000000000000000e+00
9.993801086326710159e-01 3.332964889443807940e-05 7.932270264019995841e-34 8.305863422687465013e-34 5.865617184346354424e-04 0.000000000000000000e+00
9.993801086326710159e-01 3.332964889443807940e-05 7.932270264019995841e-34 8.305863422687465013e-34 5.865617184346354424e-04 0.000000000000000000e+00
9.993801086326710159e-01 3.332964889443807940e-05 7.932270264019995841e-34 8.305863422687465013e-34 5.865617184346354424e-04 0.000000000000000000e+00
9.993801086326710159e-01 3.332964889443807940e-05 7.932270264019995841e-34 8.305863422687465013e-34 5.865617184346354424e-04 0.000000000000000000e+00
9.993801086326710159e-01 3.332964889443807940e-05 7.932270264019995841e-34 8.305863422687465013e-34 5.865617184346354424e-04 0.000000000000000000e+00
9.993801086326710159e-01 3.332964889443807940e-05 7.932270264019995841e-34 8.305863422687465013e-34 5.865617184346354424e-04 0.000000000000000000e+00
9.993801086326710159e-01 3.332964889443807940e-05 7.932270264019995841e-34 8.305863422687465013e-34 5.865617184346354424e-04 0.000000000000000000e+00
9.993801086326710159e-01 3.332964889443807940e-05 7.932270264019995841e-34 8.305863422687465013e-34 5.865617184346354424e-04 0.000000000000000000e+00
9.993801086326710159e-01 3.332964889443807940e-05 7.932270264019995841e-34 8.305863422687465013e-34 5.865617184346354424e-04 0.000000000000000000e+00
9.993801086326710159e-01 3.332964889443807940e-05 7.932270264019995841e-34 8.305863422687465013e-34 5.865617184346354424e-04 0.000000000000000000e+00
9.993801086326710159e-01 3.332964889443807940e-05 7.932270264019995841e-34 8.305863422687465013e-34 5.865617184346354424e-04 0.000000000000000000e+00
9.993801086326710159e-01 3.332964889443807940e-05 7.932270264019995841e-34 8.305863422687465013e-34 5.865617184346354424e-04 0.000000000000000000e+00
9.993801086326710159e-01 3.332964889443807940e-05 7.932270264019995841e-34 8.305863422687465013e-34 5.865617184346354424e-04 0.000000000000000000e+00
9.993801086326710159e-01 3.332964889443807940e-05 7.932270264019995841e-34 8.305863422687465013e-34 5.865617184346354424e-04 0.000000000000000000e+00
9.993801086326710159e-01 3.332964889443807940e-05 7.932270264019995841e-34 8.305863422687465013e-34 5.865617184346354424e-04 0.000000000000000000e+00
9.993801086326710159e-01 3.332964889443807940e-05 7.932270264019995841e-34 8.305863422687465013e-34 5.865617184346354424e-04 0.000000000000000000e+00
9.993801086326710159e-01 3.332964889443807940e-05 7.932270264019995841e-34 8.305863422687465013e-34 5.865617184346354424e-04 0.000000000000000000e+00
9.993801086326710159e-01 3.332964889443807940e-05 7.932270264019995841e-34 8.305863422687465013e-34 5.865617184346354424e-04 0.000000000000000000e+00
9.993801086326710159e-01 3.332964889443807940e-05 7.932270264019995841e-34 8.305863422687465013e-34 5.865617184346354424e-04 0.000000000000000000e+00
9.993801086326710159e-01 3.332964889443807940e-05 7.932270264019995841e-34 8.305863422687465013e-34 5.865617184346354424e-04 0.000000000000000000e+00
9.993801086326710159e-01 3.332964889443807940e-05 7.932270264019995841e-34 8.305863422687465013e-34 5.865617184346354424e-04 0.000000000000000000e+00
9.993801086326710159e-01 3.332964889443807940e-05 7.932270264019995841e-34 8.305863422687465013e-34 5.865617184346354424e-04 0.000000000000000000e+00
9.993801086326710159e-01 3.332964889443807940e-05 7.932270264019995841e-34 8.305863422687465013e-34 5.865617184346354424e-04 0.000000000000000000e+00
9.993801086326710159e-01 3.332964889443807940e-05 7.932270264019995841e-34 8.305863422687465013e-34 5.865617184346354424e-04 0.000000000000000000e+00
9.993801086326710159e-01 3.332964889443807940e-05 7.932270264019995841e-34 8.305863422687465013e-34 5.865617184346354424e-04 0.000000000000000000e+00
9.993801086326710159e-01 3.332964889443807940e-05 7.932270264019995841e-34 8.305863422687465013e-34 5.865617184346354424e-04 0.000000000000000000e+00
9.993801086326710159e-01 3.332964889443807940e-05 7.932270264019995841e-34 8.305863422687465013e-34 5.865617184346354424e-04 0.000000000000000000e+00
9.993801086326710159e-01 3.332964889443807940e-05 7.932270264019995841e-34 8.305863422687465013e-34 5.865617184346354424e-04 0.000000000000000000e+00
9.993801086326710159e-01 3.332964889443807940e-05 7.932270264019995841e-34 8.305863422687465013e-34 5.865617184346354424e-04 0.000000000000000000e+00
9.993801086326710159e-01 3.332964889443807940e-05 7.932270264019995841e-34 8.305863422687465013e-34 5.865617184346354424e-04 0.000000000000000000e+00
9.993801086326710159e-01 3.332964889443807940e-05 7.932270264019995841e-34 8.305863422687465013e-34 5.865617184346354424e-04 0.000000000000000000e+00
9.993801086326710159e-01 3.332964889443807940e-05 7.932270264019995841e-34 8.305863422687465013e-34 5.865617184346354424e-04 0.000000000000000000e+00
9.993801086326710159e-01 3.332964889443807940e-05 7.932270264019995841e-34 8.305863422687465013e-34 5.865617184346354424e-04 0.000000000000000000e+00
9.993801086326710159e-01 3.332964889443807940e-05 7.932270264019995841e-34 8.305863422687465013e-34 5.865617184346354424e-04 0.000000000000000000e+00
9.993801086326710159e-01 3.332964889443807940e-05 7.932270264019995841e-34 8.305863422687465013e-34 5.865617184346354424e-04 0.000000000000000000e+00
9.993801086326710159e-01 3.332964889443807940e-05 7.932270264019995841e-34 8.305863422687465013e-34 5.865617184346354424e-04 0.000000000000000000e+00
9.993801086326710159e-01 3.332964889443807940e-05 7.932270264019995841e-34 8.305863422687465013e-34 5.865617184346354424e-04 0.000000000000000000e+00
9.993801086326710159e-01 3.332964889443807940e-05 7.932270264019995841e-34 8.305863422687465013e-34 5.865617184346354424e-04 0.000000000000000000e+00
9.993801086326710159e-01 3.332964889443807940e-05 7.932270264019995841e-34 8.305863422687465013e-34 5.865617184346354424e-04 0.000000000000000000e+00
9.993801086326710159e-01 3.332964889443807940e-05 7.932270264019995841e-34 8.305863422687465013e-34 5.865617184346354424e-04 0.000000000000000000e+00
9.993801086326710159e-01 3.332964889443807940e-05 7.932270264019995841e-34 8.305863422687465013e-34 5.865617184346354424e-04 0.000000000000000000e+00
9.993801086326710159e-01 3.332964889443807940e-05 7.932270264019995841e-34 8.305863422687465013e-34 5.865617184346354424e-04 0.000000000000000000e+00
9.993801086326710159e-01 3.332964889443807940e-05 7.932270264019995841e-34 8.305863422687465013e-34 5.865617184346354424e-04 0.000000000000000000e+00
9.993801086326710159e-01 3.332964889443807940e-05 7.932270264019995841e-34 8.305863422687465013e-34 5.865617184346354424e-04 0.000000000000000000e+00
9.993801086326710159e-01 3.332964889443807940e-05 7.932270264019995841e-34 8.305863422687465013e-34 5.865617184346354424e-04 0.000000000000000000e+00
9.993801086326710159e-01 3.332964889443807940e-05 7.932270264019995841e-34 8.305863422687465013e-34 5.865617184346354424e-04 0.000000000000000000e+00
9.993801086326710159e-01 3.332964889443807940e-05 7.932270264019995841e-34 8.305863422687465013e-34 5.865617184346354424e-04 0.000000000000000000e+00
9.993801086326710159e-01 3.332964889443807940e-05 7.932270264019995841e-34 8.305863422687465013e-34 5.865617184346354424e-04 0.000000000000000000e+00
9.993801086326710159e-01 3.332964889443807940e-05 7.932270264019995841e-34 8.305863422687465013e-34 5.865617184346354424e-04 0.000000000000000000e+00
9.993801086326710159e-01 3.332964889443807940e-05 7.932270264019995841e-34 8.305863422687465013e-34 5.865617184346354424e-04 0.000000000000000000e+00
9.993801086326710159e-01 3.332964889443807940e-05 7.932270264019995841e-34 8.305863422687465013e-34 5.865617184346354424e-04 0.000000000000000000e+00
9.993801086326710159e-01 3.332964889443807940e-05 7.932270264019995841e-34 8.305863422687465013e-34 5.865617184346354424e-04 0.000000000000000000e+00
9.993801086326710159e-01 3.332964889443807940e-05 7.932270264019995841e-34 8.305863422687465013e-34 5.865617184346354424e-04 0.000000000000000000e+00
9.993801086326710159e-01 3.332964889443807940e-05 7.932270264019995841e-34 8.305863422687465013e-34 5.865617184346354424e-04 0.000000000000000000e+00
9.993801086326710159e-01 3.332964889443807940e-05 7.932270264019995841e-34 8.305863422687465013e-34 5.865617184346354424e-04 0.000000000000000000e+00
9.993801086326710159e-01 3.332964889443807940e-05 7.932270264019995841e-34 8.305863422687465013e-34 5.865617184346354424e-04 0.000000000000000000e+00
9.993801086326710159e-01 3.332964889443807940e-05 7.932270264019995841e-34 8.305863422687465013e-34 5.865617184346354424e-04 0.000000000000000000e+00
9.993801086326710159e-01 3.332964889443807940e-05 7.932270264019995841e-34 8.305863422687465013e-34 5.865617184346354424e-04 0.000000000000000000e+00
9.993801086326710159e-01 3.332964889443807940e-05 7.932270264019995841e-34 8.305863422687465013e-34 5.865617184346354424e-04 0.000000000000000000e+00
9.993801086326710159e-01 3.332964889443807940e-05 7.932270264019995841e-34 8.305863422687465013e-34 5.865617184346354424e-04 0.000000000000000000e+00
9.993801086326710159e-01 3.332964889443807940e-05 7.932270264019995841e-34 8.305863422687465013e-34 5.865617184346354424e-04 0.000000000000000000e+00
9.993801086326710159e-01 3.332964889443807940e-05 7.932270264019995841e-34 8.305863422687465013e-34 5.865617184346354424e-04 0.000000000000000000e+00
9.993801086326710159e-01 3.332964889443807940e-05 7.932270264019995841e-34 8.305863422687465013e-34 5.865617184346354424e-04 0.000000000000000000e+00
9.993801086326710159e-01 3.332964889443807940e-05 7.932270264019995841e-34 8.305863422687465013e-34 5.865617184346354424e-04 0.000000000000000000e+00
9.993801086326710159e-01 3.332964889443807940e-05 7.932270264019995841e-34 8.305863422687465013e-34 5.865617184346354424e-04 0.000000000000000000e+00
9.993801086326710159e-01 3.332964889443807940e-05 7.932270264019995841e-34 8.305863422687465013e-34 5.865617184346354424e-04 0.000000000000000000e+00
9.993801086326710159e-01 3.332964889443807940e-05 7.932270264019995841e-34 8.305863422687465013e-34 5.865617184346354424e-04 0.000000000000000000e+00
9.993801086326710159e-01 3.332964889443807940e-05 7.932270264019995841e-34 8.305863422687465013e-34 5.865617184346354424e-04 0.000000000000000000e+00
9.993801086326710159e-01 3.332964889443807940e-05 7.932270264019995841e-34 8.305863422687465013e-34 5.865617184346354424e-04 0.000000000000000000e+00
9.993801086326710159e-01 3.332964889443807940e-05 7.932270264019995841e-34 8.305863422687465013e-34 5.865617184346354424e-04 0.000000000000000000e+00
9.993801086326710159e-01 3.332964889443807940e-05 7.932270264019995841e-34 8.305863422687465013e-34 5.865617184346354424e-04 0.000000000000000000e+00
9.993801086326710159e-01 3.332964889443807940e-05 7.932270264019995841e-34 8.305863422687465013e-34 5.865617184346354424e-04 0.000000000000000000e+00
9.993801086326710159e-01 3.332964889443807940e-05 7.932270264019995841e-34 8.305863422687465013e-34 5.865617184346354424e-04 0.000000000000000000e+00
9.993801086326710159e-01 3.332964889443807940e-05 7.932270264019995841e-34 8.305863422687465013e-34 5.865617184346354424e-04 0.000000000000000000e+00
9.993801086326710159e-01 3.332964889443807940e-05 7.932270264019995841e-34 8.305863422687465013e-34 5.865617184346354424e-04 0.000000000000000000e+00
9.993801086326710159e-01 3.332964889443807940e-05 7.932270264019995841e-34 8.305863422687465013e-34 5.865617184346354424e-04 0.000000000000000000e+00
9.993801086326710159e-01 3.332964889443807940e-05 7.932270264019995841e-34 8.305863422687465013e-34 5.865617184346354424e-04 0.000000000000000000e+00
9.993801086326710159e-01 3.332964889443807940e-05 7.932270264019995841e-34 8.305863422687465013e-34 5.865617184346354424e-04 0.000000000000000000e+00
9.993801086326710159e-01 3.332964889443807940e-05 7.932270264019995841e-34 8.305863422687465013e-34 5.865617184346354424e-04 0.000000000000000000e+00
9.993801086326710159e-01 3.332964889443807940e-05 7.932270264019995841e-34 8.305863422687465013e-34 5.865617184346354424e-04 0.000000000000000000e+00
9.993801086326710159e-01 3.332964889443807940e-05 7.932270264019995841e-34 8.305863422687465013e-34 5.865617184346354424e-04 0.000000000000000000e+00
9.993801086326710159e-01 3.332964889443807940e-05 7.932270264019995841e-34 8.305863422687465013e-34 5.865617184346354424e-04 0.000000000000000000e+00
9.993801086326710159e-01 3.332964889443807940e-05 7.932270264019995841e-34 8.305863422687465013e-34 5.865617184346354424e-04 0.000000000000000000e+00
9.993801086326710159e-01 3.332964889443807940e-05 7.932270264019995841e-34 8.305863422687465013e-34 5.865617184346354424e-04 0.000000000000000000e+00
9.993801086326710159e-01 3.332964889443807940e-05 7.932270264019995841e-34 8.305863422687465013e-34 5.865617184346354424e-04 0.000000000000000000e+00
9.993801086326710159e-01 3.332964889443807940e-05 7.932270264019995841e-34 8.305863422687465013e-34 5.865617184346354424e-04 0.000000000000000000e+00
9.993801086326710159e-01 3.332964889443807940e-05 7.932270264019995841e-34 8.305863422687465013e-34 5.865617184346354424e-04 0.000000000000000000e+00
9.993801086326710159e-01 3.332964889443807940e-05 7.932270264019995841e-34 8.305863422687465013e-34 5.865617184346354424e-04 0.000000000000000000e+00
9.993801086326710159e-01 3.332964889443807940e-05 7.932270264019995841e-34 8.305863422687465013e-34 5.865617184346354424e-04 0.000000000000000000e+00
9.993801086326710159e-01 3.332964889443807940e-05 7.932270264019995841e-34 8.305863422687465013e-34 5.865617184346354424e-04 0.000000000000000000e+00
9.993801086326710159e-01 3.332964889443807940e-05 7.932270264019995841e-34 8.305863422687465013e-34 5.865617184346354424e-04 0.000000000000000000e+00
9.993801086326710159e-01 3.332964889443807940e-05 7.932270264019995841e-34 8.305863422687465013e-34 5.865617184346354424e-04 0.000000000000000000e+00
9.993801086326710159e-01 3.332964889443807940e-05 7.932270264019995841e-34 8.305863422687465013e-34 5.865617184346354424e-04 0.000000000000000000e+00
9.993801086326710159e-01 3.332964889443807940e-05 7.932270264019995841e-34 8.305863422687465013e-34 5.865617184346354424e-04 0.000000000000000000e+00
9.993801086326710159e-01 3.332964889443807940e-05 7.932270264019995841e-34 8.305863422687465013e-34 5.865617184346354424e-04 0.000000000000000000e+00
9.993801086326710159e-01 3.332964889443807940e-05 7.932270264019995841e-34 8.305863422687465013e-34 5.865617184346354424e-04 0.000000000000000000e+00
9.993801086326710159e-01 3.332964889443807940e-05 7.932270264019995841e-34 8.305863422687465013e-34 5.865617184346354424e-04 0.000000000000000000e+00
9.993801086326710159e-01 3.332964889443807940e-05 7.932270264019995841e-34 8.305863422687465013e-34 5.865617184346354424e-04 0.000000000000000000e+00
9.993801086326710159e-01 3.332964889443807940e-05 7.932270264019995841e-34 8.305863422687465013e-34 5.865617184346354424e-04 0.000000000000000000e+00
9.993801086326710159e-01 3.332964889443807940e-05 7.932270264019995841e-34 8.305863422687465013e-34 5.865617184346354424e-04 0.000000000000000000e+00
9.993801086326710159e-01 3.332964889443807940e-05 7.932270264019995841e-34 8.305863422687465013e-34 5.865617184346354424e-04 0.000000000000000000e+00
9.993801086326710159e-01 3.332964889443807940e-05 7.932270264019995841e-34 8.305863422687465013e-34 5.865617184346354424e-04 0.000000000000000000e+00
9.993801086326710159e-01 3.332964889443807940e-05 7.932270264019995841e-34 8.305863422687465013e-34 5.865617184346354424e-04 0.000000000000000000e+00
9.993801086326710159e-01 3.332964889443807940e-05 7.932270264019995841e-34 8.305863422687465013e-34 5.865617184346354424e-04 0.000000000000000000e+00
9.993801086326710159e-01 3.332964889443807940e-05 7.932270264019995841e-34 8.305863422687465013e-34 5.865617184346354424e-04 0.000000000000000000e+00
9.993801086326710159e-01 3.332964889443807940e-05 7.932270264019995841e-34 8.305863422687465013e-34 5.865617184346354424e-04 0.000000000000000000e+00
9.993801086326710159e-01 3.332964889443807940e-05 7.932270264019995841e-34 8.305863422687465013e-34 5.865617184346354424e-04 0.000000000000000000e+00
9.993801086326710159e-01 3.332964889443807940e-05 7.932270264019995841e-34 8.305863422687465013e-34 5.865617184346354424e-04 0.000000000000000000e+00
9.993801086326710159e-01 3.332964889443807940e-05 7.932270264019995841e-34 8.305863422687465013e-34 5.865617184346354424e-04 0.000000000000000000e+00
9.993801086326710159e-01 3.332964889443807940e-05 7.932270264019995841e-34 8.305863422687465013e-34 5.865617184346354424e-04 0.000000000000000000e+00
9.993801086326710159e-01 3.332964889443807940e-05 7.932270264019995841e-34 8.305863422687465013e-34 5.865617184346354424e-04 0.000000000000000000e+00
9.993801086326710159e-01 3.332964889443807940e-05 7.932270264019995841e-34 8.305863422687465013e-34 5.865617184346354424e-04 0.000000000000000000e+00
9.993801086326710159e-01 3.332964889443807940e-05 7.932270264019995841e-34 8.305863422687465013e-34 5.865617184346354424e-04 0.000000000000000000e+00
9.993801086326710159e-01 3.332964889443807940e-05 7.932270264019995841e-34 8.305863422687465013e-34 5.865617184346354424e-04 0.000000000000000000e+00
9.993801086326710159e-01 3.332964889443807940e-05 7.932270264019995841e-34 8.305863422687465013e-34 5.865617184346354424e-04 0.000000000000000000e+00
9.993801086326710159e-01 3.332964889443807940e-05 7.932270264019995841e-34 8.305863422687465013e-34 5.865617184346354424e-04 0.000000000000000000e+00
9.993801086326710159e-01 3.332964889443807940e-05 7.932270264019995841e-34 8.305863422687465013e-34 5.865617184346354424e-04 0.000000000000000000e+00
9.993801086326710159e-01 3.332964889443807940e-05 7.932270264019995841e-34 8.305863422687465013e-34 5.865617184346354424e-04 0.000000000000000000e+00
9.993801086326710159e-01 3.332964889443807940e-05 7.932270264019995841e-34 8.305863422687465013e-34 5.865617184346354424e-04 0.000000000000000000e+00
9.993801086326710159e-01 3.332964889443807940e-05 7.932270264019995841e-34 8.305863422687465013e-34 5.865617184346354424e-04 0.000000000000000000e+00
9.993801086326710159e-01 3.332964889443807940e-05 7.932270264019995841e-34 8.305863422687465013e-34 5.865617184346354424e-04 0.000000000000000000e+00
9.993801086326710159e-01 3.332964889443807940e-05 7.932270264019995841e-34 8.305863422687465013e-34 5.865617184346354424e-04 0.000000000000000000e+00
9.993801086326710159e-01 3.332964889443807940e-05 7.932270264019995841e-34 8.305863422687465013e-34 5.865617184346354424e-04 0.000000000000000000e+00
9.993801086326710159e-01 3.332964889443807940e-05 7.932270264019995841e-34 8.305863422687465013e-34 5.865617184346354424e-04 0.000000000000000000e+00
9.993801086326710159e-01 3.332964889443807940e-05 7.932270264019995841e-34 8.305863422687465013e-34 5.865617184346354424e-04 0.000000000000000000e+00
9.993801086326710159e-01 3.332964889443807940e-05 7.932270264019995841e-34 8.305863422687465013e-34 5.865617184346354424e-04 0.000000000000000000e+00
9.993801086326710159e-01 3.332964889443807940e-05 7.932270264019995841e-34 8.305863422687465013e-34 5.865617184346354424e-04 0.000000000000000000e+00
9.993801086326710159e-01 3.332964889443807940e-05 7.932270264019995841e-34 8.305863422687465013e-34 5.865617184346354424e-04 0.000000000000000000e+00
9.993801086326710159e-01 3.332964889443807940e-05 7.932270264019995841e-34 8.305863422687465013e-34 5.865617184346354424e-04 0.000000000000000000e+00
9.993801086326710159e-01 3.332964889443807940e-05 7.932270264019995841e-34 8.305863422687465013e-34 5.865617184346354424e-04 0.000000000000000000e+00
9.993801086326710159e-01 3.332964889443807940e-05 7.932270264019995841e-34 8.305863422687465013e-34 5.865617184346354424e-04 0.000000000000000000e+00
9.993801086326710159e-01 3.332964889443807940e-05 7.932270264019995841e-34 8.305863422687465013e-34 5.865617184346354424e-04 0.000000000000000000e+00
9.993801086326710159e-01 3.332964889443807940e-05 7.932270264019995841e-34 8.305863422687465013e-34 5.865617184346354424e-04 0.000000000000000000e+00
9.993801086326710159e-01 3.332964889443807940e-05 7.932270264019995841e-34 8.305863422687465013e-34 5.865617184346354424e-04 0.000000000000000000e+00
9.993801086326710159e-01 3.332964889443807940e-05 7.932270264019995841e-34 8.305863422687465013e-34 5.865617184346354424e-04 0.000000000000000000e+00
9.993801086326710159e-01 3.332964889443807940e-05 7.932270264019995841e-34 8.305863422687465013e-34 5.865617184346354424e-04 0.000000000000000000e+00
9.993801086326710159e-01 3.332964889443807940e-05 7.932270264019995841e-34 8.305863422687465013e-34 5.865617184346354424e-04 0.000000000000000000e+00
9.993801086326710159e-01 3.332964889443807940e-05 7.932270264019995841e-34 8.305863422687465013e-34 5.865617184346354424e-04 0.000000000000000000e+00
9.993801086326710159e-01 3.332964889443807940e-05 7.932270264019995841e-34 8.305863422687465013e-34 5.865617184346354424e-04 0.000000000000000000e+00
9.993801086326710159e-01 3.332964889443807940e-05 7.932270264019995841e-34 8.305863422687465013e-34 5.865617184346354424e-04 0.000000000000000000e+00
9.993801086326710159e-01 3.332964889443807940e-05 7.932270264019995841e-34 8.305863422687465013e-34 5.865617184346354424e-04 0.000000000000000000e+00
9.993801086326710159e-01 3.332964889443807940e-05 7.932270264019995841e-34 8.305863422687465013e-34 5.865617184346354424e-04 0.000000000000000000e+00
9.993801086326710159e-01 3.332964889443807940e-05 7.932270264019995841e-34 8.305863422687465013e-34 5.865617184346354424e-04 0.000000000000000000e+00
9.993801086326710159e-01 3.332964889443807940e-05 7.932270264019995841e-34 8.305863422687465013e-34 5.865617184346354424e-04 0.000000000000000000e+00
9.993801086326710159e-01 3.332964889443807940e-05 7.932270264019995841e-34 8.305863422687465013e-34 5.865617184346354424e-04 0.000000000000000000e+00
9.993801086326710159e-01 3.332964889443807940e-05 7.932270264019995841e-34 8.305863422687465013e-34 5.865617184346354424e-04 0.000000000000000000e+00
9.993801086326710159e-01 3.332964889443807940e-05 7.932270264019995841e-34 8.305863422687465013e-34 5.865617184346354424e-04 0.000000000000000000e+00
9.993801086326710159e-01 3.332964889443807940e-05 7.932270264019995841e-34 8.305863422687465013e-34 5.865617184346354424e-04 0.000000000000000000e+00
9.993801086326710159e-01 3.332964889443807940e-05 7.932270264019995841e-34 8.305863422687465013e-34 5.865617184346354424e-04 0.000000000000000000e+00
9.993801086326710159e-01 3.332964889443807940e-05 7.932270264019995841e-34 8.305863422687465013e-34 5.865617184346354424e-04 0.000000000000000000e+00
9.993801086326710159e-01 3.332964889443807940e-05 7.932270264019995841e-34 8.305863422687465013e-34 5.865617184346354424e-04 0.000000000000000000e+00
9.993801086326710159e-01 3.332964889443807940e-05 7.932270264019995841e-34 8.305863422687465013e-34 5.865617184346354424e-04 0.000000000000000000e+00
9.993801086326710159e-01 3.332964889443807940e-05 7.932270264019995841e-34 8.305863422687465013e-34 5.865617184346354424e-04 0.000000000000000000e+00
9.993801086326710159e-01 3.332964889443807940e-05 7.932270264019995841e-34 8.305863422687465013e-34 5.865617184346354424e-04 0.000000000000000000e+00
9.993801086326710159e-01 3.332964889443807940e-05 7.932270264019995841e-34 8.305863422687465013e-34 5.865617184346354424e-04 0.000000000000000000e+00
9.993801086326710159e-01 3.332964889443807940e-05 7.932270264019995841e-34 8.305863422687465013e-34 5.865617184346354424e-04 0.000000000000000000e+00
9.993801086326710159e-01 3.332964889443807940e-05 7.932270264019995841e-34 8.305863422687465013e-34 5.865617184346354424e-04 0.000000000000000000e+00
9.993801086326710159e-01 3.332964889443807940e-05 7.932270264019995841e-34 8.305863422687465013e-34 5.865617184346354424e-04 0.000000000000000000e+00
9.993801086326710159e-01 3.332964889443807940e-05 7.932270264019995841e-34 8.305863422687465013e-34 5.865617184346354424e-04 0.000000000000000000e+00
9.993801086326710159e-01 3.332964889443807940e-05 7.932270264019995841e-34 8.305863422687465013e-34 5.865617184346354424e-04 0.000000000000000000e+00
9.993801086326710159e-01 3.332964889443807940e-05 7.932270264019995841e-34 8.305863422687465013e-34 5.865617184346354424e-04 0.000000000000000000e+00
9.993801086326710159e-01 3.332964889443807940e-05 7.932270264019995841e-34 8.305863422687465013e-34 5.865617184346354424e-04 0.000000000000000000e+00
9.993801086326710159e-01 3.332964889443807940e-05 7.932270264019995841e-34 8.305863422687465013e-34 5.865617184346354424e-04 0.000000000000000000e+00
9.993801086326710159e-01 3.332964889443807940e-05 7.932270264019995841e-34 8.305863422687465013e-34 5.865617184346354424e-04 0.000000000000000000e+00
9.993801086326710159e-01 3.332964889443807940e-05 7.932270264019995841e-34 8.305863422687465013e-34 5.865617184346354424e-04 0.000000000000000000e+00
9.993801086326710159e-01 3.332964889443807940e-05 7.932270264019995841e-34 8.305863422687465013e-34 5.865617184346354424e-04 0.000000000000000000e+00
9.993801086326710159e-01 3.332964889443807940e-05 7.932270264019995841e-34 8.305863422687465013e-34 5.865617184346354424e-04 0.000000000000000000e+00
9.993801086326710159e-01 3.332964889443807940e-05 7.932270264019995841e-34 8.305863422687465013e-34 5.865617184346354424e-04 0.000000000000000000e+00
9.993801086326710159e-01 3.332964889443807940e-05 7.932270264019995841e-34 8.305863422687465013e-34 5.865617184346354424e-04 0.000000000000000000e+00
9.993801086326710159e-01 3.332964889443807940e-05 7.932270264019995841e-34 8.305863422687465013e-34 5.865617184346354424e-04 0.000000000000000000e+00
9.993801086326710159e-01 3.332964889443807940e-05 7.932270264019995841e-34 8.305863422687465013e-34 5.865617184346354424e-04 0.000000000000000000e+00
9.993801086326710159e-01 3.332964889443807940e-05 7.932270264019995841e-34 8.305863422687465013e-34 5.865617184346354424e-04 0.000000000000000000e+00
9.993801086326710159e-01 3.332964889443807940e-05 7.932270264019995841e-34 8.305863422687465013e-34 5.865617184346354424e-04 0.000000000000000000e+00
9.993801086326710159e-01 3.332964889443807940e-05 7.932270264019995841e-34 8.305863422687465013e-34 5.865617184346354424e-04 0.000000000000000000e+00
9.993801086326710159e-01 3.332964889443807940e-05 7.932270264019995841e-34 8.305863422687465013e-34 5.865617184346354424e-04 0.000000000000000000e+00
9.993801086326710159e-01 3.332964889443807940e-05 7.932270264019995841e-34 8.305863422687465013e-34 5.865617184346354424e-04 0.000000000000000000e+00
9.993801086326710159e-01 3.332964889443807940e-05 7.932270264019995841e-34 8.305863422687465013e-34 5.865617184346354424e-04 0.000000000000000000e+00
9.993801086326710159e-01 3.332964889443807940e-05 7.932270264019995841e-34 8.305863422687465013e-34 5.865617184346354424e-04 0.000000000000000000e+00
9.993801086326710159e-01 3.332964889443807940e-05 7.932270264019995841e-34 8.305863422687465013e-34 5.865617184346354424e-04 0.000000000000000000e+00
9.993801086326710159e-01 3.332964889443807940e-05 7.932270264019995841e-34 8.305863422687465013e-34 5.865617184346354424e-04 0.000000000000000000e+00
9.993801086326710159e-01 3.332964889443807940e-05 7.932270264019995841e-34 8.305863422687465013e-34 5.865617184346354424e-04 0.000000000000000000e+00
9.993801086326710159e-01 3.332964889443807940e-05 7.932270264019995841e-34 8.305863422687465013e-34 5.865617184346354424e-04 0.000000000000000000e+00
9.993801086326710159e-01 3.332964889443807940e-05 7.932270264019995841e-34 8.305863422687465013e-34 5.865617184346354424e-04 0.000000000000000000e+00
9.993801086326710159e-01 3.332964889443807940e-05 7.932270264019995841e-34 8.305863422687465013e-34 5.865617184346354424e-04 0.000000000000000000e+00
9.993801086326710159e-01 3.332964889443807940e-05 7.932270264019995841e-34 8.305863422687465013e-34 5.865617184346354424e-04 0.000000000000000000e+00
9.993801086326710159e-01 3.332964889443807940e-05 7.932270264019995841e-34 8.305863422687465013e-34 5.865617184346354424e-04 0.000000000000000000e+00
9.993801086326710159e-01 3.332964889443807940e-05 7.932270264019995841e-34 8.305863422687465013e-34 5.865617184346354424e-04 0.000000000000000000e+00
9.993801086326710159e-01 3.332964889443807940e-05 7.932270264019995841e-34 8.305863422687465013e-34 5.865617184346354424e-04 0.000000000000000000e+00
9.993801086326710159e-01 3.332964889443807940e-05 7.932270264019995841e-34 8.305863422687465013e-34 5.865617184346354424e-04 0.000000000000000000e+00
9.993801086326710159e-01 3.332964889443807940e-05 7.932270264019995841e-34 8.305863422687465013e-34 5.865617184346354424e-04 0.000000000000000000e+00
9.993801086326710159e-01 3.332964889443807940e-05 7.932270264019995841e-34 8.305863422687465013e-34 5.865617184346354424e-04 0.000000000000000000e+00
9.993801086326710159e-01 3.332964889443807940e-05 7.932270264019995841e-34 8.305863422687465013e-34 5.865617184346354424e-04 0.000000000000000000e+00
9.993801086326710159e-01 3.332964889443807940e-05 7.932270264019995841e-34 8.305863422687465013e-34 5.865617184346354424e-04 0.000000000000000000e+00
9.993801086326710159e-01 3.332964889443807940e-05 7.932270264019995841e-34 8.305863422687465013e-34 5.865617184346354424e-04 0.000000000000000000e+00
9.993801086326710159e-01 3.332964889443807940e-05 7.932270264019995841e-34 8.305863422687465013e-34 5.865617184346354424e-04 0.000000000000000000e+00
9.993801086326710159e-01 3.332964889443807940e-05 7.932270264019995841e-34 8.305863422687465013e-34 5.865617184346354424e-04 0.000000000000000000e+00
9.993801086326710159e-01 3.332964889443807940e-05 7.932270264019995841e-34 8.305863422687465013e-34 5.865617184346354424e-04 0.000000000000000000e+00
9.993801086326710159e-01 3.332964889443807940e-05 7.932270264019995841e-34 8.305863422687465013e-34 5.865617184346354424e-04 0.000000000000000000e+00
9.993801086326710159e-01 3.332964889443807940e-05 7.932270264019995841e-34 8.305863422687465013e-34 5.865617184346354424e-04 0.000000000000000000e+00
9.993801086326710159e-01 3.332964889443807940e-05 7.932270264019995841e-34 8.305863422687465013e-34 5.865617184346354424e-04 0.000000000000000000e+00
9.993801086326710159e-01 3.332964889443807940e-05 7.932270264019995841e-34 8.305863422687465013e-34 5.865617184346354424e-04 0.000000000000000000e+00
9.993801086326710159e-01 3.332964889443807940e-05 7.932270264019995841e-34 8.305863422687465013e-34 5.865617184346354424e-04 0.000000000000000000e+00
9.993801086326710159e-01 3.332964889443807940e-05 7.932270264019995841e-34 8.305863422687465013e-34 5.865617184346354424e-04 0.000000000000000000e+00
9.993801086326710159e-01 3.332964889443807940e-05 7.932270264019995841e-34 8.305863422687465013e-34 5.865617184346354424e-04 0.000000000000000000e+00
9.993801086326710159e-01 3.332964889443807940e-05 7.932270264019995841e-34 8.305863422687465013e-34 5.865617184346354424e-04 0.000000000000000000e+00
9.993801086326710159e-01 3.332964889443807940e-05 7.932270264019995841e-34 8.305863422687465013e-34 5.865617184346354424e-04 0.000000000000000000e+00
9.993801086326710159e-01 3.332964889443807940e-05 7.932270264019995841e-34 8.305863422687465013e-34 5.865617184346354424e-04 0.000000000000000000e+00
9.993801086326710159e-01 3.332964889443807940e-05 7.932270264019995841e-34 8.305863422687465013e-34 5.865617184346354424e-04 0.000000000000000000e+00
9.993801086326710159e-01 3.332964889443807940e-05 7.932270264019995841e-34 8.305863422687465013e-34 5.865617184346354424e-04 0.000000000000000000e+00
9.993801086326710159e-01 3.332964889443807940e-05 7.932270264019995841e-34 8.305863422687465013e-34 5.865617184346354424e-04 0.000000000000000000e+00
9.993801086326710159e-01 3.332964889443807940e-05 7.932270264019995841e-34 8.305863422687465013e-34 5.865617184346354424e-04 0.000000000000000000e+00
9.993801086326710159e-01 3.332964889443807940e-05 7.932270264019995841e-34 8.305863422687465013e-34 5.865617184346354424e-04 0.000000000000000000e+00
9.993801086326710159e-01 3.332964889443807940e-05 7.932270264019995841e-34 8.305863422687465013e-34 5.865617184346354424e-04 0.000000000000000000e+00
9.993801086326710159e-01 3.332964889443807940e-05 7.932270264019995841e-34 8.305863422687465013e-34 5.865617184346354424e-04 0.000000000000000000e+00
9.993801086326710159e-01 3.332964889443807940e-05 7.932270264019995841e-34 8.305863422687465013e-34 5.865617184346354424e-04 0.000000000000000000e+00
9.993801086326710159e-01 3.332964889443807940e-05 7.932270264019995841e-34 8.305863422687465013e-34 5.865617184346354424e-04 0.000000000000000000e+00
9.993801086326710159e-01 3.332964889443807940e-05 7.932270264019995841e-34 8.305863422687465013e-34 5.865617184346354424e-04 0.000000000000000000e+00
9.993801086326710159e-01 3.332964889443807940e-05 7.932270264019995841e-34 8.305863422687465013e-34 5.865617184346354424e-04 0.000000000000000000e+00
9.993801086326710159e-01 3.332964889443807940e-05 7.932270264019995841e-34 8.305863422687465013e-34 5.865617184346354424e-04 0.000000000000000000e+00
9.993801086326710159e-01 3.332964889443807940e-05 7.932270264019995841e-34 8.305863422687465013e-34 5.865617184346354424e-04 0.000000000000000000e+00
9.993801086326710159e-01 3.332964889443807940e-05 7.932270264019995841e-34 8.305863422687465013e-34 5.865617184346354424e-04 0.000000000000000000e+00
9.993801086326710159e-01 3.332964889443807940e-05 7.932270264019995841e-34 8.305863422687465013e-34 5.865617184346354424e-04 0.000000000000000000e+00
9.993801086326710159e-01 3.332964889443807940e-05 7.932270264019995841e-34 8.305863422687465013e-34 5.865617184346354424e-04 0.000000000000000000e+00
9.993801086326710159e-01 3.332964889443807940e-05 7.932270264019995841e-34 8.305863422687465013e-34 5.865617184346354424e-04 0.000000000000000000e+00
9.993801086326710159e-01 3.332964889443807940e-05 7.932270264019995841e-34 8.305863422687465013e-34 5.865617184346354424e-04 0.000000000000000000e+00
9.993801086326710159e-01 3.332964889443807940e-05 7.932270264019995841e-34 8.305863422687465013e-34 5.865617184346354424e-04 0.000000000000000000e+00
9.993801086326710159e-01 3.332964889443807940e-05 7.932270264019995841e-34 8.305863422687465013e-34 5.865617184346354424e-04 0.000000000000000000e+00
9.993801086326710159e-01 3.332964889443807940e-05 7.932270264019995841e-34 8.305863422687465013e-34 5.865617184346354424e-04 0.000000000000000000e+00
9.993801086326710159e-01 3.332964889443807940e-05 7.932270264019995841e-34 8.305863422687465013e-34 5.865617184346354424e-04 0.000000000000000000e+00
9.993801086326710159e-01 3.332964889443807940e-05 7.932270264019995841e-34 8.305863422687465013e-34 5.865617184346354424e-04 0.000000000000000000e+00
9.993801086326710159e-01 3.332964889443807940e-05 7.932270264019995841e-34 8.305863422687465013e-34 5.865617184346354424e-04 0.000000000000000000e+00
9.993801086326710159e-01 3.332964889443807940e-05 7.932270264019995841e-34 8.305863422687465013e-34 5.865617184346354424e-04 0.000000000000000000e+00
9.993801086326710159e-01 3.332964889443807940e-05 7.932270264019995841e-34 8.305863422687465013e-34 5.865617184346354424e-04 0.000000000000000000e+00
9.993801086326710159e-01 3.332964889443807940e-05 7.932270264019995841e-34 8.305863422687465013e-34 5.865617184346354424e-04 0.000000000000000000e+00
9.993801086326710159e-01 3.332964889443807940e-05 7.932270264019995841e-34 8.305863422687465013e-34 5.865617184346354424e-04 0.000000000000000000e+00
9.993801086326710159e-01 3.332964889443807940e-05 7.932270264019995841e-34 8.305863422687465013e-34 5.865617184346354424e-04 0.000000000000000000e+00
9.993801086326710159e-01 3.332964889443807940e-05 7.932270264019995841e-34 8.305863422687465013e-34 5.865617184346354424e-04 0.000000000000000000e+00
9.993801086326710159e-01 3.332964889443807940e-05 7.932270264019995841e-34 8.305863422687465013e-34 5.865617184346354424e-04 0.000000000000000000e+00
9.993801086326710159e-01 3.332964889443807940e-05 7.932270264019995841e-34 8.305863422687465013e-34 5.865617184346354424e-04 0.000000000000000000e+00
9.993801086326710159e-01 3.332964889443807940e-05 7.932270264019995841e-34 8.305863422687465013e-34 5.865617184346354424e-04 0.000000000000000000e+00
9.993801086326710159e-01 3.332964889443807940e-05 7.932270264019995841e-34 8.305863422687465013e-34 5.865617184346354424e-04 0.000000000000000000e+00
9.993801086326710159e-01 3.332964889443807940e-05 7.932270264019995841e-34 8.305863422687465013e-34 5.865617184346354424e-04 0.000000000000000000e+00
9.993801086326710159e-01 3.332964889443807940e-05 7.932270264019995841e-34 8.305863422687465013e-34 5.865617184346354424e-04 0.000000000000000000e+00
9.993801086326710159e-01 3.332964889443807940e-05 7.932270264019995841e-34 8.305863422687465013e-34 5.865617184346354424e-04 0.000000000000000000e+00
9.993801086326710159e-01 3.332964889443807940e-05 7.932270264019995841e-34 8.305863422687465013e-34 5.865617184346354424e-04 0.000000000000000000e+00
9.993801086326710159e-01 3.332964889443807940e-05 7.932270264019995841e-34 8.305863422687465013e-34 5.865617184346354424e-04 0.000000000000000000e+00
9.993801086326710159e-01 3.332964889443807940e-05 7.932270264019995841e-34 8.305863422687465013e-34 5.865617184346354424e-04 0.000000000000000000e+00
9.993801086326710159e-01 3.332964889443807940e-05 7.932270264019995841e-34 8.305863422687465013e-34 5.865617184346354424e-04 0.000000000000000000e+00
9.993801086326710159e-01 3.332964889443807940e-05 7.932270264019995841e-34 8.305863422687465013e-34 5.865617184346354424e-04 0.000000000000000000e+00
9.993801086326710159e-01 3.332964889443807940e-05 7.932270264019995841e-34 8.305863422687465013e-34 5.865617184346354424e-04 0.000000000000000000e+00
9.993801086326710159e-01 3.332964889443807940e-05 7.932270264019995841e-34 8.305863422687465013e-34 5.865617184346354424e-04 0.000000000000000000e+00
9.993801086326710159e-01 3.332964889443807940e-05 7.932270264019995841e-34 8.305863422687465013e-34 5.865617184346354424e-04 0.000000000000000000e+00
9.993801086326710159e-01 3.332964889443807940e-05 7.932270264019995841e-34 8.305863422687465013e-34 5.865617184346354424e-04 0.000000000000000000e+00
9.993801086326710159e-01 3.332964889443807940e-05 7.932270264019995841e-34 8.305863422687465013e-34 5.865617184346354424e-04 0.000000000000000000e+00
9.993801086326710159e-01 3.332964889443807940e-05 7.932270264019995841e-34 8.305863422687465013e-34 5.865617184346354424e-04 0.000000000000000000e+00
9.993801086326710159e-01 3.332964889443807940e-05 7.932270264019995841e-34 8.305863422687465013e-34 5.865617184346354424e-04 0.000000000000000000e+00
9.993801086326710159e-01 3.332964889443807940e-05 7.932270264019995841e-34 8.305863422687465013e-34 5.865617184346354424e-04 0.000000000000000000e+00
9.993801086326710159e-01 3.332964889443807940e-05 7.932270264019995841e-34 8.305863422687465013e-34 5.865617184346354424e-04 0.000000000000000000e+00
9.993801086326710159e-01 3.332964889443807940e-05 7.932270264019995841e-34 8.305863422687465013e-34 5.865617184346354424e-04 0.000000000000000000e+00
9.993801086326710159e-01 3.332964889443807940e-05 7.932270264019995841e-34 8.305863422687465013e-34 5.865617184346354424e-04 0.000000000000000000e+00
9.993801086326710159e-01 3.332964889443807940e-05 7.932270264019995841e-34 8.305863422687465013e-34 5.865617184346354424e-04 0.000000000000000000e+00
9.993801086326710159e-01 3.332964889443807940e-05 7.932270264019995841e-34 8.305863422687465013e-34 5.865617184346354424e-04 0.000000000000000000e+00
9.993801086326710159e-01 3.332964889443807940e-05 7.932270264019995841e-34 8.305863422687465013e-34 5.865617184346354424e-04 0.000000000000000000e+00
9.993801086326710159e-01 3.332964889443807940e-05 7.932270264019995841e-34 8.305863422687465013e-34 5.865617184346354424e-04 0.000000000000000000e+00
9.993801086326710159e-01 3.332964889443807940e-05 7.932270264019995841e-34 8.305863422687465013e-34 5.865617184346354424e-04 0.000000000000000000e+00
9.993801086326710159e-01 3.332964889443807940e-05 7.932270264019995841e-34 8.305863422687465013e-34 5.865617184346354424e-04 0.000000000000000000e+00
9.993801086326710159e-01 3.332964889443807940e-05 7.932270264019995841e-34 8.305863422687465013e-34 5.865617184346354424e-04 0.000000000000000000e+00
9.993801086326710159e-01 3.332964889443807940e-05 7.932270264019995841e-34 8.305863422687465013e-34 5.865617184346354424e-04 0.000000000000000000e+00
9.993801086326710159e-01 3.332964889443807940e-05 7.932270264019995841e-34 8.305863422687465013e-34 5.865617184346354424e-04 0.000000000000000000e+00
9.993801086326710159e-01 3.332964889443807940e-05 7.932270264019995841e-34 8.305863422687465013e-34 5.865617184346354424e-04 0.000000000000000000e+00
9.993801086326710159e-01 3.332964889443807940e-05 7.932270264019995841e-34 8.305863422687465013e-34 5.865617184346354424e-04 0.000000000000000000e+00
9.993801086326710159e-01 3.332964889443807940e-05 7.932270264019995841e-34 8.305863422687465013e-34 5.865617184346354424e-04 0.000000000000000000e+00
9.993801086326710159e-01 3.332964889443807940e-05 7.932270264019995841e-34 8.305863422687465013e-34 5.865617184346354424e-04 0.000000000000000000e+00
9.993801086326710159e-01 3.332964889443807940e-05 7.932270264019995841e-34 8.305863422687465013e-34 5.865617184346354424e-04 0.000000000000000000e+00
9.993801086326710159e-01 3.332964889443807940e-05 7.932270264019995841e-34 8.305863422687465013e-34 5.865617184346354424e-04 0.000000000000000000e+00
9.993801086326710159e-01 3.332964889443807940e-05 7.932270264019995841e-34 8.305863422687465013e-34 5.865617184346354424e-04 0.000000000000000000e+00
9.993801086326710159e-01 3.332964889443807940e-05 7.932270264019995841e-34 8.305863422687465013e-34 5.865617184346354424e-04 0.000000000000000000e+00
9.993801086326710159e-01 3.332964889443807940e-05 7.932270264019995841e-34 8.305863422687465013e-34 5.865617184346354424e-04 0.000000000000000000e+00
9.993801086326710159e-01 3.332964889443807940e-05 7.932270264019995841e-34 8.305863422687465013e-34 5.865617184346354424e-04 0.000000000000000000e+00
9.993801086326710159e-01 3.332964889443807940e-05 7.932270264019995841e-34 8.305863422687465013e-34 5.865617184346354424e-04 0.000000000000000000e+00
9.993801086326710159e-01 3.332964889443807940e-05 7.932270264019995841e-34 8.305863422687465013e-34 5.865617184346354424e-04 0.000000000000000000e+00
9.993801086326710159e-01 3.332964889443807940e-05 7.932270264019995841e-34 8.305863422687465013e-34 5.865617184346354424e-04 0.000000000000000000e+00
9.993801086326710159e-01 3.332964889443807940e-05 7.932270264019995841e-34 8.305863422687465013e-34 5.865617184346354424e-04 0.000000000000000000e+00
9.993801086326710159e-01 3.332964889443807940e-05 7.932270264019995841e-34 8.305863422687465013e-34 5.865617184346354424e-04 0.000000000000000000e+00
9.993801086326710159e-01 3.332964889443807940e-05 7.932270264019995841e-34 8.305863422687465013e-34 5.865617184346354424e-04 0.000000000000000000e+00
9.993801086326710159e-01 3.332964889443807940e-05 7.932270264019995841e-34 8.305863422687465013e-34 5.865617184346354424e-04 0.000000000000000000e+00
9.993801086326710159e-01 3.332964889443807940e-05 7.932270264019995841e-34 8.305863422687465013e-34 5.865617184346354424e-04 0.000000000000000000e+00
9.993801086326710159e-01 3.332964889443807940e-05 7.932270264019995841e-34 8.305863422687465013e-34 5.865617184346354424e-04 0.000000000000000000e+00
9.993801086326710159e-01 3.332964889443807940e-05 7.932270264019995841e-34 8.305863422687465013e-34 5.865617184346354424e-04 0.000000000000000000e+00
9.993801086326710159e-01 3.332964889443807940e-05 7.932270264019995841e-34 8.305863422687465013e-34 5.865617184346354424e-04 0.000000000000000000e+00
9.993801086326710159e-01 3.332964889443807940e-05 7.932270264019995841e-34 8.305863422687465013e-34 5.865617184346354424e-04 0.000000000000000000e+00
9.993801086326710159e-01 3.332964889443807940e-05 7.932270264019995841e-34 8.305863422687465013e-34 5.865617184346354424e-04 0.000000000000000000e+00
9.993801086326710159e-01 3.332964889443807940e-05 7.932270264019995841e-34 8.305863422687465013e-34 5.865617184346354424e-04 0.000000000000000000e+00
9.993801086326710159e-01 3.332964889443807940e-05 7.932270264019995841e-34 8.305863422687465013e-34 5.865617184346354424e-04 0.000000000000000000e+00
9.993801086326710159e-01 3.332964889443807940e-05 7.932270264019995841e-34 8.305863422687465013e-34 5.865617184346354424e-04 0.000000000000000000e+00
9.993801086326710159e-01 3.332964889443807940e-05 7.932270264019995841e-34 8.305863422687465013e-34 5.865617184346354424e-04 0.000000000000000000e+00
9.993801086326710159e-01 3.332964889443807940e-05 7.932270264019995841e-34 8.305863422687465013e-34 5.865617184346354424e-04 0.000000000000000000e+00
9.993801086326710159e-01 3.332964889443807940e-05 7.932270264019995841e-34 8.305863422687465013e-34 5.865617184346354424e-04 0.000000000000000000e+00
9.993801086326710159e-01 3.332964889443807940e-05 7.932270264019995841e-34 8.305863422687465013e-34 5.865617184346354424e-04 0.000000000000000000e+00
9.993801086326710159e-01 3.332964889443807940e-05 7.932270264019995841e-34 8.305863422687465013e-34 5.865617184346354424e-04 0.000000000000000000e+00
9.993801086326710159e-01 3.332964889443807940e-05 7.932270264019995841e-34 8.305863422687465013e-34 5.865617184346354424e-04 0.000000000000000000e+00
9.993801086326710159e-01 3.332964889443807940e-05 7.932270264019995841e-34 8.305863422687465013e-34 5.865617184346354424e-04 0.000000000000000000e+00
9.993801086326710159e-01 3.332964889443807940e-05 7.932270264019995841e-34 8.305863422687465013e-34 5.865617184346354424e-04 0.000000000000000000e+00
9.993801086326710159e-01 3.332964889443807940e-05 7.932270264019995841e-34 8.305863422687465013e-34 5.865617184346354424e-04 0.000000000000000000e+00
9.993801086326710159e-01 3.332964889443807940e-05 7.932270264019995841e-34 8.305863422687465013e-34 5.865617184346354424e-04 0.000000000000000000e+00
9.993801086326710159e-01 3.332964889443807940e-05 7.932270264019995841e-34 8.305863422687465013e-34 5.865617184346354424e-04 0.000000000000000000e+00
9.993801086326710159e-01 3.332964889443807940e-05 7.932270264019995841e-34 8.305863422687465013e-34 5.865617184346354424e-04 0.000000000000000000e+00
9.993801086326710159e-01 3.332964889443807940e-05 7.932270264019995841e-34 8.305863422687465013e-34 5.865617184346354424e-04 0.000000000000000000e+00
9.993801086326710159e-01 3.332964889443807940e-05 7.932270264019995841e-34 8.305863422687465013e-34 5.865617184346354424e-04 0.000000000000000000e+00
9.993801086326710159e-01 3.332964889443807940e-05 7.932270264019995841e-34 8.305863422687465013e-34 5.865617184346354424e-04 0.000000000000000000e+00
9.993801086326710159e-01 3.332964889443807940e-05 7.932270264019995841e-34 8.305863422687465013e-34 5.865617184346354424e-04 0.000000000000000000e+00
9.993801086326710159e-01 3.332964889443807940e-05 7.932270264019995841e-34 8.305863422687465013e-34 5.865617184346354424e-04 0.000000000000000000e+00
9.993801086326710159e-01 3.332964889443807940e-05 7.932270264019995841e-34 8.305863422687465013e-34 5.865617184346354424e-04 0.000000000000000000e+00
9.993801086326710159e-01 3.332964889443807940e-05 7.932270264019995841e-34 8.305863422687465013e-34 5.865617184346354424e-04 0.000000000000000000e+00
9.993801086326710159e-01 3.332964889443807940e-05 7.932270264019995841e-34 8.305863422687465013e-34 5.865617184346354424e-04 0.000000000000000000e+00
9.993801086326710159e-01 3.332964889443807940e-05 7.932270264019995841e-34 8.305863422687465013e-34 5.865617184346354424e-04 0.000000000000000000e+00
9.993801086326710159e-01 3.332964889443807940e-05 7.932270264019995841e-34 8.305863422687465013e-34 5.865617184346354424e-04 0.000000000000000000e+00
9.993801086326710159e-01 3.332964889443807940e-05 7.932270264019995841e-34 8.305863422687465013e-34 5.865617184346354424e-04 0.000000000000000000e+00
9.993801086326710159e-01 3.332964889443807940e-05 7.932270264019995841e-34 8.305863422687465013e-34 5.865617184346354424e-04 0.000000000000000000e+00
9.993801086326710159e-01 3.332964889443807940e-05 7.932270264019995841e-34 8.305863422687465013e-34 5.865617184346354424e-04 0.000000000000000000e+00
9.993801086326710159e-01 3.332964889443807940e-05 7.932270264019995841e-34 8.305863422687465013e-34 5.865617184346354424e-04 0.000000000000000000e+00
9.993801086326710159e-01 3.332964889443807940e-05 7.932270264019995841e-34 8.305863422687465013e-34 5.865617184346354424e-04 0.000000000000000000e+00
9.993801086326710159e-01 3.332964889443807940e-05 7.932270264019995841e-34 8.305863422687465013e-34 5.865617184346354424e-04 0.000000000000000000e+00
9.993801086326710159e-01 3.332964889443807940e-05 7.932270264019995841e-34 8.305863422687465013e-34 5.865617184346354424e-04 0.000000000000000000e+00
9.993801086326710159e-01 3.332964889443807940e-05 7.932270264019995841e-34 8.305863422687465013e-34 5.865617184346354424e-04 0.000000000000000000e+00
9.993801086326710159e-01 3.332964889443807940e-05 7.932270264019995841e-34 8.305863422687465013e-34 5.865617184346354424e-04 0.000000000000000000e+00
9.993801086326710159e-01 3.332964889443807940e-05 7.932270264019995841e-34 8.305863422687465013e-34 5.865617184346354424e-04 0.000000000000000000e+00
9.993801086326710159e-01 3.332964889443807940e-05 7.932270264019995841e-34 8.305863422687465013e-34 5.865617184346354424e-04 0.000000000000000000e+00
9.993801086326710159e-01 3.332964889443807940e-05 7.932270264019995841e-34 8.305863422687465013e-34 5.865617184346354424e-04 0.000000000000000000e+00
9.993801086326710159e-01 3.332964889443807940e-05 7.932270264019995841e-34 8.305863422687465013e-34 5.865617184346354424e-04 0.000000000000000000e+00
9.993801086326710159e-01 3.332964889443807940e-05 7.932270264019995841e-34 8.305863422687465013e-34 5.865617184346354424e-04 0.000000000000000000e+00
9.993801086326710159e-01 3.332964889443807940e-05 7.932270264019995841e-34 8.305863422687465013e-34 5.865617184346354424e-04 0.000000000000000000e+00
9.993801086326710159e-01 3.332964889443807940e-05 7.932270264019995841e-34 8.305863422687465013e-34 5.865617184346354424e-04 0.000000000000000000e+00
9.993801086326710159e-01 3.332964889443807940e-05 7.932270264019995841e-34 8.305863422687465013e-34 5.865617184346354424e-04 0.000000000000000000e+00
9.993801086326710159e-01 3.332964889443807940e-05 7.932270264019995841e-34 8.305863422687465013e-34 5.865617184346354424e-04 0.000000000000000000e+00
9.993801086326710159e-01 3.332964889443807940e-05 7.932270264019995841e-34 8.305863422687465013e-34 5.865617184346354424e-04 0.000000000000000000e+00
9.993801086326710159e-01 3.332964889443807940e-05 7.932270264019995841e-34 8.305863422687465013e-34 5.865617184346354424e-04 0.000000000000000000e+00
9.993801086326710159e-01 3.332964889443807940e-05 7.932270264019995841e-34 8.305863422687465013e-34 5.865617184346354424e-04 0.000000000000000000e+00
9.993801086326710159e-01 3.332964889443807940e-05 7.932270264019995841e-34 8.305863422687465013e-34 5.865617184346354424e-04 0.000000000000000000e+00
9.993801086326710159e-01 3.332964889443807940e-05 7.932270264019995841e-34 8.305863422687465013e-34 5.865617184346354424e-04 0.000000000000000000e+00
9.993801086326710159e-01 3.332964889443807940e-05 7.932270264019995841e-34 8.305863422687465013e-34 5.865617184346354424e-04 0.000000000000000000e+00
9.993801086326710159e-01 3.332964889443807940e-05 7.932270264019995841e-34 8.305863422687465013e-34 5.865617184346354424e-04 0.000000000000000000e+00
9.993801086326710159e-01 3.332964889443807940e-05 7.932270264019995841e-34 8.305863422687465013e-34 5.865617184346354424e-04 0.000000000000000000e+00
9.993801086326710159e-01 3.332964889443807940e-05 7.932270264019995841e-34 8.305863422687465013e-34 5.865617184346354424e-04 0.000000000000000000e+00
9.993801086326710159e-01 3.332964889443807940e-05 7.932270264019995841e-34 8.305863422687465013e-34 5.865617184346354424e-04 0.000000000000000000e+00
9.993801086326710159e-01 3.332964889443807940e-05 7.932270264019995841e-34 8.305863422687465013e-34 5.865617184346354424e-04 0.000000000000000000e+00
9.993801086326710159e-01 3.332964889443807940e-05 7.932270264019995841e-34 8.305863422687465013e-34 5.865617184346354424e-04 0.000000000000000000e+00
9.993801086326710159e-01 3.332964889443807940e-05 7.932270264019995841e-34 8.305863422687465013e-34 5.865617184346354424e-04 0.000000000000000000e+00
9.993801086326710159e-01 3.332964889443807940e-05 7.932270264019995841e-34 8.305863422687465013e-34 5.865617184346354424e-04 0.000000000000000000e+00
9.993801086326710159e-01 3.332964889443807940e-05 7.932270264019995841e-34 8.305863422687465013e-34 5.865617184346354424e-04 0.000000000000000000e+00
9.993801086326710159e-01 3.332964889443807940e-05 7.932270264019995841e-34 8.305863422687465013e-34 5.865617184346354424e-04 0.000000000000000000e+00
9.993801086326710159e-01 3.332964889443807940e-05 7.932270264019995841e-34 8.305863422687465013e-34 5.865617184346354424e-04 0.000000000000000000e+00
9.993801086326710159e-01 3.332964889443807940e-05 7.932270264019995841e-34 8.305863422687465013e-34 5.865617184346354424e-04 0.000000000000000000e+00
9.993801086326710159e-01 3.332964889443807940e-05 7.932270264019995841e-34 8.305863422687465013e-34 5.865617184346354424e-04 0.000000000000000000e+00
9.993801086326710159e-01 3.332964889443807940e-05 7.932270264019995841e-34 8.305863422687465013e-34 5.865617184346354424e-04 0.000000000000000000e+00
9.993801086326710159e-01 3.332964889443807940e-05 7.932270264019995841e-34 8.305863422687465013e-34 5.865617184346354424e-04 0.000000000000000000e+00
9.993801086326710159e-01 3.332964889443807940e-05 7.932270264019995841e-34 8.305863422687465013e-34 5.865617184346354424e-04 0.000000000000000000e+00
9.993801086326710159e-01 3.332964889443807940e-05 7.932270264019995841e-34 8.305863422687465013e-34 5.865617184346354424e-04 0.000000000000000000e+00
9.993801086326710159e-01 3.332964889443807940e-05 7.932270264019995841e-34 8.305863422687465013e-34 5.865617184346354424e-04 0.000000000000000000e+00
9.993801086326710159e-01 3.332964889443807940e-05 7.932270264019995841e-34 8.305863422687465013e-34 5.865617184346354424e-04 0.000000000000000000e+00
9.993801086326710159e-01 3.332964889443807940e-05 7.932270264019995841e-34 8.305863422687465013e-34 5.865617184346354424e-04 0.000000000000000000e+00
9.993801086326710159e-01 3.332964889443807940e-05 7.932270264019995841e-34 8.305863422687465013e-34 5.865617184346354424e-04 0.000000000000000000e+00
9.993801086326710159e-01 3.332964889443807940e-05 7.932270264019995841e-34 8.305863422687465013e-34 5.865617184346354424e-04 0.000000000000000000e+00
9.993801086326710159e-01 3.332964889443807940e-05 7.932270264019995841e-34 8.305863422687465013e-34 5.865617184346354424e-04 0.000000000000000000e+00
9.993801086326710159e-01 3.332964889443807940e-05 7.932270264019995841e-34 8.305863422687465013e-34 5.865617184346354424e-04 0.000000000000000000e+00
9.993801086326710159e-01 3.332964889443807940e-05 7.932270264019995841e-34 8.305863422687465013e-34 5.865617184346354424e-04 0.000000000000000000e+00
9.993801086326710159e-01 3.332964889443807940e-05 7.932270264019995841e-34 8.305863422687465013e-34 5.865617184346354424e-04 0.000000000000000000e+00
9.993801086326710159e-01 3.332964889443807940e-05 7.932270264019995841e-34 8.305863422687465013e-34 5.865617184346354424e-04 0.000000000000000000e+00
9.993801086326710159e-01 3.332964889443807940e-05 7.932270264019995841e-34 8.305863422687465013e-34 5.865617184346354424e-04 0.000000000000000000e+00
9.993801086326710159e-01 3.332964889443807940e-05 7.932270264019995841e-34 8.305863422687465013e-34 5.865617184346354424e-04 0.000000000000000000e+00
9.993801086326710159e-01 3.332964889443807940e-05 7.932270264019995841e-34 8.305863422687465013e-34 5.865617184346354424e-04 0.000000000000000000e+00
9.993801086326710159e-01 3.332964889443807940e-05 7.932270264019995841e-34 8.305863422687465013e-34 5.865617184346354424e-04 0.000000000000000000e+00
9.993801086326710159e-01 3.332964889443807940e-05 7.932270264019995841e-34 8.305863422687465013e-34 5.865617184346354424e-04 0.000000000000000000e+00
9.993801086326710159e-01 3.332964889443807940e-05 7.932270264019995841e-34 8.305863422687465013e-34 5.865617184346354424e-04 0.000000000000000000e+00
9.993801086326710159e-01 3.332964889443807940e-05 7.932270264019995841e-34 8.305863422687465013e-34 5.865617184346354424e-04 0.000000000000000000e+00
9.993801086326710159e-01 3.332964889443807940e-05 7.932270264019995841e-34 8.305863422687465013e-34 5.865617184346354424e-04 0.000000000000000000e+00
9.993801086326710159e-01 3.332964889443807940e-05 7.932270264019995841e-34 8.305863422687465013e-34 5.865617184346354424e-04 0.000000000000000000e+00
9.993801086326710159e-01 3.332964889443807940e-05 7.932270264019995841e-34 8.305863422687465013e-34 5.865617184346354424e-04 0.000000000000000000e+00
9.993801086326710159e-01 3.332964889443807940e-05 7.932270264019995841e-34 8.305863422687465013e-34 5.865617184346354424e-04 0.000000000000000000e+00
9.993801086326710159e-01 3.332964889443807940e-05 7.932270264019995841e-34 8.305863422687465013e-34 5.865617184346354424e-04 0.000000000000000000e+00
9.993801086326710159e-01 3.332964889443807940e-05 7.932270264019995841e-34 8.305863422687465013e-34 5.865617184346354424e-04 0.000000000000000000e+00
9.993801086326710159e-01 3.332964889443807940e-05 7.932270264019995841e-34 8.305863422687465013e-34 5.865617184346354424e-04 0.000000000000000000e+00
9.993801086326710159e-01 3.332964889443807940e-05 7.932270264019995841e-34 8.305863422687465013e-34 5.865617184346354424e-04 0.000000000000000000e+00
9.993801086326710159e-01 3.332964889443807940e-05 7.932270264019995841e-34 8.305863422687465013e-34 5.865617184346354424e-04 0.000000000000000000e+00
9.993801086326710159e-01 3.332964889443807940e-05 7.932270264019995841e-34 8.305863422687465013e-34 5.865617184346354424e-04 0.000000000000000000e+00
9.993801086326710159e-01 3.332964889443807940e-05 7.932270264019995841e-34 8.305863422687465013e-34 5.865617184346354424e-04 0.000000000000000000e+00
9.993801086326710159e-01 3.332964889443807940e-05 7.932270264019995841e-34 8.305863422687465013e-34 5.865617184346354424e-04 0.000000000000000000e+00
9.993801086326710159e-01 3.332964889443807940e-05 7.932270264019995841e-34 8.305863422687465013e-34 5.865617184346354424e-04 0.000000000000000000e+00
9.993801086326710159e-01 3.332964889443807940e-05 7.932270264019995841e-34 8.305863422687465013e-34 5.865617184346354424e-04 0.000000000000000000e+00
9.993801086326710159e-01 3.332964889443807940e-05 7.932270264019995841e-34 8.305863422687465013e-34 5.865617184346354424e-04 0.000000000000000000e+00
9.993801086326710159e-01 3.332964889443807940e-05 7.932270264019995841e-34 8.305863422687465013e-34 5.865617184346354424e-04 0.000000000000000000e+00
9.993801086326710159e-01 3.332964889443807940e-05 7.932270264019995841e-34 8.305863422687465013e-34 5.865617184346354424e-04 0.000000000000000000e+00
9.993801086326710159e-01 3.332964889443807940e-05 7.932270264019995841e-34 8.305863422687465013e-34 5.865617184346354424e-04 0.000000000000000000e+00
9.993801086326710159e-01 3.332964889443807940e-05 7.932270264019995841e-34 8.305863422687465013e-34 5.865617184346354424e-04 0.000000000000000000e+00
9.993801086326710159e-01 3.332964889443807940e-05 7.932270264019995841e-34 8.305863422687465013e-34 5.865617184346354424e-04 0.000000000000000000e+00
9.993801086326710159e-01 3.332964889443807940e-05 7.932270264019995841e-34 8.305863422687465013e-34 5.865617184346354424e-04 0.000000000000000000e+00
9.993801086326710159e-01 3.332964889443807940e-05 7.932270264019995841e-34 8.305863422687465013e-34 5.865617184346354424e-04 0.000000000000000000e+00
9.993801086326710159e-01 3.332964889443807940e-05 7.932270264019995841e-34 8.305863422687465013e-34 5.865617184346354424e-04 0.000000000000000000e+00
9.993801086326710159e-01 3.332964889443807940e-05 7.932270264019995841e-34 8.305863422687465013e-34 5.865617184346354424e-04 0.000000000000000000e+00
9.993801086326710159e-01 3.332964889443807940e-05 7.932270264019995841e-34 8.305863422687465013e-34 5.865617184346354424e-04 0.000000000000000000e+00
9.993801086326710159e-01 3.332964889443807940e-05 7.932270264019995841e-34 8.305863422687465013e-34 5.865617184346354424e-04 0.000000000000000000e+00
9.993801086326710159e-01 3.332964889443807940e-05 7.932270264019995841e-34 8.305863422687465013e-34 5.865617184346354424e-04 0.000000000000000000e+00
9.993801086326710159e-01 3.332964889443807940e-05 7.932270264019995841e-34 8.305863422687465013e-34 5.865617184346354424e-04 0.000000000000000000e+00
9.993801086326710159e-01 3.332964889443807940e-05 7.932270264019995841e-34 8.305863422687465013e-34 5.865617184346354424e-04 0.000000000000000000e+00
9.993801086326710159e-01 3.332964889443807940e-05 7.932270264019995841e-34 8.305863422687465013e-34 5.865617184346354424e-04 0.000000000000000000e+00
9.993801086326710159e-01 3.332964889443807940e-05 7.932270264019995841e-34 8.305863422687465013e-34 5.865617184346354424e-04 0.000000000000000000e+00
9.993801086326710159e-01 3.332964889443807940e-05 7.932270264019995841e-34 8.305863422687465013e-34 5.865617184346354424e-04 0.000000000000000000e+00
9.993801086326710159e-01 3.332964889443807940e-05 7.932270264019995841e-34 8.305863422687465013e-34 5.865617184346354424e-04 0.000000000000000000e+00
9.993801086326710159e-01 3.332964889443807940e-05 7.932270264019995841e-34 8.305863422687465013e-34 5.865617184346354424e-04 0.000000000000000000e+00
9.993801086326710159e-01 3.332964889443807940e-05 7.932270264019995841e-34 8.305863422687465013e-34 5.865617184346354424e-04 0.000000000000000000e+00
9.993801086326710159e-01 3.332964889443807940e-05 7.932270264019995841e-34 8.305863422687465013e-34 5.865617184346354424e-04 0.000000000000000000e+00
9.993801086326710159e-01 3.332964889443807940e-05 7.932270264019995841e-34 8.305863422687465013e-34 5.865617184346354424e-04 0.000000000000000000e+00
9.993801086326710159e-01 3.332964889443807940e-05 7.932270264019995841e-34 8.305863422687465013e-34 5.865617184346354424e-04 0.000000000000000000e+00
9.993801086326710159e-01 3.332964889443807940e-05 7.932270264019995841e-34 8.305863422687465013e-34 5.865617184346354424e-04 0.000000000000000000e+00
9.993801086326710159e-01 3.332964889443807940e-05 7.932270264019995841e-34 8.305863422687465013e-34 5.865617184346354424e-04 0.000000000000000000e+00
9.993801086326710159e-01 3.332964889443807940e-05 7.932270264019995841e-34 8.305863422687465013e-34 5.865617184346354424e-04 0.000000000000000000e+00
9.993801086326710159e-01 3.332964889443807940e-05 7.932270264019995841e-34 8.305863422687465013e-34 5.865617184346354424e-04 0.000000000000000000e+00
9.993801086326710159e-01 3.332964889443807940e-05 7.932270264019995841e-34 8.305863422687465013e-34 5.865617184346354424e-04 0.000000000000000000e+00
9.993801086326710159e-01 3.332964889443807940e-05 7.932270264019995841e-34 8.305863422687465013e-34 5.865617184346354424e-04 0.000000000000000000e+00
9.993801086326710159e-01 3.332964889443807940e-05 7.932270264019995841e-34 8.305863422687465013e-34 5.865617184346354424e-04 0.000000000000000000e+00
9.993801086326710159e-01 3.332964889443807940e-05 7.932270264019995841e-34 8.305863422687465013e-34 5.865617184346354424e-04 0.000000000000000000e+00
9.993801086326710159e-01 3.332964889443807940e-05 7.932270264019995841e-34 8.305863422687465013e-34 5.865617184346354424e-04 0.000000000000000000e+00
9.993801086326710159e-01 3.332964889443807940e-05 7.932270264019995841e-34 8.305863422687465013e-34 5.865617184346354424e-04 0.000000000000000000e+00
9.993801086326710159e-01 3.332964889443807940e-05 7.932270264019995841e-34 8.305863422687465013e-34 5.865617184346354424e-04 0.000000000000000000e+00
9.993801086326710159e-01 3.332964889443807940e-05 7.932270264019995841e-34 8.305863422687465013e-34 5.865617184346354424e-04 0.000000000000000000e+00
9.993801086326710159e-01 3.332964889443807940e-05 7.932270264019995841e-34 8.305863422687465013e-34 5.865617184346354424e-04 0.000000000000000000e+00
9.993801086326710159e-01 3.332964889443807940e-05 7.932270264019995841e-34 8.305863422687465013e-34 5.865617184346354424e-04 0.000000000000000000e+00
9.993801086326710159e-01 3.332964889443807940e-05 7.932270264019995841e-34 8.305863422687465013e-34 5.865617184346354424e-04 0.000000000000000000e+00
9.993801086326710159e-01 3.332964889443807940e-05 7.932270264019995841e-34 8.305863422687465013e-34 5.865617184346354424e-04 0.000000000000000000e+00
