9.989408589453121490e-01 1.339589342358807886e-04 1.092884871330378302e-16 2.557694431239718874e-19 9.251821204519884234e-04 0.000000000000000000e+00
9.989408589453120380e-01 1.339589342358807886e-04 7.091978118123441963e-17 1.814381862745303131e-19 9.251821204520271295e-04 0.000000000000000000e+00
9.989408589453121490e-01 1.339589342358807886e-04 4.460211261519470963e-17 1.255351963334851248e-19 9.251821204520527166e-04 0.000000000000000000e+00
9.989408589453121490e-01 1.339589342358807886e-04 2.784163382645498907e-17 8.633362911982057987e-20 9.251821204520697386e-04 0.000000000000000000e+00
9.989408589453120380e-01 1.339589342358807886e-04 1.724725351359610655e-17 5.900913150058072019e-20 9.251821204520801470e-04 0.000000000000000000e+00
9.989408589453121490e-01 1.339589342358807886e-04 1.060265481777912924e-17 4.008386859786546046e-20 9.251821204520867606e-04 0.000000000000000000e+00
9.989408589453121490e-01 1.339589342358807886e-04 6.467314776954826679e-18 2.705745737960149434e-20 9.251821204520915311e-04 0.000000000000000000e+00
9.989408589453122600e-01 1.339589342358807886e-04 3.914205992137613348e-18 1.814963548580742239e-20 9.251821204520933742e-04 0.000000000000000000e+00
9.989408589453120380e-01 1.339589342358807886e-04 2.350175575522533263e-18 1.209631096726379850e-20 9.251821204520953258e-04 0.000000000000000000e+00
9.989408589453122600e-01 1.339589342358807886e-04 1.399820556480446768e-18 8.009851260608013756e-21 9.251821204520961931e-04 0.000000000000000000e+00
9.989408589453120380e-01 1.339589342358807886e-04 8.270064461726712590e-19 5.269155650347117534e-21 9.251821204520971689e-04 0.000000000000000000e+00
9.989408589453121490e-01 1.339589342358807886e-04 4.845730909647952226e-19 3.443194463081517488e-21 9.251821204520971689e-04 0.000000000000000000e+00
9.989408589453122600e-01 1.339589342358807886e-04 2.815616446184686833e-19 2.234834273184041016e-21 9.251821204520971689e-04 0.000000000000000000e+00
9.989408589453121490e-01 1.339589342358807886e-04 1.622191586198673942e-19 1.440629225836144275e-21 9.251821204520971689e-04 0.000000000000000000e+00
9.989408589453122600e-01 1.339589342358807886e-04 9.266096840903688543e-20 9.222377084696039930e-22 9.251821204520971689e-04 0.000000000000000000e+00
9.989408589453122600e-01 1.339589342358807886e-04 5.246991174577246052e-20 5.862446181428963914e-22 9.251821204520971689e-04 0.000000000000000000e+00
9.989408589453122600e-01 1.339589342358807886e-04 2.945078466537830904e-20 3.700180906226797664e-22 9.251821204520971689e-04 0.000000000000000000e+00
9.989408589453120380e-01 1.339589342358807886e-04 1.638358501800180944e-20 2.318656935005416428e-22 9.251821204520971689e-04 0.000000000000000000e+00
9.989408589453120380e-01 1.339589342358807886e-04 9.031525045225810667e-21 1.442281953394083883e-22 9.251821204520971689e-04 0.000000000000000000e+00
9.989408589453120380e-01 1.339589342358807886e-04 4.933418202816837863e-21 8.905521445994043556e-23 9.251821204520971689e-04 0.000000000000000000e+00
9.989408589453122600e-01 1.339589342358807886e-04 2.669788654977350599e-21 5.457440187063965047e-23 9.251821204520971689e-04 0.000000000000000000e+00
9.989408589453121490e-01 1.339589342358807886e-04 1.431331837840790000e-21 3.319194283725192849e-23 9.251821204520981447e-04 0.000000000000000000e+00
9.989408589453121490e-01 1.339589342358807886e-04 7.600192360407990714e-22 2.003079827142523283e-23 9.251821204520971689e-04 0.000000000000000000e+00
9.989408589453121490e-01 1.339589342358807886e-04 3.996896041907296896e-22 1.199444000843395849e-23 9.251821204520971689e-04 0.000000000000000000e+00
9.989408589453122600e-01 1.339589342358807886e-04 2.081480126505951268e-22 7.125687022304701921e-24 9.251821204520971689e-04 0.000000000000000000e+00
9.989408589453121490e-01 1.339589342358807886e-04 1.073273042304670391e-22 4.199404117416204061e-24 9.251821204520971689e-04 0.000000000000000000e+00
9.989408589453121490e-01 1.339589342358807886e-04 5.478478520784274813e-23 2.454711371375065264e-24 9.251821204520971689e-04 0.000000000000000000e+00
9.989408589453121490e-01 1.339589342358807886e-04 2.768110316105288685e-23 1.423095220630215890e-24 9.251821204520971689e-04 0.000000000000000000e+00
9.989408589453121490e-01 1.339589342358807886e-04 1.384245763054601642e-23 8.181509320258179174e-25 9.251821204520971689e-04 0.000000000000000000e+00
9.989408589453121490e-01 1.339589342358807886e-04 6.849739630522488813e-24 4.663773640442349118e-25 9.251821204520971689e-04 0.000000000000000000e+00
9.989408589453121490e-01 1.339589342358807886e-04 3.353373303561680279e-24 2.635589670354594403e-25 9.251821204520971689e-04 0.000000000000000000e+00
9.989408589453122600e-01 1.339589342358807886e-04 1.624033906092750880e-24 1.476455959406874829e-25 9.251821204520971689e-04 0.000000000000000000e+00
9.989408589453122600e-01 1.339589342358807886e-04 7.779631268320163690e-25 8.198249357422474415e-26 9.251821204520971689e-04 0.000000000000000000e+00
9.989408589453121490e-01 1.339589342358807886e-04 3.685714584573114453e-25 4.511670578669860501e-26 9.251821204520971689e-04 0.000000000000000000e+00
9.989408589453121490e-01 1.339589342358807886e-04 1.726438719010403106e-25 2.460153619086214500e-26 9.251821204520971689e-04 0.000000000000000000e+00
9.989408589453120380e-01 1.339589342358807886e-04 7.995711583746984741e-26 1.329239551122196232e-26 9.251821204520971689e-04 0.000000000000000000e+00
9.989408589453120380e-01 1.339589342358807886e-04 3.660415263104839594e-26 7.114949984283489094e-27 9.251821204520971689e-04 0.000000000000000000e+00
9.989408589453120380e-01 1.339589342358807886e-04 1.656151674655806952e-26 3.772334042665418568e-27 9.251821204520971689e-04 0.000000000000000000e+00
9.989408589453122600e-01 1.339589342358807886e-04 7.403154840695583231e-27 1.980598195584190485e-27 9.251821204520971689e-04 0.000000000000000000e+00
9.989408589453121490e-01 1.339589342358807886e-04 3.269416356410000000e-27 1.029726720677019197e-27 9.251821204520981447e-04 0.000000000000000000e+00
9.989408589453121490e-01 1.339589342358807886e-04 1.426003433954572623e-27 5.299972391472690194e-28 9.251821204520971689e-04 0.000000000000000000e+00
9.989408589453121490e-01 1.339589342358807886e-04 6.142131823944911328e-28 2.700297269795577249e-28 9.251821204520971689e-04 0.000000000000000000e+00
9.989408589453121490e-01 1.339589342358807886e-04 2.612235095455129804e-28 1.361733813495070118e-28 9.251821204520971689e-04 0.000000000000000000e+00
9.989408589453121490e-01 1.339589342358807886e-04 1.096773496906118796e-28 6.795917642854989174e-29 9.251821204520971689e-04 0.000000000000000000e+00
9.989408589453120380e-01 1.339589342358807886e-04 4.545176552074173613e-29 3.355925071625813031e-29 9.251821204520971689e-04 0.000000000000000000e+00
9.989408589453121490e-01 1.339589342358807886e-04 1.858797609676137883e-29 1.639526256368005000e-29 9.251821204520971689e-04 0.000000000000000000e+00
9.989408589453121490e-01 1.339589342358807886e-04 7.500333655190304098e-30 7.923209298964400151e-30 9.251821204520971689e-04 0.000000000000000000e+00
9.989408589453122600e-01 1.339589342358807886e-04 2.985106509351966823e-30 3.786598916971631073e-30 9.251821204520971689e-04 0.000000000000000000e+00
9.989408589453122600e-01 1.339589342358807886e-04 1.171295672793256124e-30 1.788944479684441814e-30 9.251821204520971689e-04 0.000000000000000000e+00
9.989408589453121490e-01 1.339589342358807886e-04 4.530189546189568599e-31 8.353630247125705063e-31 9.251821204520971689e-04 0.000000000000000000e+00
9.989408589453122600e-01 1.339589342358807886e-04 2.387501652906635681e-31 4.998595802934921230e-31 9.251821204520971689e-04 0.000000000000000000e+00
9.989408589453122600e-01 1.339589342358807886e-04 2.387501652906635681e-31 4.998595802934921230e-31 9.251821204520971689e-04 0.000000000000000000e+00
9.989408589453122600e-01 1.339589342358807886e-04 2.387501652906635681e-31 4.998595802934921230e-31 9.251821204520971689e-04 0.000000000000000000e+00
9.989408589453122600e-01 1.339589342358807886e-04 2.387501652906635681e-31 4.998595802934921230e-31 9.251821204520971689e-04 0.000000000000000000e+00
9.989408589453122600e-01 1.339589342358807886e-04 2.387501652906635681e-31 4.998595802934921230e-31 9.251821204520971689e-04 0.000000000000000000e+00
9.989408589453122600e-01 1.339589342358807886e-04 2.387501652906635681e-31 4.998595802934921230e-31 9.251821204520971689e-04 0.000000000000000000e+00
9.989408589453122600e-01 1.339589342358807886e-04 2.387501652906635681e-31 4.998595802934921230e-31 9.251821204520971689e-04 0.000000000000000000e+00
9.989408589453122600e-01 1.339589342358807886e-04 2.387501652906635681e-31 4.998595802934921230e-31 9.251821204520971689e-04 0.000000000000000000e+00
9.989408589453122600e-01 1.339589342358807886e-04 2.387501652906635681e-31 4.998595802934921230e-31 9.251821204520971689e-04 0.000000000000000000e+00
9.989408589453122600e-01 1.339589342358807886e-04 2.387501652906635681e-31 4.998595802934921230e-31 9.251821204520971689e-04 0.000000000000000000e+00
9.989408589453122600e-01 1.339589342358807886e-04 2.387501652906635681e-31 4.998595802934921230e-31 9.251821204520971689e-04 0.000000000000000000e+00
9.989408589453122600e-01 1.339589342358807886e-04 2.387501652906635681e-31 4.998595802934921230e-31 9.251821204520971689e-04 0.000000000000000000e+00
9.989408589453122600e-01 1.339589342358807886e-04 2.387501652906635681e-31 4.998595802934921230e-31 9.251821204520971689e-04 0.000000000000000000e+00
9.989408589453122600e-01 1.339589342358807886e-04 2.387501652906635681e-31 4.998595802934921230e-31 9.251821204520971689e-04 0.000000000000000000e+00
9.989408589453122600e-01 1.339589342358807886e-04 2.387501652906635681e-31 4.998595802934921230e-31 9.251821204520971689e-04 0.000000000000000000e+00
9.989408589453122600e-01 1.339589342358807886e-04 2.387501652906635681e-31 4.998595802934921230e-31 9.251821204520971689e-04 0.000000000000000000e+00
9.989408589453122600e-01 1.339589342358807886e-04 2.387501652906635681e-31 4.998595802934921230e-31 9.251821204520971689e-04 0.000000000000000000e+00
9.989408589453122600e-01 1.339589342358807886e-04 2.387501652906635681e-31 4.998595802934921230e-31 9.251821204520971689e-04 0.000000000000000000e+00
9.989408589453122600e-01 1.339589342358807886e-04 2.387501652906635681e-31 4.998595802934921230e-31 9.251821204520971689e-04 0.000000000000000000e+00
9.989408589453122600e-01 1.339589342358807886e-04 2.387501652906635681e-31 4.998595802934921230e-31 9.251821204520971689e-04 0.000000000000000000e+00
9.989408589453122600e-01 1.339589342358807886e-04 2.387501652906635681e-31 4.998595802934921230e-31 9.251821204520971689e-04 0.000000000000000000e+00
9.989408589453122600e-01 1.339589342358807886e-04 2.387501652906635681e-31 4.998595802934921230e-31 9.251821204520971689e-04 0.000000000000000000e+00
9.989408589453122600e-01 1.339589342358807886e-04 2.387501652906635681e-31 4.998595802934921230e-31 9.251821204520971689e-04 0.000000000000000000e+00
9.989408589453122600e-01 1.339589342358807886e-04 2.387501652906635681e-31 4.998595802934921230e-31 9.251821204520971689e-04 0.000000000000000000e+00
9.989408589453122600e-01 1.339589342358807886e-04 2.387501652906635681e-31 4.998595802934921230e-31 9.251821204520971689e-04 0.000000000000000000e+00
9.989408589453122600e-01 1.339589342358807886e-04 2.387501652906635681e-31 4.998595802934921230e-31 9.251821204520971689e-04 0.000000000000000000e+00
9.989408589453122600e-01 1.339589342358807886e-04 2.387501652906635681e-31 4.998595802934921230e-31 9.251821204520971689e-04 0.000000000000000000e+00
9.989408589453122600e-01 1.339589342358807886e-04 2.387501652906635681e-31 4.998595802934921230e-31 9.251821204520971689e-04 0.000000000000000000e+00
9.989408589453122600e-01 1.339589342358807886e-04 2.387501652906635681e-31 4.998595802934921230e-31 9.251821204520971689e-04 0.000000000000000000e+00
9.989408589453122600e-01 1.339589342358807886e-04 2.387501652906635681e-31 4.998595802934921230e-31 9.251821204520971689e-04 0.000000000000000000e+00
9.989408589453122600e-01 1.339589342358807886e-04 2.387501652906635681e-31 4.998595802934921230e-31 9.251821204520971689e-04 0.000000000000000000e+00
9.989408589453122600e-01 1.339589342358807886e-04 2.387501652906635681e-31 4.998595802934921230e-31 9.251821204520971689e-04 0.000000000000000000e+00
9.989408589453122600e-01 1.339589342358807886e-04 2.387501652906635681e-31 4.998595802934921230e-31 9.251821204520971689e-04 0.000000000000000000e+00
9.989408589453122600e-01 1.339589342358807886e-04 2.387501652906635681e-31 4.998595802934921230e-31 9.251821204520971689e-04 0.000000000000000000e+00
9.989408589453122600e-01 1.339589342358807886e-04 2.387501652906635681e-31 4.998595802934921230e-31 9.251821204520971689e-04 0.000000000000000000e+00
9.989408589453122600e-01 1.339589342358807886e-04 2.387501652906635681e-31 4.998595802934921230e-31 9.251821204520971689e-04 0.000000000000000000e+00
9.989408589453122600e-01 1.339589342358807886e-04 2.387501652906635681e-31 4.998595802934921230e-31 9.251821204520971689e-04 0.000000000000000000e+00
9.989408589453122600e-01 1.339589342358807886e-04 2.387501652906635681e-31 4.998595802934921230e-31 9.251821204520971689e-04 0.000000000000000000e+00
9.989408589453122600e-01 1.339589342358807886e-04 2.387501652906635681e-31 4.998595802934921230e-31 9.251821204520971689e-04 0.000000000000000000e+00
9.989408589453122600e-01 1.339589342358807886e-04 2.387501652906635681e-31 4.998595802934921230e-31 9.251821204520971689e-04 0.000000000000000000e+00
9.989408589453122600e-01 1.339589342358807886e-04 2.387501652906635681e-31 4.998595802934921230e-31 9.251821204520971689e-04 0.000000000000000000e+00
9.989408589453122600e-01 1.339589342358807886e-04 2.387501652906635681e-31 4.998595802934921230e-31 9.251821204520971689e-04 0.000000000000000000e+00
9.989408589453122600e-01 1.339589342358807886e-04 2.387501652906635681e-31 4.998595802934921230e-31 9.251821204520971689e-04 0.000000000000000000e+00
9.989408589453122600e-01 1.339589342358807886e-04 2.387501652906635681e-31 4.998595802934921230e-31 9.251821204520971689e-04 0.000000000000000000e+00
9.989408589453122600e-01 1.339589342358807886e-04 2.387501652906635681e-31 4.998595802934921230e-31 9.251821204520971689e-04 0.000000000000000000e+00
9.989408589453122600e-01 1.339589342358807886e-04 2.387501652906635681e-31 4.998595802934921230e-31 9.251821204520971689e-04 0.000000000000000000e+00
9.989408589453122600e-01 1.339589342358807886e-04 2.387501652906635681e-31 4.998595802934921230e-31 9.251821204520971689e-04 0.000000000000000000e+00
9.989408589453122600e-01 1.339589342358807886e-04 2.387501652906635681e-31 4.998595802934921230e-31 9.251821204520971689e-04 0.000000000000000000e+00
9.989408589453122600e-01 1.339589342358807886e-04 2.387501652906635681e-31 4.998595802934921230e-31 9.251821204520971689e-04 0.000000000000000000e+00
9.989408589453122600e-01 1.339589342358807886e-04 2.387501652906635681e-31 4.998595802934921230e-31 9.251821204520971689e-04 0.000000000000000000e+00
9.989408589453122600e-01 1.339589342358807886e-04 2.387501652906635681e-31 4.998595802934921230e-31 9.251821204520971689e-04 0.000000000000000000e+00
9.989408589453122600e-01 1.339589342358807886e-04 2.387501652906635681e-31 4.998595802934921230e-31 9.251821204520971689e-04 0.000000000000000000e+00
9.989408589453122600e-01 1.339589342358807886e-04 2.387501652906635681e-31 4.998595802934921230e-31 9.251821204520971689e-04 0.000000000000000000e+00
9.989408589453122600e-01 1.339589342358807886e-04 2.387501652906635681e-31 4.998595802934921230e-31 9.251821204520971689e-04 0.000000000000000000e+00
9.989408589453122600e-01 1.339589342358807886e-04 2.387501652906635681e-31 4.998595802934921230e-31 9.251821204520971689e-04 0.000000000000000000e+00
9.989408589453122600e-01 1.339589342358807886e-04 2.387501652906635681e-31 4.998595802934921230e-31 9.251821204520971689e-04 0.000000000000000000e+00
9.989408589453122600e-01 1.339589342358807886e-04 2.387501652906635681e-31 4.998595802934921230e-31 9.251821204520971689e-04 0.000000000000000000e+00
9.989408589453122600e-01 1.339589342358807886e-04 2.387501652906635681e-31 4.998595802934921230e-31 9.251821204520971689e-04 0.000000000000000000e+00
9.989408589453122600e-01 1.339589342358807886e-04 2.387501652906635681e-31 4.998595802934921230e-31 9.251821204520971689e-04 0.000000000000000000e+00
9.989408589453122600e-01 1.339589342358807886e-04 2.387501652906635681e-31 4.998595802934921230e-31 9.251821204520971689e-04 0.000000000000000000e+00
9.989408589453122600e-01 1.339589342358807886e-04 2.387501652906635681e-31 4.998595802934921230e-31 9.251821204520971689e-04 0.000000000000000000e+00
9.989408589453122600e-01 1.339589342358807886e-04 2.387501652906635681e-31 4.998595802934921230e-31 9.251821204520971689e-04 0.000000000000000000e+00
9.989408589453122600e-01 1.339589342358807886e-04 2.387501652906635681e-31 4.998595802934921230e-31 9.251821204520971689e-04 0.000000000000000000e+00
9.989408589453122600e-01 1.339589342358807886e-04 2.387501652906635681e-31 4.998595802934921230e-31 9.251821204520971689e-04 0.000000000000000000e+00
9.989408589453122600e-01 1.339589342358807886e-04 2.387501652906635681e-31 4.998595802934921230e-31 9.251821204520971689e-04 0.000000000000000000e+00
9.989408589453122600e-01 1.339589342358807886e-04 2.387501652906635681e-31 4.998595802934921230e-31 9.251821204520971689e-04 0.000000000000000000e+00
9.989408589453122600e-01 1.339589342358807886e-04 2.387501652906635681e-31 4.998595802934921230e-31 9.251821204520971689e-04 0.000000000000000000e+00
9.989408589453122600e-01 1.339589342358807886e-04 2.387501652906635681e-31 4.998595802934921230e-31 9.251821204520971689e-04 0.000000000000000000e+00
9.989408589453122600e-01 1.339589342358807886e-04 2.387501652906635681e-31 4.998595802934921230e-31 9.251821204520971689e-04 0.000000000000000000e+00
9.989408589453122600e-01 1.339589342358807886e-04 2.387501652906635681e-31 4.998595802934921230e-31 9.251821204520971689e-04 0.000000000000000000e+00
9.989408589453122600e-01 1.339589342358807886e-04 2.387501652906635681e-31 4.998595802934921230e-31 9.251821204520971689e-04 0.000000000000000000e+00
9.989408589453122600e-01 1.339589342358807886e-04 2.387501652906635681e-31 4.998595802934921230e-31 9.251821204520971689e-04 0.000000000000000000e+00
9.989408589453122600e-01 1.339589342358807886e-04 2.387501652906635681e-31 4.998595802934921230e-31 9.251821204520971689e-04 0.000000000000000000e+00
9.989408589453122600e-01 1.339589342358807886e-04 2.387501652906635681e-31 4.998595802934921230e-31 9.251821204520971689e-04 0.000000000000000000e+00
9.989408589453122600e-01 1.339589342358807886e-04 2.387501652906635681e-31 4.998595802934921230e-31 9.251821204520971689e-04 0.000000000000000000e+00
9.989408589453122600e-01 1.339589342358807886e-04 2.387501652906635681e-31 4.998595802934921230e-31 9.251821204520971689e-04 0.000000000000000000e+00
9.989408589453122600e-01 1.339589342358807886e-04 2.387501652906635681e-31 4.998595802934921230e-31 9.251821204520971689e-04 0.000000000000000000e+00
9.989408589453122600e-01 1.339589342358807886e-04 2.387501652906635681e-31 4.998595802934921230e-31 9.251821204520971689e-04 0.000000000000000000e+00
9.989408589453122600e-01 1.339589342358807886e-04 2.387501652906635681e-31 4.998595802934921230e-31 9.251821204520971689e-04 0.000000000000000000e+00
9.989408589453122600e-01 1.339589342358807886e-04 2.387501652906635681e-31 4.998595802934921230e-31 9.251821204520971689e-04 0.000000000000000000e+00
9.989408589453122600e-01 1.339589342358807886e-04 2.387501652906635681e-31 4.998595802934921230e-31 9.251821204520971689e-04 0.000000000000000000e+00
9.989408589453122600e-01 1.339589342358807886e-04 2.387501652906635681e-31 4.998595802934921230e-31 9.251821204520971689e-04 0.000000000000000000e+00
9.989408589453122600e-01 1.339589342358807886e-04 2.387501652906635681e-31 4.998595802934921230e-31 9.251821204520971689e-04 0.000000000000000000e+00
9.989408589453122600e-01 1.339589342358807886e-04 2.387501652906635681e-31 4.998595802934921230e-31 9.251821204520971689e-04 0.000000000000000000e+00
9.989408589453122600e-01 1.339589342358807886e-04 2.387501652906635681e-31 4.998595802934921230e-31 9.251821204520971689e-04 0.000000000000000000e+00
9.989408589453122600e-01 1.339589342358807886e-04 2.387501652906635681e-31 4.998595802934921230e-31 9.251821204520971689e-04 0.000000000000000000e+00
9.989408589453122600e-01 1.339589342358807886e-04 2.387501652906635681e-31 4.998595802934921230e-31 9.251821204520971689e-04 0.000000000000000000e+00
9.989408589453122600e-01 1.339589342358807886e-04 2.387501652906635681e-31 4.998595802934921230e-31 9.251821204520971689e-04 0.000000000000000000e+00
9.989408589453122600e-01 1.339589342358807886e-04 2.387501652906635681e-31 4.998595802934921230e-31 9.251821204520971689e-04 0.000000000000000000e+00
9.989408589453122600e-01 1.339589342358807886e-04 2.387501652906635681e-31 4.998595802934921230e-31 9.251821204520971689e-04 0.000000000000000000e+00
9.989408589453122600e-01 1.339589342358807886e-04 2.387501652906635681e-31 4.998595802934921230e-31 9.251821204520971689e-04 0.000000000000000000e+00
9.989408589453122600e-01 1.339589342358807886e-04 2.387501652906635681e-31 4.998595802934921230e-31 9.251821204520971689e-04 0.000000000000000000e+00
9.989408589453122600e-01 1.339589342358807886e-04 2.387501652906635681e-31 4.998595802934921230e-31 9.251821204520971689e-04 0.000000000000000000e+00
9.989408589453122600e-01 1.339589342358807886e-04 2.387501652906635681e-31 4.998595802934921230e-31 9.251821204520971689e-04 0.000000000000000000e+00
9.989408589453122600e-01 1.339589342358807886e-04 2.387501652906635681e-31 4.998595802934921230e-31 9.251821204520971689e-04 0.000000000000000000e+00
9.989408589453122600e-01 1.339589342358807886e-04 2.387501652906635681e-31 4.998595802934921230e-31 9.251821204520971689e-04 0.000000000000000000e+00
9.989408589453122600e-01 1.339589342358807886e-04 2.387501652906635681e-31 4.998595802934921230e-31 9.251821204520971689e-04 0.000000000000000000e+00
9.989408589453122600e-01 1.339589342358807886e-04 2.387501652906635681e-31 4.998595802934921230e-31 9.251821204520971689e-04 0.000000000000000000e+00
9.989408589453122600e-01 1.339589342358807886e-04 2.387501652906635681e-31 4.998595802934921230e-31 9.251821204520971689e-04 0.000000000000000000e+00
9.989408589453122600e-01 1.339589342358807886e-04 2.387501652906635681e-31 4.998595802934921230e-31 9.251821204520971689e-04 0.000000000000000000e+00
9.989408589453122600e-01 1.339589342358807886e-04 2.387501652906635681e-31 4.998595802934921230e-31 9.251821204520971689e-04 0.000000000000000000e+00
9.989408589453122600e-01 1.339589342358807886e-04 2.387501652906635681e-31 4.998595802934921230e-31 9.251821204520971689e-04 0.000000000000000000e+00
9.989408589453122600e-01 1.339589342358807886e-04 2.387501652906635681e-31 4.998595802934921230e-31 9.251821204520971689e-04 0.000000000000000000e+00
9.989408589453122600e-01 1.339589342358807886e-04 2.387501652906635681e-31 4.998595802934921230e-31 9.251821204520971689e-04 0.000000000000000000e+00
9.989408589453122600e-01 1.339589342358807886e-04 2.387501652906635681e-31 4.998595802934921230e-31 9.251821204520971689e-04 0.000000000000000000e+00
9.989408589453122600e-01 1.339589342358807886e-04 2.387501652906635681e-31 4.998595802934921230e-31 9.251821204520971689e-04 0.000000000000000000e+00
9.989408589453122600e-01 1.339589342358807886e-04 2.387501652906635681e-31 4.998595802934921230e-31 9.251821204520971689e-04 0.000000000000000000e+00
9.989408589453122600e-01 1.339589342358807886e-04 2.387501652906635681e-31 4.998595802934921230e-31 9.251821204520971689e-04 0.000000000000000000e+00
9.989408589453122600e-01 1.339589342358807886e-04 2.387501652906635681e-31 4.998595802934921230e-31 9.251821204520971689e-04 0.000000000000000000e+00
9.989408589453122600e-01 1.339589342358807886e-04 2.387501652906635681e-31 4.998595802934921230e-31 9.251821204520971689e-04 0.000000000000000000e+00
9.989408589453122600e-01 1.339589342358807886e-04 2.387501652906635681e-31 4.998595802934921230e-31 9.251821204520971689e-04 0.000000000000000000e+00
9.989408589453122600e-01 1.339589342358807886e-04 2.387501652906635681e-31 4.998595802934921230e-31 9.251821204520971689e-04 0.000000000000000000e+00
9.989408589453122600e-01 1.339589342358807886e-04 2.387501652906635681e-31 4.998595802934921230e-31 9.251821204520971689e-04 0.000000000000000000e+00
9.989408589453122600e-01 1.339589342358807886e-04 2.387501652906635681e-31 4.998595802934921230e-31 9.251821204520971689e-04 0.000000000000000000e+00
9.989408589453122600e-01 1.339589342358807886e-04 2.387501652906635681e-31 4.998595802934921230e-31 9.251821204520971689e-04 0.000000000000000000e+00
9.989408589453122600e-01 1.339589342358807886e-04 2.387501652906635681e-31 4.998595802934921230e-31 9.251821204520971689e-04 0.000000000000000000e+00
9.989408589453122600e-01 1.339589342358807886e-04 2.387501652906635681e-31 4.998595802934921230e-31 9.251821204520971689e-04 0.000000000000000000e+00
9.989408589453122600e-01 1.339589342358807886e-04 2.387501652906635681e-31 4.998595802934921230e-31 9.251821204520971689e-04 0.000000000000000000e+00
9.989408589453122600e-01 1.339589342358807886e-04 2.387501652906635681e-31 4.998595802934921230e-31 9.251821204520971689e-04 0.000000000000000000e+00
9.989408589453122600e-01 1.339589342358807886e-04 2.387501652906635681e-31 4.998595802934921230e-31 9.251821204520971689e-04 0.000000000000000000e+00
9.989408589453122600e-01 1.339589342358807886e-04 2.387501652906635681e-31 4.998595802934921230e-31 9.251821204520971689e-04 0.000000000000000000e+00
9.989408589453122600e-01 1.339589342358807886e-04 2.387501652906635681e-31 4.998595802934921230e-31 9.251821204520971689e-04 0.000000000000000000e+00
9.989408589453122600e-01 1.339589342358807886e-04 2.387501652906635681e-31 4.998595802934921230e-31 9.251821204520971689e-04 0.000000000000000000e+00
9.989408589453122600e-01 1.339589342358807886e-04 2.387501652906635681e-31 4.998595802934921230e-31 9.251821204520971689e-04 0.000000000000000000e+00
9.989408589453122600e-01 1.339589342358807886e-04 2.387501652906635681e-31 4.998595802934921230e-31 9.251821204520971689e-04 0.000000000000000000e+00
9.989408589453122600e-01 1.339589342358807886e-04 2.387501652906635681e-31 4.998595802934921230e-31 9.251821204520971689e-04 0.000000000000000000e+00
9.989408589453122600e-01 1.339589342358807886e-04 2.387501652906635681e-31 4.998595802934921230e-31 9.251821204520971689e-04 0.000000000000000000e+00
9.989408589453122600e-01 1.339589342358807886e-04 2.387501652906635681e-31 4.998595802934921230e-31 9.251821204520971689e-04 0.000000000000000000e+00
9.989408589453122600e-01 1.339589342358807886e-04 2.387501652906635681e-31 4.998595802934921230e-31 9.251821204520971689e-04 0.000000000000000000e+00
9.989408589453122600e-01 1.339589342358807886e-04 2.387501652906635681e-31 4.998595802934921230e-31 9.251821204520971689e-04 0.000000000000000000e+00
9.989408589453122600e-01 1.339589342358807886e-04 2.387501652906635681e-31 4.998595802934921230e-31 9.251821204520971689e-04 0.000000000000000000e+00
9.989408589453122600e-01 1.339589342358807886e-04 2.387501652906635681e-31 4.998595802934921230e-31 9.251821204520971689e-04 0.000000000000000000e+00
9.989408589453122600e-01 1.339589342358807886e-04 2.387501652906635681e-31 4.998595802934921230e-31 9.251821204520971689e-04 0.000000000000000000e+00
9.989408589453122600e-01 1.339589342358807886e-04 2.387501652906635681e-31 4.998595802934921230e-31 9.251821204520971689e-04 0.000000000000000000e+00
9.989408589453122600e-01 1.339589342358807886e-04 2.387501652906635681e-31 4.998595802934921230e-31 9.251821204520971689e-04 0.000000000000000000e+00
9.989408589453122600e-01 1.339589342358807886e-04 2.387501652906635681e-31 4.998595802934921230e-31 9.251821204520971689e-04 0.000000000000000000e+00
9.989408589453122600e-01 1.339589342358807886e-04 2.387501652906635681e-31 4.998595802934921230e-31 9.251821204520971689e-04 0.000000000000000000e+00
9.989408589453122600e-01 1.339589342358807886e-04 2.387501652906635681e-31 4.998595802934921230e-31 9.251821204520971689e-04 0.000000000000000000e+00
9.989408589453122600e-01 1.339589342358807886e-04 2.387501652906635681e-31 4.998595802934921230e-31 9.251821204520971689e-04 0.000000000000000000e+00
9.989408589453122600e-01 1.339589342358807886e-04 2.387501652906635681e-31 4.998595802934921230e-31 9.251821204520971689e-04 0.000000000000000000e+00
9.989408589453122600e-01 1.339589342358807886e-04 2.387501652906635681e-31 4.998595802934921230e-31 9.251821204520971689e-04 0.000000000000000000e+00
9.989408589453122600e-01 1.339589342358807886e-04 2.387501652906635681e-31 4.998595802934921230e-31 9.251821204520971689e-04 0.000000000000000000e+00
9.989408589453122600e-01 1.339589342358807886e-04 2.387501652906635681e-31 4.998595802934921230e-31 9.251821204520971689e-04 0.000000000000000000e+00
9.989408589453122600e-01 1.339589342358807886e-04 2.387501652906635681e-31 4.998595802934921230e-31 9.251821204520971689e-04 0.000000000000000000e+00
9.989408589453122600e-01 1.339589342358807886e-04 2.387501652906635681e-31 4.998595802934921230e-31 9.251821204520971689e-04 0.000000000000000000e+00
9.989408589453122600e-01 1.339589342358807886e-04 2.387501652906635681e-31 4.998595802934921230e-31 9.251821204520971689e-04 0.000000000000000000e+00
9.989408589453122600e-01 1.339589342358807886e-04 2.387501652906635681e-31 4.998595802934921230e-31 9.251821204520971689e-04 0.000000000000000000e+00
9.989408589453122600e-01 1.339589342358807886e-04 2.387501652906635681e-31 4.998595802934921230e-31 9.251821204520971689e-04 0.000000000000000000e+00
9.989408589453122600e-01 1.339589342358807886e-04 2.387501652906635681e-31 4.998595802934921230e-31 9.251821204520971689e-04 0.000000000000000000e+00
9.989408589453122600e-01 1.339589342358807886e-04 2.387501652906635681e-31 4.998595802934921230e-31 9.251821204520971689e-04 0.000000000000000000e+00
9.989408589453122600e-01 1.339589342358807886e-04 2.387501652906635681e-31 4.998595802934921230e-31 9.251821204520971689e-04 0.000000000000000000e+00
9.989408589453122600e-01 1.339589342358807886e-04 2.387501652906635681e-31 4.998595802934921230e-31 9.251821204520971689e-04 0.000000000000000000e+00
9.989408589453122600e-01 1.339589342358807886e-04 2.387501652906635681e-31 4.998595802934921230e-31 9.251821204520971689e-04 0.000000000000000000e+00
9.989408589453122600e-01 1.339589342358807886e-04 2.387501652906635681e-31 4.998595802934921230e-31 9.251821204520971689e-04 0.000000000000000000e+00
9.989408589453122600e-01 1.339589342358807886e-04 2.387501652906635681e-31 4.998595802934921230e-31 9.251821204520971689e-04 0.000000000000000000e+00
9.989408589453122600e-01 1.339589342358807886e-04 2.387501652906635681e-31 4.998595802934921230e-31 9.251821204520971689e-04 0.000000000000000000e+00
9.989408589453122600e-01 1.339589342358807886e-04 2.387501652906635681e-31 4.998595802934921230e-31 9.251821204520971689e-04 0.000000000000000000e+00
9.989408589453122600e-01 1.339589342358807886e-04 2.387501652906635681e-31 4.998595802934921230e-31 9.251821204520971689e-04 0.000000000000000000e+00
9.989408589453122600e-01 1.339589342358807886e-04 2.387501652906635681e-31 4.998595802934921230e-31 9.251821204520971689e-04 0.000000000000000000e+00
9.989408589453122600e-01 1.339589342358807886e-04 2.387501652906635681e-31 4.998595802934921230e-31 9.251821204520971689e-04 0.000000000000000000e+00
9.989408589453122600e-01 1.339589342358807886e-04 2.387501652906635681e-31 4.998595802934921230e-31 9.251821204520971689e-04 0.000000000000000000e+00
9.989408589453122600e-01 1.339589342358807886e-04 2.387501652906635681e-31 4.998595802934921230e-31 9.251821204520971689e-04 0.000000000000000000e+00
9.989408589453122600e-01 1.339589342358807886e-04 2.387501652906635681e-31 4.998595802934921230e-31 9.251821204520971689e-04 0.000000000000000000e+00
9.989408589453122600e-01 1.339589342358807886e-04 2.387501652906635681e-31 4.998595802934921230e-31 9.251821204520971689e-04 0.000000000000000000e+00
9.989408589453122600e-01 1.339589342358807886e-04 2.387501652906635681e-31 4.998595802934921230e-31 9.251821204520971689e-04 0.000000000000000000e+00
9.989408589453122600e-01 1.339589342358807886e-04 2.387501652906635681e-31 4.998595802934921230e-31 9.251821204520971689e-04 0.000000000000000000e+00
9.989408589453122600e-01 1.339589342358807886e-04 2.387501652906635681e-31 4.998595802934921230e-31 9.251821204520971689e-04 0.000000000000000000e+00
9.989408589453122600e-01 1.339589342358807886e-04 2.387501652906635681e-31 4.998595802934921230e-31 9.251821204520971689e-04 0.000000000000000000e+00
9.989408589453122600e-01 1.339589342358807886e-04 2.387501652906635681e-31 4.998595802934921230e-31 9.251821204520971689e-04 0.000000000000000000e+00
9.989408589453122600e-01 1.339589342358807886e-04 2.387501652906635681e-31 4.998595802934921230e-31 9.251821204520971689e-04 0.000000000000000000e+00
9.989408589453122600e-01 1.339589342358807886e-04 2.387501652906635681e-31 4.998595802934921230e-31 9.251821204520971689e-04 0.000000000000000000e+00
9.989408589453122600e-01 1.339589342358807886e-04 2.387501652906635681e-31 4.998595802934921230e-31 9.251821204520971689e-04 0.000000000000000000e+00
9.989408589453122600e-01 1.339589342358807886e-04 2.387501652906635681e-31 4.998595802934921230e-31 9.251821204520971689e-04 0.000000000000000000e+00
9.989408589453122600e-01 1.339589342358807886e-04 2.387501652906635681e-31 4.998595802934921230e-31 9.251821204520971689e-04 0.000000000000000000e+00
9.989408589453122600e-01 1.339589342358807886e-04 2.387501652906635681e-31 4.998595802934921230e-31 9.251821204520971689e-04 0.000000000000000000e+00
9.989408589453122600e-01 1.339589342358807886e-04 2.387501652906635681e-31 4.998595802934921230e-31 9.251821204520971689e-04 0.000000000000000000e+00
9.989408589453122600e-01 1.339589342358807886e-04 2.387501652906635681e-31 4.998595802934921230e-31 9.251821204520971689e-04 0.000000000000000000e+00
9.989408589453122600e-01 1.339589342358807886e-04 2.387501652906635681e-31 4.998595802934921230e-31 9.251821204520971689e-04 0.000000000000000000e+00
9.989408589453122600e-01 1.339589342358807886e-04 2.387501652906635681e-31 4.998595802934921230e-31 9.251821204520971689e-04 0.000000000000000000e+00
9.989408589453122600e-01 1.339589342358807886e-04 2.387501652906635681e-31 4.998595802934921230e-31 9.251821204520971689e-04 0.000000000000000000e+00
9.989408589453122600e-01 1.339589342358807886e-04 2.387501652906635681e-31 4.998595802934921230e-31 9.251821204520971689e-04 0.000000000000000000e+00
9.989408589453122600e-01 1.339589342358807886e-04 2.387501652906635681e-31 4.998595802934921230e-31 9.251821204520971689e-04 0.000000000000000000e+00
9.989408589453122600e-01 1.339589342358807886e-04 2.387501652906635681e-31 4.998595802934921230e-31 9.251821204520971689e-04 0.000000000000000000e+00
9.989408589453122600e-01 1.339589342358807886e-04 2.387501652906635681e-31 4.998595802934921230e-31 9.251821204520971689e-04 0.000000000000000000e+00
9.989408589453122600e-01 1.339589342358807886e-04 2.387501652906635681e-31 4.998595802934921230e-31 9.251821204520971689e-04 0.000000000000000000e+00
9.989408589453122600e-01 1.339589342358807886e-04 2.387501652906635681e-31 4.998595802934921230e-31 9.251821204520971689e-04 0.000000000000000000e+00
9.989408589453122600e-01 1.339589342358807886e-04 2.387501652906635681e-31 4.998595802934921230e-31 9.251821204520971689e-04 0.000000000000000000e+00
9.989408589453122600e-01 1.339589342358807886e-04 2.387501652906635681e-31 4.998595802934921230e-31 9.251821204520971689e-04 0.000000000000000000e+00
9.989408589453122600e-01 1.339589342358807886e-04 2.387501652906635681e-31 4.998595802934921230e-31 9.251821204520971689e-04 0.000000000000000000e+00
9.989408589453122600e-01 1.339589342358807886e-04 2.387501652906635681e-31 4.998595802934921230e-31 9.251821204520971689e-04 0.000000000000000000e+00
9.989408589453122600e-01 1.339589342358807886e-04 2.387501652906635681e-31 4.998595802934921230e-31 9.251821204520971689e-04 0.000000000000000000e+00
9.989408589453122600e-01 1.339589342358807886e-04 2.387501652906635681e-31 4.998595802934921230e-31 9.251821204520971689e-04 0.000000000000000000e+00
9.989408589453122600e-01 1.339589342358807886e-04 2.387501652906635681e-31 4.998595802934921230e-31 9.251821204520971689e-04 0.000000000000000000e+00
9.989408589453122600e-01 1.339589342358807886e-04 2.387501652906635681e-31 4.998595802934921230e-31 9.251821204520971689e-04 0.000000000000000000e+00
9.989408589453122600e-01 1.339589342358807886e-04 2.387501652906635681e-31 4.998595802934921230e-31 9.251821204520971689e-04 0.000000000000000000e+00
9.989408589453122600e-01 1.339589342358807886e-04 2.387501652906635681e-31 4.998595802934921230e-31 9.251821204520971689e-04 0.000000000000000000e+00
9.989408589453122600e-01 1.339589342358807886e-04 2.387501652906635681e-31 4.998595802934921230e-31 9.251821204520971689e-04 0.000000000000000000e+00
9.989408589453122600e-01 1.339589342358807886e-04 2.387501652906635681e-31 4.998595802934921230e-31 9.251821204520971689e-04 0.000000000000000000e+00
9.989408589453122600e-01 1.339589342358807886e-04 2.387501652906635681e-31 4.998595802934921230e-31 9.251821204520971689e-04 0.000000000000000000e+00
9.989408589453122600e-01 1.339589342358807886e-04 2.387501652906635681e-31 4.998595802934921230e-31 9.251821204520971689e-04 0.000000000000000000e+00
9.989408589453122600e-01 1.339589342358807886e-04 2.387501652906635681e-31 4.998595802934921230e-31 9.251821204520971689e-04 0.000000000000000000e+00
9.989408589453122600e-01 1.339589342358807886e-04 2.387501652906635681e-31 4.998595802934921230e-31 9.251821204520971689e-04 0.000000000000000000e+00
9.989408589453122600e-01 1.339589342358807886e-04 2.387501652906635681e-31 4.998595802934921230e-31 9.251821204520971689e-04 0.000000000000000000e+00
9.989408589453122600e-01 1.339589342358807886e-04 2.387501652906635681e-31 4.998595802934921230e-31 9.251821204520971689e-04 0.000000000000000000e+00
9.989408589453122600e-01 1.339589342358807886e-04 2.387501652906635681e-31 4.998595802934921230e-31 9.251821204520971689e-04 0.000000000000000000e+00
9.989408589453122600e-01 1.339589342358807886e-04 2.387501652906635681e-31 4.998595802934921230e-31 9.251821204520971689e-04 0.000000000000000000e+00
9.989408589453122600e-01 1.339589342358807886e-04 2.387501652906635681e-31 4.998595802934921230e-31 9.251821204520971689e-04 0.000000000000000000e+00
9.989408589453122600e-01 1.339589342358807886e-04 2.387501652906635681e-31 4.998595802934921230e-31 9.251821204520971689e-04 0.000000000000000000e+00
9.989408589453122600e-01 1.339589342358807886e-04 2.387501652906635681e-31 4.998595802934921230e-31 9.251821204520971689e-04 0.000000000000000000e+00
9.989408589453122600e-01 1.339589342358807886e-04 2.387501652906635681e-31 4.998595802934921230e-31 9.251821204520971689e-04 0.000000000000000000e+00
9.989408589453122600e-01 1.339589342358807886e-04 2.387501652906635681e-31 4.998595802934921230e-31 9.251821204520971689e-04 0.000000000000000000e+00
9.989408589453122600e-01 1.339589342358807886e-04 2.387501652906635681e-31 4.998595802934921230e-31 9.251821204520971689e-04 0.000000000000000000e+00
9.989408589453122600e-01 1.339589342358807886e-04 2.387501652906635681e-31 4.998595802934921230e-31 9.251821204520971689e-04 0.000000000000000000e+00
9.989408589453122600e-01 1.339589342358807886e-04 2.387501652906635681e-31 4.998595802934921230e-31 9.251821204520971689e-04 0.000000000000000000e+00
9.989408589453122600e-01 1.339589342358807886e-04 2.387501652906635681e-31 4.998595802934921230e-31 9.251821204520971689e-04 0.000000000000000000e+00
9.989408589453122600e-01 1.339589342358807886e-04 2.387501652906635681e-31 4.998595802934921230e-31 9.251821204520971689e-04 0.000000000000000000e+00
9.989408589453122600e-01 1.339589342358807886e-04 2.387501652906635681e-31 4.998595802934921230e-31 9.251821204520971689e-04 0.000000000000000000e+00
9.989408589453122600e-01 1.339589342358807886e-04 2.387501652906635681e-31 4.998595802934921230e-31 9.251821204520971689e-04 0.000000000000000000e+00
9.989408589453122600e-01 1.339589342358807886e-04 2.387501652906635681e-31 4.998595802934921230e-31 9.251821204520971689e-04 0.000000000000000000e+00
9.989408589453122600e-01 1.339589342358807886e-04 2.387501652906635681e-31 4.998595802934921230e-31 9.251821204520971689e-04 0.000000000000000000e+00
9.989408589453122600e-01 1.339589342358807886e-04 2.387501652906635681e-31 4.998595802934921230e-31 9.251821204520971689e-04 0.000000000000000000e+00
9.989408589453122600e-01 1.339589342358807886e-04 2.387501652906635681e-31 4.998595802934921230e-31 9.251821204520971689e-04 0.000000000000000000e+00
9.989408589453122600e-01 1.339589342358807886e-04 2.387501652906635681e-31 4.998595802934921230e-31 9.251821204520971689e-04 0.000000000000000000e+00
9.989408589453122600e-01 1.339589342358807886e-04 2.387501652906635681e-31 4.998595802934921230e-31 9.251821204520971689e-04 0.000000000000000000e+00
9.989408589453122600e-01 1.339589342358807886e-04 2.387501652906635681e-31 4.998595802934921230e-31 9.251821204520971689e-04 0.000000000000000000e+00
9.989408589453122600e-01 1.339589342358807886e-04 2.387501652906635681e-31 4.998595802934921230e-31 9.251821204520971689e-04 0.000000000000000000e+00
9.989408589453122600e-01 1.339589342358807886e-04 2.387501652906635681e-31 4.998595802934921230e-31 9.251821204520971689e-04 0.000000000000000000e+00
9.989408589453122600e-01 1.339589342358807886e-04 2.387501652906635681e-31 4.998595802934921230e-31 9.251821204520971689e-04 0.000000000000000000e+00
9.989408589453122600e-01 1.339589342358807886e-04 2.387501652906635681e-31 4.998595802934921230e-31 9.251821204520971689e-04 0.000000000000000000e+00
9.989408589453122600e-01 1.339589342358807886e-04 2.387501652906635681e-31 4.998595802934921230e-31 9.251821204520971689e-04 0.000000000000000000e+00
9.989408589453122600e-01 1.339589342358807886e-04 2.387501652906635681e-31 4.998595802934921230e-31 9.251821204520971689e-04 0.000000000000000000e+00
9.989408589453122600e-01 1.339589342358807886e-04 2.387501652906635681e-31 4.998595802934921230e-31 9.251821204520971689e-04 0.000000000000000000e+00
9.989408589453122600e-01 1.339589342358807886e-04 2.387501652906635681e-31 4.998595802934921230e-31 9.251821204520971689e-04 0.000000000000000000e+00
9.989408589453122600e-01 1.339589342358807886e-04 2.387501652906635681e-31 4.998595802934921230e-31 9.251821204520971689e-04 0.000000000000000000e+00
9.989408589453122600e-01 1.339589342358807886e-04 2.387501652906635681e-31 4.998595802934921230e-31 9.251821204520971689e-04 0.000000000000000000e+00
9.989408589453122600e-01 1.339589342358807886e-04 2.387501652906635681e-31 4.998595802934921230e-31 9.251821204520971689e-04 0.000000000000000000e+00
9.989408589453122600e-01 1.339589342358807886e-04 2.387501652906635681e-31 4.998595802934921230e-31 9.251821204520971689e-04 0.000000000000000000e+00
9.989408589453122600e-01 1.339589342358807886e-04 2.387501652906635681e-31 4.998595802934921230e-31 9.251821204520971689e-04 0.000000000000000000e+00
9.989408589453122600e-01 1.339589342358807886e-04 2.387501652906635681e-31 4.998595802934921230e-31 9.251821204520971689e-04 0.000000000000000000e+00
9.989408589453122600e-01 1.339589342358807886e-04 2.387501652906635681e-31 4.998595802934921230e-31 9.251821204520971689e-04 0.000000000000000000e+00
9.989408589453122600e-01 1.339589342358807886e-04 2.387501652906635681e-31 4.998595802934921230e-31 9.251821204520971689e-04 0.000000000000000000e+00
9.989408589453122600e-01 1.339589342358807886e-04 2.387501652906635681e-31 4.998595802934921230e-31 9.251821204520971689e-04 0.000000000000000000e+00
9.989408589453122600e-01 1.339589342358807886e-04 2.387501652906635681e-31 4.998595802934921230e-31 9.251821204520971689e-04 0.000000000000000000e+00
9.989408589453122600e-01 1.339589342358807886e-04 2.387501652906635681e-31 4.998595802934921230e-31 9.251821204520971689e-04 0.000000000000000000e+00
9.989408589453122600e-01 1.339589342358807886e-04 2.387501652906635681e-31 4.998595802934921230e-31 9.251821204520971689e-04 0.000000000000000000e+00
9.989408589453122600e-01 1.339589342358807886e-04 2.387501652906635681e-31 4.998595802934921230e-31 9.251821204520971689e-04 0.000000000000000000e+00
9.989408589453122600e-01 1.339589342358807886e-04 2.387501652906635681e-31 4.998595802934921230e-31 9.251821204520971689e-04 0.000000000000000000e+00
9.989408589453122600e-01 1.339589342358807886e-04 2.387501652906635681e-31 4.998595802934921230e-31 9.251821204520971689e-04 0.000000000000000000e+00
9.989408589453122600e-01 1.339589342358807886e-04 2.387501652906635681e-31 4.998595802934921230e-31 9.251821204520971689e-04 0.000000000000000000e+00
9.989408589453122600e-01 1.339589342358807886e-04 2.387501652906635681e-31 4.998595802934921230e-31 9.251821204520971689e-04 0.000000000000000000e+00
9.989408589453122600e-01 1.339589342358807886e-04 2.387501652906635681e-31 4.998595802934921230e-31 9.251821204520971689e-04 0.000000000000000000e+00
9.989408589453122600e-01 1.339589342358807886e-04 2.387501652906635681e-31 4.998595802934921230e-31 9.251821204520971689e-04 0.000000000000000000e+00
9.989408589453122600e-01 1.339589342358807886e-04 2.387501652906635681e-31 4.998595802934921230e-31 9.251821204520971689e-04 0.000000000000000000e+00
9.989408589453122600e-01 1.339589342358807886e-04 2.387501652906635681e-31 4.998595802934921230e-31 9.251821204520971689e-04 0.000000000000000000e+00
9.989408589453122600e-01 1.339589342358807886e-04 2.387501652906635681e-31 4.998595802934921230e-31 9.251821204520971689e-04 0.000000000000000000e+00
9.989408589453122600e-01 1.339589342358807886e-04 2.387501652906635681e-31 4.998595802934921230e-31 9.251821204520971689e-04 0.000000000000000000e+00
9.989408589453122600e-01 1.339589342358807886e-04 2.387501652906635681e-31 4.998595802934921230e-31 9.251821204520971689e-04 0.000000000000000000e+00
9.989408589453122600e-01 1.339589342358807886e-04 2.387501652906635681e-31 4.998595802934921230e-31 9.251821204520971689e-04 0.000000000000000000e+00
9.989408589453122600e-01 1.339589342358807886e-04 2.387501652906635681e-31 4.998595802934921230e-31 9.251821204520971689e-04 0.000000000000000000e+00
9.989408589453122600e-01 1.339589342358807886e-04 2.387501652906635681e-31 4.998595802934921230e-31 9.251821204520971689e-04 0.000000000000000000e+00
9.989408589453122600e-01 1.339589342358807886e-04 2.387501652906635681e-31 4.998595802934921230e-31 9.251821204520971689e-04 0.000000000000000000e+00
9.989408589453122600e-01 1.339589342358807886e-04 2.387501652906635681e-31 4.998595802934921230e-31 9.251821204520971689e-04 0.000000000000000000e+00
9.989408589453122600e-01 1.339589342358807886e-04 2.387501652906635681e-31 4.998595802934921230e-31 9.251821204520971689e-04 0.000000000000000000e+00
9.989408589453122600e-01 1.339589342358807886e-04 2.387501652906635681e-31 4.998595802934921230e-31 9.251821204520971689e-04 0.000000000000000000e+00
9.989408589453122600e-01 1.339589342358807886e-04 2.387501652906635681e-31 4.998595802934921230e-31 9.251821204520971689e-04 0.000000000000000000e+00
9.989408589453122600e-01 1.339589342358807886e-04 2.387501652906635681e-31 4.998595802934921230e-31 9.251821204520971689e-04 0.000000000000000000e+00
9.989408589453122600e-01 1.339589342358807886e-04 2.387501652906635681e-31 4.998595802934921230e-31 9.251821204520971689e-04 0.000000000000000000e+00
9.989408589453122600e-01 1.339589342358807886e-04 2.387501652906635681e-31 4.998595802934921230e-31 9.251821204520971689e-04 0.000000000000000000e+00
9.989408589453122600e-01 1.339589342358807886e-04 2.387501652906635681e-31 4.998595802934921230e-31 9.251821204520971689e-04 0.000000000000000000e+00
9.989408589453122600e-01 1.339589342358807886e-04 2.387501652906635681e-31 4.998595802934921230e-31 9.251821204520971689e-04 0.000000000000000000e+00
9.989408589453122600e-01 1.339589342358807886e-04 2.387501652906635681e-31 4.998595802934921230e-31 9.251821204520971689e-04 0.000000000000000000e+00
9.989408589453122600e-01 1.339589342358807886e-04 2.387501652906635681e-31 4.998595802934921230e-31 9.251821204520971689e-04 0.000000000000000000e+00
9.989408589453122600e-01 1.339589342358807886e-04 2.387501652906635681e-31 4.998595802934921230e-31 9.251821204520971689e-04 0.000000000000000000e+00
9.989408589453122600e-01 1.339589342358807886e-04 2.387501652906635681e-31 4.998595802934921230e-31 9.251821204520971689e-04 0.000000000000000000e+00
9.989408589453122600e-01 1.339589342358807886e-04 2.387501652906635681e-31 4.998595802934921230e-31 9.251821204520971689e-04 0.000000000000000000e+00
9.989408589453122600e-01 1.339589342358807886e-04 2.387501652906635681e-31 4.998595802934921230e-31 9.251821204520971689e-04 0.000000000000000000e+00
9.989408589453122600e-01 1.339589342358807886e-04 2.387501652906635681e-31 4.998595802934921230e-31 9.251821204520971689e-04 0.000000000000000000e+00
9.989408589453122600e-01 1.339589342358807886e-04 2.387501652906635681e-31 4.998595802934921230e-31 9.251821204520971689e-04 0.000000000000000000e+00
9.989408589453122600e-01 1.339589342358807886e-04 2.387501652906635681e-31 4.998595802934921230e-31 9.251821204520971689e-04 0.000000000000000000e+00
9.989408589453122600e-01 1.339589342358807886e-04 2.387501652906635681e-31 4.998595802934921230e-31 9.251821204520971689e-04 0.000000000000000000e+00
9.989408589453122600e-01 1.339589342358807886e-04 2.387501652906635681e-31 4.998595802934921230e-31 9.251821204520971689e-04 0.000000000000000000e+00
9.989408589453122600e-01 1.339589342358807886e-04 2.387501652906635681e-31 4.998595802934921230e-31 9.251821204520971689e-04 0.000000000000000000e+00
9.989408589453122600e-01 1.339589342358807886e-04 2.387501652906635681e-31 4.998595802934921230e-31 9.251821204520971689e-04 0.000000000000000000e+00
9.989408589453122600e-01 1.339589342358807886e-04 2.387501652906635681e-31 4.998595802934921230e-31 9.251821204520971689e-04 0.000000000000000000e+00
9.989408589453122600e-01 1.339589342358807886e-04 2.387501652906635681e-31 4.998595802934921230e-31 9.251821204520971689e-04 0.000000000000000000e+00
9.989408589453122600e-01 1.339589342358807886e-04 2.387501652906635681e-31 4.998595802934921230e-31 9.251821204520971689e-04 0.000000000000000000e+00
9.989408589453122600e-01 1.339589342358807886e-04 2.387501652906635681e-31 4.998595802934921230e-31 9.251821204520971689e-04 0.000000000000000000e+00
9.989408589453122600e-01 1.339589342358807886e-04 2.387501652906635681e-31 4.998595802934921230e-31 9.251821204520971689e-04 0.000000000000000000e+00
9.989408589453122600e-01 1.339589342358807886e-04 2.387501652906635681e-31 4.998595802934921230e-31 9.251821204520971689e-04 0.000000000000000000e+00
9.989408589453122600e-01 1.339589342358807886e-04 2.387501652906635681e-31 4.998595802934921230e-31 9.251821204520971689e-04 0.000000000000000000e+00
9.989408589453122600e-01 1.339589342358807886e-04 2.387501652906635681e-31 4.998595802934921230e-31 9.251821204520971689e-04 0.000000000000000000e+00
9.989408589453122600e-01 1.339589342358807886e-04 2.387501652906635681e-31 4.998595802934921230e-31 9.251821204520971689e-04 0.000000000000000000e+00
9.989408589453122600e-01 1.339589342358807886e-04 2.387501652906635681e-31 4.998595802934921230e-31 9.251821204520971689e-04 0.000000000000000000e+00
9.989408589453122600e-01 1.339589342358807886e-04 2.387501652906635681e-31 4.998595802934921230e-31 9.251821204520971689e-04 0.000000000000000000e+00
9.989408589453122600e-01 1.339589342358807886e-04 2.387501652906635681e-31 4.998595802934921230e-31 9.251821204520971689e-04 0.000000000000000000e+00
9.989408589453122600e-01 1.339589342358807886e-04 2.387501652906635681e-31 4.998595802934921230e-31 9.251821204520971689e-04 0.000000000000000000e+00
9.989408589453122600e-01 1.339589342358807886e-04 2.387501652906635681e-31 4.998595802934921230e-31 9.251821204520971689e-04 0.000000000000000000e+00
9.989408589453122600e-01 1.339589342358807886e-04 2.387501652906635681e-31 4.998595802934921230e-31 9.251821204520971689e-04 0.000000000000000000e+00
9.989408589453122600e-01 1.339589342358807886e-04 2.387501652906635681e-31 4.998595802934921230e-31 9.251821204520971689e-04 0.000000000000000000e+00
9.989408589453122600e-01 1.339589342358807886e-04 2.387501652906635681e-31 4.998595802934921230e-31 9.251821204520971689e-04 0.000000000000000000e+00
9.989408589453122600e-01 1.339589342358807886e-04 2.387501652906635681e-31 4.998595802934921230e-31 9.251821204520971689e-04 0.000000000000000000e+00
9.989408589453122600e-01 1.339589342358807886e-04 2.387501652906635681e-31 4.998595802934921230e-31 9.251821204520971689e-04 0.000000000000000000e+00
9.989408589453122600e-01 1.339589342358807886e-04 2.387501652906635681e-31 4.998595802934921230e-31 9.251821204520971689e-04 0.000000000000000000e+00
9.989408589453122600e-01 1.339589342358807886e-04 2.387501652906635681e-31 4.998595802934921230e-31 9.251821204520971689e-04 0.000000000000000000e+00
9.989408589453122600e-01 1.339589342358807886e-04 2.387501652906635681e-31 4.998595802934921230e-31 9.251821204520971689e-04 0.000000000000000000e+00
9.989408589453122600e-01 1.339589342358807886e-04 2.387501652906635681e-31 4.998595802934921230e-31 9.251821204520971689e-04 0.000000000000000000e+00
9.989408589453122600e-01 1.339589342358807886e-04 2.387501652906635681e-31 4.998595802934921230e-31 9.251821204520971689e-04 0.000000000000000000e+00
9.989408589453122600e-01 1.339589342358807886e-04 2.387501652906635681e-31 4.998595802934921230e-31 9.251821204520971689e-04 0.000000000000000000e+00
9.989408589453122600e-01 1.339589342358807886e-04 2.387501652906635681e-31 4.998595802934921230e-31 9.251821204520971689e-04 0.000000000000000000e+00
9.989408589453122600e-01 1.339589342358807886e-04 2.387501652906635681e-31 4.998595802934921230e-31 9.251821204520971689e-04 0.000000000000000000e+00
9.989408589453122600e-01 1.339589342358807886e-04 2.387501652906635681e-31 4.998595802934921230e-31 9.251821204520971689e-04 0.000000000000000000e+00
9.989408589453122600e-01 1.339589342358807886e-04 2.387501652906635681e-31 4.998595802934921230e-31 9.251821204520971689e-04 0.000000000000000000e+00
9.989408589453122600e-01 1.339589342358807886e-04 2.387501652906635681e-31 4.998595802934921230e-31 9.251821204520971689e-04 0.000000000000000000e+00
9.989408589453122600e-01 1.339589342358807886e-04 2.387501652906635681e-31 4.998595802934921230e-31 9.251821204520971689e-04 0.000000000000000000e+00
9.989408589453122600e-01 1.339589342358807886e-04 2.387501652906635681e-31 4.998595802934921230e-31 9.251821204520971689e-04 0.000000000000000000e+00
9.989408589453122600e-01 1.339589342358807886e-04 2.387501652906635681e-31 4.998595802934921230e-31 9.251821204520971689e-04 0.000000000000000000e+00
9.989408589453122600e-01 1.339589342358807886e-04 2.387501652906635681e-31 4.998595802934921230e-31 9.251821204520971689e-04 0.000000000000000000e+00
9.989408589453122600e-01 1.339589342358807886e-04 2.387501652906635681e-31 4.998595802934921230e-31 9.251821204520971689e-04 0.000000000000000000e+00
9.989408589453122600e-01 1.339589342358807886e-04 2.387501652906635681e-31 4.998595802934921230e-31 9.251821204520971689e-04 0.000000000000000000e+00
9.989408589453122600e-01 1.339589342358807886e-04 2.387501652906635681e-31 4.998595802934921230e-31 9.251821204520971689e-04 0.000000000000000000e+00
9.989408589453122600e-01 1.339589342358807886e-04 2.387501652906635681e-31 4.998595802934921230e-31 9.251821204520971689e-04 0.000000000000000000e+00
9.989408589453122600e-01 1.339589342358807886e-04 2.387501652906635681e-31 4.998595802934921230e-31 9.251821204520971689e-04 0.000000000000000000e+00
9.989408589453122600e-01 1.339589342358807886e-04 2.387501652906635681e-31 4.998595802934921230e-31 9.251821204520971689e-04 0.000000000000000000e+00
9.989408589453122600e-01 1.339589342358807886e-04 2.387501652906635681e-31 4.998595802934921230e-31 9.251821204520971689e-04 0.000000000000000000e+00
9.989408589453122600e-01 1.339589342358807886e-04 2.387501652906635681e-31 4.998595802934921230e-31 9.251821204520971689e-04 0.000000000000000000e+00
9.989408589453122600e-01 1.339589342358807886e-04 2.387501652906635681e-31 4.998595802934921230e-31 9.251821204520971689e-04 0.000000000000000000e+00
9.989408589453122600e-01 1.339589342358807886e-04 2.387501652906635681e-31 4.998595802934921230e-31 9.251821204520971689e-04 0.000000000000000000e+00
9.989408589453122600e-01 1.339589342358807886e-04 2.387501652906635681e-31 4.998595802934921230e-31 9.251821204520971689e-04 0.000000000000000000e+00
9.989408589453122600e-01 1.339589342358807886e-04 2.387501652906635681e-31 4.998595802934921230e-31 9.251821204520971689e-04 0.000000000000000000e+00
9.989408589453122600e-01 1.339589342358807886e-04 2.387501652906635681e-31 4.998595802934921230e-31 9.251821204520971689e-04 0.000000000000000000e+00
9.989408589453122600e-01 1.339589342358807886e-04 2.387501652906635681e-31 4.998595802934921230e-31 9.251821204520971689e-04 0.000000000000000000e+00
9.989408589453122600e-01 1.339589342358807886e-04 2.387501652906635681e-31 4.998595802934921230e-31 9.251821204520971689e-04 0.000000000000000000e+00
9.989408589453122600e-01 1.339589342358807886e-04 2.387501652906635681e-31 4.998595802934921230e-31 9.251821204520971689e-04 0.000000000000000000e+00
9.989408589453122600e-01 1.339589342358807886e-04 2.387501652906635681e-31 4.998595802934921230e-31 9.251821204520971689e-04 0.000000000000000000e+00
9.989408589453122600e-01 1.339589342358807886e-04 2.387501652906635681e-31 4.998595802934921230e-31 9.251821204520971689e-04 0.000000000000000000e+00
9.989408589453122600e-01 1.339589342358807886e-04 2.387501652906635681e-31 4.998595802934921230e-31 9.251821204520971689e-04 0.000000000000000000e+00
9.989408589453122600e-01 1.339589342358807886e-04 2.387501652906635681e-31 4.998595802934921230e-31 9.251821204520971689e-04 0.000000000000000000e+00
9.989408589453122600e-01 1.339589342358807886e-04 2.387501652906635681e-31 4.998595802934921230e-31 9.251821204520971689e-04 0.000000000000000000e+00
9.989408589453122600e-01 1.339589342358807886e-04 2.387501652906635681e-31 4.998595802934921230e-31 9.251821204520971689e-04 0.000000000000000000e+00
9.989408589453122600e-01 1.339589342358807886e-04 2.387501652906635681e-31 4.998595802934921230e-31 9.251821204520971689e-04 0.000000000000000000e+00
9.989408589453122600e-01 1.339589342358807886e-04 2.387501652906635681e-31 4.998595802934921230e-31 9.251821204520971689e-04 0.000000000000000000e+00
9.989408589453122600e-01 1.339589342358807886e-04 2.387501652906635681e-31 4.998595802934921230e-31 9.251821204520971689e-04 0.000000000000000000e+00
9.989408589453122600e-01 1.339589342358807886e-04 2.387501652906635681e-31 4.998595802934921230e-31 9.251821204520971689e-04 0.000000000000000000e+00
9.989408589453122600e-01 1.339589342358807886e-04 2.387501652906635681e-31 4.998595802934921230e-31 9.251821204520971689e-04 0.000000000000000000e+00
9.989408589453122600e-01 1.339589342358807886e-04 2.387501652906635681e-31 4.998595802934921230e-31 9.251821204520971689e-04 0.000000000000000000e+00
9.989408589453122600e-01 1.339589342358807886e-04 2.387501652906635681e-31 4.998595802934921230e-31 9.251821204520971689e-04 0.000000000000000000e+00
9.989408589453122600e-01 1.339589342358807886e-04 2.387501652906635681e-31 4.998595802934921230e-31 9.251821204520971689e-04 0.000000000000000000e+00
9.989408589453122600e-01 1.339589342358807886e-04 2.387501652906635681e-31 4.998595802934921230e-31 9.251821204520971689e-04 0.000000000000000000e+00
9.989408589453122600e-01 1.339589342358807886e-04 2.387501652906635681e-31 4.998595802934921230e-31 9.251821204520971689e-04 0.000000000000000000e+00
9.989408589453122600e-01 1.339589342358807886e-04 2.387501652906635681e-31 4.998595802934921230e-31 9.251821204520971689e-04 0.000000000000000000e+00
9.989408589453122600e-01 1.339589342358807886e-04 2.387501652906635681e-31 4.998595802934921230e-31 9.251821204520971689e-04 0.000000000000000000e+00
9.989408589453122600e-01 1.339589342358807886e-04 2.387501652906635681e-31 4.998595802934921230e-31 9.251821204520971689e-04 0.000000000000000000e+00
9.989408589453122600e-01 1.339589342358807886e-04 2.387501652906635681e-31 4.998595802934921230e-31 9.251821204520971689e-04 0.000000000000000000e+00
9.989408589453122600e-01 1.339589342358807886e-04 2.387501652906635681e-31 4.998595802934921230e-31 9.251821204520971689e-04 0.000000000000000000e+00
9.989408589453122600e-01 1.339589342358807886e-04 2.387501652906635681e-31 4.998595802934921230e-31 9.251821204520971689e-04 0.000000000000000000e+00
9.989408589453122600e-01 1.339589342358807886e-04 2.387501652906635681e-31 4.998595802934921230e-31 9.251821204520971689e-04 0.000000000000000000e+00
9.989408589453122600e-01 1.339589342358807886e-04 2.387501652906635681e-31 4.998595802934921230e-31 9.251821204520971689e-04 0.000000000000000000e+00
9.989408589453122600e-01 1.339589342358807886e-04 2.387501652906635681e-31 4.998595802934921230e-31 9.251821204520971689e-04 0.000000000000000000e+00
9.989408589453122600e-01 1.339589342358807886e-04 2.387501652906635681e-31 4.998595802934921230e-31 9.251821204520971689e-04 0.000000000000000000e+00
9.989408589453122600e-01 1.339589342358807886e-04 2.387501652906635681e-31 4.998595802934921230e-31 9.251821204520971689e-04 0.000000000000000000e+00
9.989408589453122600e-01 1.339589342358807886e-04 2.387501652906635681e-31 4.998595802934921230e-31 9.251821204520971689e-04 0.000000000000000000e+00
9.989408589453122600e-01 1.339589342358807886e-04 2.387501652906635681e-31 4.998595802934921230e-31 9.251821204520971689e-04 0.000000000000000000e+00
9.989408589453122600e-01 1.339589342358807886e-04 2.387501652906635681e-31 4.998595802934921230e-31 9.251821204520971689e-04 0.000000000000000000e+00
9.989408589453122600e-01 1.339589342358807886e-04 2.387501652906635681e-31 4.998595802934921230e-31 9.251821204520971689e-04 0.000000000000000000e+00
9.989408589453122600e-01 1.339589342358807886e-04 2.387501652906635681e-31 4.998595802934921230e-31 9.251821204520971689e-04 0.000000000000000000e+00
9.989408589453122600e-01 1.339589342358807886e-04 2.387501652906635681e-31 4.998595802934921230e-31 9.251821204520971689e-04 0.000000000000000000e+00
9.989408589453122600e-01 1.339589342358807886e-04 2.387501652906635681e-31 4.998595802934921230e-31 9.251821204520971689e-04 0.000000000000000000e+00
9.989408589453122600e-01 1.339589342358807886e-04 2.387501652906635681e-31 4.998595802934921230e-31 9.251821204520971689e-04 0.000000000000000000e+00
9.989408589453122600e-01 1.339589342358807886e-04 2.387501652906635681e-31 4.998595802934921230e-31 9.251821204520971689e-04 0.000000000000000000e+00
9.989408589453122600e-01 1.339589342358807886e-04 2.387501652906635681e-31 4.998595802934921230e-31 9.251821204520971689e-04 0.000000000000000000e+00
9.989408589453122600e-01 1.339589342358807886e-04 2.387501652906635681e-31 4.998595802934921230e-31 9.251821204520971689e-04 0.000000000000000000e+00
9.989408589453122600e-01 1.339589342358807886e-04 2.387501652906635681e-31 4.998595802934921230e-31 9.251821204520971689e-04 0.000000000000000000e+00
9.989408589453122600e-01 1.339589342358807886e-04 2.387501652906635681e-31 4.998595802934921230e-31 9.251821204520971689e-04 0.000000000000000000e+00
9.989408589453122600e-01 1.339589342358807886e-04 2.387501652906635681e-31 4.998595802934921230e-31 9.251821204520971689e-04 0.000000000000000000e+00
9.989408589453122600e-01 1.339589342358807886e-04 2.387501652906635681e-31 4.998595802934921230e-31 9.251821204520971689e-04 0.000000000000000000e+00
9.989408589453122600e-01 1.339589342358807886e-04 2.387501652906635681e-31 4.998595802934921230e-31 9.251821204520971689e-04 0.000000000000000000e+00
9.989408589453122600e-01 1.339589342358807886e-04 2.387501652906635681e-31 4.998595802934921230e-31 9.251821204520971689e-04 0.000000000000000000e+00
9.989408589453122600e-01 1.339589342358807886e-04 2.387501652906635681e-31 4.998595802934921230e-31 9.251821204520971689e-04 0.000000000000000000e+00
9.989408589453122600e-01 1.339589342358807886e-04 2.387501652906635681e-31 4.998595802934921230e-31 9.251821204520971689e-04 0.000000000000000000e+00
9.989408589453122600e-01 1.339589342358807886e-04 2.387501652906635681e-31 4.998595802934921230e-31 9.251821204520971689e-04 0.000000000000000000e+00
9.989408589453122600e-01 1.339589342358807886e-04 2.387501652906635681e-31 4.998595802934921230e-31 9.251821204520971689e-04 0.000000000000000000e+00
9.989408589453122600e-01 1.339589342358807886e-04 2.387501652906635681e-31 4.998595802934921230e-31 9.251821204520971689e-04 0.000000000000000000e+00
9.989408589453122600e-01 1.339589342358807886e-04 2.387501652906635681e-31 4.998595802934921230e-31 9.251821204520971689e-04 0.000000000000000000e+00
9.989408589453122600e-01 1.339589342358807886e-04 2.387501652906635681e-31 4.998595802934921230e-31 9.251821204520971689e-04 0.000000000000000000e+00
9.989408589453122600e-01 1.339589342358807886e-04 2.387501652906635681e-31 4.998595802934921230e-31 9.251821204520971689e-04 0.000000000000000000e+00
9.989408589453122600e-01 1.339589342358807886e-04 2.387501652906635681e-31 4.998595802934921230e-31 9.251821204520971689e-04 0.000000000000000000e+00
9.989408589453122600e-01 1.339589342358807886e-04 2.387501652906635681e-31 4.998595802934921230e-31 9.251821204520971689e-04 0.000000000000000000e+00
9.989408589453122600e-01 1.339589342358807886e-04 2.387501652906635681e-31 4.998595802934921230e-31 9.251821204520971689e-04 0.000000000000000000e+00
9.989408589453122600e-01 1.339589342358807886e-04 2.387501652906635681e-31 4.998595802934921230e-31 9.251821204520971689e-04 0.000000000000000000e+00
9.989408589453122600e-01 1.339589342358807886e-04 2.387501652906635681e-31 4.998595802934921230e-31 9.251821204520971689e-04 0.000000000000000000e+00
9.989408589453122600e-01 1.339589342358807886e-04 2.387501652906635681e-31 4.998595802934921230e-31 9.251821204520971689e-04 0.000000000000000000e+00
9.989408589453122600e-01 1.339589342358807886e-04 2.387501652906635681e-31 4.998595802934921230e-31 9.251821204520971689e-04 0.000000000000000000e+00
9.989408589453122600e-01 1.339589342358807886e-04 2.387501652906635681e-31 4.998595802934921230e-31 9.251821204520971689e-04 0.000000000000000000e+00
9.989408589453122600e-01 1.339589342358807886e-04 2.387501652906635681e-31 4.998595802934921230e-31 9.251821204520971689e-04 0.000000000000000000e+00
9.989408589453122600e-01 1.339589342358807886e-04 2.387501652906635681e-31 4.998595802934921230e-31 9.251821204520971689e-04 0.000000000000000000e+00
9.989408589453122600e-01 1.339589342358807886e-04 2.387501652906635681e-31 4.998595802934921230e-31 9.251821204520971689e-04 0.000000000000000000e+00
9.989408589453122600e-01 1.339589342358807886e-04 2.387501652906635681e-31 4.998595802934921230e-31 9.251821204520971689e-04 0.000000000000000000e+00
9.989408589453122600e-01 1.339589342358807886e-04 2.387501652906635681e-31 4.998595802934921230e-31 9.251821204520971689e-04 0.000000000000000000e+00
9.989408589453122600e-01 1.339589342358807886e-04 2.387501652906635681e-31 4.998595802934921230e-31 9.251821204520971689e-04 0.000000000000000000e+00
9.989408589453122600e-01 1.339589342358807886e-04 2.387501652906635681e-31 4.998595802934921230e-31 9.251821204520971689e-04 0.000000000000000000e+00
9.989408589453122600e-01 1.339589342358807886e-04 2.387501652906635681e-31 4.998595802934921230e-31 9.251821204520971689e-04 0.000000000000000000e+00
9.989408589453122600e-01 1.339589342358807886e-04 2.387501652906635681e-31 4.998595802934921230e-31 9.251821204520971689e-04 0.000000000000000000e+00
9.989408589453122600e-01 1.339589342358807886e-04 2.387501652906635681e-31 4.998595802934921230e-31 9.251821204520971689e-04 0.000000000000000000e+00
9.989408589453122600e-01 1.339589342358807886e-04 2.387501652906635681e-31 4.998595802934921230e-31 9.251821204520971689e-04 0.000000000000000000e+00
9.989408589453122600e-01 1.339589342358807886e-04 2.387501652906635681e-31 4.998595802934921230e-31 9.251821204520971689e-04 0.000000000000000000e+00
9.989408589453122600e-01 1.339589342358807886e-04 2.387501652906635681e-31 4.998595802934921230e-31 9.251821204520971689e-04 0.000000000000000000e+00
9.989408589453122600e-01 1.339589342358807886e-04 2.387501652906635681e-31 4.998595802934921230e-31 9.251821204520971689e-04 0.000000000000000000e+00
9.989408589453122600e-01 1.339589342358807886e-04 2.387501652906635681e-31 4.998595802934921230e-31 9.251821204520971689e-04 0.000000000000000000e+00
9.989408589453122600e-01 1.339589342358807886e-04 2.387501652906635681e-31 4.998595802934921230e-31 9.251821204520971689e-04 0.000000000000000000e+00
9.989408589453122600e-01 1.339589342358807886e-04 2.387501652906635681e-31 4.998595802934921230e-31 9.251821204520971689e-04 0.000000000000000000e+00
9.989408589453122600e-01 1.339589342358807886e-04 2.387501652906635681e-31 4.998595802934921230e-31 9.251821204520971689e-04 0.000000000000000000e+00
9.989408589453122600e-01 1.339589342358807886e-04 2.387501652906635681e-31 4.998595802934921230e-31 9.251821204520971689e-04 0.000000000000000000e+00
9.989408589453122600e-01 1.339589342358807886e-04 2.387501652906635681e-31 4.998595802934921230e-31 9.251821204520971689e-04 0.000000000000000000e+00
9.989408589453122600e-01 1.339589342358807886e-04 2.387501652906635681e-31 4.998595802934921230e-31 9.251821204520971689e-04 0.000000000000000000e+00
9.989408589453122600e-01 1.339589342358807886e-04 2.387501652906635681e-31 4.998595802934921230e-31 9.251821204520971689e-04 0.000000000000000000e+00
9.989408589453122600e-01 1.339589342358807886e-04 2.387501652906635681e-31 4.998595802934921230e-31 9.251821204520971689e-04 0.000000000000000000e+00
9.989408589453122600e-01 1.339589342358807886e-04 2.387501652906635681e-31 4.998595802934921230e-31 9.251821204520971689e-04 0.000000000000000000e+00
9.989408589453122600e-01 1.339589342358807886e-04 2.387501652906635681e-31 4.998595802934921230e-31 9.251821204520971689e-04 0.000000000000000000e+00
9.989408589453122600e-01 1.339589342358807886e-04 2.387501652906635681e-31 4.998595802934921230e-31 9.251821204520971689e-04 0.000000000000000000e+00
9.989408589453122600e-01 1.339589342358807886e-04 2.387501652906635681e-31 4.998595802934921230e-31 9.251821204520971689e-04 0.000000000000000000e+00
9.989408589453122600e-01 1.339589342358807886e-04 2.387501652906635681e-31 4.998595802934921230e-31 9.251821204520971689e-04 0.000000000000000000e+00
9.989408589453122600e-01 1.339589342358807886e-04 2.387501652906635681e-31 4.998595802934921230e-31 9.251821204520971689e-04 0.000000000000000000e+00
9.989408589453122600e-01 1.339589342358807886e-04 2.387501652906635681e-31 4.998595802934921230e-31 9.251821204520971689e-04 0.000000000000000000e+00
9.989408589453122600e-01 1.339589342358807886e-04 2.387501652906635681e-31 4.998595802934921230e-31 9.251821204520971689e-04 0.000000000000000000e+00
9.989408589453122600e-01 1.339589342358807886e-04 2.387501652906635681e-31 4.998595802934921230e-31 9.251821204520971689e-04 0.000000000000000000e+00
9.989408589453122600e-01 1.339589342358807886e-04 2.387501652906635681e-31 4.998595802934921230e-31 9.251821204520971689e-04 0.000000000000000000e+00
9.989408589453122600e-01 1.339589342358807886e-04 2.387501652906635681e-31 4.998595802934921230e-31 9.251821204520971689e-04 0.000000000000000000e+00
9.989408589453122600e-01 1.339589342358807886e-04 2.387501652906635681e-31 4.998595802934921230e-31 9.251821204520971689e-04 0.000000000000000000e+00
9.989408589453122600e-01 1.339589342358807886e-04 2.387501652906635681e-31 4.998595802934921230e-31 9.251821204520971689e-04 0.000000000000000000e+00
9.989408589453122600e-01 1.339589342358807886e-04 2.387501652906635681e-31 4.998595802934921230e-31 9.251821204520971689e-04 0.000000000000000000e+00
9.989408589453122600e-01 1.339589342358807886e-04 2.387501652906635681e-31 4.998595802934921230e-31 9.251821204520971689e-04 0.000000000000000000e+00
9.989408589453122600e-01 1.339589342358807886e-04 2.387501652906635681e-31 4.998595802934921230e-31 9.251821204520971689e-04 0.000000000000000000e+00
9.989408589453122600e-01 1.339589342358807886e-04 2.387501652906635681e-31 4.998595802934921230e-31 9.251821204520971689e-04 0.000000000000000000e+00
9.989408589453122600e-01 1.339589342358807886e-04 2.387501652906635681e-31 4.998595802934921230e-31 9.251821204520971689e-04 0.000000000000000000e+00
9.989408589453122600e-01 1.339589342358807886e-04 2.387501652906635681e-31 4.998595802934921230e-31 9.251821204520971689e-04 0.000000000000000000e+00
9.989408589453122600e-01 1.339589342358807886e-04 2.387501652906635681e-31 4.998595802934921230e-31 9.251821204520971689e-04 0.000000000000000000e+00
9.989408589453122600e-01 1.339589342358807886e-04 2.387501652906635681e-31 4.998595802934921230e-31 9.251821204520971689e-04 0.000000000000000000e+00
9.989408589453122600e-01 1.339589342358807886e-04 2.387501652906635681e-31 4.998595802934921230e-31 9.251821204520971689e-04 0.000000000000000000e+00
9.989408589453122600e-01 1.339589342358807886e-04 2.387501652906635681e-31 4.998595802934921230e-31 9.251821204520971689e-04 0.000000000000000000e+00
9.989408589453122600e-01 1.339589342358807886e-04 2.387501652906635681e-31 4.998595802934921230e-31 9.251821204520971689e-04 0.000000000000000000e+00
9.989408589453122600e-01 1.339589342358807886e-04 2.387501652906635681e-31 4.998595802934921230e-31 9.251821204520971689e-04 0.000000000000000000e+00
9.989408589453122600e-01 1.339589342358807886e-04 2.387501652906635681e-31 4.998595802934921230e-31 9.251821204520971689e-04 0.000000000000000000e+00
9.989408589453122600e-01 1.339589342358807886e-04 2.387501652906635681e-31 4.998595802934921230e-31 9.251821204520971689e-04 0.000000000000000000e+00
9.989408589453122600e-01 1.339589342358807886e-04 2.387501652906635681e-31 4.998595802934921230e-31 9.251821204520971689e-04 0.000000000000000000e+00
9.989408589453122600e-01 1.339589342358807886e-04 2.387501652906635681e-31 4.998595802934921230e-31 9.251821204520971689e-04 0.000000000000000000e+00
9.989408589453122600e-01 1.339589342358807886e-04 2.387501652906635681e-31 4.998595802934921230e-31 9.251821204520971689e-04 0.000000000000000000e+00
9.989408589453122600e-01 1.339589342358807886e-04 2.387501652906635681e-31 4.998595802934921230e-31 9.251821204520971689e-04 0.000000000000000000e+00
9.989408589453122600e-01 1.339589342358807886e-04 2.387501652906635681e-31 4.998595802934921230e-31 9.251821204520971689e-04 0.000000000000000000e+00
9.989408589453122600e-01 1.339589342358807886e-04 2.387501652906635681e-31 4.998595802934921230e-31 9.251821204520971689e-04 0.000000000000000000e+00
9.989408589453122600e-01 1.339589342358807886e-04 2.387501652906635681e-31 4.998595802934921230e-31 9.251821204520971689e-04 0.000000000000000000e+00
