8.612119424204827123e-01 1.382240824507466326e-01 1.029250009975603598e-14 4.324557385838745200e-14 5.639751287169512484e-04 0.000000000000000000e+00
8.612119247774432385e-01 1.382240999073528764e-01 7.156204652421260003e-15 3.241057285357929571e-14 5.639753151640480508e-04 0.000000000000000000e+00
8.612119247774433495e-01 1.382240999073528764e-01 4.448464353264306934e-15 2.222284820005308770e-14 5.639753151771614761e-04 0.000000000000000000e+00
8.612119247774433495e-01 1.382240999073529042e-01 2.742986208698911119e-15 1.513820028147457794e-14 5.639753151858424660e-04 0.000000000000000000e+00
8.612119247774431274e-01 1.382240999073528764e-01 1.678928014593924197e-15 1.025084195239025207e-14 5.639753151918309483e-04 0.000000000000000000e+00
8.612119247774432385e-01 1.382240999073528764e-01 1.020003845339045028e-15 6.899668552302144436e-15 5.639753151959122105e-04 0.000000000000000000e+00
8.612119247774432385e-01 1.382240999073528764e-01 6.144772903713090112e-16 4.612486714470662435e-15 5.639753151985701322e-04 0.000000000000000000e+00
8.612119247774432385e-01 1.382240999073528764e-01 3.674221828915491028e-16 3.064928696208367399e-15 5.639753152003931097e-04 0.000000000000000000e+00
8.612119247774433495e-01 1.382240999073528764e-01 2.178785237562427957e-16 2.022963461873402860e-15 5.639753152015839974e-04 0.000000000000000000e+00
8.612119247774432385e-01 1.382240999073528764e-01 1.281575635932124068e-16 1.326513416227191773e-15 5.639753152023752481e-04 0.000000000000000000e+00
8.612119247774432385e-01 1.382240999073528764e-01 7.477232693526459032e-17 8.641313297788856005e-16 5.639753152028965325e-04 0.000000000000000000e+00
8.612119247774433495e-01 1.382240999073528764e-01 4.324940962808031744e-17 5.589988698209539344e-16 5.639753152032332857e-04 0.000000000000000000e+00
8.612119247774432385e-01 1.382240999073528764e-01 2.481261859803825994e-17 3.592320914216359577e-16 5.639753152034547882e-04 0.000000000000000000e+00
8.612119247774432385e-01 1.382240999073528764e-01 1.410831959959016983e-17 2.291896401824611100e-16 5.639753152035955177e-04 0.000000000000000000e+00
8.612119247774432385e-01 1.382240999073528764e-01 7.954385744240300279e-18 1.452268259083982800e-16 5.639753152036871327e-04 0.000000000000000000e+00
8.612119247774432385e-01 1.382240999073528764e-01 4.444745079871382718e-18 9.135930572976283229e-17 5.639753152037448123e-04 0.000000000000000000e+00
8.612119247774432385e-01 1.382240999073528764e-01 2.461280230978060409e-18 5.705378898174474626e-17 5.639753152037811331e-04 0.000000000000000000e+00
8.612119247774432385e-01 1.382240999073528764e-01 1.351317222054166152e-18 3.538425848187910079e-17 5.639753152038042266e-04 0.000000000000000000e+00
8.612119247774433495e-01 1.382240999073528764e-01 7.345453705091878322e-19 2.176860194620407011e-17 5.639753152038186465e-04 0.000000000000000000e+00
8.612119247774432385e-01 1.382240999073528764e-01 3.958747497204526642e-19 1.329967723239107088e-17 5.639753152038273201e-04 0.000000000000000000e+00
8.612119247774433495e-01 1.382240999073529042e-01 2.112861309796934890e-19 8.061839207898012224e-18 5.639753152038330664e-04 0.000000000000000000e+00
8.612119247774433495e-01 1.382240999073528764e-01 1.116756992871972268e-19 4.848526760131566794e-18 5.639753152038365358e-04 0.000000000000000000e+00
8.612119247774432385e-01 1.382240999073528764e-01 5.849452152974568789e-20 2.894715753067170267e-18 5.639753152038388126e-04 0.000000000000000000e+00
8.612119247774433495e-01 1.382240999073528764e-01 3.032714390775160236e-20 1.713999110593740232e-18 5.639753152038394632e-04 0.000000000000000000e+00
8.612119247774432385e-01 1.382240999073528764e-01 1.556441252518238871e-20 1.006569611147484927e-18 5.639753152038405474e-04 0.000000000000000000e+00
8.612119247774432385e-01 1.382240999073528764e-01 7.911716626265434650e-21 5.865553068432927831e-19 5.639753152038411979e-04 0.000000000000000000e+00
8.612119247774432385e-01 1.382240999073528764e-01 3.982362179138182922e-21 3.390947723038394981e-19 5.639753152038411979e-04 0.000000000000000000e+00
8.612119247774432385e-01 1.382240999073528764e-01 1.981507163096038746e-21 1.942117161151179857e-19 5.639753152038411979e-04 0.000000000000000000e+00
8.612119247774432385e-01 1.382240999073528764e-01 9.760242693787152434e-22 1.103259332479260699e-19 5.639753152038411979e-04 0.000000000000000000e+00
8.612119247774432385e-01 1.382240999073528764e-01 4.758385921070808181e-22 6.215355171197747961e-20 5.639753152038411979e-04 0.000000000000000000e+00
8.612119247774432385e-01 1.382240999073528764e-01 2.295702187741785816e-22 3.471984300692717514e-20 5.639753152038417400e-04 0.000000000000000000e+00
8.612119247774433495e-01 1.382240999073528764e-01 1.095001708450928806e-22 1.921667199400873071e-20 5.639753152038417400e-04 0.000000000000000000e+00
8.612119247774433495e-01 1.382240999073529042e-01 5.163220795680410233e-23 1.053749247103840218e-20 5.639753152038417400e-04 0.000000000000000000e+00
8.612119247774432385e-01 1.382240999073529042e-01 2.407964890368990246e-23 5.727041438353561964e-21 5.639753152038417400e-04 0.000000000000000000e+00
8.612119247774431274e-01 1.382240999073528764e-01 1.110467547011538569e-23 3.084453152017362350e-21 5.639753152038417400e-04 0.000000000000000000e+00
8.612119247774432385e-01 1.382240999073528764e-01 5.062881391726073282e-24 1.645915739614070956e-21 5.639753152038417400e-04 0.000000000000000000e+00
8.612119247774433495e-01 1.382240999073528764e-01 2.281620106594041916e-24 8.700648599683433397e-22 5.639753152038417400e-04 0.000000000000000000e+00
8.612119247774432385e-01 1.382240999073528764e-01 1.016153794148568622e-24 4.555570076535342221e-22 5.639753152038417400e-04 0.000000000000000000e+00
8.612119247774433495e-01 1.382240999073529042e-01 4.471042706826237249e-25 2.361943866445823422e-22 5.639753152038417400e-04 0.000000000000000000e+00
8.612119247774432385e-01 1.382240999073528764e-01 1.942034971013278740e-25 1.211884297815612628e-22 5.639753152038417400e-04 0.000000000000000000e+00
8.612119247774433495e-01 1.382240999073528764e-01 8.332236372405076764e-26 6.156384529771044000e-23 5.639753152038417400e-04 0.000000000000000000e+00
8.612119247774432385e-01 1.382240999073528764e-01 3.530548954290568036e-26 3.095980226712912085e-23 5.639753152038417400e-04 0.000000000000000000e+00
8.612119247774432385e-01 1.382240999073528764e-01 1.477131907453041320e-26 1.541039278936768220e-23 5.639753152038417400e-04 0.000000000000000000e+00
8.612119247774432385e-01 1.382240999073528764e-01 6.101024108677496913e-27 7.591003029712422223e-24 5.639753152038417400e-04 0.000000000000000000e+00
8.612119247774432385e-01 1.382240999073528764e-01 2.486870140327978880e-27 3.699480779376848036e-24 5.639753152038411979e-04 0.000000000000000000e+00
8.612119247774432385e-01 1.382240999073528764e-01 1.000031549635032071e-27 1.783243780647957784e-24 5.639753152038417400e-04 0.000000000000000000e+00
8.612119247774433495e-01 1.382240999073528764e-01 3.966478955544893737e-28 8.500501020251954965e-25 5.639753152038417400e-04 0.000000000000000000e+00
8.612119247774432385e-01 1.382240999073528764e-01 1.551494498578903323e-28 4.006632013725606746e-25 5.639753152038417400e-04 0.000000000000000000e+00
8.612119247774431274e-01 1.382240999073528764e-01 5.983762923090902037e-29 1.867045594543506652e-25 5.639753152038417400e-04 0.000000000000000000e+00
8.612119247774432385e-01 1.382240999073528764e-01 2.621957111491688206e-29 9.636372284944444782e-26 5.639753152038417400e-04 0.000000000000000000e+00
8.612119247774432385e-01 1.382240999073528764e-01 2.621957111491688206e-29 9.636372284944444782e-26 5.639753152038417400e-04 0.000000000000000000e+00
8.612119247774432385e-01 1.382240999073528764e-01 2.621957111491688206e-29 9.636372284944444782e-26 5.639753152038417400e-04 0.000000000000000000e+00
8.612119247774432385e-01 1.382240999073528764e-01 2.621957111491688206e-29 9.636372284944444782e-26 5.639753152038417400e-04 0.000000000000000000e+00
8.612119247774432385e-01 1.382240999073528764e-01 2.621957111491688206e-29 9.636372284944444782e-26 5.639753152038417400e-04 0.000000000000000000e+00
8.612119247774432385e-01 1.382240999073528764e-01 2.621957111491688206e-29 9.636372284944444782e-26 5.639753152038417400e-04 0.000000000000000000e+00
8.612119247774432385e-01 1.382240999073528764e-01 2.621957111491688206e-29 9.636372284944444782e-26 5.639753152038417400e-04 0.000000000000000000e+00
8.612119247774432385e-01 1.382240999073528764e-01 2.621957111491688206e-29 9.636372284944444782e-26 5.639753152038417400e-04 0.000000000000000000e+00
8.612119247774432385e-01 1.382240999073528764e-01 2.621957111491688206e-29 9.636372284944444782e-26 5.639753152038417400e-04 0.000000000000000000e+00
8.612119247774432385e-01 1.382240999073528764e-01 2.621957111491688206e-29 9.636372284944444782e-26 5.639753152038417400e-04 0.000000000000000000e+00
8.612119247774432385e-01 1.382240999073528764e-01 2.621957111491688206e-29 9.636372284944444782e-26 5.639753152038417400e-04 0.000000000000000000e+00
8.612119247774432385e-01 1.382240999073528764e-01 2.621957111491688206e-29 9.636372284944444782e-26 5.639753152038417400e-04 0.000000000000000000e+00
8.612119247774432385e-01 1.382240999073528764e-01 2.621957111491688206e-29 9.636372284944444782e-26 5.639753152038417400e-04 0.000000000000000000e+00
8.612119247774432385e-01 1.382240999073528764e-01 2.621957111491688206e-29 9.636372284944444782e-26 5.639753152038417400e-04 0.000000000000000000e+00
8.612119247774432385e-01 1.382240999073528764e-01 2.621957111491688206e-29 9.636372284944444782e-26 5.639753152038417400e-04 0.000000000000000000e+00
8.612119247774432385e-01 1.382240999073528764e-01 2.621957111491688206e-29 9.636372284944444782e-26 5.639753152038417400e-04 0.000000000000000000e+00
8.612119247774432385e-01 1.382240999073528764e-01 2.621957111491688206e-29 9.636372284944444782e-26 5.639753152038417400e-04 0.000000000000000000e+00
8.612119247774432385e-01 1.382240999073528764e-01 2.621957111491688206e-29 9.636372284944444782e-26 5.639753152038417400e-04 0.000000000000000000e+00
8.612119247774432385e-01 1.382240999073528764e-01 2.621957111491688206e-29 9.636372284944444782e-26 5.639753152038417400e-04 0.000000000000000000e+00
8.612119247774432385e-01 1.382240999073528764e-01 2.621957111491688206e-29 9.636372284944444782e-26 5.639753152038417400e-04 0.000000000000000000e+00
8.612119247774432385e-01 1.382240999073528764e-01 2.621957111491688206e-29 9.636372284944444782e-26 5.639753152038417400e-04 0.000000000000000000e+00
8.612119247774432385e-01 1.382240999073528764e-01 2.621957111491688206e-29 9.636372284944444782e-26 5.639753152038417400e-04 0.000000000000000000e+00
8.612119247774432385e-01 1.382240999073528764e-01 2.621957111491688206e-29 9.636372284944444782e-26 5.639753152038417400e-04 0.000000000000000000e+00
8.612119247774432385e-01 1.382240999073528764e-01 2.621957111491688206e-29 9.636372284944444782e-26 5.639753152038417400e-04 0.000000000000000000e+00
8.612119247774432385e-01 1.382240999073528764e-01 2.621957111491688206e-29 9.636372284944444782e-26 5.639753152038417400e-04 0.000000000000000000e+00
8.612119247774432385e-01 1.382240999073528764e-01 2.621957111491688206e-29 9.636372284944444782e-26 5.639753152038417400e-04 0.000000000000000000e+00
8.612119247774432385e-01 1.382240999073528764e-01 2.621957111491688206e-29 9.636372284944444782e-26 5.639753152038417400e-04 0.000000000000000000e+00
8.612119247774432385e-01 1.382240999073528764e-01 2.621957111491688206e-29 9.636372284944444782e-26 5.639753152038417400e-04 0.000000000000000000e+00
8.612119247774432385e-01 1.382240999073528764e-01 2.621957111491688206e-29 9.636372284944444782e-26 5.639753152038417400e-04 0.000000000000000000e+00
8.612119247774432385e-01 1.382240999073528764e-01 2.621957111491688206e-29 9.636372284944444782e-26 5.639753152038417400e-04 0.000000000000000000e+00
8.612119247774432385e-01 1.382240999073528764e-01 2.621957111491688206e-29 9.636372284944444782e-26 5.639753152038417400e-04 0.000000000000000000e+00
8.612119247774432385e-01 1.382240999073528764e-01 2.621957111491688206e-29 9.636372284944444782e-26 5.639753152038417400e-04 0.000000000000000000e+00
8.612119247774432385e-01 1.382240999073528764e-01 2.621957111491688206e-29 9.636372284944444782e-26 5.639753152038417400e-04 0.000000000000000000e+00
8.612119247774432385e-01 1.382240999073528764e-01 2.621957111491688206e-29 9.636372284944444782e-26 5.639753152038417400e-04 0.000000000000000000e+00
8.612119247774432385e-01 1.382240999073528764e-01 2.621957111491688206e-29 9.636372284944444782e-26 5.639753152038417400e-04 0.000000000000000000e+00
8.612119247774432385e-01 1.382240999073528764e-01 2.621957111491688206e-29 9.636372284944444782e-26 5.639753152038417400e-04 0.000000000000000000e+00
8.612119247774432385e-01 1.382240999073528764e-01 2.621957111491688206e-29 9.636372284944444782e-26 5.639753152038417400e-04 0.000000000000000000e+00
8.612119247774432385e-01 1.382240999073528764e-01 2.621957111491688206e-29 9.636372284944444782e-26 5.639753152038417400e-04 0.000000000000000000e+00
8.612119247774432385e-01 1.382240999073528764e-01 2.621957111491688206e-29 9.636372284944444782e-26 5.639753152038417400e-04 0.000000000000000000e+00
8.612119247774432385e-01 1.382240999073528764e-01 2.621957111491688206e-29 9.636372284944444782e-26 5.639753152038417400e-04 0.000000000000000000e+00
8.612119247774432385e-01 1.382240999073528764e-01 2.621957111491688206e-29 9.636372284944444782e-26 5.639753152038417400e-04 0.000000000000000000e+00
8.612119247774432385e-01 1.382240999073528764e-01 2.621957111491688206e-29 9.636372284944444782e-26 5.639753152038417400e-04 0.000000000000000000e+00
8.612119247774432385e-01 1.382240999073528764e-01 2.621957111491688206e-29 9.636372284944444782e-26 5.639753152038417400e-04 0.000000000000000000e+00
8.612119247774432385e-01 1.382240999073528764e-01 2.621957111491688206e-29 9.636372284944444782e-26 5.639753152038417400e-04 0.000000000000000000e+00
8.612119247774432385e-01 1.382240999073528764e-01 2.621957111491688206e-29 9.636372284944444782e-26 5.639753152038417400e-04 0.000000000000000000e+00
8.612119247774432385e-01 1.382240999073528764e-01 2.621957111491688206e-29 9.636372284944444782e-26 5.639753152038417400e-04 0.000000000000000000e+00
8.612119247774432385e-01 1.382240999073528764e-01 2.621957111491688206e-29 9.636372284944444782e-26 5.639753152038417400e-04 0.000000000000000000e+00
8.612119247774432385e-01 1.382240999073528764e-01 2.621957111491688206e-29 9.636372284944444782e-26 5.639753152038417400e-04 0.000000000000000000e+00
8.612119247774432385e-01 1.382240999073528764e-01 2.621957111491688206e-29 9.636372284944444782e-26 5.639753152038417400e-04 0.000000000000000000e+00
8.612119247774432385e-01 1.382240999073528764e-01 2.621957111491688206e-29 9.636372284944444782e-26 5.639753152038417400e-04 0.000000000000000000e+00
8.612119247774432385e-01 1.382240999073528764e-01 2.621957111491688206e-29 9.636372284944444782e-26 5.639753152038417400e-04 0.000000000000000000e+00
8.612119247774432385e-01 1.382240999073528764e-01 2.621957111491688206e-29 9.636372284944444782e-26 5.639753152038417400e-04 0.000000000000000000e+00
8.612119247774432385e-01 1.382240999073528764e-01 2.621957111491688206e-29 9.636372284944444782e-26 5.639753152038417400e-04 0.000000000000000000e+00
8.612119247774432385e-01 1.382240999073528764e-01 2.621957111491688206e-29 9.636372284944444782e-26 5.639753152038417400e-04 0.000000000000000000e+00
8.612119247774432385e-01 1.382240999073528764e-01 2.621957111491688206e-29 9.636372284944444782e-26 5.639753152038417400e-04 0.000000000000000000e+00
8.612119247774432385e-01 1.382240999073528764e-01 2.621957111491688206e-29 9.636372284944444782e-26 5.639753152038417400e-04 0.000000000000000000e+00
8.612119247774432385e-01 1.382240999073528764e-01 2.621957111491688206e-29 9.636372284944444782e-26 5.639753152038417400e-04 0.000000000000000000e+00
8.612119247774432385e-01 1.382240999073528764e-01 2.621957111491688206e-29 9.636372284944444782e-26 5.639753152038417400e-04 0.000000000000000000e+00
8.612119247774432385e-01 1.382240999073528764e-01 2.621957111491688206e-29 9.636372284944444782e-26 5.639753152038417400e-04 0.000000000000000000e+00
8.612119247774432385e-01 1.382240999073528764e-01 2.621957111491688206e-29 9.636372284944444782e-26 5.639753152038417400e-04 0.000000000000000000e+00
8.612119247774432385e-01 1.382240999073528764e-01 2.621957111491688206e-29 9.636372284944444782e-26 5.639753152038417400e-04 0.000000000000000000e+00
8.612119247774432385e-01 1.382240999073528764e-01 2.621957111491688206e-29 9.636372284944444782e-26 5.639753152038417400e-04 0.000000000000000000e+00
8.612119247774432385e-01 1.382240999073528764e-01 2.621957111491688206e-29 9.636372284944444782e-26 5.639753152038417400e-04 0.000000000000000000e+00
8.612119247774432385e-01 1.382240999073528764e-01 2.621957111491688206e-29 9.636372284944444782e-26 5.639753152038417400e-04 0.000000000000000000e+00
8.612119247774432385e-01 1.382240999073528764e-01 2.621957111491688206e-29 9.636372284944444782e-26 5.639753152038417400e-04 0.000000000000000000e+00
8.612119247774432385e-01 1.382240999073528764e-01 2.621957111491688206e-29 9.636372284944444782e-26 5.639753152038417400e-04 0.000000000000000000e+00
8.612119247774432385e-01 1.382240999073528764e-01 2.621957111491688206e-29 9.636372284944444782e-26 5.639753152038417400e-04 0.000000000000000000e+00
8.612119247774432385e-01 1.382240999073528764e-01 2.621957111491688206e-29 9.636372284944444782e-26 5.639753152038417400e-04 0.000000000000000000e+00
8.612119247774432385e-01 1.382240999073528764e-01 2.621957111491688206e-29 9.636372284944444782e-26 5.639753152038417400e-04 0.000000000000000000e+00
8.612119247774432385e-01 1.382240999073528764e-01 2.621957111491688206e-29 9.636372284944444782e-26 5.639753152038417400e-04 0.000000000000000000e+00
8.612119247774432385e-01 1.382240999073528764e-01 2.621957111491688206e-29 9.636372284944444782e-26 5.639753152038417400e-04 0.000000000000000000e+00
8.612119247774432385e-01 1.382240999073528764e-01 2.621957111491688206e-29 9.636372284944444782e-26 5.639753152038417400e-04 0.000000000000000000e+00
8.612119247774432385e-01 1.382240999073528764e-01 2.621957111491688206e-29 9.636372284944444782e-26 5.639753152038417400e-04 0.000000000000000000e+00
8.612119247774432385e-01 1.382240999073528764e-01 2.621957111491688206e-29 9.636372284944444782e-26 5.639753152038417400e-04 0.000000000000000000e+00
8.612119247774432385e-01 1.382240999073528764e-01 2.621957111491688206e-29 9.636372284944444782e-26 5.639753152038417400e-04 0.000000000000000000e+00
8.612119247774432385e-01 1.382240999073528764e-01 2.621957111491688206e-29 9.636372284944444782e-26 5.639753152038417400e-04 0.000000000000000000e+00
8.612119247774432385e-01 1.382240999073528764e-01 2.621957111491688206e-29 9.636372284944444782e-26 5.639753152038417400e-04 0.000000000000000000e+00
8.612119247774432385e-01 1.382240999073528764e-01 2.621957111491688206e-29 9.636372284944444782e-26 5.639753152038417400e-04 0.000000000000000000e+00
8.612119247774432385e-01 1.382240999073528764e-01 2.621957111491688206e-29 9.636372284944444782e-26 5.639753152038417400e-04 0.000000000000000000e+00
8.612119247774432385e-01 1.382240999073528764e-01 2.621957111491688206e-29 9.636372284944444782e-26 5.639753152038417400e-04 0.000000000000000000e+00
8.612119247774432385e-01 1.382240999073528764e-01 2.621957111491688206e-29 9.636372284944444782e-26 5.639753152038417400e-04 0.000000000000000000e+00
8.612119247774432385e-01 1.382240999073528764e-01 2.621957111491688206e-29 9.636372284944444782e-26 5.639753152038417400e-04 0.000000000000000000e+00
8.612119247774432385e-01 1.382240999073528764e-01 2.621957111491688206e-29 9.636372284944444782e-26 5.639753152038417400e-04 0.000000000000000000e+00
8.612119247774432385e-01 1.382240999073528764e-01 2.621957111491688206e-29 9.636372284944444782e-26 5.639753152038417400e-04 0.000000000000000000e+00
8.612119247774432385e-01 1.382240999073528764e-01 2.621957111491688206e-29 9.636372284944444782e-26 5.639753152038417400e-04 0.000000000000000000e+00
8.612119247774432385e-01 1.382240999073528764e-01 2.621957111491688206e-29 9.636372284944444782e-26 5.639753152038417400e-04 0.000000000000000000e+00
8.612119247774432385e-01 1.382240999073528764e-01 2.621957111491688206e-29 9.636372284944444782e-26 5.639753152038417400e-04 0.000000000000000000e+00
8.612119247774432385e-01 1.382240999073528764e-01 2.621957111491688206e-29 9.636372284944444782e-26 5.639753152038417400e-04 0.000000000000000000e+00
8.612119247774432385e-01 1.382240999073528764e-01 2.621957111491688206e-29 9.636372284944444782e-26 5.639753152038417400e-04 0.000000000000000000e+00
8.612119247774432385e-01 1.382240999073528764e-01 2.621957111491688206e-29 9.636372284944444782e-26 5.639753152038417400e-04 0.000000000000000000e+00
8.612119247774432385e-01 1.382240999073528764e-01 2.621957111491688206e-29 9.636372284944444782e-26 5.639753152038417400e-04 0.000000000000000000e+00
8.612119247774432385e-01 1.382240999073528764e-01 2.621957111491688206e-29 9.636372284944444782e-26 5.639753152038417400e-04 0.000000000000000000e+00
8.612119247774432385e-01 1.382240999073528764e-01 2.621957111491688206e-29 9.636372284944444782e-26 5.639753152038417400e-04 0.000000000000000000e+00
8.612119247774432385e-01 1.382240999073528764e-01 2.621957111491688206e-29 9.636372284944444782e-26 5.639753152038417400e-04 0.000000000000000000e+00
8.612119247774432385e-01 1.382240999073528764e-01 2.621957111491688206e-29 9.636372284944444782e-26 5.639753152038417400e-04 0.000000000000000000e+00
8.612119247774432385e-01 1.382240999073528764e-01 2.621957111491688206e-29 9.636372284944444782e-26 5.639753152038417400e-04 0.000000000000000000e+00
8.612119247774432385e-01 1.382240999073528764e-01 2.621957111491688206e-29 9.636372284944444782e-26 5.639753152038417400e-04 0.000000000000000000e+00
8.612119247774432385e-01 1.382240999073528764e-01 2.621957111491688206e-29 9.636372284944444782e-26 5.639753152038417400e-04 0.000000000000000000e+00
8.612119247774432385e-01 1.382240999073528764e-01 2.621957111491688206e-29 9.636372284944444782e-26 5.639753152038417400e-04 0.000000000000000000e+00
8.612119247774432385e-01 1.382240999073528764e-01 2.621957111491688206e-29 9.636372284944444782e-26 5.639753152038417400e-04 0.000000000000000000e+00
8.612119247774432385e-01 1.382240999073528764e-01 2.621957111491688206e-29 9.636372284944444782e-26 5.639753152038417400e-04 0.000000000000000000e+00
8.612119247774432385e-01 1.382240999073528764e-01 2.621957111491688206e-29 9.636372284944444782e-26 5.639753152038417400e-04 0.000000000000000000e+00
8.612119247774432385e-01 1.382240999073528764e-01 2.621957111491688206e-29 9.636372284944444782e-26 5.639753152038417400e-04 0.000000000000000000e+00
8.612119247774432385e-01 1.382240999073528764e-01 2.621957111491688206e-29 9.636372284944444782e-26 5.639753152038417400e-04 0.000000000000000000e+00
8.612119247774432385e-01 1.382240999073528764e-01 2.621957111491688206e-29 9.636372284944444782e-26 5.639753152038417400e-04 0.000000000000000000e+00
8.612119247774432385e-01 1.382240999073528764e-01 2.621957111491688206e-29 9.636372284944444782e-26 5.639753152038417400e-04 0.000000000000000000e+00
8.612119247774432385e-01 1.382240999073528764e-01 2.621957111491688206e-29 9.636372284944444782e-26 5.639753152038417400e-04 0.000000000000000000e+00
8.612119247774432385e-01 1.382240999073528764e-01 2.621957111491688206e-29 9.636372284944444782e-26 5.639753152038417400e-04 0.000000000000000000e+00
8.612119247774432385e-01 1.382240999073528764e-01 2.621957111491688206e-29 9.636372284944444782e-26 5.639753152038417400e-04 0.000000000000000000e+00
8.612119247774432385e-01 1.382240999073528764e-01 2.621957111491688206e-29 9.636372284944444782e-26 5.639753152038417400e-04 0.000000000000000000e+00
8.612119247774432385e-01 1.382240999073528764e-01 2.621957111491688206e-29 9.636372284944444782e-26 5.639753152038417400e-04 0.000000000000000000e+00
8.612119247774432385e-01 1.382240999073528764e-01 2.621957111491688206e-29 9.636372284944444782e-26 5.639753152038417400e-04 0.000000000000000000e+00
8.612119247774432385e-01 1.382240999073528764e-01 2.621957111491688206e-29 9.636372284944444782e-26 5.639753152038417400e-04 0.000000000000000000e+00
8.612119247774432385e-01 1.382240999073528764e-01 2.621957111491688206e-29 9.636372284944444782e-26 5.639753152038417400e-04 0.000000000000000000e+00
8.612119247774432385e-01 1.382240999073528764e-01 2.621957111491688206e-29 9.636372284944444782e-26 5.639753152038417400e-04 0.000000000000000000e+00
8.612119247774432385e-01 1.382240999073528764e-01 2.621957111491688206e-29 9.636372284944444782e-26 5.639753152038417400e-04 0.000000000000000000e+00
8.612119247774432385e-01 1.382240999073528764e-01 2.621957111491688206e-29 9.636372284944444782e-26 5.639753152038417400e-04 0.000000000000000000e+00
8.612119247774432385e-01 1.382240999073528764e-01 2.621957111491688206e-29 9.636372284944444782e-26 5.639753152038417400e-04 0.000000000000000000e+00
8.612119247774432385e-01 1.382240999073528764e-01 2.621957111491688206e-29 9.636372284944444782e-26 5.639753152038417400e-04 0.000000000000000000e+00
8.612119247774432385e-01 1.382240999073528764e-01 2.621957111491688206e-29 9.636372284944444782e-26 5.639753152038417400e-04 0.000000000000000000e+00
8.612119247774432385e-01 1.382240999073528764e-01 2.621957111491688206e-29 9.636372284944444782e-26 5.639753152038417400e-04 0.000000000000000000e+00
8.612119247774432385e-01 1.382240999073528764e-01 2.621957111491688206e-29 9.636372284944444782e-26 5.639753152038417400e-04 0.000000000000000000e+00
8.612119247774432385e-01 1.382240999073528764e-01 2.621957111491688206e-29 9.636372284944444782e-26 5.639753152038417400e-04 0.000000000000000000e+00
8.612119247774432385e-01 1.382240999073528764e-01 2.621957111491688206e-29 9.636372284944444782e-26 5.639753152038417400e-04 0.000000000000000000e+00
8.612119247774432385e-01 1.382240999073528764e-01 2.621957111491688206e-29 9.636372284944444782e-26 5.639753152038417400e-04 0.000000000000000000e+00
8.612119247774432385e-01 1.382240999073528764e-01 2.621957111491688206e-29 9.636372284944444782e-26 5.639753152038417400e-04 0.000000000000000000e+00
8.612119247774432385e-01 1.382240999073528764e-01 2.621957111491688206e-29 9.636372284944444782e-26 5.639753152038417400e-04 0.000000000000000000e+00
8.612119247774432385e-01 1.382240999073528764e-01 2.621957111491688206e-29 9.636372284944444782e-26 5.639753152038417400e-04 0.000000000000000000e+00
8.612119247774432385e-01 1.382240999073528764e-01 2.621957111491688206e-29 9.636372284944444782e-26 5.639753152038417400e-04 0.000000000000000000e+00
8.612119247774432385e-01 1.382240999073528764e-01 2.621957111491688206e-29 9.636372284944444782e-26 5.639753152038417400e-04 0.000000000000000000e+00
8.612119247774432385e-01 1.382240999073528764e-01 2.621957111491688206e-29 9.636372284944444782e-26 5.639753152038417400e-04 0.000000000000000000e+00
8.612119247774432385e-01 1.382240999073528764e-01 2.621957111491688206e-29 9.636372284944444782e-26 5.639753152038417400e-04 0.000000000000000000e+00
8.612119247774432385e-01 1.382240999073528764e-01 2.621957111491688206e-29 9.636372284944444782e-26 5.639753152038417400e-04 0.000000000000000000e+00
8.612119247774432385e-01 1.382240999073528764e-01 2.621957111491688206e-29 9.636372284944444782e-26 5.639753152038417400e-04 0.000000000000000000e+00
8.612119247774432385e-01 1.382240999073528764e-01 2.621957111491688206e-29 9.636372284944444782e-26 5.639753152038417400e-04 0.000000000000000000e+00
8.612119247774432385e-01 1.382240999073528764e-01 2.621957111491688206e-29 9.636372284944444782e-26 5.639753152038417400e-04 0.000000000000000000e+00
8.612119247774432385e-01 1.382240999073528764e-01 2.621957111491688206e-29 9.636372284944444782e-26 5.639753152038417400e-04 0.000000000000000000e+00
8.612119247774432385e-01 1.382240999073528764e-01 2.621957111491688206e-29 9.636372284944444782e-26 5.639753152038417400e-04 0.000000000000000000e+00
8.612119247774432385e-01 1.382240999073528764e-01 2.621957111491688206e-29 9.636372284944444782e-26 5.639753152038417400e-04 0.000000000000000000e+00
8.612119247774432385e-01 1.382240999073528764e-01 2.621957111491688206e-29 9.636372284944444782e-26 5.639753152038417400e-04 0.000000000000000000e+00
8.612119247774432385e-01 1.382240999073528764e-01 2.621957111491688206e-29 9.636372284944444782e-26 5.639753152038417400e-04 0.000000000000000000e+00
8.612119247774432385e-01 1.382240999073528764e-01 2.621957111491688206e-29 9.636372284944444782e-26 5.639753152038417400e-04 0.000000000000000000e+00
8.612119247774432385e-01 1.382240999073528764e-01 2.621957111491688206e-29 9.636372284944444782e-26 5.639753152038417400e-04 0.000000000000000000e+00
8.612119247774432385e-01 1.382240999073528764e-01 2.621957111491688206e-29 9.636372284944444782e-26 5.639753152038417400e-04 0.000000000000000000e+00
8.612119247774432385e-01 1.382240999073528764e-01 2.621957111491688206e-29 9.636372284944444782e-26 5.639753152038417400e-04 0.000000000000000000e+00
8.612119247774432385e-01 1.382240999073528764e-01 2.621957111491688206e-29 9.636372284944444782e-26 5.639753152038417400e-04 0.000000000000000000e+00
8.612119247774432385e-01 1.382240999073528764e-01 2.621957111491688206e-29 9.636372284944444782e-26 5.639753152038417400e-04 0.000000000000000000e+00
8.612119247774432385e-01 1.382240999073528764e-01 2.621957111491688206e-29 9.636372284944444782e-26 5.639753152038417400e-04 0.000000000000000000e+00
8.612119247774432385e-01 1.382240999073528764e-01 2.621957111491688206e-29 9.636372284944444782e-26 5.639753152038417400e-04 0.000000000000000000e+00
8.612119247774432385e-01 1.382240999073528764e-01 2.621957111491688206e-29 9.636372284944444782e-26 5.639753152038417400e-04 0.000000000000000000e+00
8.612119247774432385e-01 1.382240999073528764e-01 2.621957111491688206e-29 9.636372284944444782e-26 5.639753152038417400e-04 0.000000000000000000e+00
8.612119247774432385e-01 1.382240999073528764e-01 2.621957111491688206e-29 9.636372284944444782e-26 5.639753152038417400e-04 0.000000000000000000e+00
8.612119247774432385e-01 1.382240999073528764e-01 2.621957111491688206e-29 9.636372284944444782e-26 5.639753152038417400e-04 0.000000000000000000e+00
8.612119247774432385e-01 1.382240999073528764e-01 2.621957111491688206e-29 9.636372284944444782e-26 5.639753152038417400e-04 0.000000000000000000e+00
8.612119247774432385e-01 1.382240999073528764e-01 2.621957111491688206e-29 9.636372284944444782e-26 5.639753152038417400e-04 0.000000000000000000e+00
8.612119247774432385e-01 1.382240999073528764e-01 2.621957111491688206e-29 9.636372284944444782e-26 5.639753152038417400e-04 0.000000000000000000e+00
8.612119247774432385e-01 1.382240999073528764e-01 2.621957111491688206e-29 9.636372284944444782e-26 5.639753152038417400e-04 0.000000000000000000e+00
8.612119247774432385e-01 1.382240999073528764e-01 2.621957111491688206e-29 9.636372284944444782e-26 5.639753152038417400e-04 0.000000000000000000e+00
8.612119247774432385e-01 1.382240999073528764e-01 2.621957111491688206e-29 9.636372284944444782e-26 5.639753152038417400e-04 0.000000000000000000e+00
8.612119247774432385e-01 1.382240999073528764e-01 2.621957111491688206e-29 9.636372284944444782e-26 5.639753152038417400e-04 0.000000000000000000e+00
8.612119247774432385e-01 1.382240999073528764e-01 2.621957111491688206e-29 9.636372284944444782e-26 5.639753152038417400e-04 0.000000000000000000e+00
8.612119247774432385e-01 1.382240999073528764e-01 2.621957111491688206e-29 9.636372284944444782e-26 5.639753152038417400e-04 0.000000000000000000e+00
8.612119247774432385e-01 1.382240999073528764e-01 2.621957111491688206e-29 9.636372284944444782e-26 5.639753152038417400e-04 0.000000000000000000e+00
8.612119247774432385e-01 1.382240999073528764e-01 2.621957111491688206e-29 9.636372284944444782e-26 5.639753152038417400e-04 0.000000000000000000e+00
8.612119247774432385e-01 1.382240999073528764e-01 2.621957111491688206e-29 9.636372284944444782e-26 5.639753152038417400e-04 0.000000000000000000e+00
8.612119247774432385e-01 1.382240999073528764e-01 2.621957111491688206e-29 9.636372284944444782e-26 5.639753152038417400e-04 0.000000000000000000e+00
8.612119247774432385e-01 1.382240999073528764e-01 2.621957111491688206e-29 9.636372284944444782e-26 5.639753152038417400e-04 0.000000000000000000e+00
8.612119247774432385e-01 1.382240999073528764e-01 2.621957111491688206e-29 9.636372284944444782e-26 5.639753152038417400e-04 0.000000000000000000e+00
8.612119247774432385e-01 1.382240999073528764e-01 2.621957111491688206e-29 9.636372284944444782e-26 5.639753152038417400e-04 0.000000000000000000e+00
8.612119247774432385e-01 1.382240999073528764e-01 2.621957111491688206e-29 9.636372284944444782e-26 5.639753152038417400e-04 0.000000000000000000e+00
8.612119247774432385e-01 1.382240999073528764e-01 2.621957111491688206e-29 9.636372284944444782e-26 5.639753152038417400e-04 0.000000000000000000e+00
8.612119247774432385e-01 1.382240999073528764e-01 2.621957111491688206e-29 9.636372284944444782e-26 5.639753152038417400e-04 0.000000000000000000e+00
8.612119247774432385e-01 1.382240999073528764e-01 2.621957111491688206e-29 9.636372284944444782e-26 5.639753152038417400e-04 0.000000000000000000e+00
8.612119247774432385e-01 1.382240999073528764e-01 2.621957111491688206e-29 9.636372284944444782e-26 5.639753152038417400e-04 0.000000000000000000e+00
8.612119247774432385e-01 1.382240999073528764e-01 2.621957111491688206e-29 9.636372284944444782e-26 5.639753152038417400e-04 0.000000000000000000e+00
8.612119247774432385e-01 1.382240999073528764e-01 2.621957111491688206e-29 9.636372284944444782e-26 5.639753152038417400e-04 0.000000000000000000e+00
8.612119247774432385e-01 1.382240999073528764e-01 2.621957111491688206e-29 9.636372284944444782e-26 5.639753152038417400e-04 0.000000000000000000e+00
8.612119247774432385e-01 1.382240999073528764e-01 2.621957111491688206e-29 9.636372284944444782e-26 5.639753152038417400e-04 0.000000000000000000e+00
8.612119247774432385e-01 1.382240999073528764e-01 2.621957111491688206e-29 9.636372284944444782e-26 5.639753152038417400e-04 0.000000000000000000e+00
8.612119247774432385e-01 1.382240999073528764e-01 2.621957111491688206e-29 9.636372284944444782e-26 5.639753152038417400e-04 0.000000000000000000e+00
8.612119247774432385e-01 1.382240999073528764e-01 2.621957111491688206e-29 9.636372284944444782e-26 5.639753152038417400e-04 0.000000000000000000e+00
8.612119247774432385e-01 1.382240999073528764e-01 2.621957111491688206e-29 9.636372284944444782e-26 5.639753152038417400e-04 0.000000000000000000e+00
8.612119247774432385e-01 1.382240999073528764e-01 2.621957111491688206e-29 9.636372284944444782e-26 5.639753152038417400e-04 0.000000000000000000e+00
8.612119247774432385e-01 1.382240999073528764e-01 2.621957111491688206e-29 9.636372284944444782e-26 5.639753152038417400e-04 0.000000000000000000e+00
8.612119247774432385e-01 1.382240999073528764e-01 2.621957111491688206e-29 9.636372284944444782e-26 5.639753152038417400e-04 0.000000000000000000e+00
8.612119247774432385e-01 1.382240999073528764e-01 2.621957111491688206e-29 9.636372284944444782e-26 5.639753152038417400e-04 0.000000000000000000e+00
8.612119247774432385e-01 1.382240999073528764e-01 2.621957111491688206e-29 9.636372284944444782e-26 5.639753152038417400e-04 0.000000000000000000e+00
8.612119247774432385e-01 1.382240999073528764e-01 2.621957111491688206e-29 9.636372284944444782e-26 5.639753152038417400e-04 0.000000000000000000e+00
8.612119247774432385e-01 1.382240999073528764e-01 2.621957111491688206e-29 9.636372284944444782e-26 5.639753152038417400e-04 0.000000000000000000e+00
8.612119247774432385e-01 1.382240999073528764e-01 2.621957111491688206e-29 9.636372284944444782e-26 5.639753152038417400e-04 0.000000000000000000e+00
8.612119247774432385e-01 1.382240999073528764e-01 2.621957111491688206e-29 9.636372284944444782e-26 5.639753152038417400e-04 0.000000000000000000e+00
8.612119247774432385e-01 1.382240999073528764e-01 2.621957111491688206e-29 9.636372284944444782e-26 5.639753152038417400e-04 0.000000000000000000e+00
8.612119247774432385e-01 1.382240999073528764e-01 2.621957111491688206e-29 9.636372284944444782e-26 5.639753152038417400e-04 0.000000000000000000e+00
8.612119247774432385e-01 1.382240999073528764e-01 2.621957111491688206e-29 9.636372284944444782e-26 5.639753152038417400e-04 0.000000000000000000e+00
8.612119247774432385e-01 1.382240999073528764e-01 2.621957111491688206e-29 9.636372284944444782e-26 5.639753152038417400e-04 0.000000000000000000e+00
8.612119247774432385e-01 1.382240999073528764e-01 2.621957111491688206e-29 9.636372284944444782e-26 5.639753152038417400e-04 0.000000000000000000e+00
8.612119247774432385e-01 1.382240999073528764e-01 2.621957111491688206e-29 9.636372284944444782e-26 5.639753152038417400e-04 0.000000000000000000e+00
8.612119247774432385e-01 1.382240999073528764e-01 2.621957111491688206e-29 9.636372284944444782e-26 5.639753152038417400e-04 0.000000000000000000e+00
8.612119247774432385e-01 1.382240999073528764e-01 2.621957111491688206e-29 9.636372284944444782e-26 5.639753152038417400e-04 0.000000000000000000e+00
8.612119247774432385e-01 1.382240999073528764e-01 2.621957111491688206e-29 9.636372284944444782e-26 5.639753152038417400e-04 0.000000000000000000e+00
8.612119247774432385e-01 1.382240999073528764e-01 2.621957111491688206e-29 9.636372284944444782e-26 5.639753152038417400e-04 0.000000000000000000e+00
8.612119247774432385e-01 1.382240999073528764e-01 2.621957111491688206e-29 9.636372284944444782e-26 5.639753152038417400e-04 0.000000000000000000e+00
8.612119247774432385e-01 1.382240999073528764e-01 2.621957111491688206e-29 9.636372284944444782e-26 5.639753152038417400e-04 0.000000000000000000e+00
8.612119247774432385e-01 1.382240999073528764e-01 2.621957111491688206e-29 9.636372284944444782e-26 5.639753152038417400e-04 0.000000000000000000e+00
8.612119247774432385e-01 1.382240999073528764e-01 2.621957111491688206e-29 9.636372284944444782e-26 5.639753152038417400e-04 0.000000000000000000e+00
8.612119247774432385e-01 1.382240999073528764e-01 2.621957111491688206e-29 9.636372284944444782e-26 5.639753152038417400e-04 0.000000000000000000e+00
8.612119247774432385e-01 1.382240999073528764e-01 2.621957111491688206e-29 9.636372284944444782e-26 5.639753152038417400e-04 0.000000000000000000e+00
8.612119247774432385e-01 1.382240999073528764e-01 2.621957111491688206e-29 9.636372284944444782e-26 5.639753152038417400e-04 0.000000000000000000e+00
8.612119247774432385e-01 1.382240999073528764e-01 2.621957111491688206e-29 9.636372284944444782e-26 5.639753152038417400e-04 0.000000000000000000e+00
8.612119247774432385e-01 1.382240999073528764e-01 2.621957111491688206e-29 9.636372284944444782e-26 5.639753152038417400e-04 0.000000000000000000e+00
8.612119247774432385e-01 1.382240999073528764e-01 2.621957111491688206e-29 9.636372284944444782e-26 5.639753152038417400e-04 0.000000000000000000e+00
8.612119247774432385e-01 1.382240999073528764e-01 2.621957111491688206e-29 9.636372284944444782e-26 5.639753152038417400e-04 0.000000000000000000e+00
8.612119247774432385e-01 1.382240999073528764e-01 2.621957111491688206e-29 9.636372284944444782e-26 5.639753152038417400e-04 0.000000000000000000e+00
8.612119247774432385e-01 1.382240999073528764e-01 2.621957111491688206e-29 9.636372284944444782e-26 5.639753152038417400e-04 0.000000000000000000e+00
8.612119247774432385e-01 1.382240999073528764e-01 2.621957111491688206e-29 9.636372284944444782e-26 5.639753152038417400e-04 0.000000000000000000e+00
8.612119247774432385e-01 1.382240999073528764e-01 2.621957111491688206e-29 9.636372284944444782e-26 5.639753152038417400e-04 0.000000000000000000e+00
8.612119247774432385e-01 1.382240999073528764e-01 2.621957111491688206e-29 9.636372284944444782e-26 5.639753152038417400e-04 0.000000000000000000e+00
8.612119247774432385e-01 1.382240999073528764e-01 2.621957111491688206e-29 9.636372284944444782e-26 5.639753152038417400e-04 0.000000000000000000e+00
8.612119247774432385e-01 1.382240999073528764e-01 2.621957111491688206e-29 9.636372284944444782e-26 5.639753152038417400e-04 0.000000000000000000e+00
8.612119247774432385e-01 1.382240999073528764e-01 2.621957111491688206e-29 9.636372284944444782e-26 5.639753152038417400e-04 0.000000000000000000e+00
8.612119247774432385e-01 1.382240999073528764e-01 2.621957111491688206e-29 9.636372284944444782e-26 5.639753152038417400e-04 0.000000000000000000e+00
8.612119247774432385e-01 1.382240999073528764e-01 2.621957111491688206e-29 9.636372284944444782e-26 5.639753152038417400e-04 0.000000000000000000e+00
8.612119247774432385e-01 1.382240999073528764e-01 2.621957111491688206e-29 9.636372284944444782e-26 5.639753152038417400e-04 0.000000000000000000e+00
8.612119247774432385e-01 1.382240999073528764e-01 2.621957111491688206e-29 9.636372284944444782e-26 5.639753152038417400e-04 0.000000000000000000e+00
8.612119247774432385e-01 1.382240999073528764e-01 2.621957111491688206e-29 9.636372284944444782e-26 5.639753152038417400e-04 0.000000000000000000e+00
8.612119247774432385e-01 1.382240999073528764e-01 2.621957111491688206e-29 9.636372284944444782e-26 5.639753152038417400e-04 0.000000000000000000e+00
8.612119247774432385e-01 1.382240999073528764e-01 2.621957111491688206e-29 9.636372284944444782e-26 5.639753152038417400e-04 0.000000000000000000e+00
8.612119247774432385e-01 1.382240999073528764e-01 2.621957111491688206e-29 9.636372284944444782e-26 5.639753152038417400e-04 0.000000000000000000e+00
8.612119247774432385e-01 1.382240999073528764e-01 2.621957111491688206e-29 9.636372284944444782e-26 5.639753152038417400e-04 0.000000000000000000e+00
8.612119247774432385e-01 1.382240999073528764e-01 2.621957111491688206e-29 9.636372284944444782e-26 5.639753152038417400e-04 0.000000000000000000e+00
8.612119247774432385e-01 1.382240999073528764e-01 2.621957111491688206e-29 9.636372284944444782e-26 5.639753152038417400e-04 0.000000000000000000e+00
8.612119247774432385e-01 1.382240999073528764e-01 2.621957111491688206e-29 9.636372284944444782e-26 5.639753152038417400e-04 0.000000000000000000e+00
8.612119247774432385e-01 1.382240999073528764e-01 2.621957111491688206e-29 9.636372284944444782e-26 5.639753152038417400e-04 0.000000000000000000e+00
8.612119247774432385e-01 1.382240999073528764e-01 2.621957111491688206e-29 9.636372284944444782e-26 5.639753152038417400e-04 0.000000000000000000e+00
8.612119247774432385e-01 1.382240999073528764e-01 2.621957111491688206e-29 9.636372284944444782e-26 5.639753152038417400e-04 0.000000000000000000e+00
8.612119247774432385e-01 1.382240999073528764e-01 2.621957111491688206e-29 9.636372284944444782e-26 5.639753152038417400e-04 0.000000000000000000e+00
8.612119247774432385e-01 1.382240999073528764e-01 2.621957111491688206e-29 9.636372284944444782e-26 5.639753152038417400e-04 0.000000000000000000e+00
8.612119247774432385e-01 1.382240999073528764e-01 2.621957111491688206e-29 9.636372284944444782e-26 5.639753152038417400e-04 0.000000000000000000e+00
8.612119247774432385e-01 1.382240999073528764e-01 2.621957111491688206e-29 9.636372284944444782e-26 5.639753152038417400e-04 0.000000000000000000e+00
8.612119247774432385e-01 1.382240999073528764e-01 2.621957111491688206e-29 9.636372284944444782e-26 5.639753152038417400e-04 0.000000000000000000e+00
8.612119247774432385e-01 1.382240999073528764e-01 2.621957111491688206e-29 9.636372284944444782e-26 5.639753152038417400e-04 0.000000000000000000e+00
8.612119247774432385e-01 1.382240999073528764e-01 2.621957111491688206e-29 9.636372284944444782e-26 5.639753152038417400e-04 0.000000000000000000e+00
8.612119247774432385e-01 1.382240999073528764e-01 2.621957111491688206e-29 9.636372284944444782e-26 5.639753152038417400e-04 0.000000000000000000e+00
8.612119247774432385e-01 1.382240999073528764e-01 2.621957111491688206e-29 9.636372284944444782e-26 5.639753152038417400e-04 0.000000000000000000e+00
8.612119247774432385e-01 1.382240999073528764e-01 2.621957111491688206e-29 9.636372284944444782e-26 5.639753152038417400e-04 0.000000000000000000e+00
8.612119247774432385e-01 1.382240999073528764e-01 2.621957111491688206e-29 9.636372284944444782e-26 5.639753152038417400e-04 0.000000000000000000e+00
8.612119247774432385e-01 1.382240999073528764e-01 2.621957111491688206e-29 9.636372284944444782e-26 5.639753152038417400e-04 0.000000000000000000e+00
8.612119247774432385e-01 1.382240999073528764e-01 2.621957111491688206e-29 9.636372284944444782e-26 5.639753152038417400e-04 0.000000000000000000e+00
8.612119247774432385e-01 1.382240999073528764e-01 2.621957111491688206e-29 9.636372284944444782e-26 5.639753152038417400e-04 0.000000000000000000e+00
8.612119247774432385e-01 1.382240999073528764e-01 2.621957111491688206e-29 9.636372284944444782e-26 5.639753152038417400e-04 0.000000000000000000e+00
8.612119247774432385e-01 1.382240999073528764e-01 2.621957111491688206e-29 9.636372284944444782e-26 5.639753152038417400e-04 0.000000000000000000e+00
8.612119247774432385e-01 1.382240999073528764e-01 2.621957111491688206e-29 9.636372284944444782e-26 5.639753152038417400e-04 0.000000000000000000e+00
8.612119247774432385e-01 1.382240999073528764e-01 2.621957111491688206e-29 9.636372284944444782e-26 5.639753152038417400e-04 0.000000000000000000e+00
8.612119247774432385e-01 1.382240999073528764e-01 2.621957111491688206e-29 9.636372284944444782e-26 5.639753152038417400e-04 0.000000000000000000e+00
8.612119247774432385e-01 1.382240999073528764e-01 2.621957111491688206e-29 9.636372284944444782e-26 5.639753152038417400e-04 0.000000000000000000e+00
8.612119247774432385e-01 1.382240999073528764e-01 2.621957111491688206e-29 9.636372284944444782e-26 5.639753152038417400e-04 0.000000000000000000e+00
8.612119247774432385e-01 1.382240999073528764e-01 2.621957111491688206e-29 9.636372284944444782e-26 5.639753152038417400e-04 0.000000000000000000e+00
8.612119247774432385e-01 1.382240999073528764e-01 2.621957111491688206e-29 9.636372284944444782e-26 5.639753152038417400e-04 0.000000000000000000e+00
8.612119247774432385e-01 1.382240999073528764e-01 2.621957111491688206e-29 9.636372284944444782e-26 5.639753152038417400e-04 0.000000000000000000e+00
8.612119247774432385e-01 1.382240999073528764e-01 2.621957111491688206e-29 9.636372284944444782e-26 5.639753152038417400e-04 0.000000000000000000e+00
8.612119247774432385e-01 1.382240999073528764e-01 2.621957111491688206e-29 9.636372284944444782e-26 5.639753152038417400e-04 0.000000000000000000e+00
8.612119247774432385e-01 1.382240999073528764e-01 2.621957111491688206e-29 9.636372284944444782e-26 5.639753152038417400e-04 0.000000000000000000e+00
8.612119247774432385e-01 1.382240999073528764e-01 2.621957111491688206e-29 9.636372284944444782e-26 5.639753152038417400e-04 0.000000000000000000e+00
8.612119247774432385e-01 1.382240999073528764e-01 2.621957111491688206e-29 9.636372284944444782e-26 5.639753152038417400e-04 0.000000000000000000e+00
8.612119247774432385e-01 1.382240999073528764e-01 2.621957111491688206e-29 9.636372284944444782e-26 5.639753152038417400e-04 0.000000000000000000e+00
8.612119247774432385e-01 1.382240999073528764e-01 2.621957111491688206e-29 9.636372284944444782e-26 5.639753152038417400e-04 0.000000000000000000e+00
8.612119247774432385e-01 1.382240999073528764e-01 2.621957111491688206e-29 9.636372284944444782e-26 5.639753152038417400e-04 0.000000000000000000e+00
8.612119247774432385e-01 1.382240999073528764e-01 2.621957111491688206e-29 9.636372284944444782e-26 5.639753152038417400e-04 0.000000000000000000e+00
8.612119247774432385e-01 1.382240999073528764e-01 2.621957111491688206e-29 9.636372284944444782e-26 5.639753152038417400e-04 0.000000000000000000e+00
8.612119247774432385e-01 1.382240999073528764e-01 2.621957111491688206e-29 9.636372284944444782e-26 5.639753152038417400e-04 0.000000000000000000e+00
8.612119247774432385e-01 1.382240999073528764e-01 2.621957111491688206e-29 9.636372284944444782e-26 5.639753152038417400e-04 0.000000000000000000e+00
8.612119247774432385e-01 1.382240999073528764e-01 2.621957111491688206e-29 9.636372284944444782e-26 5.639753152038417400e-04 0.000000000000000000e+00
8.612119247774432385e-01 1.382240999073528764e-01 2.621957111491688206e-29 9.636372284944444782e-26 5.639753152038417400e-04 0.000000000000000000e+00
8.612119247774432385e-01 1.382240999073528764e-01 2.621957111491688206e-29 9.636372284944444782e-26 5.639753152038417400e-04 0.000000000000000000e+00
8.612119247774432385e-01 1.382240999073528764e-01 2.621957111491688206e-29 9.636372284944444782e-26 5.639753152038417400e-04 0.000000000000000000e+00
8.612119247774432385e-01 1.382240999073528764e-01 2.621957111491688206e-29 9.636372284944444782e-26 5.639753152038417400e-04 0.000000000000000000e+00
8.612119247774432385e-01 1.382240999073528764e-01 2.621957111491688206e-29 9.636372284944444782e-26 5.639753152038417400e-04 0.000000000000000000e+00
8.612119247774432385e-01 1.382240999073528764e-01 2.621957111491688206e-29 9.636372284944444782e-26 5.639753152038417400e-04 0.000000000000000000e+00
8.612119247774432385e-01 1.382240999073528764e-01 2.621957111491688206e-29 9.636372284944444782e-26 5.639753152038417400e-04 0.000000000000000000e+00
8.612119247774432385e-01 1.382240999073528764e-01 2.621957111491688206e-29 9.636372284944444782e-26 5.639753152038417400e-04 0.000000000000000000e+00
8.612119247774432385e-01 1.382240999073528764e-01 2.621957111491688206e-29 9.636372284944444782e-26 5.639753152038417400e-04 0.000000000000000000e+00
8.612119247774432385e-01 1.382240999073528764e-01 2.621957111491688206e-29 9.636372284944444782e-26 5.639753152038417400e-04 0.000000000000000000e+00
8.612119247774432385e-01 1.382240999073528764e-01 2.621957111491688206e-29 9.636372284944444782e-26 5.639753152038417400e-04 0.000000000000000000e+00
8.612119247774432385e-01 1.382240999073528764e-01 2.621957111491688206e-29 9.636372284944444782e-26 5.639753152038417400e-04 0.000000000000000000e+00
8.612119247774432385e-01 1.382240999073528764e-01 2.621957111491688206e-29 9.636372284944444782e-26 5.639753152038417400e-04 0.000000000000000000e+00
8.612119247774432385e-01 1.382240999073528764e-01 2.621957111491688206e-29 9.636372284944444782e-26 5.639753152038417400e-04 0.000000000000000000e+00
8.612119247774432385e-01 1.382240999073528764e-01 2.621957111491688206e-29 9.636372284944444782e-26 5.639753152038417400e-04 0.000000000000000000e+00
8.612119247774432385e-01 1.382240999073528764e-01 2.621957111491688206e-29 9.636372284944444782e-26 5.639753152038417400e-04 0.000000000000000000e+00
8.612119247774432385e-01 1.382240999073528764e-01 2.621957111491688206e-29 9.636372284944444782e-26 5.639753152038417400e-04 0.000000000000000000e+00
8.612119247774432385e-01 1.382240999073528764e-01 2.621957111491688206e-29 9.636372284944444782e-26 5.639753152038417400e-04 0.000000000000000000e+00
8.612119247774432385e-01 1.382240999073528764e-01 2.621957111491688206e-29 9.636372284944444782e-26 5.639753152038417400e-04 0.000000000000000000e+00
8.612119247774432385e-01 1.382240999073528764e-01 2.621957111491688206e-29 9.636372284944444782e-26 5.639753152038417400e-04 0.000000000000000000e+00
8.612119247774432385e-01 1.382240999073528764e-01 2.621957111491688206e-29 9.636372284944444782e-26 5.639753152038417400e-04 0.000000000000000000e+00
8.612119247774432385e-01 1.382240999073528764e-01 2.621957111491688206e-29 9.636372284944444782e-26 5.639753152038417400e-04 0.000000000000000000e+00
8.612119247774432385e-01 1.382240999073528764e-01 2.621957111491688206e-29 9.636372284944444782e-26 5.639753152038417400e-04 0.000000000000000000e+00
8.612119247774432385e-01 1.382240999073528764e-01 2.621957111491688206e-29 9.636372284944444782e-26 5.639753152038417400e-04 0.000000000000000000e+00
8.612119247774432385e-01 1.382240999073528764e-01 2.621957111491688206e-29 9.636372284944444782e-26 5.639753152038417400e-04 0.000000000000000000e+00
8.612119247774432385e-01 1.382240999073528764e-01 2.621957111491688206e-29 9.636372284944444782e-26 5.639753152038417400e-04 0.000000000000000000e+00
8.612119247774432385e-01 1.382240999073528764e-01 2.621957111491688206e-29 9.636372284944444782e-26 5.639753152038417400e-04 0.000000000000000000e+00
8.612119247774432385e-01 1.382240999073528764e-01 2.621957111491688206e-29 9.636372284944444782e-26 5.639753152038417400e-04 0.000000000000000000e+00
8.612119247774432385e-01 1.382240999073528764e-01 2.621957111491688206e-29 9.636372284944444782e-26 5.639753152038417400e-04 0.000000000000000000e+00
8.612119247774432385e-01 1.382240999073528764e-01 2.621957111491688206e-29 9.636372284944444782e-26 5.639753152038417400e-04 0.000000000000000000e+00
8.612119247774432385e-01 1.382240999073528764e-01 2.621957111491688206e-29 9.636372284944444782e-26 5.639753152038417400e-04 0.000000000000000000e+00
8.612119247774432385e-01 1.382240999073528764e-01 2.621957111491688206e-29 9.636372284944444782e-26 5.639753152038417400e-04 0.000000000000000000e+00
8.612119247774432385e-01 1.382240999073528764e-01 2.621957111491688206e-29 9.636372284944444782e-26 5.639753152038417400e-04 0.000000000000000000e+00
8.612119247774432385e-01 1.382240999073528764e-01 2.621957111491688206e-29 9.636372284944444782e-26 5.639753152038417400e-04 0.000000000000000000e+00
8.612119247774432385e-01 1.382240999073528764e-01 2.621957111491688206e-29 9.636372284944444782e-26 5.639753152038417400e-04 0.000000000000000000e+00
8.612119247774432385e-01 1.382240999073528764e-01 2.621957111491688206e-29 9.636372284944444782e-26 5.639753152038417400e-04 0.000000000000000000e+00
8.612119247774432385e-01 1.382240999073528764e-01 2.621957111491688206e-29 9.636372284944444782e-26 5.639753152038417400e-04 0.000000000000000000e+00
8.612119247774432385e-01 1.382240999073528764e-01 2.621957111491688206e-29 9.636372284944444782e-26 5.639753152038417400e-04 0.000000000000000000e+00
8.612119247774432385e-01 1.382240999073528764e-01 2.621957111491688206e-29 9.636372284944444782e-26 5.639753152038417400e-04 0.000000000000000000e+00
8.612119247774432385e-01 1.382240999073528764e-01 2.621957111491688206e-29 9.636372284944444782e-26 5.639753152038417400e-04 0.000000000000000000e+00
8.612119247774432385e-01 1.382240999073528764e-01 2.621957111491688206e-29 9.636372284944444782e-26 5.639753152038417400e-04 0.000000000000000000e+00
8.612119247774432385e-01 1.382240999073528764e-01 2.621957111491688206e-29 9.636372284944444782e-26 5.639753152038417400e-04 0.000000000000000000e+00
8.612119247774432385e-01 1.382240999073528764e-01 2.621957111491688206e-29 9.636372284944444782e-26 5.639753152038417400e-04 0.000000000000000000e+00
8.612119247774432385e-01 1.382240999073528764e-01 2.621957111491688206e-29 9.636372284944444782e-26 5.639753152038417400e-04 0.000000000000000000e+00
8.612119247774432385e-01 1.382240999073528764e-01 2.621957111491688206e-29 9.636372284944444782e-26 5.639753152038417400e-04 0.000000000000000000e+00
8.612119247774432385e-01 1.382240999073528764e-01 2.621957111491688206e-29 9.636372284944444782e-26 5.639753152038417400e-04 0.000000000000000000e+00
8.612119247774432385e-01 1.382240999073528764e-01 2.621957111491688206e-29 9.636372284944444782e-26 5.639753152038417400e-04 0.000000000000000000e+00
8.612119247774432385e-01 1.382240999073528764e-01 2.621957111491688206e-29 9.636372284944444782e-26 5.639753152038417400e-04 0.000000000000000000e+00
8.612119247774432385e-01 1.382240999073528764e-01 2.621957111491688206e-29 9.636372284944444782e-26 5.639753152038417400e-04 0.000000000000000000e+00
8.612119247774432385e-01 1.382240999073528764e-01 2.621957111491688206e-29 9.636372284944444782e-26 5.639753152038417400e-04 0.000000000000000000e+00
8.612119247774432385e-01 1.382240999073528764e-01 2.621957111491688206e-29 9.636372284944444782e-26 5.639753152038417400e-04 0.000000000000000000e+00
8.612119247774432385e-01 1.382240999073528764e-01 2.621957111491688206e-29 9.636372284944444782e-26 5.639753152038417400e-04 0.000000000000000000e+00
8.612119247774432385e-01 1.382240999073528764e-01 2.621957111491688206e-29 9.636372284944444782e-26 5.639753152038417400e-04 0.000000000000000000e+00
8.612119247774432385e-01 1.382240999073528764e-01 2.621957111491688206e-29 9.636372284944444782e-26 5.639753152038417400e-04 0.000000000000000000e+00
8.612119247774432385e-01 1.382240999073528764e-01 2.621957111491688206e-29 9.636372284944444782e-26 5.639753152038417400e-04 0.000000000000000000e+00
8.612119247774432385e-01 1.382240999073528764e-01 2.621957111491688206e-29 9.636372284944444782e-26 5.639753152038417400e-04 0.000000000000000000e+00
8.612119247774432385e-01 1.382240999073528764e-01 2.621957111491688206e-29 9.636372284944444782e-26 5.639753152038417400e-04 0.000000000000000000e+00
8.612119247774432385e-01 1.382240999073528764e-01 2.621957111491688206e-29 9.636372284944444782e-26 5.639753152038417400e-04 0.000000000000000000e+00
8.612119247774432385e-01 1.382240999073528764e-01 2.621957111491688206e-29 9.636372284944444782e-26 5.639753152038417400e-04 0.000000000000000000e+00
8.612119247774432385e-01 1.382240999073528764e-01 2.621957111491688206e-29 9.636372284944444782e-26 5.639753152038417400e-04 0.000000000000000000e+00
8.612119247774432385e-01 1.382240999073528764e-01 2.621957111491688206e-29 9.636372284944444782e-26 5.639753152038417400e-04 0.000000000000000000e+00
8.612119247774432385e-01 1.382240999073528764e-01 2.621957111491688206e-29 9.636372284944444782e-26 5.639753152038417400e-04 0.000000000000000000e+00
8.612119247774432385e-01 1.382240999073528764e-01 2.621957111491688206e-29 9.636372284944444782e-26 5.639753152038417400e-04 0.000000000000000000e+00
8.612119247774432385e-01 1.382240999073528764e-01 2.621957111491688206e-29 9.636372284944444782e-26 5.639753152038417400e-04 0.000000000000000000e+00
8.612119247774432385e-01 1.382240999073528764e-01 2.621957111491688206e-29 9.636372284944444782e-26 5.639753152038417400e-04 0.000000000000000000e+00
8.612119247774432385e-01 1.382240999073528764e-01 2.621957111491688206e-29 9.636372284944444782e-26 5.639753152038417400e-04 0.000000000000000000e+00
8.612119247774432385e-01 1.382240999073528764e-01 2.621957111491688206e-29 9.636372284944444782e-26 5.639753152038417400e-04 0.000000000000000000e+00
8.612119247774432385e-01 1.382240999073528764e-01 2.621957111491688206e-29 9.636372284944444782e-26 5.639753152038417400e-04 0.000000000000000000e+00
8.612119247774432385e-01 1.382240999073528764e-01 2.621957111491688206e-29 9.636372284944444782e-26 5.639753152038417400e-04 0.000000000000000000e+00
8.612119247774432385e-01 1.382240999073528764e-01 2.621957111491688206e-29 9.636372284944444782e-26 5.639753152038417400e-04 0.000000000000000000e+00
8.612119247774432385e-01 1.382240999073528764e-01 2.621957111491688206e-29 9.636372284944444782e-26 5.639753152038417400e-04 0.000000000000000000e+00
8.612119247774432385e-01 1.382240999073528764e-01 2.621957111491688206e-29 9.636372284944444782e-26 5.639753152038417400e-04 0.000000000000000000e+00
8.612119247774432385e-01 1.382240999073528764e-01 2.621957111491688206e-29 9.636372284944444782e-26 5.639753152038417400e-04 0.000000000000000000e+00
8.612119247774432385e-01 1.382240999073528764e-01 2.621957111491688206e-29 9.636372284944444782e-26 5.639753152038417400e-04 0.000000000000000000e+00
8.612119247774432385e-01 1.382240999073528764e-01 2.621957111491688206e-29 9.636372284944444782e-26 5.639753152038417400e-04 0.000000000000000000e+00
8.612119247774432385e-01 1.382240999073528764e-01 2.621957111491688206e-29 9.636372284944444782e-26 5.639753152038417400e-04 0.000000000000000000e+00
8.612119247774432385e-01 1.382240999073528764e-01 2.621957111491688206e-29 9.636372284944444782e-26 5.639753152038417400e-04 0.000000000000000000e+00
8.612119247774432385e-01 1.382240999073528764e-01 2.621957111491688206e-29 9.636372284944444782e-26 5.639753152038417400e-04 0.000000000000000000e+00
8.612119247774432385e-01 1.382240999073528764e-01 2.621957111491688206e-29 9.636372284944444782e-26 5.639753152038417400e-04 0.000000000000000000e+00
8.612119247774432385e-01 1.382240999073528764e-01 2.621957111491688206e-29 9.636372284944444782e-26 5.639753152038417400e-04 0.000000000000000000e+00
8.612119247774432385e-01 1.382240999073528764e-01 2.621957111491688206e-29 9.636372284944444782e-26 5.639753152038417400e-04 0.000000000000000000e+00
8.612119247774432385e-01 1.382240999073528764e-01 2.621957111491688206e-29 9.636372284944444782e-26 5.639753152038417400e-04 0.000000000000000000e+00
8.612119247774432385e-01 1.382240999073528764e-01 2.621957111491688206e-29 9.636372284944444782e-26 5.639753152038417400e-04 0.000000000000000000e+00
8.612119247774432385e-01 1.382240999073528764e-01 2.621957111491688206e-29 9.636372284944444782e-26 5.639753152038417400e-04 0.000000000000000000e+00
8.612119247774432385e-01 1.382240999073528764e-01 2.621957111491688206e-29 9.636372284944444782e-26 5.639753152038417400e-04 0.000000000000000000e+00
8.612119247774432385e-01 1.382240999073528764e-01 2.621957111491688206e-29 9.636372284944444782e-26 5.639753152038417400e-04 0.000000000000000000e+00
8.612119247774432385e-01 1.382240999073528764e-01 2.621957111491688206e-29 9.636372284944444782e-26 5.639753152038417400e-04 0.000000000000000000e+00
8.612119247774432385e-01 1.382240999073528764e-01 2.621957111491688206e-29 9.636372284944444782e-26 5.639753152038417400e-04 0.000000000000000000e+00
8.612119247774432385e-01 1.382240999073528764e-01 2.621957111491688206e-29 9.636372284944444782e-26 5.639753152038417400e-04 0.000000000000000000e+00
8.612119247774432385e-01 1.382240999073528764e-01 2.621957111491688206e-29 9.636372284944444782e-26 5.639753152038417400e-04 0.000000000000000000e+00
8.612119247774432385e-01 1.382240999073528764e-01 2.621957111491688206e-29 9.636372284944444782e-26 5.639753152038417400e-04 0.000000000000000000e+00
8.612119247774432385e-01 1.382240999073528764e-01 2.621957111491688206e-29 9.636372284944444782e-26 5.639753152038417400e-04 0.000000000000000000e+00
8.612119247774432385e-01 1.382240999073528764e-01 2.621957111491688206e-29 9.636372284944444782e-26 5.639753152038417400e-04 0.000000000000000000e+00
8.612119247774432385e-01 1.382240999073528764e-01 2.621957111491688206e-29 9.636372284944444782e-26 5.639753152038417400e-04 0.000000000000000000e+00
8.612119247774432385e-01 1.382240999073528764e-01 2.621957111491688206e-29 9.636372284944444782e-26 5.639753152038417400e-04 0.000000000000000000e+00
8.612119247774432385e-01 1.382240999073528764e-01 2.621957111491688206e-29 9.636372284944444782e-26 5.639753152038417400e-04 0.000000000000000000e+00
8.612119247774432385e-01 1.382240999073528764e-01 2.621957111491688206e-29 9.636372284944444782e-26 5.639753152038417400e-04 0.000000000000000000e+00
8.612119247774432385e-01 1.382240999073528764e-01 2.621957111491688206e-29 9.636372284944444782e-26 5.639753152038417400e-04 0.000000000000000000e+00
8.612119247774432385e-01 1.382240999073528764e-01 2.621957111491688206e-29 9.636372284944444782e-26 5.639753152038417400e-04 0.000000000000000000e+00
8.612119247774432385e-01 1.382240999073528764e-01 2.621957111491688206e-29 9.636372284944444782e-26 5.639753152038417400e-04 0.000000000000000000e+00
8.612119247774432385e-01 1.382240999073528764e-01 2.621957111491688206e-29 9.636372284944444782e-26 5.639753152038417400e-04 0.000000000000000000e+00
8.612119247774432385e-01 1.382240999073528764e-01 2.621957111491688206e-29 9.636372284944444782e-26 5.639753152038417400e-04 0.000000000000000000e+00
8.612119247774432385e-01 1.382240999073528764e-01 2.621957111491688206e-29 9.636372284944444782e-26 5.639753152038417400e-04 0.000000000000000000e+00
8.612119247774432385e-01 1.382240999073528764e-01 2.621957111491688206e-29 9.636372284944444782e-26 5.639753152038417400e-04 0.000000000000000000e+00
8.612119247774432385e-01 1.382240999073528764e-01 2.621957111491688206e-29 9.636372284944444782e-26 5.639753152038417400e-04 0.000000000000000000e+00
8.612119247774432385e-01 1.382240999073528764e-01 2.621957111491688206e-29 9.636372284944444782e-26 5.639753152038417400e-04 0.000000000000000000e+00
8.612119247774432385e-01 1.382240999073528764e-01 2.621957111491688206e-29 9.636372284944444782e-26 5.639753152038417400e-04 0.000000000000000000e+00
8.612119247774432385e-01 1.382240999073528764e-01 2.621957111491688206e-29 9.636372284944444782e-26 5.639753152038417400e-04 0.000000000000000000e+00
8.612119247774432385e-01 1.382240999073528764e-01 2.621957111491688206e-29 9.636372284944444782e-26 5.639753152038417400e-04 0.000000000000000000e+00
8.612119247774432385e-01 1.382240999073528764e-01 2.621957111491688206e-29 9.636372284944444782e-26 5.639753152038417400e-04 0.000000000000000000e+00
8.612119247774432385e-01 1.382240999073528764e-01 2.621957111491688206e-29 9.636372284944444782e-26 5.639753152038417400e-04 0.000000000000000000e+00
8.612119247774432385e-01 1.382240999073528764e-01 2.621957111491688206e-29 9.636372284944444782e-26 5.639753152038417400e-04 0.000000000000000000e+00
8.612119247774432385e-01 1.382240999073528764e-01 2.621957111491688206e-29 9.636372284944444782e-26 5.639753152038417400e-04 0.000000000000000000e+00
8.612119247774432385e-01 1.382240999073528764e-01 2.621957111491688206e-29 9.636372284944444782e-26 5.639753152038417400e-04 0.000000000000000000e+00
8.612119247774432385e-01 1.382240999073528764e-01 2.621957111491688206e-29 9.636372284944444782e-26 5.639753152038417400e-04 0.000000000000000000e+00
8.612119247774432385e-01 1.382240999073528764e-01 2.621957111491688206e-29 9.636372284944444782e-26 5.639753152038417400e-04 0.000000000000000000e+00
8.612119247774432385e-01 1.382240999073528764e-01 2.621957111491688206e-29 9.636372284944444782e-26 5.639753152038417400e-04 0.000000000000000000e+00
8.612119247774432385e-01 1.382240999073528764e-01 2.621957111491688206e-29 9.636372284944444782e-26 5.639753152038417400e-04 0.000000000000000000e+00
8.612119247774432385e-01 1.382240999073528764e-01 2.621957111491688206e-29 9.636372284944444782e-26 5.639753152038417400e-04 0.000000000000000000e+00
8.612119247774432385e-01 1.382240999073528764e-01 2.621957111491688206e-29 9.636372284944444782e-26 5.639753152038417400e-04 0.000000000000000000e+00
8.612119247774432385e-01 1.382240999073528764e-01 2.621957111491688206e-29 9.636372284944444782e-26 5.639753152038417400e-04 0.000000000000000000e+00
8.612119247774432385e-01 1.382240999073528764e-01 2.621957111491688206e-29 9.636372284944444782e-26 5.639753152038417400e-04 0.000000000000000000e+00
8.612119247774432385e-01 1.382240999073528764e-01 2.621957111491688206e-29 9.636372284944444782e-26 5.639753152038417400e-04 0.000000000000000000e+00
8.612119247774432385e-01 1.382240999073528764e-01 2.621957111491688206e-29 9.636372284944444782e-26 5.639753152038417400e-04 0.000000000000000000e+00
8.612119247774432385e-01 1.382240999073528764e-01 2.621957111491688206e-29 9.636372284944444782e-26 5.639753152038417400e-04 0.000000000000000000e+00
8.612119247774432385e-01 1.382240999073528764e-01 2.621957111491688206e-29 9.636372284944444782e-26 5.639753152038417400e-04 0.000000000000000000e+00
8.612119247774432385e-01 1.382240999073528764e-01 2.621957111491688206e-29 9.636372284944444782e-26 5.639753152038417400e-04 0.000000000000000000e+00
8.612119247774432385e-01 1.382240999073528764e-01 2.621957111491688206e-29 9.636372284944444782e-26 5.639753152038417400e-04 0.000000000000000000e+00
8.612119247774432385e-01 1.382240999073528764e-01 2.621957111491688206e-29 9.636372284944444782e-26 5.639753152038417400e-04 0.000000000000000000e+00
8.612119247774432385e-01 1.382240999073528764e-01 2.621957111491688206e-29 9.636372284944444782e-26 5.639753152038417400e-04 0.000000000000000000e+00
8.612119247774432385e-01 1.382240999073528764e-01 2.621957111491688206e-29 9.636372284944444782e-26 5.639753152038417400e-04 0.000000000000000000e+00
8.612119247774432385e-01 1.382240999073528764e-01 2.621957111491688206e-29 9.636372284944444782e-26 5.639753152038417400e-04 0.000000000000000000e+00
8.612119247774432385e-01 1.382240999073528764e-01 2.621957111491688206e-29 9.636372284944444782e-26 5.639753152038417400e-04 0.000000000000000000e+00
8.612119247774432385e-01 1.382240999073528764e-01 2.621957111491688206e-29 9.636372284944444782e-26 5.639753152038417400e-04 0.000000000000000000e+00
8.612119247774432385e-01 1.382240999073528764e-01 2.621957111491688206e-29 9.636372284944444782e-26 5.639753152038417400e-04 0.000000000000000000e+00
8.612119247774432385e-01 1.382240999073528764e-01 2.621957111491688206e-29 9.636372284944444782e-26 5.639753152038417400e-04 0.000000000000000000e+00
8.612119247774432385e-01 1.382240999073528764e-01 2.621957111491688206e-29 9.636372284944444782e-26 5.639753152038417400e-04 0.000000000000000000e+00
8.612119247774432385e-01 1.382240999073528764e-01 2.621957111491688206e-29 9.636372284944444782e-26 5.639753152038417400e-04 0.000000000000000000e+00
8.612119247774432385e-01 1.382240999073528764e-01 2.621957111491688206e-29 9.636372284944444782e-26 5.639753152038417400e-04 0.000000000000000000e+00
8.612119247774432385e-01 1.382240999073528764e-01 2.621957111491688206e-29 9.636372284944444782e-26 5.639753152038417400e-04 0.000000000000000000e+00
8.612119247774432385e-01 1.382240999073528764e-01 2.621957111491688206e-29 9.636372284944444782e-26 5.639753152038417400e-04 0.000000000000000000e+00
8.612119247774432385e-01 1.382240999073528764e-01 2.621957111491688206e-29 9.636372284944444782e-26 5.639753152038417400e-04 0.000000000000000000e+00
8.612119247774432385e-01 1.382240999073528764e-01 2.621957111491688206e-29 9.636372284944444782e-26 5.639753152038417400e-04 0.000000000000000000e+00
8.612119247774432385e-01 1.382240999073528764e-01 2.621957111491688206e-29 9.636372284944444782e-26 5.639753152038417400e-04 0.000000000000000000e+00
8.612119247774432385e-01 1.382240999073528764e-01 2.621957111491688206e-29 9.636372284944444782e-26 5.639753152038417400e-04 0.000000000000000000e+00
8.612119247774432385e-01 1.382240999073528764e-01 2.621957111491688206e-29 9.636372284944444782e-26 5.639753152038417400e-04 0.000000000000000000e+00
8.612119247774432385e-01 1.382240999073528764e-01 2.621957111491688206e-29 9.636372284944444782e-26 5.639753152038417400e-04 0.000000000000000000e+00
8.612119247774432385e-01 1.382240999073528764e-01 2.621957111491688206e-29 9.636372284944444782e-26 5.639753152038417400e-04 0.000000000000000000e+00
8.612119247774432385e-01 1.382240999073528764e-01 2.621957111491688206e-29 9.636372284944444782e-26 5.639753152038417400e-04 0.000000000000000000e+00
8.612119247774432385e-01 1.382240999073528764e-01 2.621957111491688206e-29 9.636372284944444782e-26 5.639753152038417400e-04 0.000000000000000000e+00
8.612119247774432385e-01 1.382240999073528764e-01 2.621957111491688206e-29 9.636372284944444782e-26 5.639753152038417400e-04 0.000000000000000000e+00
8.612119247774432385e-01 1.382240999073528764e-01 2.621957111491688206e-29 9.636372284944444782e-26 5.639753152038417400e-04 0.000000000000000000e+00
8.612119247774432385e-01 1.382240999073528764e-01 2.621957111491688206e-29 9.636372284944444782e-26 5.639753152038417400e-04 0.000000000000000000e+00
8.612119247774432385e-01 1.382240999073528764e-01 2.621957111491688206e-29 9.636372284944444782e-26 5.639753152038417400e-04 0.000000000000000000e+00
8.612119247774432385e-01 1.382240999073528764e-01 2.621957111491688206e-29 9.636372284944444782e-26 5.639753152038417400e-04 0.000000000000000000e+00
8.612119247774432385e-01 1.382240999073528764e-01 2.621957111491688206e-29 9.636372284944444782e-26 5.639753152038417400e-04 0.000000000000000000e+00
8.612119247774432385e-01 1.382240999073528764e-01 2.621957111491688206e-29 9.636372284944444782e-26 5.639753152038417400e-04 0.000000000000000000e+00
8.612119247774432385e-01 1.382240999073528764e-01 2.621957111491688206e-29 9.636372284944444782e-26 5.639753152038417400e-04 0.000000000000000000e+00
8.612119247774432385e-01 1.382240999073528764e-01 2.621957111491688206e-29 9.636372284944444782e-26 5.639753152038417400e-04 0.000000000000000000e+00
8.612119247774432385e-01 1.382240999073528764e-01 2.621957111491688206e-29 9.636372284944444782e-26 5.639753152038417400e-04 0.000000000000000000e+00
8.612119247774432385e-01 1.382240999073528764e-01 2.621957111491688206e-29 9.636372284944444782e-26 5.639753152038417400e-04 0.000000000000000000e+00
8.612119247774432385e-01 1.382240999073528764e-01 2.621957111491688206e-29 9.636372284944444782e-26 5.639753152038417400e-04 0.000000000000000000e+00
8.612119247774432385e-01 1.382240999073528764e-01 2.621957111491688206e-29 9.636372284944444782e-26 5.639753152038417400e-04 0.000000000000000000e+00
8.612119247774432385e-01 1.382240999073528764e-01 2.621957111491688206e-29 9.636372284944444782e-26 5.639753152038417400e-04 0.000000000000000000e+00
8.612119247774432385e-01 1.382240999073528764e-01 2.621957111491688206e-29 9.636372284944444782e-26 5.639753152038417400e-04 0.000000000000000000e+00
8.612119247774432385e-01 1.382240999073528764e-01 2.621957111491688206e-29 9.636372284944444782e-26 5.639753152038417400e-04 0.000000000000000000e+00
8.612119247774432385e-01 1.382240999073528764e-01 2.621957111491688206e-29 9.636372284944444782e-26 5.639753152038417400e-04 0.000000000000000000e+00
8.612119247774432385e-01 1.382240999073528764e-01 2.621957111491688206e-29 9.636372284944444782e-26 5.639753152038417400e-04 0.000000000000000000e+00
8.612119247774432385e-01 1.382240999073528764e-01 2.621957111491688206e-29 9.636372284944444782e-26 5.639753152038417400e-04 0.000000000000000000e+00
8.612119247774432385e-01 1.382240999073528764e-01 2.621957111491688206e-29 9.636372284944444782e-26 5.639753152038417400e-04 0.000000000000000000e+00
8.612119247774432385e-01 1.382240999073528764e-01 2.621957111491688206e-29 9.636372284944444782e-26 5.639753152038417400e-04 0.000000000000000000e+00
8.612119247774432385e-01 1.382240999073528764e-01 2.621957111491688206e-29 9.636372284944444782e-26 5.639753152038417400e-04 0.000000000000000000e+00
8.612119247774432385e-01 1.382240999073528764e-01 2.621957111491688206e-29 9.636372284944444782e-26 5.639753152038417400e-04 0.000000000000000000e+00
8.612119247774432385e-01 1.382240999073528764e-01 2.621957111491688206e-29 9.636372284944444782e-26 5.639753152038417400e-04 0.000000000000000000e+00
8.612119247774432385e-01 1.382240999073528764e-01 2.621957111491688206e-29 9.636372284944444782e-26 5.639753152038417400e-04 0.000000000000000000e+00
8.612119247774432385e-01 1.382240999073528764e-01 2.621957111491688206e-29 9.636372284944444782e-26 5.639753152038417400e-04 0.000000000000000000e+00
8.612119247774432385e-01 1.382240999073528764e-01 2.621957111491688206e-29 9.636372284944444782e-26 5.639753152038417400e-04 0.000000000000000000e+00
8.612119247774432385e-01 1.382240999073528764e-01 2.621957111491688206e-29 9.636372284944444782e-26 5.639753152038417400e-04 0.000000000000000000e+00
8.612119247774432385e-01 1.382240999073528764e-01 2.621957111491688206e-29 9.636372284944444782e-26 5.639753152038417400e-04 0.000000000000000000e+00
