9.993518208342875297e-01 3.425954187894185578e-05 8.466792259586143943e-19 8.607862152315874798e-22 6.139196238334962419e-04 0.000000000000000000e+00
9.993518208342875297e-01 3.425954187894185578e-05 5.202671003945772048e-19 5.844333991713450922e-22 6.139196238334968924e-04 0.000000000000000000e+00
9.993518208342875297e-01 3.425954187894185578e-05 3.136785524804671701e-19 3.908180760574071521e-22 6.139196238334968924e-04 0.000000000000000000e+00
9.993518208342875297e-01 3.425954187894185578e-05 1.876161870815598318e-19 2.596630932086365413e-22 6.139196238334968924e-04 0.000000000000000000e+00
9.993518208342875297e-01 3.425954187894185578e-05 1.113107839733711047e-19 1.713975973392736315e-22 6.139196238334968924e-04 0.000000000000000000e+00
9.993518208342877518e-01 3.425954187894185578e-05 6.549995420088211900e-20 1.123884929437347159e-22 6.139196238334968924e-04 0.000000000000000000e+00
9.993518208342876408e-01 3.425954187894185578e-05 3.822417203355071426e-20 7.320254891241879129e-23 6.139196238334968924e-04 0.000000000000000000e+00
9.993518208342875297e-01 3.425954187894185578e-05 2.212006714005515976e-20 4.735693168428961171e-23 6.139196238334968924e-04 0.000000000000000000e+00
9.993518208342876408e-01 3.425954187894185578e-05 1.269245649838263106e-20 3.042713311375225004e-23 6.139196238334968924e-04 0.000000000000000000e+00
9.993518208342875297e-01 3.425954187894185578e-05 7.219629017279187374e-21 1.941229309975383391e-23 6.139196238334968924e-04 0.000000000000000000e+00
9.993518208342875297e-01 3.425954187894185578e-05 4.070813290544658618e-21 1.229759883983336421e-23 6.139196238334968924e-04 0.000000000000000000e+00
9.993518208342876408e-01 3.425954187894185578e-05 2.275255357476205544e-21 7.735342535016461980e-24 6.139196238334968924e-04 0.000000000000000000e+00
9.993518208342875297e-01 3.425954187894185578e-05 1.260127474659301351e-21 4.829867863706456099e-24 6.139196238334968924e-04 0.000000000000000000e+00
9.993518208342876408e-01 3.425954187894185578e-05 6.916401026580173555e-22 2.993810487175350412e-24 6.139196238334968924e-04 0.000000000000000000e+00
9.993518208342874187e-01 3.425954187894185578e-05 3.761011875698954268e-22 1.841821181746497792e-24 6.139196238334968924e-04 0.000000000000000000e+00
9.993518208342875297e-01 3.425954187894185578e-05 2.026275121036622225e-22 1.124638205649895237e-24 6.139196238334968924e-04 0.000000000000000000e+00
9.993518208342875297e-01 3.425954187894185578e-05 1.081258029387794405e-22 6.814178603216827844e-25 6.139196238334968924e-04 0.000000000000000000e+00
9.993518208342875297e-01 3.425954187894185578e-05 5.715369705463106499e-23 4.097199223336558341e-25 6.139196238334968924e-04 0.000000000000000000e+00
9.993518208342875297e-01 3.425954187894185578e-05 2.991424147448330138e-23 2.443990955639474092e-25 6.139196238334968924e-04 0.000000000000000000e+00
9.993518208342875297e-01 3.425954187894185578e-05 1.550374023323663587e-23 1.446291189899346392e-25 6.139196238334968924e-04 0.000000000000000000e+00
9.993518208342876408e-01 3.425954187894185578e-05 7.955810820064172258e-24 8.490371221696177713e-26 6.139196238334968924e-04 0.000000000000000000e+00
9.993518208342875297e-01 3.425954187894185578e-05 4.041444732528430809e-24 4.943598813518193791e-26 6.139196238334968924e-04 0.000000000000000000e+00
9.993518208342875297e-01 3.425954187894185578e-05 2.031769394346259015e-24 2.854362389543500046e-26 6.139196238334968924e-04 0.000000000000000000e+00
9.993518208342875297e-01 3.425954187894185578e-05 1.010859365238364951e-24 1.634248796835703919e-26 6.139196238334968924e-04 0.000000000000000000e+00
9.993518208342875297e-01 3.425954187894185578e-05 4.976387676679717344e-25 9.277102079417780492e-27 6.139196238334968924e-04 0.000000000000000000e+00
9.993518208342875297e-01 3.425954187894185578e-05 2.423694706892267860e-25 5.220802009503678723e-27 6.139196238334968924e-04 0.000000000000000000e+00
9.993518208342876408e-01 3.425954187894185578e-05 1.167657398367272245e-25 2.912318339561779898e-27 6.139196238334968924e-04 0.000000000000000000e+00
9.993518208342875297e-01 3.425954187894185578e-05 5.563665767674717889e-26 1.610140457298228004e-27 6.139196238334968924e-04 0.000000000000000000e+00
9.993518208342875297e-01 3.425954187894185578e-05 2.621500292907608158e-26 8.821842454398403294e-28 6.139196238334968924e-04 0.000000000000000000e+00
9.993518208342875297e-01 3.425954187894185578e-05 1.221289156168105218e-26 4.789318954590922569e-28 6.139196238334968924e-04 0.000000000000000000e+00
9.993518208342875297e-01 3.425954187894185578e-05 5.624770129994054327e-27 2.576064361585370222e-28 6.139196238334968924e-04 0.000000000000000000e+00
9.993518208342875297e-01 3.425954187894185578e-05 2.560592000058213060e-27 1.372626811708792407e-28 6.139196238334968924e-04 0.000000000000000000e+00
9.993518208342876408e-01 3.425954187894185578e-05 1.151901117884079356e-27 7.243877599674184256e-29 6.139196238334975429e-04 0.000000000000000000e+00
9.993518208342875297e-01 3.425954187894185578e-05 5.119313061378899578e-28 3.785446192757159951e-29 6.139196238334968924e-04 0.000000000000000000e+00
9.993518208342875297e-01 3.425954187894185578e-05 2.247011835443986293e-28 1.958345826335495250e-29 6.139196238334975429e-04 0.000000000000000000e+00
9.993518208342876408e-01 3.425954187894185578e-05 9.741551584227164546e-29 1.003029345198829947e-29 6.139196238334968924e-04 0.000000000000000000e+00
9.993518208342876408e-01 3.425954187894185578e-05 4.170912621703368235e-29 5.085691411321193362e-30 6.139196238334975429e-04 0.000000000000000000e+00
9.993518208342876408e-01 3.425954187894185578e-05 1.762841957643828161e-29 2.551735394777923161e-30 6.139196238334968924e-04 0.000000000000000000e+00
9.993518208342875297e-01 3.425954187894185578e-05 7.354312083253408208e-30 1.266903778715745689e-30 6.139196238334968924e-04 0.000000000000000000e+00
9.993518208342876408e-01 3.425954187894185578e-05 3.028890239483499201e-30 6.224830621363645768e-31 6.139196238334968924e-04 0.000000000000000000e+00
9.993518208342876408e-01 3.425954187894185578e-05 1.230474339532647135e-30 3.024763069470377359e-31 6.139196238334968924e-04 0.000000000000000000e+00
9.993518208342875297e-01 3.425954187894185578e-05 4.932964589411429159e-31 1.454105115674371108e-31 6.139196238334968924e-04 0.000000000000000000e+00
9.993518208342876408e-01 3.425954187894185578e-05 1.949738078877118671e-31 6.910419849958900529e-32 6.139196238334968924e-04 0.000000000000000000e+00
9.993518208342875297e-01 3.425954187894185578e-05 7.597999191198856451e-32 3.246641816278863291e-32 6.139196238334968924e-04 0.000000000000000000e+00
9.993518208342876408e-01 3.425954187894185578e-05 2.917637821043731565e-32 1.507254302757454354e-32 6.139196238334968924e-04 0.000000000000000000e+00
9.993518208342876408e-01 3.425954187894185578e-05 1.104383308070041485e-32 6.916397362475387997e-33 6.139196238334968924e-04 0.000000000000000000e+00
9.993518208342875297e-01 3.425954187894185578e-05 4.116322566305595490e-33 3.134336235257299266e-33 6.139196238334968924e-04 0.000000000000000000e+00
9.993518208342874187e-01 3.425954187894185578e-05 1.511791617981178657e-33 1.403523754053091351e-33 6.139196238334968924e-04 0.000000000000000000e+00
9.993518208342876408e-01 3.425954187894185578e-05 5.467170899827713258e-34 6.206622712616383770e-34 6.139196238334968924e-04 0.000000000000000000e+00
9.993518208342875297e-01 3.425954187894185578e-05 1.946170944249431659e-34 2.709806193531706063e-34 6.139196238334968924e-04 0.000000000000000000e+00
9.993518208342876408e-01 3.425954187894185578e-05 9.639691335807030476e-35 1.542053545128525945e-34 6.139196238334968924e-04 0.000000000000000000e+00
9.993518208342876408e-01 3.425954187894185578e-05 9.639691335807030476e-35 1.542053545128525945e-34 6.139196238334968924e-04 0.000000000000000000e+00
9.993518208342876408e-01 3.425954187894185578e-05 9.639691335807030476e-35 1.542053545128525945e-34 6.139196238334968924e-04 0.000000000000000000e+00
9.993518208342876408e-01 3.425954187894185578e-05 9.639691335807030476e-35 1.542053545128525945e-34 6.139196238334968924e-04 0.000000000000000000e+00
9.993518208342876408e-01 3.425954187894185578e-05 9.639691335807030476e-35 1.542053545128525945e-34 6.139196238334968924e-04 0.000000000000000000e+00
9.993518208342876408e-01 3.425954187894185578e-05 9.639691335807030476e-35 1.542053545128525945e-34 6.139196238334968924e-04 0.000000000000000000e+00
9.993518208342876408e-01 3.425954187894185578e-05 9.639691335807030476e-35 1.542053545128525945e-34 6.139196238334968924e-04 0.000000000000000000e+00
9.993518208342876408e-01 3.425954187894185578e-05 9.639691335807030476e-35 1.542053545128525945e-34 6.139196238334968924e-04 0.000000000000000000e+00
9.993518208342876408e-01 3.425954187894185578e-05 9.639691335807030476e-35 1.542053545128525945e-34 6.139196238334968924e-04 0.000000000000000000e+00
9.993518208342876408e-01 3.425954187894185578e-05 9.639691335807030476e-35 1.542053545128525945e-34 6.139196238334968924e-04 0.000000000000000000e+00
9.993518208342876408e-01 3.425954187894185578e-05 9.639691335807030476e-35 1.542053545128525945e-34 6.139196238334968924e-04 0.000000000000000000e+00
9.993518208342876408e-01 3.425954187894185578e-05 9.639691335807030476e-35 1.542053545128525945e-34 6.139196238334968924e-04 0.000000000000000000e+00
9.993518208342876408e-01 3.425954187894185578e-05 9.639691335807030476e-35 1.542053545128525945e-34 6.139196238334968924e-04 0.000000000000000000e+00
9.993518208342876408e-01 3.425954187894185578e-05 9.639691335807030476e-35 1.542053545128525945e-34 6.139196238334968924e-04 0.000000000000000000e+00
9.993518208342876408e-01 3.425954187894185578e-05 9.639691335807030476e-35 1.542053545128525945e-34 6.139196238334968924e-04 0.000000000000000000e+00
9.993518208342876408e-01 3.425954187894185578e-05 9.639691335807030476e-35 1.542053545128525945e-34 6.139196238334968924e-04 0.000000000000000000e+00
9.993518208342876408e-01 3.425954187894185578e-05 9.639691335807030476e-35 1.542053545128525945e-34 6.139196238334968924e-04 0.000000000000000000e+00
9.993518208342876408e-01 3.425954187894185578e-05 9.639691335807030476e-35 1.542053545128525945e-34 6.139196238334968924e-04 0.000000000000000000e+00
9.993518208342876408e-01 3.425954187894185578e-05 9.639691335807030476e-35 1.542053545128525945e-34 6.139196238334968924e-04 0.000000000000000000e+00
9.993518208342876408e-01 3.425954187894185578e-05 9.639691335807030476e-35 1.542053545128525945e-34 6.139196238334968924e-04 0.000000000000000000e+00
9.993518208342876408e-01 3.425954187894185578e-05 9.639691335807030476e-35 1.542053545128525945e-34 6.139196238334968924e-04 0.000000000000000000e+00
9.993518208342876408e-01 3.425954187894185578e-05 9.639691335807030476e-35 1.542053545128525945e-34 6.139196238334968924e-04 0.000000000000000000e+00
9.993518208342876408e-01 3.425954187894185578e-05 9.639691335807030476e-35 1.542053545128525945e-34 6.139196238334968924e-04 0.000000000000000000e+00
9.993518208342876408e-01 3.425954187894185578e-05 9.639691335807030476e-35 1.542053545128525945e-34 6.139196238334968924e-04 0.000000000000000000e+00
9.993518208342876408e-01 3.425954187894185578e-05 9.639691335807030476e-35 1.542053545128525945e-34 6.139196238334968924e-04 0.000000000000000000e+00
9.993518208342876408e-01 3.425954187894185578e-05 9.639691335807030476e-35 1.542053545128525945e-34 6.139196238334968924e-04 0.000000000000000000e+00
9.993518208342876408e-01 3.425954187894185578e-05 9.639691335807030476e-35 1.542053545128525945e-34 6.139196238334968924e-04 0.000000000000000000e+00
9.993518208342876408e-01 3.425954187894185578e-05 9.639691335807030476e-35 1.542053545128525945e-34 6.139196238334968924e-04 0.000000000000000000e+00
9.993518208342876408e-01 3.425954187894185578e-05 9.639691335807030476e-35 1.542053545128525945e-34 6.139196238334968924e-04 0.000000000000000000e+00
9.993518208342876408e-01 3.425954187894185578e-05 9.639691335807030476e-35 1.542053545128525945e-34 6.139196238334968924e-04 0.000000000000000000e+00
9.993518208342876408e-01 3.425954187894185578e-05 9.639691335807030476e-35 1.542053545128525945e-34 6.139196238334968924e-04 0.000000000000000000e+00
9.993518208342876408e-01 3.425954187894185578e-05 9.639691335807030476e-35 1.542053545128525945e-34 6.139196238334968924e-04 0.000000000000000000e+00
9.993518208342876408e-01 3.425954187894185578e-05 9.639691335807030476e-35 1.542053545128525945e-34 6.139196238334968924e-04 0.000000000000000000e+00
9.993518208342876408e-01 3.425954187894185578e-05 9.639691335807030476e-35 1.542053545128525945e-34 6.139196238334968924e-04 0.000000000000000000e+00
9.993518208342876408e-01 3.425954187894185578e-05 9.639691335807030476e-35 1.542053545128525945e-34 6.139196238334968924e-04 0.000000000000000000e+00
9.993518208342876408e-01 3.425954187894185578e-05 9.639691335807030476e-35 1.542053545128525945e-34 6.139196238334968924e-04 0.000000000000000000e+00
9.993518208342876408e-01 3.425954187894185578e-05 9.639691335807030476e-35 1.542053545128525945e-34 6.139196238334968924e-04 0.000000000000000000e+00
9.993518208342876408e-01 3.425954187894185578e-05 9.639691335807030476e-35 1.542053545128525945e-34 6.139196238334968924e-04 0.000000000000000000e+00
9.993518208342876408e-01 3.425954187894185578e-05 9.639691335807030476e-35 1.542053545128525945e-34 6.139196238334968924e-04 0.000000000000000000e+00
9.993518208342876408e-01 3.425954187894185578e-05 9.639691335807030476e-35 1.542053545128525945e-34 6.139196238334968924e-04 0.000000000000000000e+00
9.993518208342876408e-01 3.425954187894185578e-05 9.639691335807030476e-35 1.542053545128525945e-34 6.139196238334968924e-04 0.000000000000000000e+00
9.993518208342876408e-01 3.425954187894185578e-05 9.639691335807030476e-35 1.542053545128525945e-34 6.139196238334968924e-04 0.000000000000000000e+00
9.993518208342876408e-01 3.425954187894185578e-05 9.639691335807030476e-35 1.542053545128525945e-34 6.139196238334968924e-04 0.000000000000000000e+00
9.993518208342876408e-01 3.425954187894185578e-05 9.639691335807030476e-35 1.542053545128525945e-34 6.139196238334968924e-04 0.000000000000000000e+00
9.993518208342876408e-01 3.425954187894185578e-05 9.639691335807030476e-35 1.542053545128525945e-34 6.139196238334968924e-04 0.000000000000000000e+00
9.993518208342876408e-01 3.425954187894185578e-05 9.639691335807030476e-35 1.542053545128525945e-34 6.139196238334968924e-04 0.000000000000000000e+00
9.993518208342876408e-01 3.425954187894185578e-05 9.639691335807030476e-35 1.542053545128525945e-34 6.139196238334968924e-04 0.000000000000000000e+00
9.993518208342876408e-01 3.425954187894185578e-05 9.639691335807030476e-35 1.542053545128525945e-34 6.139196238334968924e-04 0.000000000000000000e+00
9.993518208342876408e-01 3.425954187894185578e-05 9.639691335807030476e-35 1.542053545128525945e-34 6.139196238334968924e-04 0.000000000000000000e+00
9.993518208342876408e-01 3.425954187894185578e-05 9.639691335807030476e-35 1.542053545128525945e-34 6.139196238334968924e-04 0.000000000000000000e+00
9.993518208342876408e-01 3.425954187894185578e-05 9.639691335807030476e-35 1.542053545128525945e-34 6.139196238334968924e-04 0.000000000000000000e+00
9.993518208342876408e-01 3.425954187894185578e-05 9.639691335807030476e-35 1.542053545128525945e-34 6.139196238334968924e-04 0.000000000000000000e+00
9.993518208342876408e-01 3.425954187894185578e-05 9.639691335807030476e-35 1.542053545128525945e-34 6.139196238334968924e-04 0.000000000000000000e+00
9.993518208342876408e-01 3.425954187894185578e-05 9.639691335807030476e-35 1.542053545128525945e-34 6.139196238334968924e-04 0.000000000000000000e+00
9.993518208342876408e-01 3.425954187894185578e-05 9.639691335807030476e-35 1.542053545128525945e-34 6.139196238334968924e-04 0.000000000000000000e+00
9.993518208342876408e-01 3.425954187894185578e-05 9.639691335807030476e-35 1.542053545128525945e-34 6.139196238334968924e-04 0.000000000000000000e+00
9.993518208342876408e-01 3.425954187894185578e-05 9.639691335807030476e-35 1.542053545128525945e-34 6.139196238334968924e-04 0.000000000000000000e+00
9.993518208342876408e-01 3.425954187894185578e-05 9.639691335807030476e-35 1.542053545128525945e-34 6.139196238334968924e-04 0.000000000000000000e+00
9.993518208342876408e-01 3.425954187894185578e-05 9.639691335807030476e-35 1.542053545128525945e-34 6.139196238334968924e-04 0.000000000000000000e+00
9.993518208342876408e-01 3.425954187894185578e-05 9.639691335807030476e-35 1.542053545128525945e-34 6.139196238334968924e-04 0.000000000000000000e+00
9.993518208342876408e-01 3.425954187894185578e-05 9.639691335807030476e-35 1.542053545128525945e-34 6.139196238334968924e-04 0.000000000000000000e+00
9.993518208342876408e-01 3.425954187894185578e-05 9.639691335807030476e-35 1.542053545128525945e-34 6.139196238334968924e-04 0.000000000000000000e+00
9.993518208342876408e-01 3.425954187894185578e-05 9.639691335807030476e-35 1.542053545128525945e-34 6.139196238334968924e-04 0.000000000000000000e+00
9.993518208342876408e-01 3.425954187894185578e-05 9.639691335807030476e-35 1.542053545128525945e-34 6.139196238334968924e-04 0.000000000000000000e+00
9.993518208342876408e-01 3.425954187894185578e-05 9.639691335807030476e-35 1.542053545128525945e-34 6.139196238334968924e-04 0.000000000000000000e+00
9.993518208342876408e-01 3.425954187894185578e-05 9.639691335807030476e-35 1.542053545128525945e-34 6.139196238334968924e-04 0.000000000000000000e+00
9.993518208342876408e-01 3.425954187894185578e-05 9.639691335807030476e-35 1.542053545128525945e-34 6.139196238334968924e-04 0.000000000000000000e+00
9.993518208342876408e-01 3.425954187894185578e-05 9.639691335807030476e-35 1.542053545128525945e-34 6.139196238334968924e-04 0.000000000000000000e+00
9.993518208342876408e-01 3.425954187894185578e-05 9.639691335807030476e-35 1.542053545128525945e-34 6.139196238334968924e-04 0.000000000000000000e+00
9.993518208342876408e-01 3.425954187894185578e-05 9.639691335807030476e-35 1.542053545128525945e-34 6.139196238334968924e-04 0.000000000000000000e+00
9.993518208342876408e-01 3.425954187894185578e-05 9.639691335807030476e-35 1.542053545128525945e-34 6.139196238334968924e-04 0.000000000000000000e+00
9.993518208342876408e-01 3.425954187894185578e-05 9.639691335807030476e-35 1.542053545128525945e-34 6.139196238334968924e-04 0.000000000000000000e+00
9.993518208342876408e-01 3.425954187894185578e-05 9.639691335807030476e-35 1.542053545128525945e-34 6.139196238334968924e-04 0.000000000000000000e+00
9.993518208342876408e-01 3.425954187894185578e-05 9.639691335807030476e-35 1.542053545128525945e-34 6.139196238334968924e-04 0.000000000000000000e+00
9.993518208342876408e-01 3.425954187894185578e-05 9.639691335807030476e-35 1.542053545128525945e-34 6.139196238334968924e-04 0.000000000000000000e+00
9.993518208342876408e-01 3.425954187894185578e-05 9.639691335807030476e-35 1.542053545128525945e-34 6.139196238334968924e-04 0.000000000000000000e+00
9.993518208342876408e-01 3.425954187894185578e-05 9.639691335807030476e-35 1.542053545128525945e-34 6.139196238334968924e-04 0.000000000000000000e+00
9.993518208342876408e-01 3.425954187894185578e-05 9.639691335807030476e-35 1.542053545128525945e-34 6.139196238334968924e-04 0.000000000000000000e+00
9.993518208342876408e-01 3.425954187894185578e-05 9.639691335807030476e-35 1.542053545128525945e-34 6.139196238334968924e-04 0.000000000000000000e+00
9.993518208342876408e-01 3.425954187894185578e-05 9.639691335807030476e-35 1.542053545128525945e-34 6.139196238334968924e-04 0.000000000000000000e+00
9.993518208342876408e-01 3.425954187894185578e-05 9.639691335807030476e-35 1.542053545128525945e-34 6.139196238334968924e-04 0.000000000000000000e+00
9.993518208342876408e-01 3.425954187894185578e-05 9.639691335807030476e-35 1.542053545128525945e-34 6.139196238334968924e-04 0.000000000000000000e+00
9.993518208342876408e-01 3.425954187894185578e-05 9.639691335807030476e-35 1.542053545128525945e-34 6.139196238334968924e-04 0.000000000000000000e+00
9.993518208342876408e-01 3.425954187894185578e-05 9.639691335807030476e-35 1.542053545128525945e-34 6.139196238334968924e-04 0.000000000000000000e+00
9.993518208342876408e-01 3.425954187894185578e-05 9.639691335807030476e-35 1.542053545128525945e-34 6.139196238334968924e-04 0.000000000000000000e+00
9.993518208342876408e-01 3.425954187894185578e-05 9.639691335807030476e-35 1.542053545128525945e-34 6.139196238334968924e-04 0.000000000000000000e+00
9.993518208342876408e-01 3.425954187894185578e-05 9.639691335807030476e-35 1.542053545128525945e-34 6.139196238334968924e-04 0.000000000000000000e+00
9.993518208342876408e-01 3.425954187894185578e-05 9.639691335807030476e-35 1.542053545128525945e-34 6.139196238334968924e-04 0.000000000000000000e+00
9.993518208342876408e-01 3.425954187894185578e-05 9.639691335807030476e-35 1.542053545128525945e-34 6.139196238334968924e-04 0.000000000000000000e+00
9.993518208342876408e-01 3.425954187894185578e-05 9.639691335807030476e-35 1.542053545128525945e-34 6.139196238334968924e-04 0.000000000000000000e+00
9.993518208342876408e-01 3.425954187894185578e-05 9.639691335807030476e-35 1.542053545128525945e-34 6.139196238334968924e-04 0.000000000000000000e+00
9.993518208342876408e-01 3.425954187894185578e-05 9.639691335807030476e-35 1.542053545128525945e-34 6.139196238334968924e-04 0.000000000000000000e+00
9.993518208342876408e-01 3.425954187894185578e-05 9.639691335807030476e-35 1.542053545128525945e-34 6.139196238334968924e-04 0.000000000000000000e+00
9.993518208342876408e-01 3.425954187894185578e-05 9.639691335807030476e-35 1.542053545128525945e-34 6.139196238334968924e-04 0.000000000000000000e+00
9.993518208342876408e-01 3.425954187894185578e-05 9.639691335807030476e-35 1.542053545128525945e-34 6.139196238334968924e-04 0.000000000000000000e+00
9.993518208342876408e-01 3.425954187894185578e-05 9.639691335807030476e-35 1.542053545128525945e-34 6.139196238334968924e-04 0.000000000000000000e+00
9.993518208342876408e-01 3.425954187894185578e-05 9.639691335807030476e-35 1.542053545128525945e-34 6.139196238334968924e-04 0.000000000000000000e+00
9.993518208342876408e-01 3.425954187894185578e-05 9.639691335807030476e-35 1.542053545128525945e-34 6.139196238334968924e-04 0.000000000000000000e+00
9.993518208342876408e-01 3.425954187894185578e-05 9.639691335807030476e-35 1.542053545128525945e-34 6.139196238334968924e-04 0.000000000000000000e+00
9.993518208342876408e-01 3.425954187894185578e-05 9.639691335807030476e-35 1.542053545128525945e-34 6.139196238334968924e-04 0.000000000000000000e+00
9.993518208342876408e-01 3.425954187894185578e-05 9.639691335807030476e-35 1.542053545128525945e-34 6.139196238334968924e-04 0.000000000000000000e+00
9.993518208342876408e-01 3.425954187894185578e-05 9.639691335807030476e-35 1.542053545128525945e-34 6.139196238334968924e-04 0.000000000000000000e+00
9.993518208342876408e-01 3.425954187894185578e-05 9.639691335807030476e-35 1.542053545128525945e-34 6.139196238334968924e-04 0.000000000000000000e+00
9.993518208342876408e-01 3.425954187894185578e-05 9.639691335807030476e-35 1.542053545128525945e-34 6.139196238334968924e-04 0.000000000000000000e+00
9.993518208342876408e-01 3.425954187894185578e-05 9.639691335807030476e-35 1.542053545128525945e-34 6.139196238334968924e-04 0.000000000000000000e+00
9.993518208342876408e-01 3.425954187894185578e-05 9.639691335807030476e-35 1.542053545128525945e-34 6.139196238334968924e-04 0.000000000000000000e+00
9.993518208342876408e-01 3.425954187894185578e-05 9.639691335807030476e-35 1.542053545128525945e-34 6.139196238334968924e-04 0.000000000000000000e+00
9.993518208342876408e-01 3.425954187894185578e-05 9.639691335807030476e-35 1.542053545128525945e-34 6.139196238334968924e-04 0.000000000000000000e+00
9.993518208342876408e-01 3.425954187894185578e-05 9.639691335807030476e-35 1.542053545128525945e-34 6.139196238334968924e-04 0.000000000000000000e+00
9.993518208342876408e-01 3.425954187894185578e-05 9.639691335807030476e-35 1.542053545128525945e-34 6.139196238334968924e-04 0.000000000000000000e+00
9.993518208342876408e-01 3.425954187894185578e-05 9.639691335807030476e-35 1.542053545128525945e-34 6.139196238334968924e-04 0.000000000000000000e+00
9.993518208342876408e-01 3.425954187894185578e-05 9.639691335807030476e-35 1.542053545128525945e-34 6.139196238334968924e-04 0.000000000000000000e+00
9.993518208342876408e-01 3.425954187894185578e-05 9.639691335807030476e-35 1.542053545128525945e-34 6.139196238334968924e-04 0.000000000000000000e+00
9.993518208342876408e-01 3.425954187894185578e-05 9.639691335807030476e-35 1.542053545128525945e-34 6.139196238334968924e-04 0.000000000000000000e+00
9.993518208342876408e-01 3.425954187894185578e-05 9.639691335807030476e-35 1.542053545128525945e-34 6.139196238334968924e-04 0.000000000000000000e+00
9.993518208342876408e-01 3.425954187894185578e-05 9.639691335807030476e-35 1.542053545128525945e-34 6.139196238334968924e-04 0.000000000000000000e+00
9.993518208342876408e-01 3.425954187894185578e-05 9.639691335807030476e-35 1.542053545128525945e-34 6.139196238334968924e-04 0.000000000000000000e+00
9.993518208342876408e-01 3.425954187894185578e-05 9.639691335807030476e-35 1.542053545128525945e-34 6.139196238334968924e-04 0.000000000000000000e+00
9.993518208342876408e-01 3.425954187894185578e-05 9.639691335807030476e-35 1.542053545128525945e-34 6.139196238334968924e-04 0.000000000000000000e+00
9.993518208342876408e-01 3.425954187894185578e-05 9.639691335807030476e-35 1.542053545128525945e-34 6.139196238334968924e-04 0.000000000000000000e+00
9.993518208342876408e-01 3.425954187894185578e-05 9.639691335807030476e-35 1.542053545128525945e-34 6.139196238334968924e-04 0.000000000000000000e+00
9.993518208342876408e-01 3.425954187894185578e-05 9.639691335807030476e-35 1.542053545128525945e-34 6.139196238334968924e-04 0.000000000000000000e+00
9.993518208342876408e-01 3.425954187894185578e-05 9.639691335807030476e-35 1.542053545128525945e-34 6.139196238334968924e-04 0.000000000000000000e+00
9.993518208342876408e-01 3.425954187894185578e-05 9.639691335807030476e-35 1.542053545128525945e-34 6.139196238334968924e-04 0.000000000000000000e+00
9.993518208342876408e-01 3.425954187894185578e-05 9.639691335807030476e-35 1.542053545128525945e-34 6.139196238334968924e-04 0.000000000000000000e+00
9.993518208342876408e-01 3.425954187894185578e-05 9.639691335807030476e-35 1.542053545128525945e-34 6.139196238334968924e-04 0.000000000000000000e+00
9.993518208342876408e-01 3.425954187894185578e-05 9.639691335807030476e-35 1.542053545128525945e-34 6.139196238334968924e-04 0.000000000000000000e+00
9.993518208342876408e-01 3.425954187894185578e-05 9.639691335807030476e-35 1.542053545128525945e-34 6.139196238334968924e-04 0.000000000000000000e+00
9.993518208342876408e-01 3.425954187894185578e-05 9.639691335807030476e-35 1.542053545128525945e-34 6.139196238334968924e-04 0.000000000000000000e+00
9.993518208342876408e-01 3.425954187894185578e-05 9.639691335807030476e-35 1.542053545128525945e-34 6.139196238334968924e-04 0.000000000000000000e+00
9.993518208342876408e-01 3.425954187894185578e-05 9.639691335807030476e-35 1.542053545128525945e-34 6.139196238334968924e-04 0.000000000000000000e+00
9.993518208342876408e-01 3.425954187894185578e-05 9.639691335807030476e-35 1.542053545128525945e-34 6.139196238334968924e-04 0.000000000000000000e+00
9.993518208342876408e-01 3.425954187894185578e-05 9.639691335807030476e-35 1.542053545128525945e-34 6.139196238334968924e-04 0.000000000000000000e+00
9.993518208342876408e-01 3.425954187894185578e-05 9.639691335807030476e-35 1.542053545128525945e-34 6.139196238334968924e-04 0.000000000000000000e+00
9.993518208342876408e-01 3.425954187894185578e-05 9.639691335807030476e-35 1.542053545128525945e-34 6.139196238334968924e-04 0.000000000000000000e+00
9.993518208342876408e-01 3.425954187894185578e-05 9.639691335807030476e-35 1.542053545128525945e-34 6.139196238334968924e-04 0.000000000000000000e+00
9.993518208342876408e-01 3.425954187894185578e-05 9.639691335807030476e-35 1.542053545128525945e-34 6.139196238334968924e-04 0.000000000000000000e+00
9.993518208342876408e-01 3.425954187894185578e-05 9.639691335807030476e-35 1.542053545128525945e-34 6.139196238334968924e-04 0.000000000000000000e+00
9.993518208342876408e-01 3.425954187894185578e-05 9.639691335807030476e-35 1.542053545128525945e-34 6.139196238334968924e-04 0.000000000000000000e+00
9.993518208342876408e-01 3.425954187894185578e-05 9.639691335807030476e-35 1.542053545128525945e-34 6.139196238334968924e-04 0.000000000000000000e+00
9.993518208342876408e-01 3.425954187894185578e-05 9.639691335807030476e-35 1.542053545128525945e-34 6.139196238334968924e-04 0.000000000000000000e+00
9.993518208342876408e-01 3.425954187894185578e-05 9.639691335807030476e-35 1.542053545128525945e-34 6.139196238334968924e-04 0.000000000000000000e+00
9.993518208342876408e-01 3.425954187894185578e-05 9.639691335807030476e-35 1.542053545128525945e-34 6.139196238334968924e-04 0.000000000000000000e+00
9.993518208342876408e-01 3.425954187894185578e-05 9.639691335807030476e-35 1.542053545128525945e-34 6.139196238334968924e-04 0.000000000000000000e+00
9.993518208342876408e-01 3.425954187894185578e-05 9.639691335807030476e-35 1.542053545128525945e-34 6.139196238334968924e-04 0.000000000000000000e+00
9.993518208342876408e-01 3.425954187894185578e-05 9.639691335807030476e-35 1.542053545128525945e-34 6.139196238334968924e-04 0.000000000000000000e+00
9.993518208342876408e-01 3.425954187894185578e-05 9.639691335807030476e-35 1.542053545128525945e-34 6.139196238334968924e-04 0.000000000000000000e+00
9.993518208342876408e-01 3.425954187894185578e-05 9.639691335807030476e-35 1.542053545128525945e-34 6.139196238334968924e-04 0.000000000000000000e+00
9.993518208342876408e-01 3.425954187894185578e-05 9.639691335807030476e-35 1.542053545128525945e-34 6.139196238334968924e-04 0.000000000000000000e+00
9.993518208342876408e-01 3.425954187894185578e-05 9.639691335807030476e-35 1.542053545128525945e-34 6.139196238334968924e-04 0.000000000000000000e+00
9.993518208342876408e-01 3.425954187894185578e-05 9.639691335807030476e-35 1.542053545128525945e-34 6.139196238334968924e-04 0.000000000000000000e+00
9.993518208342876408e-01 3.425954187894185578e-05 9.639691335807030476e-35 1.542053545128525945e-34 6.139196238334968924e-04 0.000000000000000000e+00
9.993518208342876408e-01 3.425954187894185578e-05 9.639691335807030476e-35 1.542053545128525945e-34 6.139196238334968924e-04 0.000000000000000000e+00
9.993518208342876408e-01 3.425954187894185578e-05 9.639691335807030476e-35 1.542053545128525945e-34 6.139196238334968924e-04 0.000000000000000000e+00
9.993518208342876408e-01 3.425954187894185578e-05 9.639691335807030476e-35 1.542053545128525945e-34 6.139196238334968924e-04 0.000000000000000000e+00
9.993518208342876408e-01 3.425954187894185578e-05 9.639691335807030476e-35 1.542053545128525945e-34 6.139196238334968924e-04 0.000000000000000000e+00
9.993518208342876408e-01 3.425954187894185578e-05 9.639691335807030476e-35 1.542053545128525945e-34 6.139196238334968924e-04 0.000000000000000000e+00
9.993518208342876408e-01 3.425954187894185578e-05 9.639691335807030476e-35 1.542053545128525945e-34 6.139196238334968924e-04 0.000000000000000000e+00
9.993518208342876408e-01 3.425954187894185578e-05 9.639691335807030476e-35 1.542053545128525945e-34 6.139196238334968924e-04 0.000000000000000000e+00
9.993518208342876408e-01 3.425954187894185578e-05 9.639691335807030476e-35 1.542053545128525945e-34 6.139196238334968924e-04 0.000000000000000000e+00
9.993518208342876408e-01 3.425954187894185578e-05 9.639691335807030476e-35 1.542053545128525945e-34 6.139196238334968924e-04 0.000000000000000000e+00
9.993518208342876408e-01 3.425954187894185578e-05 9.639691335807030476e-35 1.542053545128525945e-34 6.139196238334968924e-04 0.000000000000000000e+00
9.993518208342876408e-01 3.425954187894185578e-05 9.639691335807030476e-35 1.542053545128525945e-34 6.139196238334968924e-04 0.000000000000000000e+00
9.993518208342876408e-01 3.425954187894185578e-05 9.639691335807030476e-35 1.542053545128525945e-34 6.139196238334968924e-04 0.000000000000000000e+00
9.993518208342876408e-01 3.425954187894185578e-05 9.639691335807030476e-35 1.542053545128525945e-34 6.139196238334968924e-04 0.000000000000000000e+00
9.993518208342876408e-01 3.425954187894185578e-05 9.639691335807030476e-35 1.542053545128525945e-34 6.139196238334968924e-04 0.000000000000000000e+00
9.993518208342876408e-01 3.425954187894185578e-05 9.639691335807030476e-35 1.542053545128525945e-34 6.139196238334968924e-04 0.000000000000000000e+00
9.993518208342876408e-01 3.425954187894185578e-05 9.639691335807030476e-35 1.542053545128525945e-34 6.139196238334968924e-04 0.000000000000000000e+00
9.993518208342876408e-01 3.425954187894185578e-05 9.639691335807030476e-35 1.542053545128525945e-34 6.139196238334968924e-04 0.000000000000000000e+00
9.993518208342876408e-01 3.425954187894185578e-05 9.639691335807030476e-35 1.542053545128525945e-34 6.139196238334968924e-04 0.000000000000000000e+00
9.993518208342876408e-01 3.425954187894185578e-05 9.639691335807030476e-35 1.542053545128525945e-34 6.139196238334968924e-04 0.000000000000000000e+00
9.993518208342876408e-01 3.425954187894185578e-05 9.639691335807030476e-35 1.542053545128525945e-34 6.139196238334968924e-04 0.000000000000000000e+00
9.993518208342876408e-01 3.425954187894185578e-05 9.639691335807030476e-35 1.542053545128525945e-34 6.139196238334968924e-04 0.000000000000000000e+00
9.993518208342876408e-01 3.425954187894185578e-05 9.639691335807030476e-35 1.542053545128525945e-34 6.139196238334968924e-04 0.000000000000000000e+00
9.993518208342876408e-01 3.425954187894185578e-05 9.639691335807030476e-35 1.542053545128525945e-34 6.139196238334968924e-04 0.000000000000000000e+00
9.993518208342876408e-01 3.425954187894185578e-05 9.639691335807030476e-35 1.542053545128525945e-34 6.139196238334968924e-04 0.000000000000000000e+00
9.993518208342876408e-01 3.425954187894185578e-05 9.639691335807030476e-35 1.542053545128525945e-34 6.139196238334968924e-04 0.000000000000000000e+00
9.993518208342876408e-01 3.425954187894185578e-05 9.639691335807030476e-35 1.542053545128525945e-34 6.139196238334968924e-04 0.000000000000000000e+00
9.993518208342876408e-01 3.425954187894185578e-05 9.639691335807030476e-35 1.542053545128525945e-34 6.139196238334968924e-04 0.000000000000000000e+00
9.993518208342876408e-01 3.425954187894185578e-05 9.639691335807030476e-35 1.542053545128525945e-34 6.139196238334968924e-04 0.000000000000000000e+00
9.993518208342876408e-01 3.425954187894185578e-05 9.639691335807030476e-35 1.542053545128525945e-34 6.139196238334968924e-04 0.000000000000000000e+00
9.993518208342876408e-01 3.425954187894185578e-05 9.639691335807030476e-35 1.542053545128525945e-34 6.139196238334968924e-04 0.000000000000000000e+00
9.993518208342876408e-01 3.425954187894185578e-05 9.639691335807030476e-35 1.542053545128525945e-34 6.139196238334968924e-04 0.000000000000000000e+00
9.993518208342876408e-01 3.425954187894185578e-05 9.639691335807030476e-35 1.542053545128525945e-34 6.139196238334968924e-04 0.000000000000000000e+00
9.993518208342876408e-01 3.425954187894185578e-05 9.639691335807030476e-35 1.542053545128525945e-34 6.139196238334968924e-04 0.000000000000000000e+00
9.993518208342876408e-01 3.425954187894185578e-05 9.639691335807030476e-35 1.542053545128525945e-34 6.139196238334968924e-04 0.000000000000000000e+00
9.993518208342876408e-01 3.425954187894185578e-05 9.639691335807030476e-35 1.542053545128525945e-34 6.139196238334968924e-04 0.000000000000000000e+00
9.993518208342876408e-01 3.425954187894185578e-05 9.639691335807030476e-35 1.542053545128525945e-34 6.139196238334968924e-04 0.000000000000000000e+00
9.993518208342876408e-01 3.425954187894185578e-05 9.639691335807030476e-35 1.542053545128525945e-34 6.139196238334968924e-04 0.000000000000000000e+00
9.993518208342876408e-01 3.425954187894185578e-05 9.639691335807030476e-35 1.542053545128525945e-34 6.139196238334968924e-04 0.000000000000000000e+00
9.993518208342876408e-01 3.425954187894185578e-05 9.639691335807030476e-35 1.542053545128525945e-34 6.139196238334968924e-04 0.000000000000000000e+00
9.993518208342876408e-01 3.425954187894185578e-05 9.639691335807030476e-35 1.542053545128525945e-34 6.139196238334968924e-04 0.000000000000000000e+00
9.993518208342876408e-01 3.425954187894185578e-05 9.639691335807030476e-35 1.542053545128525945e-34 6.139196238334968924e-04 0.000000000000000000e+00
9.993518208342876408e-01 3.425954187894185578e-05 9.639691335807030476e-35 1.542053545128525945e-34 6.139196238334968924e-04 0.000000000000000000e+00
9.993518208342876408e-01 3.425954187894185578e-05 9.639691335807030476e-35 1.542053545128525945e-34 6.139196238334968924e-04 0.000000000000000000e+00
9.993518208342876408e-01 3.425954187894185578e-05 9.639691335807030476e-35 1.542053545128525945e-34 6.139196238334968924e-04 0.000000000000000000e+00
9.993518208342876408e-01 3.425954187894185578e-05 9.639691335807030476e-35 1.542053545128525945e-34 6.139196238334968924e-04 0.000000000000000000e+00
9.993518208342876408e-01 3.425954187894185578e-05 9.639691335807030476e-35 1.542053545128525945e-34 6.139196238334968924e-04 0.000000000000000000e+00
9.993518208342876408e-01 3.425954187894185578e-05 9.639691335807030476e-35 1.542053545128525945e-34 6.139196238334968924e-04 0.000000000000000000e+00
9.993518208342876408e-01 3.425954187894185578e-05 9.639691335807030476e-35 1.542053545128525945e-34 6.139196238334968924e-04 0.000000000000000000e+00
9.993518208342876408e-01 3.425954187894185578e-05 9.639691335807030476e-35 1.542053545128525945e-34 6.139196238334968924e-04 0.000000000000000000e+00
9.993518208342876408e-01 3.425954187894185578e-05 9.639691335807030476e-35 1.542053545128525945e-34 6.139196238334968924e-04 0.000000000000000000e+00
9.993518208342876408e-01 3.425954187894185578e-05 9.639691335807030476e-35 1.542053545128525945e-34 6.139196238334968924e-04 0.000000000000000000e+00
9.993518208342876408e-01 3.425954187894185578e-05 9.639691335807030476e-35 1.542053545128525945e-34 6.139196238334968924e-04 0.000000000000000000e+00
9.993518208342876408e-01 3.425954187894185578e-05 9.639691335807030476e-35 1.542053545128525945e-34 6.139196238334968924e-04 0.000000000000000000e+00
9.993518208342876408e-01 3.425954187894185578e-05 9.639691335807030476e-35 1.542053545128525945e-34 6.139196238334968924e-04 0.000000000000000000e+00
9.993518208342876408e-01 3.425954187894185578e-05 9.639691335807030476e-35 1.542053545128525945e-34 6.139196238334968924e-04 0.000000000000000000e+00
9.993518208342876408e-01 3.425954187894185578e-05 9.639691335807030476e-35 1.542053545128525945e-34 6.139196238334968924e-04 0.000000000000000000e+00
9.993518208342876408e-01 3.425954187894185578e-05 9.639691335807030476e-35 1.542053545128525945e-34 6.139196238334968924e-04 0.000000000000000000e+00
9.993518208342876408e-01 3.425954187894185578e-05 9.639691335807030476e-35 1.542053545128525945e-34 6.139196238334968924e-04 0.000000000000000000e+00
9.993518208342876408e-01 3.425954187894185578e-05 9.639691335807030476e-35 1.542053545128525945e-34 6.139196238334968924e-04 0.000000000000000000e+00
9.993518208342876408e-01 3.425954187894185578e-05 9.639691335807030476e-35 1.542053545128525945e-34 6.139196238334968924e-04 0.000000000000000000e+00
9.993518208342876408e-01 3.425954187894185578e-05 9.639691335807030476e-35 1.542053545128525945e-34 6.139196238334968924e-04 0.000000000000000000e+00
9.993518208342876408e-01 3.425954187894185578e-05 9.639691335807030476e-35 1.542053545128525945e-34 6.139196238334968924e-04 0.000000000000000000e+00
9.993518208342876408e-01 3.425954187894185578e-05 9.639691335807030476e-35 1.542053545128525945e-34 6.139196238334968924e-04 0.000000000000000000e+00
9.993518208342876408e-01 3.425954187894185578e-05 9.639691335807030476e-35 1.542053545128525945e-34 6.139196238334968924e-04 0.000000000000000000e+00
9.993518208342876408e-01 3.425954187894185578e-05 9.639691335807030476e-35 1.542053545128525945e-34 6.139196238334968924e-04 0.000000000000000000e+00
9.993518208342876408e-01 3.425954187894185578e-05 9.639691335807030476e-35 1.542053545128525945e-34 6.139196238334968924e-04 0.000000000000000000e+00
9.993518208342876408e-01 3.425954187894185578e-05 9.639691335807030476e-35 1.542053545128525945e-34 6.139196238334968924e-04 0.000000000000000000e+00
9.993518208342876408e-01 3.425954187894185578e-05 9.639691335807030476e-35 1.542053545128525945e-34 6.139196238334968924e-04 0.000000000000000000e+00
9.993518208342876408e-01 3.425954187894185578e-05 9.639691335807030476e-35 1.542053545128525945e-34 6.139196238334968924e-04 0.000000000000000000e+00
9.993518208342876408e-01 3.425954187894185578e-05 9.639691335807030476e-35 1.542053545128525945e-34 6.139196238334968924e-04 0.000000000000000000e+00
9.993518208342876408e-01 3.425954187894185578e-05 9.639691335807030476e-35 1.542053545128525945e-34 6.139196238334968924e-04 0.000000000000000000e+00
9.993518208342876408e-01 3.425954187894185578e-05 9.639691335807030476e-35 1.542053545128525945e-34 6.139196238334968924e-04 0.000000000000000000e+00
9.993518208342876408e-01 3.425954187894185578e-05 9.639691335807030476e-35 1.542053545128525945e-34 6.139196238334968924e-04 0.000000000000000000e+00
9.993518208342876408e-01 3.425954187894185578e-05 9.639691335807030476e-35 1.542053545128525945e-34 6.139196238334968924e-04 0.000000000000000000e+00
9.993518208342876408e-01 3.425954187894185578e-05 9.639691335807030476e-35 1.542053545128525945e-34 6.139196238334968924e-04 0.000000000000000000e+00
9.993518208342876408e-01 3.425954187894185578e-05 9.639691335807030476e-35 1.542053545128525945e-34 6.139196238334968924e-04 0.000000000000000000e+00
9.993518208342876408e-01 3.425954187894185578e-05 9.639691335807030476e-35 1.542053545128525945e-34 6.139196238334968924e-04 0.000000000000000000e+00
9.993518208342876408e-01 3.425954187894185578e-05 9.639691335807030476e-35 1.542053545128525945e-34 6.139196238334968924e-04 0.000000000000000000e+00
9.993518208342876408e-01 3.425954187894185578e-05 9.639691335807030476e-35 1.542053545128525945e-34 6.139196238334968924e-04 0.000000000000000000e+00
9.993518208342876408e-01 3.425954187894185578e-05 9.639691335807030476e-35 1.542053545128525945e-34 6.139196238334968924e-04 0.000000000000000000e+00
9.993518208342876408e-01 3.425954187894185578e-05 9.639691335807030476e-35 1.542053545128525945e-34 6.139196238334968924e-04 0.000000000000000000e+00
9.993518208342876408e-01 3.425954187894185578e-05 9.639691335807030476e-35 1.542053545128525945e-34 6.139196238334968924e-04 0.000000000000000000e+00
9.993518208342876408e-01 3.425954187894185578e-05 9.639691335807030476e-35 1.542053545128525945e-34 6.139196238334968924e-04 0.000000000000000000e+00
9.993518208342876408e-01 3.425954187894185578e-05 9.639691335807030476e-35 1.542053545128525945e-34 6.139196238334968924e-04 0.000000000000000000e+00
9.993518208342876408e-01 3.425954187894185578e-05 9.639691335807030476e-35 1.542053545128525945e-34 6.139196238334968924e-04 0.000000000000000000e+00
9.993518208342876408e-01 3.425954187894185578e-05 9.639691335807030476e-35 1.542053545128525945e-34 6.139196238334968924e-04 0.000000000000000000e+00
9.993518208342876408e-01 3.425954187894185578e-05 9.639691335807030476e-35 1.542053545128525945e-34 6.139196238334968924e-04 0.000000000000000000e+00
9.993518208342876408e-01 3.425954187894185578e-05 9.639691335807030476e-35 1.542053545128525945e-34 6.139196238334968924e-04 0.000000000000000000e+00
9.993518208342876408e-01 3.425954187894185578e-05 9.639691335807030476e-35 1.542053545128525945e-34 6.139196238334968924e-04 0.000000000000000000e+00
9.993518208342876408e-01 3.425954187894185578e-05 9.639691335807030476e-35 1.542053545128525945e-34 6.139196238334968924e-04 0.000000000000000000e+00
9.993518208342876408e-01 3.425954187894185578e-05 9.639691335807030476e-35 1.542053545128525945e-34 6.139196238334968924e-04 0.000000000000000000e+00
9.993518208342876408e-01 3.425954187894185578e-05 9.639691335807030476e-35 1.542053545128525945e-34 6.139196238334968924e-04 0.000000000000000000e+00
9.993518208342876408e-01 3.425954187894185578e-05 9.639691335807030476e-35 1.542053545128525945e-34 6.139196238334968924e-04 0.000000000000000000e+00
9.993518208342876408e-01 3.425954187894185578e-05 9.639691335807030476e-35 1.542053545128525945e-34 6.139196238334968924e-04 0.000000000000000000e+00
9.993518208342876408e-01 3.425954187894185578e-05 9.639691335807030476e-35 1.542053545128525945e-34 6.139196238334968924e-04 0.000000000000000000e+00
9.993518208342876408e-01 3.425954187894185578e-05 9.639691335807030476e-35 1.542053545128525945e-34 6.139196238334968924e-04 0.000000000000000000e+00
9.993518208342876408e-01 3.425954187894185578e-05 9.639691335807030476e-35 1.542053545128525945e-34 6.139196238334968924e-04 0.000000000000000000e+00
9.993518208342876408e-01 3.425954187894185578e-05 9.639691335807030476e-35 1.542053545128525945e-34 6.139196238334968924e-04 0.000000000000000000e+00
9.993518208342876408e-01 3.425954187894185578e-05 9.639691335807030476e-35 1.542053545128525945e-34 6.139196238334968924e-04 0.000000000000000000e+00
9.993518208342876408e-01 3.425954187894185578e-05 9.639691335807030476e-35 1.542053545128525945e-34 6.139196238334968924e-04 0.000000000000000000e+00
9.993518208342876408e-01 3.425954187894185578e-05 9.639691335807030476e-35 1.542053545128525945e-34 6.139196238334968924e-04 0.000000000000000000e+00
9.993518208342876408e-01 3.425954187894185578e-05 9.639691335807030476e-35 1.542053545128525945e-34 6.139196238334968924e-04 0.000000000000000000e+00
9.993518208342876408e-01 3.425954187894185578e-05 9.639691335807030476e-35 1.542053545128525945e-34 6.139196238334968924e-04 0.000000000000000000e+00
9.993518208342876408e-01 3.425954187894185578e-05 9.639691335807030476e-35 1.542053545128525945e-34 6.139196238334968924e-04 0.000000000000000000e+00
9.993518208342876408e-01 3.425954187894185578e-05 9.639691335807030476e-35 1.542053545128525945e-34 6.139196238334968924e-04 0.000000000000000000e+00
9.993518208342876408e-01 3.425954187894185578e-05 9.639691335807030476e-35 1.542053545128525945e-34 6.139196238334968924e-04 0.000000000000000000e+00
9.993518208342876408e-01 3.425954187894185578e-05 9.639691335807030476e-35 1.542053545128525945e-34 6.139196238334968924e-04 0.000000000000000000e+00
9.993518208342876408e-01 3.425954187894185578e-05 9.639691335807030476e-35 1.542053545128525945e-34 6.139196238334968924e-04 0.000000000000000000e+00
9.993518208342876408e-01 3.425954187894185578e-05 9.639691335807030476e-35 1.542053545128525945e-34 6.139196238334968924e-04 0.000000000000000000e+00
9.993518208342876408e-01 3.425954187894185578e-05 9.639691335807030476e-35 1.542053545128525945e-34 6.139196238334968924e-04 0.000000000000000000e+00
9.993518208342876408e-01 3.425954187894185578e-05 9.639691335807030476e-35 1.542053545128525945e-34 6.139196238334968924e-04 0.000000000000000000e+00
9.993518208342876408e-01 3.425954187894185578e-05 9.639691335807030476e-35 1.542053545128525945e-34 6.139196238334968924e-04 0.000000000000000000e+00
9.993518208342876408e-01 3.425954187894185578e-05 9.639691335807030476e-35 1.542053545128525945e-34 6.139196238334968924e-04 0.000000000000000000e+00
9.993518208342876408e-01 3.425954187894185578e-05 9.639691335807030476e-35 1.542053545128525945e-34 6.139196238334968924e-04 0.000000000000000000e+00
9.993518208342876408e-01 3.425954187894185578e-05 9.639691335807030476e-35 1.542053545128525945e-34 6.139196238334968924e-04 0.000000000000000000e+00
9.993518208342876408e-01 3.425954187894185578e-05 9.639691335807030476e-35 1.542053545128525945e-34 6.139196238334968924e-04 0.000000000000000000e+00
9.993518208342876408e-01 3.425954187894185578e-05 9.639691335807030476e-35 1.542053545128525945e-34 6.139196238334968924e-04 0.000000000000000000e+00
9.993518208342876408e-01 3.425954187894185578e-05 9.639691335807030476e-35 1.542053545128525945e-34 6.139196238334968924e-04 0.000000000000000000e+00
9.993518208342876408e-01 3.425954187894185578e-05 9.639691335807030476e-35 1.542053545128525945e-34 6.139196238334968924e-04 0.000000000000000000e+00
9.993518208342876408e-01 3.425954187894185578e-05 9.639691335807030476e-35 1.542053545128525945e-34 6.139196238334968924e-04 0.000000000000000000e+00
9.993518208342876408e-01 3.425954187894185578e-05 9.639691335807030476e-35 1.542053545128525945e-34 6.139196238334968924e-04 0.000000000000000000e+00
9.993518208342876408e-01 3.425954187894185578e-05 9.639691335807030476e-35 1.542053545128525945e-34 6.139196238334968924e-04 0.000000000000000000e+00
9.993518208342876408e-01 3.425954187894185578e-05 9.639691335807030476e-35 1.542053545128525945e-34 6.139196238334968924e-04 0.000000000000000000e+00
9.993518208342876408e-01 3.425954187894185578e-05 9.639691335807030476e-35 1.542053545128525945e-34 6.139196238334968924e-04 0.000000000000000000e+00
9.993518208342876408e-01 3.425954187894185578e-05 9.639691335807030476e-35 1.542053545128525945e-34 6.139196238334968924e-04 0.000000000000000000e+00
9.993518208342876408e-01 3.425954187894185578e-05 9.639691335807030476e-35 1.542053545128525945e-34 6.139196238334968924e-04 0.000000000000000000e+00
9.993518208342876408e-01 3.425954187894185578e-05 9.639691335807030476e-35 1.542053545128525945e-34 6.139196238334968924e-04 0.000000000000000000e+00
9.993518208342876408e-01 3.425954187894185578e-05 9.639691335807030476e-35 1.542053545128525945e-34 6.139196238334968924e-04 0.000000000000000000e+00
9.993518208342876408e-01 3.425954187894185578e-05 9.639691335807030476e-35 1.542053545128525945e-34 6.139196238334968924e-04 0.000000000000000000e+00
9.993518208342876408e-01 3.425954187894185578e-05 9.639691335807030476e-35 1.542053545128525945e-34 6.139196238334968924e-04 0.000000000000000000e+00
9.993518208342876408e-01 3.425954187894185578e-05 9.639691335807030476e-35 1.542053545128525945e-34 6.139196238334968924e-04 0.000000000000000000e+00
9.993518208342876408e-01 3.425954187894185578e-05 9.639691335807030476e-35 1.542053545128525945e-34 6.139196238334968924e-04 0.000000000000000000e+00
9.993518208342876408e-01 3.425954187894185578e-05 9.639691335807030476e-35 1.542053545128525945e-34 6.139196238334968924e-04 0.000000000000000000e+00
9.993518208342876408e-01 3.425954187894185578e-05 9.639691335807030476e-35 1.542053545128525945e-34 6.139196238334968924e-04 0.000000000000000000e+00
9.993518208342876408e-01 3.425954187894185578e-05 9.639691335807030476e-35 1.542053545128525945e-34 6.139196238334968924e-04 0.000000000000000000e+00
9.993518208342876408e-01 3.425954187894185578e-05 9.639691335807030476e-35 1.542053545128525945e-34 6.139196238334968924e-04 0.000000000000000000e+00
9.993518208342876408e-01 3.425954187894185578e-05 9.639691335807030476e-35 1.542053545128525945e-34 6.139196238334968924e-04 0.000000000000000000e+00
9.993518208342876408e-01 3.425954187894185578e-05 9.639691335807030476e-35 1.542053545128525945e-34 6.139196238334968924e-04 0.000000000000000000e+00
9.993518208342876408e-01 3.425954187894185578e-05 9.639691335807030476e-35 1.542053545128525945e-34 6.139196238334968924e-04 0.000000000000000000e+00
9.993518208342876408e-01 3.425954187894185578e-05 9.639691335807030476e-35 1.542053545128525945e-34 6.139196238334968924e-04 0.000000000000000000e+00
9.993518208342876408e-01 3.425954187894185578e-05 9.639691335807030476e-35 1.542053545128525945e-34 6.139196238334968924e-04 0.000000000000000000e+00
9.993518208342876408e-01 3.425954187894185578e-05 9.639691335807030476e-35 1.542053545128525945e-34 6.139196238334968924e-04 0.000000000000000000e+00
9.993518208342876408e-01 3.425954187894185578e-05 9.639691335807030476e-35 1.542053545128525945e-34 6.139196238334968924e-04 0.000000000000000000e+00
9.993518208342876408e-01 3.425954187894185578e-05 9.639691335807030476e-35 1.542053545128525945e-34 6.139196238334968924e-04 0.000000000000000000e+00
9.993518208342876408e-01 3.425954187894185578e-05 9.639691335807030476e-35 1.542053545128525945e-34 6.139196238334968924e-04 0.000000000000000000e+00
9.993518208342876408e-01 3.425954187894185578e-05 9.639691335807030476e-35 1.542053545128525945e-34 6.139196238334968924e-04 0.000000000000000000e+00
9.993518208342876408e-01 3.425954187894185578e-05 9.639691335807030476e-35 1.542053545128525945e-34 6.139196238334968924e-04 0.000000000000000000e+00
9.993518208342876408e-01 3.425954187894185578e-05 9.639691335807030476e-35 1.542053545128525945e-34 6.139196238334968924e-04 0.000000000000000000e+00
9.993518208342876408e-01 3.425954187894185578e-05 9.639691335807030476e-35 1.542053545128525945e-34 6.139196238334968924e-04 0.000000000000000000e+00
9.993518208342876408e-01 3.425954187894185578e-05 9.639691335807030476e-35 1.542053545128525945e-34 6.139196238334968924e-04 0.000000000000000000e+00
9.993518208342876408e-01 3.425954187894185578e-05 9.639691335807030476e-35 1.542053545128525945e-34 6.139196238334968924e-04 0.000000000000000000e+00
9.993518208342876408e-01 3.425954187894185578e-05 9.639691335807030476e-35 1.542053545128525945e-34 6.139196238334968924e-04 0.000000000000000000e+00
9.993518208342876408e-01 3.425954187894185578e-05 9.639691335807030476e-35 1.542053545128525945e-34 6.139196238334968924e-04 0.000000000000000000e+00
9.993518208342876408e-01 3.425954187894185578e-05 9.639691335807030476e-35 1.542053545128525945e-34 6.139196238334968924e-04 0.000000000000000000e+00
9.993518208342876408e-01 3.425954187894185578e-05 9.639691335807030476e-35 1.542053545128525945e-34 6.139196238334968924e-04 0.000000000000000000e+00
9.993518208342876408e-01 3.425954187894185578e-05 9.639691335807030476e-35 1.542053545128525945e-34 6.139196238334968924e-04 0.000000000000000000e+00
9.993518208342876408e-01 3.425954187894185578e-05 9.639691335807030476e-35 1.542053545128525945e-34 6.139196238334968924e-04 0.000000000000000000e+00
9.993518208342876408e-01 3.425954187894185578e-05 9.639691335807030476e-35 1.542053545128525945e-34 6.139196238334968924e-04 0.000000000000000000e+00
9.993518208342876408e-01 3.425954187894185578e-05 9.639691335807030476e-35 1.542053545128525945e-34 6.139196238334968924e-04 0.000000000000000000e+00
9.993518208342876408e-01 3.425954187894185578e-05 9.639691335807030476e-35 1.542053545128525945e-34 6.139196238334968924e-04 0.000000000000000000e+00
9.993518208342876408e-01 3.425954187894185578e-05 9.639691335807030476e-35 1.542053545128525945e-34 6.139196238334968924e-04 0.000000000000000000e+00
9.993518208342876408e-01 3.425954187894185578e-05 9.639691335807030476e-35 1.542053545128525945e-34 6.139196238334968924e-04 0.000000000000000000e+00
9.993518208342876408e-01 3.425954187894185578e-05 9.639691335807030476e-35 1.542053545128525945e-34 6.139196238334968924e-04 0.000000000000000000e+00
9.993518208342876408e-01 3.425954187894185578e-05 9.639691335807030476e-35 1.542053545128525945e-34 6.139196238334968924e-04 0.000000000000000000e+00
9.993518208342876408e-01 3.425954187894185578e-05 9.639691335807030476e-35 1.542053545128525945e-34 6.139196238334968924e-04 0.000000000000000000e+00
9.993518208342876408e-01 3.425954187894185578e-05 9.639691335807030476e-35 1.542053545128525945e-34 6.139196238334968924e-04 0.000000000000000000e+00
9.993518208342876408e-01 3.425954187894185578e-05 9.639691335807030476e-35 1.542053545128525945e-34 6.139196238334968924e-04 0.000000000000000000e+00
9.993518208342876408e-01 3.425954187894185578e-05 9.639691335807030476e-35 1.542053545128525945e-34 6.139196238334968924e-04 0.000000000000000000e+00
9.993518208342876408e-01 3.425954187894185578e-05 9.639691335807030476e-35 1.542053545128525945e-34 6.139196238334968924e-04 0.000000000000000000e+00
9.993518208342876408e-01 3.425954187894185578e-05 9.639691335807030476e-35 1.542053545128525945e-34 6.139196238334968924e-04 0.000000000000000000e+00
9.993518208342876408e-01 3.425954187894185578e-05 9.639691335807030476e-35 1.542053545128525945e-34 6.139196238334968924e-04 0.000000000000000000e+00
9.993518208342876408e-01 3.425954187894185578e-05 9.639691335807030476e-35 1.542053545128525945e-34 6.139196238334968924e-04 0.000000000000000000e+00
9.993518208342876408e-01 3.425954187894185578e-05 9.639691335807030476e-35 1.542053545128525945e-34 6.139196238334968924e-04 0.000000000000000000e+00
9.993518208342876408e-01 3.425954187894185578e-05 9.639691335807030476e-35 1.542053545128525945e-34 6.139196238334968924e-04 0.000000000000000000e+00
9.993518208342876408e-01 3.425954187894185578e-05 9.639691335807030476e-35 1.542053545128525945e-34 6.139196238334968924e-04 0.000000000000000000e+00
9.993518208342876408e-01 3.425954187894185578e-05 9.639691335807030476e-35 1.542053545128525945e-34 6.139196238334968924e-04 0.000000000000000000e+00
9.993518208342876408e-01 3.425954187894185578e-05 9.639691335807030476e-35 1.542053545128525945e-34 6.139196238334968924e-04 0.000000000000000000e+00
9.993518208342876408e-01 3.425954187894185578e-05 9.639691335807030476e-35 1.542053545128525945e-34 6.139196238334968924e-04 0.000000000000000000e+00
9.993518208342876408e-01 3.425954187894185578e-05 9.639691335807030476e-35 1.542053545128525945e-34 6.139196238334968924e-04 0.000000000000000000e+00
9.993518208342876408e-01 3.425954187894185578e-05 9.639691335807030476e-35 1.542053545128525945e-34 6.139196238334968924e-04 0.000000000000000000e+00
9.993518208342876408e-01 3.425954187894185578e-05 9.639691335807030476e-35 1.542053545128525945e-34 6.139196238334968924e-04 0.000000000000000000e+00
9.993518208342876408e-01 3.425954187894185578e-05 9.639691335807030476e-35 1.542053545128525945e-34 6.139196238334968924e-04 0.000000000000000000e+00
9.993518208342876408e-01 3.425954187894185578e-05 9.639691335807030476e-35 1.542053545128525945e-34 6.139196238334968924e-04 0.000000000000000000e+00
9.993518208342876408e-01 3.425954187894185578e-05 9.639691335807030476e-35 1.542053545128525945e-34 6.139196238334968924e-04 0.000000000000000000e+00
9.993518208342876408e-01 3.425954187894185578e-05 9.639691335807030476e-35 1.542053545128525945e-34 6.139196238334968924e-04 0.000000000000000000e+00
9.993518208342876408e-01 3.425954187894185578e-05 9.639691335807030476e-35 1.542053545128525945e-34 6.139196238334968924e-04 0.000000000000000000e+00
9.993518208342876408e-01 3.425954187894185578e-05 9.639691335807030476e-35 1.542053545128525945e-34 6.139196238334968924e-04 0.000000000000000000e+00
9.993518208342876408e-01 3.425954187894185578e-05 9.639691335807030476e-35 1.542053545128525945e-34 6.139196238334968924e-04 0.000000000000000000e+00
9.993518208342876408e-01 3.425954187894185578e-05 9.639691335807030476e-35 1.542053545128525945e-34 6.139196238334968924e-04 0.000000000000000000e+00
9.993518208342876408e-01 3.425954187894185578e-05 9.639691335807030476e-35 1.542053545128525945e-34 6.139196238334968924e-04 0.000000000000000000e+00
9.993518208342876408e-01 3.425954187894185578e-05 9.639691335807030476e-35 1.542053545128525945e-34 6.139196238334968924e-04 0.000000000000000000e+00
9.993518208342876408e-01 3.425954187894185578e-05 9.639691335807030476e-35 1.542053545128525945e-34 6.139196238334968924e-04 0.000000000000000000e+00
9.993518208342876408e-01 3.425954187894185578e-05 9.639691335807030476e-35 1.542053545128525945e-34 6.139196238334968924e-04 0.000000000000000000e+00
9.993518208342876408e-01 3.425954187894185578e-05 9.639691335807030476e-35 1.542053545128525945e-34 6.139196238334968924e-04 0.000000000000000000e+00
9.993518208342876408e-01 3.425954187894185578e-05 9.639691335807030476e-35 1.542053545128525945e-34 6.139196238334968924e-04 0.000000000000000000e+00
9.993518208342876408e-01 3.425954187894185578e-05 9.639691335807030476e-35 1.542053545128525945e-34 6.139196238334968924e-04 0.000000000000000000e+00
9.993518208342876408e-01 3.425954187894185578e-05 9.639691335807030476e-35 1.542053545128525945e-34 6.139196238334968924e-04 0.000000000000000000e+00
9.993518208342876408e-01 3.425954187894185578e-05 9.639691335807030476e-35 1.542053545128525945e-34 6.139196238334968924e-04 0.000000000000000000e+00
9.993518208342876408e-01 3.425954187894185578e-05 9.639691335807030476e-35 1.542053545128525945e-34 6.139196238334968924e-04 0.000000000000000000e+00
9.993518208342876408e-01 3.425954187894185578e-05 9.639691335807030476e-35 1.542053545128525945e-34 6.139196238334968924e-04 0.000000000000000000e+00
9.993518208342876408e-01 3.425954187894185578e-05 9.639691335807030476e-35 1.542053545128525945e-34 6.139196238334968924e-04 0.000000000000000000e+00
9.993518208342876408e-01 3.425954187894185578e-05 9.639691335807030476e-35 1.542053545128525945e-34 6.139196238334968924e-04 0.000000000000000000e+00
9.993518208342876408e-01 3.425954187894185578e-05 9.639691335807030476e-35 1.542053545128525945e-34 6.139196238334968924e-04 0.000000000000000000e+00
9.993518208342876408e-01 3.425954187894185578e-05 9.639691335807030476e-35 1.542053545128525945e-34 6.139196238334968924e-04 0.000000000000000000e+00
9.993518208342876408e-01 3.425954187894185578e-05 9.639691335807030476e-35 1.542053545128525945e-34 6.139196238334968924e-04 0.000000000000000000e+00
9.993518208342876408e-01 3.425954187894185578e-05 9.639691335807030476e-35 1.542053545128525945e-34 6.139196238334968924e-04 0.000000000000000000e+00
9.993518208342876408e-01 3.425954187894185578e-05 9.639691335807030476e-35 1.542053545128525945e-34 6.139196238334968924e-04 0.000000000000000000e+00
9.993518208342876408e-01 3.425954187894185578e-05 9.639691335807030476e-35 1.542053545128525945e-34 6.139196238334968924e-04 0.000000000000000000e+00
9.993518208342876408e-01 3.425954187894185578e-05 9.639691335807030476e-35 1.542053545128525945e-34 6.139196238334968924e-04 0.000000000000000000e+00
9.993518208342876408e-01 3.425954187894185578e-05 9.639691335807030476e-35 1.542053545128525945e-34 6.139196238334968924e-04 0.000000000000000000e+00
9.993518208342876408e-01 3.425954187894185578e-05 9.639691335807030476e-35 1.542053545128525945e-34 6.139196238334968924e-04 0.000000000000000000e+00
9.993518208342876408e-01 3.425954187894185578e-05 9.639691335807030476e-35 1.542053545128525945e-34 6.139196238334968924e-04 0.000000000000000000e+00
9.993518208342876408e-01 3.425954187894185578e-05 9.639691335807030476e-35 1.542053545128525945e-34 6.139196238334968924e-04 0.000000000000000000e+00
9.993518208342876408e-01 3.425954187894185578e-05 9.639691335807030476e-35 1.542053545128525945e-34 6.139196238334968924e-04 0.000000000000000000e+00
9.993518208342876408e-01 3.425954187894185578e-05 9.639691335807030476e-35 1.542053545128525945e-34 6.139196238334968924e-04 0.000000000000000000e+00
9.993518208342876408e-01 3.425954187894185578e-05 9.639691335807030476e-35 1.542053545128525945e-34 6.139196238334968924e-04 0.000000000000000000e+00
9.993518208342876408e-01 3.425954187894185578e-05 9.639691335807030476e-35 1.542053545128525945e-34 6.139196238334968924e-04 0.000000000000000000e+00
9.993518208342876408e-01 3.425954187894185578e-05 9.639691335807030476e-35 1.542053545128525945e-34 6.139196238334968924e-04 0.000000000000000000e+00
9.993518208342876408e-01 3.425954187894185578e-05 9.639691335807030476e-35 1.542053545128525945e-34 6.139196238334968924e-04 0.000000000000000000e+00
9.993518208342876408e-01 3.425954187894185578e-05 9.639691335807030476e-35 1.542053545128525945e-34 6.139196238334968924e-04 0.000000000000000000e+00
9.993518208342876408e-01 3.425954187894185578e-05 9.639691335807030476e-35 1.542053545128525945e-34 6.139196238334968924e-04 0.000000000000000000e+00
9.993518208342876408e-01 3.425954187894185578e-05 9.639691335807030476e-35 1.542053545128525945e-34 6.139196238334968924e-04 0.000000000000000000e+00
9.993518208342876408e-01 3.425954187894185578e-05 9.639691335807030476e-35 1.542053545128525945e-34 6.139196238334968924e-04 0.000000000000000000e+00
9.993518208342876408e-01 3.425954187894185578e-05 9.639691335807030476e-35 1.542053545128525945e-34 6.139196238334968924e-04 0.000000000000000000e+00
9.993518208342876408e-01 3.425954187894185578e-05 9.639691335807030476e-35 1.542053545128525945e-34 6.139196238334968924e-04 0.000000000000000000e+00
9.993518208342876408e-01 3.425954187894185578e-05 9.639691335807030476e-35 1.542053545128525945e-34 6.139196238334968924e-04 0.000000000000000000e+00
9.993518208342876408e-01 3.425954187894185578e-05 9.639691335807030476e-35 1.542053545128525945e-34 6.139196238334968924e-04 0.000000000000000000e+00
9.993518208342876408e-01 3.425954187894185578e-05 9.639691335807030476e-35 1.542053545128525945e-34 6.139196238334968924e-04 0.000000000000000000e+00
9.993518208342876408e-01 3.425954187894185578e-05 9.639691335807030476e-35 1.542053545128525945e-34 6.139196238334968924e-04 0.000000000000000000e+00
9.993518208342876408e-01 3.425954187894185578e-05 9.639691335807030476e-35 1.542053545128525945e-34 6.139196238334968924e-04 0.000000000000000000e+00
9.993518208342876408e-01 3.425954187894185578e-05 9.639691335807030476e-35 1.542053545128525945e-34 6.139196238334968924e-04 0.000000000000000000e+00
9.993518208342876408e-01 3.425954187894185578e-05 9.639691335807030476e-35 1.542053545128525945e-34 6.139196238334968924e-04 0.000000000000000000e+00
9.993518208342876408e-01 3.425954187894185578e-05 9.639691335807030476e-35 1.542053545128525945e-34 6.139196238334968924e-04 0.000000000000000000e+00
9.993518208342876408e-01 3.425954187894185578e-05 9.639691335807030476e-35 1.542053545128525945e-34 6.139196238334968924e-04 0.000000000000000000e+00
9.993518208342876408e-01 3.425954187894185578e-05 9.639691335807030476e-35 1.542053545128525945e-34 6.139196238334968924e-04 0.000000000000000000e+00
9.993518208342876408e-01 3.425954187894185578e-05 9.639691335807030476e-35 1.542053545128525945e-34 6.139196238334968924e-04 0.000000000000000000e+00
9.993518208342876408e-01 3.425954187894185578e-05 9.639691335807030476e-35 1.542053545128525945e-34 6.139196238334968924e-04 0.000000000000000000e+00
9.993518208342876408e-01 3.425954187894185578e-05 9.639691335807030476e-35 1.542053545128525945e-34 6.139196238334968924e-04 0.000000000000000000e+00
9.993518208342876408e-01 3.425954187894185578e-05 9.639691335807030476e-35 1.542053545128525945e-34 6.139196238334968924e-04 0.000000000000000000e+00
9.993518208342876408e-01 3.425954187894185578e-05 9.639691335807030476e-35 1.542053545128525945e-34 6.139196238334968924e-04 0.000000000000000000e+00
9.993518208342876408e-01 3.425954187894185578e-05 9.639691335807030476e-35 1.542053545128525945e-34 6.139196238334968924e-04 0.000000000000000000e+00
9.993518208342876408e-01 3.425954187894185578e-05 9.639691335807030476e-35 1.542053545128525945e-34 6.139196238334968924e-04 0.000000000000000000e+00
9.993518208342876408e-01 3.425954187894185578e-05 9.639691335807030476e-35 1.542053545128525945e-34 6.139196238334968924e-04 0.000000000000000000e+00
9.993518208342876408e-01 3.425954187894185578e-05 9.639691335807030476e-35 1.542053545128525945e-34 6.139196238334968924e-04 0.000000000000000000e+00
9.993518208342876408e-01 3.425954187894185578e-05 9.639691335807030476e-35 1.542053545128525945e-34 6.139196238334968924e-04 0.000000000000000000e+00
9.993518208342876408e-01 3.425954187894185578e-05 9.639691335807030476e-35 1.542053545128525945e-34 6.139196238334968924e-04 0.000000000000000000e+00
9.993518208342876408e-01 3.425954187894185578e-05 9.639691335807030476e-35 1.542053545128525945e-34 6.139196238334968924e-04 0.000000000000000000e+00
9.993518208342876408e-01 3.425954187894185578e-05 9.639691335807030476e-35 1.542053545128525945e-34 6.139196238334968924e-04 0.000000000000000000e+00
9.993518208342876408e-01 3.425954187894185578e-05 9.639691335807030476e-35 1.542053545128525945e-34 6.139196238334968924e-04 0.000000000000000000e+00
9.993518208342876408e-01 3.425954187894185578e-05 9.639691335807030476e-35 1.542053545128525945e-34 6.139196238334968924e-04 0.000000000000000000e+00
9.993518208342876408e-01 3.425954187894185578e-05 9.639691335807030476e-35 1.542053545128525945e-34 6.139196238334968924e-04 0.000000000000000000e+00
9.993518208342876408e-01 3.425954187894185578e-05 9.639691335807030476e-35 1.542053545128525945e-34 6.139196238334968924e-04 0.000000000000000000e+00
9.993518208342876408e-01 3.425954187894185578e-05 9.639691335807030476e-35 1.542053545128525945e-34 6.139196238334968924e-04 0.000000000000000000e+00
9.993518208342876408e-01 3.425954187894185578e-05 9.639691335807030476e-35 1.542053545128525945e-34 6.139196238334968924e-04 0.000000000000000000e+00
9.993518208342876408e-01 3.425954187894185578e-05 9.639691335807030476e-35 1.542053545128525945e-34 6.139196238334968924e-04 0.000000000000000000e+00
9.993518208342876408e-01 3.425954187894185578e-05 9.639691335807030476e-35 1.542053545128525945e-34 6.139196238334968924e-04 0.000000000000000000e+00
9.993518208342876408e-01 3.425954187894185578e-05 9.639691335807030476e-35 1.542053545128525945e-34 6.139196238334968924e-04 0.000000000000000000e+00
9.993518208342876408e-01 3.425954187894185578e-05 9.639691335807030476e-35 1.542053545128525945e-34 6.139196238334968924e-04 0.000000000000000000e+00
9.993518208342876408e-01 3.425954187894185578e-05 9.639691335807030476e-35 1.542053545128525945e-34 6.139196238334968924e-04 0.000000000000000000e+00
9.993518208342876408e-01 3.425954187894185578e-05 9.639691335807030476e-35 1.542053545128525945e-34 6.139196238334968924e-04 0.000000000000000000e+00
9.993518208342876408e-01 3.425954187894185578e-05 9.639691335807030476e-35 1.542053545128525945e-34 6.139196238334968924e-04 0.000000000000000000e+00
9.993518208342876408e-01 3.425954187894185578e-05 9.639691335807030476e-35 1.542053545128525945e-34 6.139196238334968924e-04 0.000000000000000000e+00
9.993518208342876408e-01 3.425954187894185578e-05 9.639691335807030476e-35 1.542053545128525945e-34 6.139196238334968924e-04 0.000000000000000000e+00
9.993518208342876408e-01 3.425954187894185578e-05 9.639691335807030476e-35 1.542053545128525945e-34 6.139196238334968924e-04 0.000000000000000000e+00
9.993518208342876408e-01 3.425954187894185578e-05 9.639691335807030476e-35 1.542053545128525945e-34 6.139196238334968924e-04 0.000000000000000000e+00
9.993518208342876408e-01 3.425954187894185578e-05 9.639691335807030476e-35 1.542053545128525945e-34 6.139196238334968924e-04 0.000000000000000000e+00
9.993518208342876408e-01 3.425954187894185578e-05 9.639691335807030476e-35 1.542053545128525945e-34 6.139196238334968924e-04 0.000000000000000000e+00
9.993518208342876408e-01 3.425954187894185578e-05 9.639691335807030476e-35 1.542053545128525945e-34 6.139196238334968924e-04 0.000000000000000000e+00
9.993518208342876408e-01 3.425954187894185578e-05 9.639691335807030476e-35 1.542053545128525945e-34 6.139196238334968924e-04 0.000000000000000000e+00
9.993518208342876408e-01 3.425954187894185578e-05 9.639691335807030476e-35 1.542053545128525945e-34 6.139196238334968924e-04 0.000000000000000000e+00
9.993518208342876408e-01 3.425954187894185578e-05 9.639691335807030476e-35 1.542053545128525945e-34 6.139196238334968924e-04 0.000000000000000000e+00
9.993518208342876408e-01 3.425954187894185578e-05 9.639691335807030476e-35 1.542053545128525945e-34 6.139196238334968924e-04 0.000000000000000000e+00
9.993518208342876408e-01 3.425954187894185578e-05 9.639691335807030476e-35 1.542053545128525945e-34 6.139196238334968924e-04 0.000000000000000000e+00
9.993518208342876408e-01 3.425954187894185578e-05 9.639691335807030476e-35 1.542053545128525945e-34 6.139196238334968924e-04 0.000000000000000000e+00
9.993518208342876408e-01 3.425954187894185578e-05 9.639691335807030476e-35 1.542053545128525945e-34 6.139196238334968924e-04 0.000000000000000000e+00
9.993518208342876408e-01 3.425954187894185578e-05 9.639691335807030476e-35 1.542053545128525945e-34 6.139196238334968924e-04 0.000000000000000000e+00
9.993518208342876408e-01 3.425954187894185578e-05 9.639691335807030476e-35 1.542053545128525945e-34 6.139196238334968924e-04 0.000000000000000000e+00
9.993518208342876408e-01 3.425954187894185578e-05 9.639691335807030476e-35 1.542053545128525945e-34 6.139196238334968924e-04 0.000000000000000000e+00
9.993518208342876408e-01 3.425954187894185578e-05 9.639691335807030476e-35 1.542053545128525945e-34 6.139196238334968924e-04 0.000000000000000000e+00
9.993518208342876408e-01 3.425954187894185578e-05 9.639691335807030476e-35 1.542053545128525945e-34 6.139196238334968924e-04 0.000000000000000000e+00
9.993518208342876408e-01 3.425954187894185578e-05 9.639691335807030476e-35 1.542053545128525945e-34 6.139196238334968924e-04 0.000000000000000000e+00
9.993518208342876408e-01 3.425954187894185578e-05 9.639691335807030476e-35 1.542053545128525945e-34 6.139196238334968924e-04 0.000000000000000000e+00
9.993518208342876408e-01 3.425954187894185578e-05 9.639691335807030476e-35 1.542053545128525945e-34 6.139196238334968924e-04 0.000000000000000000e+00
9.993518208342876408e-01 3.425954187894185578e-05 9.639691335807030476e-35 1.542053545128525945e-34 6.139196238334968924e-04 0.000000000000000000e+00
9.993518208342876408e-01 3.425954187894185578e-05 9.639691335807030476e-35 1.542053545128525945e-34 6.139196238334968924e-04 0.000000000000000000e+00
9.993518208342876408e-01 3.425954187894185578e-05 9.639691335807030476e-35 1.542053545128525945e-34 6.139196238334968924e-04 0.000000000000000000e+00
9.993518208342876408e-01 3.425954187894185578e-05 9.639691335807030476e-35 1.542053545128525945e-34 6.139196238334968924e-04 0.000000000000000000e+00
9.993518208342876408e-01 3.425954187894185578e-05 9.639691335807030476e-35 1.542053545128525945e-34 6.139196238334968924e-04 0.000000000000000000e+00
9.993518208342876408e-01 3.425954187894185578e-05 9.639691335807030476e-35 1.542053545128525945e-34 6.139196238334968924e-04 0.000000000000000000e+00
9.993518208342876408e-01 3.425954187894185578e-05 9.639691335807030476e-35 1.542053545128525945e-34 6.139196238334968924e-04 0.000000000000000000e+00
9.993518208342876408e-01 3.425954187894185578e-05 9.639691335807030476e-35 1.542053545128525945e-34 6.139196238334968924e-04 0.000000000000000000e+00
9.993518208342876408e-01 3.425954187894185578e-05 9.639691335807030476e-35 1.542053545128525945e-34 6.139196238334968924e-04 0.000000000000000000e+00
9.993518208342876408e-01 3.425954187894185578e-05 9.639691335807030476e-35 1.542053545128525945e-34 6.139196238334968924e-04 0.000000000000000000e+00
9.993518208342876408e-01 3.425954187894185578e-05 9.639691335807030476e-35 1.542053545128525945e-34 6.139196238334968924e-04 0.000000000000000000e+00
9.993518208342876408e-01 3.425954187894185578e-05 9.639691335807030476e-35 1.542053545128525945e-34 6.139196238334968924e-04 0.000000000000000000e+00
9.993518208342876408e-01 3.425954187894185578e-05 9.639691335807030476e-35 1.542053545128525945e-34 6.139196238334968924e-04 0.000000000000000000e+00
9.993518208342876408e-01 3.425954187894185578e-05 9.639691335807030476e-35 1.542053545128525945e-34 6.139196238334968924e-04 0.000000000000000000e+00
9.993518208342876408e-01 3.425954187894185578e-05 9.639691335807030476e-35 1.542053545128525945e-34 6.139196238334968924e-04 0.000000000000000000e+00
