9.993658660937086990e-01 2.291166965042694544e-05 5.502176322914780769e-15 7.833822767034382484e-19 6.112222366352965596e-04 0.000000000000000000e+00
9.993658660937086990e-01 2.291166965042694544e-05 3.871037972335254147e-15 5.931376606944786498e-19 6.112222366369265492e-04 0.000000000000000000e+00
9.993658660937088101e-01 2.291166965042694544e-05 2.646941246038087059e-15 4.390397013102101100e-19 6.112222366381497461e-04 0.000000000000000000e+00
9.993658660937088101e-01 2.291166965042694544e-05 1.798302724507564975e-15 3.232916922240438031e-19 6.112222366389991101e-04 0.000000000000000000e+00
9.993658660937088101e-01 2.291166965042694544e-05 1.213780853584415550e-15 2.368062596457291136e-19 6.112222366395847961e-04 0.000000000000000000e+00
9.993658660937088101e-01 2.291166965042694544e-05 8.138307955210163073e-16 1.725302049393512989e-19 6.112222366399854088e-04 0.000000000000000000e+00
9.993658660937085880e-01 2.291166965042694544e-05 5.420110500859851622e-16 1.250204951315613579e-19 6.112222366402572183e-04 0.000000000000000000e+00
9.993658660937086990e-01 2.291166965042694544e-05 3.585546819721521881e-16 9.010241740513286014e-20 6.112222366404403400e-04 0.000000000000000000e+00
9.993658660937088101e-01 2.291166965042694544e-05 2.355813581470236910e-16 6.458066904809951718e-20 6.112222366405635054e-04 0.000000000000000000e+00
9.993658660937086990e-01 2.291166965042694544e-05 1.537180244380486447e-16 4.603064825096080342e-20 6.112222366406453626e-04 0.000000000000000000e+00
9.993658660937088101e-01 2.291166965042694544e-05 9.960194465902068039e-17 3.262407860521398879e-20 6.112222366407003317e-04 0.000000000000000000e+00
9.993658660937088101e-01 2.291166965042694544e-05 6.408135677760390485e-17 2.299031464328215350e-20 6.112222366407353514e-04 0.000000000000000000e+00
9.993658660937088101e-01 2.291166965042694544e-05 4.093353603158775287e-17 1.610782320624188019e-20 6.112222366407585534e-04 0.000000000000000000e+00
9.993658660937088101e-01 2.291166965042694544e-05 2.595820740349035288e-17 1.121979570382271272e-20 6.112222366407735153e-04 0.000000000000000000e+00
9.993658660937089211e-01 2.291166965042699288e-05 1.634042562634134216e-17 7.768637830039186661e-21 6.112222366407834900e-04 0.000000000000000000e+00
9.993658660937088101e-01 2.291166965042694544e-05 1.020878651715644162e-17 5.346369614178349913e-21 6.112222366407891279e-04 0.000000000000000000e+00
9.993658660937088101e-01 2.291166965042699288e-05 6.330224657777945746e-18 3.657100031709961192e-21 6.112222366407929226e-04 0.000000000000000000e+00
9.993658660937086990e-01 2.291166965042694544e-05 3.895145155197870382e-18 2.486096041778621097e-21 6.112222366407959583e-04 0.000000000000000000e+00
9.993658660937086990e-01 2.291166965042694544e-05 2.378138070312273747e-18 1.679427379317024385e-21 6.112222366407972594e-04 0.000000000000000000e+00
9.993658660937089211e-01 2.291166965042694544e-05 1.440741803512521063e-18 1.127427516873883623e-21 6.112222366407979099e-04 0.000000000000000000e+00
9.993658660937088101e-01 2.291166965042694544e-05 8.658734773062309839e-19 7.519792101221250286e-22 6.112222366407985604e-04 0.000000000000000000e+00
9.993658660937086990e-01 2.291166965042694544e-05 5.162581721807333663e-19 4.983480857055422251e-22 6.112222366407991025e-04 0.000000000000000000e+00
9.993658660937088101e-01 2.291166965042694544e-05 3.053059599513749407e-19 3.280936982998392036e-22 6.112222366407991025e-04 0.000000000000000000e+00
9.993658660937088101e-01 2.291166965042694544e-05 1.790639802201879202e-19 2.145652978235935397e-22 6.112222366407991025e-04 0.000000000000000000e+00
9.993658660937086990e-01 2.291166965042694544e-05 1.041571303592096186e-19 1.393862433001810246e-22 6.112222366407991025e-04 0.000000000000000000e+00
9.993658660937088101e-01 2.291166965042694544e-05 6.007184230071865847e-20 8.992755365305015222e-23 6.112222366407997530e-04 0.000000000000000000e+00
9.993658660937088101e-01 2.291166965042694544e-05 3.434842331324112786e-20 5.761554019355513986e-23 6.112222366407997530e-04 0.000000000000000000e+00
9.993658660937086990e-01 2.291166965042694544e-05 1.947087570525594038e-20 3.665652301033226042e-23 6.112222366407997530e-04 0.000000000000000000e+00
9.993658660937088101e-01 2.291166965042694544e-05 1.094081788998844429e-20 2.315694160705442426e-23 6.112222366407997530e-04 0.000000000000000000e+00
9.993658660937089211e-01 2.291166965042699288e-05 6.093159639993639528e-21 1.452389112451226175e-23 6.112222366407997530e-04 0.000000000000000000e+00
9.993658660937088101e-01 2.291166965042694544e-05 3.362844552410936043e-21 9.042953602401699841e-24 6.112222366407997530e-04 0.000000000000000000e+00
9.993658660937086990e-01 2.291166965042694544e-05 1.838999022448627015e-21 5.588736001269683937e-24 6.112222366407991025e-04 0.000000000000000000e+00
9.993658660937088101e-01 2.291166965042699288e-05 9.963512519248620982e-22 3.428063095991603896e-24 6.112222366407997530e-04 0.000000000000000000e+00
9.993658660937088101e-01 2.291166965042694544e-05 5.347690963720126305e-22 2.086837849136893734e-24 6.112222366407997530e-04 0.000000000000000000e+00
9.993658660937086990e-01 2.291166965042694544e-05 2.842941970578667805e-22 1.260585776465769966e-24 6.112222366407997530e-04 0.000000000000000000e+00
9.993658660937088101e-01 2.291166965042694544e-05 1.496803755064552272e-22 7.555392672863919706e-25 6.112222366407997530e-04 0.000000000000000000e+00
9.993658660937088101e-01 2.291166965042694544e-05 7.803852649612055218e-23 4.492661200056280605e-25 6.112222366407997530e-04 0.000000000000000000e+00
9.993658660937088101e-01 2.291166965042694544e-05 4.028567742121000221e-23 2.650157381123618843e-25 6.112222366407997530e-04 0.000000000000000000e+00
9.993658660937086990e-01 2.291166965042694544e-05 2.058931851345293527e-23 1.550679976594935634e-25 6.112222366407997530e-04 0.000000000000000000e+00
9.993658660937088101e-01 2.291166965042694544e-05 1.041688458605156553e-23 8.999501808134604385e-26 6.112222366407997530e-04 0.000000000000000000e+00
9.993658660937088101e-01 2.291166965042694544e-05 5.215971867882390157e-24 5.179368516423660723e-26 6.112222366407997530e-04 0.000000000000000000e+00
9.993658660937088101e-01 2.291166965042694544e-05 2.584039788742460482e-24 2.955204907783398131e-26 6.112222366407997530e-04 0.000000000000000000e+00
9.993658660937088101e-01 2.291166965042694544e-05 1.266752531471989156e-24 1.671863282347103863e-26 6.112222366407997530e-04 0.000000000000000000e+00
9.993658660937088101e-01 2.291166965042694544e-05 6.143876655672114811e-25 9.376894168361896682e-27 6.112222366407997530e-04 0.000000000000000000e+00
9.993658660937086990e-01 2.291166965042694544e-05 2.946581938424062304e-25 5.211632432166823739e-27 6.112222366407997530e-04 0.000000000000000000e+00
9.993658660937088101e-01 2.291166965042694544e-05 1.397949965956627529e-25 2.871334137003038981e-27 6.112222366407997530e-04 0.000000000000000000e+00
9.993658660937088101e-01 2.291166965042694544e-05 6.557014588218221690e-26 1.567407033844669353e-27 6.112222366407997530e-04 0.000000000000000000e+00
9.993658660937088101e-01 2.291166965042694544e-05 3.041057409876479508e-26 8.478485525517938765e-28 6.112222366407997530e-04 0.000000000000000000e+00
9.993658660937088101e-01 2.291166965042694544e-05 1.394116405095337065e-26 4.543318714769856542e-28 6.112222366407997530e-04 0.000000000000000000e+00
9.993658660937088101e-01 2.291166965042694544e-05 6.316981484686790575e-27 2.411736977249544132e-28 6.112222366407997530e-04 0.000000000000000000e+00
9.993658660937086990e-01 2.291166965042694544e-05 3.453550951081376772e-27 1.487627036194456844e-28 6.112222366407997530e-04 0.000000000000000000e+00
9.993658660937086990e-01 2.291166965042694544e-05 3.453550951081376772e-27 1.487627036194456844e-28 6.112222366407997530e-04 0.000000000000000000e+00
9.993658660937086990e-01 2.291166965042694544e-05 3.453550951081376772e-27 1.487627036194456844e-28 6.112222366407997530e-04 0.000000000000000000e+00
9.993658660937086990e-01 2.291166965042694544e-05 3.453550951081376772e-27 1.487627036194456844e-28 6.112222366407997530e-04 0.000000000000000000e+00
9.993658660937086990e-01 2.291166965042694544e-05 3.453550951081376772e-27 1.487627036194456844e-28 6.112222366407997530e-04 0.000000000000000000e+00
9.993658660937086990e-01 2.291166965042694544e-05 3.453550951081376772e-27 1.487627036194456844e-28 6.112222366407997530e-04 0.000000000000000000e+00
9.993658660937086990e-01 2.291166965042694544e-05 3.453550951081376772e-27 1.487627036194456844e-28 6.112222366407997530e-04 0.000000000000000000e+00
9.993658660937086990e-01 2.291166965042694544e-05 3.453550951081376772e-27 1.487627036194456844e-28 6.112222366407997530e-04 0.000000000000000000e+00
9.993658660937086990e-01 2.291166965042694544e-05 3.453550951081376772e-27 1.487627036194456844e-28 6.112222366407997530e-04 0.000000000000000000e+00
9.993658660937086990e-01 2.291166965042694544e-05 3.453550951081376772e-27 1.487627036194456844e-28 6.112222366407997530e-04 0.000000000000000000e+00
9.993658660937086990e-01 2.291166965042694544e-05 3.453550951081376772e-27 1.487627036194456844e-28 6.112222366407997530e-04 0.000000000000000000e+00
9.993658660937086990e-01 2.291166965042694544e-05 3.453550951081376772e-27 1.487627036194456844e-28 6.112222366407997530e-04 0.000000000000000000e+00
9.993658660937086990e-01 2.291166965042694544e-05 3.453550951081376772e-27 1.487627036194456844e-28 6.112222366407997530e-04 0.000000000000000000e+00
9.993658660937086990e-01 2.291166965042694544e-05 3.453550951081376772e-27 1.487627036194456844e-28 6.112222366407997530e-04 0.000000000000000000e+00
9.993658660937086990e-01 2.291166965042694544e-05 3.453550951081376772e-27 1.487627036194456844e-28 6.112222366407997530e-04 0.000000000000000000e+00
9.993658660937086990e-01 2.291166965042694544e-05 3.453550951081376772e-27 1.487627036194456844e-28 6.112222366407997530e-04 0.000000000000000000e+00
9.993658660937086990e-01 2.291166965042694544e-05 3.453550951081376772e-27 1.487627036194456844e-28 6.112222366407997530e-04 0.000000000000000000e+00
9.993658660937086990e-01 2.291166965042694544e-05 3.453550951081376772e-27 1.487627036194456844e-28 6.112222366407997530e-04 0.000000000000000000e+00
9.993658660937086990e-01 2.291166965042694544e-05 3.453550951081376772e-27 1.487627036194456844e-28 6.112222366407997530e-04 0.000000000000000000e+00
9.993658660937086990e-01 2.291166965042694544e-05 3.453550951081376772e-27 1.487627036194456844e-28 6.112222366407997530e-04 0.000000000000000000e+00
9.993658660937086990e-01 2.291166965042694544e-05 3.453550951081376772e-27 1.487627036194456844e-28 6.112222366407997530e-04 0.000000000000000000e+00
9.993658660937086990e-01 2.291166965042694544e-05 3.453550951081376772e-27 1.487627036194456844e-28 6.112222366407997530e-04 0.000000000000000000e+00
9.993658660937086990e-01 2.291166965042694544e-05 3.453550951081376772e-27 1.487627036194456844e-28 6.112222366407997530e-04 0.000000000000000000e+00
9.993658660937086990e-01 2.291166965042694544e-05 3.453550951081376772e-27 1.487627036194456844e-28 6.112222366407997530e-04 0.000000000000000000e+00
9.993658660937086990e-01 2.291166965042694544e-05 3.453550951081376772e-27 1.487627036194456844e-28 6.112222366407997530e-04 0.000000000000000000e+00
9.993658660937086990e-01 2.291166965042694544e-05 3.453550951081376772e-27 1.487627036194456844e-28 6.112222366407997530e-04 0.000000000000000000e+00
9.993658660937086990e-01 2.291166965042694544e-05 3.453550951081376772e-27 1.487627036194456844e-28 6.112222366407997530e-04 0.000000000000000000e+00
9.993658660937086990e-01 2.291166965042694544e-05 3.453550951081376772e-27 1.487627036194456844e-28 6.112222366407997530e-04 0.000000000000000000e+00
9.993658660937086990e-01 2.291166965042694544e-05 3.453550951081376772e-27 1.487627036194456844e-28 6.112222366407997530e-04 0.000000000000000000e+00
9.993658660937086990e-01 2.291166965042694544e-05 3.453550951081376772e-27 1.487627036194456844e-28 6.112222366407997530e-04 0.000000000000000000e+00
9.993658660937086990e-01 2.291166965042694544e-05 3.453550951081376772e-27 1.487627036194456844e-28 6.112222366407997530e-04 0.000000000000000000e+00
9.993658660937086990e-01 2.291166965042694544e-05 3.453550951081376772e-27 1.487627036194456844e-28 6.112222366407997530e-04 0.000000000000000000e+00
9.993658660937086990e-01 2.291166965042694544e-05 3.453550951081376772e-27 1.487627036194456844e-28 6.112222366407997530e-04 0.000000000000000000e+00
9.993658660937086990e-01 2.291166965042694544e-05 3.453550951081376772e-27 1.487627036194456844e-28 6.112222366407997530e-04 0.000000000000000000e+00
9.993658660937086990e-01 2.291166965042694544e-05 3.453550951081376772e-27 1.487627036194456844e-28 6.112222366407997530e-04 0.000000000000000000e+00
9.993658660937086990e-01 2.291166965042694544e-05 3.453550951081376772e-27 1.487627036194456844e-28 6.112222366407997530e-04 0.000000000000000000e+00
9.993658660937086990e-01 2.291166965042694544e-05 3.453550951081376772e-27 1.487627036194456844e-28 6.112222366407997530e-04 0.000000000000000000e+00
9.993658660937086990e-01 2.291166965042694544e-05 3.453550951081376772e-27 1.487627036194456844e-28 6.112222366407997530e-04 0.000000000000000000e+00
9.993658660937086990e-01 2.291166965042694544e-05 3.453550951081376772e-27 1.487627036194456844e-28 6.112222366407997530e-04 0.000000000000000000e+00
9.993658660937086990e-01 2.291166965042694544e-05 3.453550951081376772e-27 1.487627036194456844e-28 6.112222366407997530e-04 0.000000000000000000e+00
9.993658660937086990e-01 2.291166965042694544e-05 3.453550951081376772e-27 1.487627036194456844e-28 6.112222366407997530e-04 0.000000000000000000e+00
9.993658660937086990e-01 2.291166965042694544e-05 3.453550951081376772e-27 1.487627036194456844e-28 6.112222366407997530e-04 0.000000000000000000e+00
9.993658660937086990e-01 2.291166965042694544e-05 3.453550951081376772e-27 1.487627036194456844e-28 6.112222366407997530e-04 0.000000000000000000e+00
9.993658660937086990e-01 2.291166965042694544e-05 3.453550951081376772e-27 1.487627036194456844e-28 6.112222366407997530e-04 0.000000000000000000e+00
9.993658660937086990e-01 2.291166965042694544e-05 3.453550951081376772e-27 1.487627036194456844e-28 6.112222366407997530e-04 0.000000000000000000e+00
9.993658660937086990e-01 2.291166965042694544e-05 3.453550951081376772e-27 1.487627036194456844e-28 6.112222366407997530e-04 0.000000000000000000e+00
9.993658660937086990e-01 2.291166965042694544e-05 3.453550951081376772e-27 1.487627036194456844e-28 6.112222366407997530e-04 0.000000000000000000e+00
9.993658660937086990e-01 2.291166965042694544e-05 3.453550951081376772e-27 1.487627036194456844e-28 6.112222366407997530e-04 0.000000000000000000e+00
9.993658660937086990e-01 2.291166965042694544e-05 3.453550951081376772e-27 1.487627036194456844e-28 6.112222366407997530e-04 0.000000000000000000e+00
9.993658660937086990e-01 2.291166965042694544e-05 3.453550951081376772e-27 1.487627036194456844e-28 6.112222366407997530e-04 0.000000000000000000e+00
9.993658660937086990e-01 2.291166965042694544e-05 3.453550951081376772e-27 1.487627036194456844e-28 6.112222366407997530e-04 0.000000000000000000e+00
9.993658660937086990e-01 2.291166965042694544e-05 3.453550951081376772e-27 1.487627036194456844e-28 6.112222366407997530e-04 0.000000000000000000e+00
9.993658660937086990e-01 2.291166965042694544e-05 3.453550951081376772e-27 1.487627036194456844e-28 6.112222366407997530e-04 0.000000000000000000e+00
9.993658660937086990e-01 2.291166965042694544e-05 3.453550951081376772e-27 1.487627036194456844e-28 6.112222366407997530e-04 0.000000000000000000e+00
9.993658660937086990e-01 2.291166965042694544e-05 3.453550951081376772e-27 1.487627036194456844e-28 6.112222366407997530e-04 0.000000000000000000e+00
9.993658660937086990e-01 2.291166965042694544e-05 3.453550951081376772e-27 1.487627036194456844e-28 6.112222366407997530e-04 0.000000000000000000e+00
9.993658660937086990e-01 2.291166965042694544e-05 3.453550951081376772e-27 1.487627036194456844e-28 6.112222366407997530e-04 0.000000000000000000e+00
9.993658660937086990e-01 2.291166965042694544e-05 3.453550951081376772e-27 1.487627036194456844e-28 6.112222366407997530e-04 0.000000000000000000e+00
9.993658660937086990e-01 2.291166965042694544e-05 3.453550951081376772e-27 1.487627036194456844e-28 6.112222366407997530e-04 0.000000000000000000e+00
9.993658660937086990e-01 2.291166965042694544e-05 3.453550951081376772e-27 1.487627036194456844e-28 6.112222366407997530e-04 0.000000000000000000e+00
9.993658660937086990e-01 2.291166965042694544e-05 3.453550951081376772e-27 1.487627036194456844e-28 6.112222366407997530e-04 0.000000000000000000e+00
9.993658660937086990e-01 2.291166965042694544e-05 3.453550951081376772e-27 1.487627036194456844e-28 6.112222366407997530e-04 0.000000000000000000e+00
9.993658660937086990e-01 2.291166965042694544e-05 3.453550951081376772e-27 1.487627036194456844e-28 6.112222366407997530e-04 0.000000000000000000e+00
9.993658660937086990e-01 2.291166965042694544e-05 3.453550951081376772e-27 1.487627036194456844e-28 6.112222366407997530e-04 0.000000000000000000e+00
9.993658660937086990e-01 2.291166965042694544e-05 3.453550951081376772e-27 1.487627036194456844e-28 6.112222366407997530e-04 0.000000000000000000e+00
9.993658660937086990e-01 2.291166965042694544e-05 3.453550951081376772e-27 1.487627036194456844e-28 6.112222366407997530e-04 0.000000000000000000e+00
9.993658660937086990e-01 2.291166965042694544e-05 3.453550951081376772e-27 1.487627036194456844e-28 6.112222366407997530e-04 0.000000000000000000e+00
9.993658660937086990e-01 2.291166965042694544e-05 3.453550951081376772e-27 1.487627036194456844e-28 6.112222366407997530e-04 0.000000000000000000e+00
9.993658660937086990e-01 2.291166965042694544e-05 3.453550951081376772e-27 1.487627036194456844e-28 6.112222366407997530e-04 0.000000000000000000e+00
9.993658660937086990e-01 2.291166965042694544e-05 3.453550951081376772e-27 1.487627036194456844e-28 6.112222366407997530e-04 0.000000000000000000e+00
9.993658660937086990e-01 2.291166965042694544e-05 3.453550951081376772e-27 1.487627036194456844e-28 6.112222366407997530e-04 0.000000000000000000e+00
9.993658660937086990e-01 2.291166965042694544e-05 3.453550951081376772e-27 1.487627036194456844e-28 6.112222366407997530e-04 0.000000000000000000e+00
9.993658660937086990e-01 2.291166965042694544e-05 3.453550951081376772e-27 1.487627036194456844e-28 6.112222366407997530e-04 0.000000000000000000e+00
9.993658660937086990e-01 2.291166965042694544e-05 3.453550951081376772e-27 1.487627036194456844e-28 6.112222366407997530e-04 0.000000000000000000e+00
9.993658660937086990e-01 2.291166965042694544e-05 3.453550951081376772e-27 1.487627036194456844e-28 6.112222366407997530e-04 0.000000000000000000e+00
9.993658660937086990e-01 2.291166965042694544e-05 3.453550951081376772e-27 1.487627036194456844e-28 6.112222366407997530e-04 0.000000000000000000e+00
9.993658660937086990e-01 2.291166965042694544e-05 3.453550951081376772e-27 1.487627036194456844e-28 6.112222366407997530e-04 0.000000000000000000e+00
9.993658660937086990e-01 2.291166965042694544e-05 3.453550951081376772e-27 1.487627036194456844e-28 6.112222366407997530e-04 0.000000000000000000e+00
9.993658660937086990e-01 2.291166965042694544e-05 3.453550951081376772e-27 1.487627036194456844e-28 6.112222366407997530e-04 0.000000000000000000e+00
9.993658660937086990e-01 2.291166965042694544e-05 3.453550951081376772e-27 1.487627036194456844e-28 6.112222366407997530e-04 0.000000000000000000e+00
9.993658660937086990e-01 2.291166965042694544e-05 3.453550951081376772e-27 1.487627036194456844e-28 6.112222366407997530e-04 0.000000000000000000e+00
9.993658660937086990e-01 2.291166965042694544e-05 3.453550951081376772e-27 1.487627036194456844e-28 6.112222366407997530e-04 0.000000000000000000e+00
9.993658660937086990e-01 2.291166965042694544e-05 3.453550951081376772e-27 1.487627036194456844e-28 6.112222366407997530e-04 0.000000000000000000e+00
9.993658660937086990e-01 2.291166965042694544e-05 3.453550951081376772e-27 1.487627036194456844e-28 6.112222366407997530e-04 0.000000000000000000e+00
9.993658660937086990e-01 2.291166965042694544e-05 3.453550951081376772e-27 1.487627036194456844e-28 6.112222366407997530e-04 0.000000000000000000e+00
9.993658660937086990e-01 2.291166965042694544e-05 3.453550951081376772e-27 1.487627036194456844e-28 6.112222366407997530e-04 0.000000000000000000e+00
9.993658660937086990e-01 2.291166965042694544e-05 3.453550951081376772e-27 1.487627036194456844e-28 6.112222366407997530e-04 0.000000000000000000e+00
9.993658660937086990e-01 2.291166965042694544e-05 3.453550951081376772e-27 1.487627036194456844e-28 6.112222366407997530e-04 0.000000000000000000e+00
9.993658660937086990e-01 2.291166965042694544e-05 3.453550951081376772e-27 1.487627036194456844e-28 6.112222366407997530e-04 0.000000000000000000e+00
9.993658660937086990e-01 2.291166965042694544e-05 3.453550951081376772e-27 1.487627036194456844e-28 6.112222366407997530e-04 0.000000000000000000e+00
9.993658660937086990e-01 2.291166965042694544e-05 3.453550951081376772e-27 1.487627036194456844e-28 6.112222366407997530e-04 0.000000000000000000e+00
9.993658660937086990e-01 2.291166965042694544e-05 3.453550951081376772e-27 1.487627036194456844e-28 6.112222366407997530e-04 0.000000000000000000e+00
9.993658660937086990e-01 2.291166965042694544e-05 3.453550951081376772e-27 1.487627036194456844e-28 6.112222366407997530e-04 0.000000000000000000e+00
9.993658660937086990e-01 2.291166965042694544e-05 3.453550951081376772e-27 1.487627036194456844e-28 6.112222366407997530e-04 0.000000000000000000e+00
9.993658660937086990e-01 2.291166965042694544e-05 3.453550951081376772e-27 1.487627036194456844e-28 6.112222366407997530e-04 0.000000000000000000e+00
9.993658660937086990e-01 2.291166965042694544e-05 3.453550951081376772e-27 1.487627036194456844e-28 6.112222366407997530e-04 0.000000000000000000e+00
9.993658660937086990e-01 2.291166965042694544e-05 3.453550951081376772e-27 1.487627036194456844e-28 6.112222366407997530e-04 0.000000000000000000e+00
9.993658660937086990e-01 2.291166965042694544e-05 3.453550951081376772e-27 1.487627036194456844e-28 6.112222366407997530e-04 0.000000000000000000e+00
9.993658660937086990e-01 2.291166965042694544e-05 3.453550951081376772e-27 1.487627036194456844e-28 6.112222366407997530e-04 0.000000000000000000e+00
9.993658660937086990e-01 2.291166965042694544e-05 3.453550951081376772e-27 1.487627036194456844e-28 6.112222366407997530e-04 0.000000000000000000e+00
9.993658660937086990e-01 2.291166965042694544e-05 3.453550951081376772e-27 1.487627036194456844e-28 6.112222366407997530e-04 0.000000000000000000e+00
9.993658660937086990e-01 2.291166965042694544e-05 3.453550951081376772e-27 1.487627036194456844e-28 6.112222366407997530e-04 0.000000000000000000e+00
9.993658660937086990e-01 2.291166965042694544e-05 3.453550951081376772e-27 1.487627036194456844e-28 6.112222366407997530e-04 0.000000000000000000e+00
9.993658660937086990e-01 2.291166965042694544e-05 3.453550951081376772e-27 1.487627036194456844e-28 6.112222366407997530e-04 0.000000000000000000e+00
9.993658660937086990e-01 2.291166965042694544e-05 3.453550951081376772e-27 1.487627036194456844e-28 6.112222366407997530e-04 0.000000000000000000e+00
9.993658660937086990e-01 2.291166965042694544e-05 3.453550951081376772e-27 1.487627036194456844e-28 6.112222366407997530e-04 0.000000000000000000e+00
9.993658660937086990e-01 2.291166965042694544e-05 3.453550951081376772e-27 1.487627036194456844e-28 6.112222366407997530e-04 0.000000000000000000e+00
9.993658660937086990e-01 2.291166965042694544e-05 3.453550951081376772e-27 1.487627036194456844e-28 6.112222366407997530e-04 0.000000000000000000e+00
9.993658660937086990e-01 2.291166965042694544e-05 3.453550951081376772e-27 1.487627036194456844e-28 6.112222366407997530e-04 0.000000000000000000e+00
9.993658660937086990e-01 2.291166965042694544e-05 3.453550951081376772e-27 1.487627036194456844e-28 6.112222366407997530e-04 0.000000000000000000e+00
9.993658660937086990e-01 2.291166965042694544e-05 3.453550951081376772e-27 1.487627036194456844e-28 6.112222366407997530e-04 0.000000000000000000e+00
9.993658660937086990e-01 2.291166965042694544e-05 3.453550951081376772e-27 1.487627036194456844e-28 6.112222366407997530e-04 0.000000000000000000e+00
9.993658660937086990e-01 2.291166965042694544e-05 3.453550951081376772e-27 1.487627036194456844e-28 6.112222366407997530e-04 0.000000000000000000e+00
9.993658660937086990e-01 2.291166965042694544e-05 3.453550951081376772e-27 1.487627036194456844e-28 6.112222366407997530e-04 0.000000000000000000e+00
9.993658660937086990e-01 2.291166965042694544e-05 3.453550951081376772e-27 1.487627036194456844e-28 6.112222366407997530e-04 0.000000000000000000e+00
9.993658660937086990e-01 2.291166965042694544e-05 3.453550951081376772e-27 1.487627036194456844e-28 6.112222366407997530e-04 0.000000000000000000e+00
9.993658660937086990e-01 2.291166965042694544e-05 3.453550951081376772e-27 1.487627036194456844e-28 6.112222366407997530e-04 0.000000000000000000e+00
9.993658660937086990e-01 2.291166965042694544e-05 3.453550951081376772e-27 1.487627036194456844e-28 6.112222366407997530e-04 0.000000000000000000e+00
9.993658660937086990e-01 2.291166965042694544e-05 3.453550951081376772e-27 1.487627036194456844e-28 6.112222366407997530e-04 0.000000000000000000e+00
9.993658660937086990e-01 2.291166965042694544e-05 3.453550951081376772e-27 1.487627036194456844e-28 6.112222366407997530e-04 0.000000000000000000e+00
9.993658660937086990e-01 2.291166965042694544e-05 3.453550951081376772e-27 1.487627036194456844e-28 6.112222366407997530e-04 0.000000000000000000e+00
9.993658660937086990e-01 2.291166965042694544e-05 3.453550951081376772e-27 1.487627036194456844e-28 6.112222366407997530e-04 0.000000000000000000e+00
9.993658660937086990e-01 2.291166965042694544e-05 3.453550951081376772e-27 1.487627036194456844e-28 6.112222366407997530e-04 0.000000000000000000e+00
9.993658660937086990e-01 2.291166965042694544e-05 3.453550951081376772e-27 1.487627036194456844e-28 6.112222366407997530e-04 0.000000000000000000e+00
9.993658660937086990e-01 2.291166965042694544e-05 3.453550951081376772e-27 1.487627036194456844e-28 6.112222366407997530e-04 0.000000000000000000e+00
9.993658660937086990e-01 2.291166965042694544e-05 3.453550951081376772e-27 1.487627036194456844e-28 6.112222366407997530e-04 0.000000000000000000e+00
9.993658660937086990e-01 2.291166965042694544e-05 3.453550951081376772e-27 1.487627036194456844e-28 6.112222366407997530e-04 0.000000000000000000e+00
9.993658660937086990e-01 2.291166965042694544e-05 3.453550951081376772e-27 1.487627036194456844e-28 6.112222366407997530e-04 0.000000000000000000e+00
9.993658660937086990e-01 2.291166965042694544e-05 3.453550951081376772e-27 1.487627036194456844e-28 6.112222366407997530e-04 0.000000000000000000e+00
9.993658660937086990e-01 2.291166965042694544e-05 3.453550951081376772e-27 1.487627036194456844e-28 6.112222366407997530e-04 0.000000000000000000e+00
9.993658660937086990e-01 2.291166965042694544e-05 3.453550951081376772e-27 1.487627036194456844e-28 6.112222366407997530e-04 0.000000000000000000e+00
9.993658660937086990e-01 2.291166965042694544e-05 3.453550951081376772e-27 1.487627036194456844e-28 6.112222366407997530e-04 0.000000000000000000e+00
9.993658660937086990e-01 2.291166965042694544e-05 3.453550951081376772e-27 1.487627036194456844e-28 6.112222366407997530e-04 0.000000000000000000e+00
9.993658660937086990e-01 2.291166965042694544e-05 3.453550951081376772e-27 1.487627036194456844e-28 6.112222366407997530e-04 0.000000000000000000e+00
9.993658660937086990e-01 2.291166965042694544e-05 3.453550951081376772e-27 1.487627036194456844e-28 6.112222366407997530e-04 0.000000000000000000e+00
9.993658660937086990e-01 2.291166965042694544e-05 3.453550951081376772e-27 1.487627036194456844e-28 6.112222366407997530e-04 0.000000000000000000e+00
9.993658660937086990e-01 2.291166965042694544e-05 3.453550951081376772e-27 1.487627036194456844e-28 6.112222366407997530e-04 0.000000000000000000e+00
9.993658660937086990e-01 2.291166965042694544e-05 3.453550951081376772e-27 1.487627036194456844e-28 6.112222366407997530e-04 0.000000000000000000e+00
9.993658660937086990e-01 2.291166965042694544e-05 3.453550951081376772e-27 1.487627036194456844e-28 6.112222366407997530e-04 0.000000000000000000e+00
9.993658660937086990e-01 2.291166965042694544e-05 3.453550951081376772e-27 1.487627036194456844e-28 6.112222366407997530e-04 0.000000000000000000e+00
9.993658660937086990e-01 2.291166965042694544e-05 3.453550951081376772e-27 1.487627036194456844e-28 6.112222366407997530e-04 0.000000000000000000e+00
9.993658660937086990e-01 2.291166965042694544e-05 3.453550951081376772e-27 1.487627036194456844e-28 6.112222366407997530e-04 0.000000000000000000e+00
9.993658660937086990e-01 2.291166965042694544e-05 3.453550951081376772e-27 1.487627036194456844e-28 6.112222366407997530e-04 0.000000000000000000e+00
9.993658660937086990e-01 2.291166965042694544e-05 3.453550951081376772e-27 1.487627036194456844e-28 6.112222366407997530e-04 0.000000000000000000e+00
9.993658660937086990e-01 2.291166965042694544e-05 3.453550951081376772e-27 1.487627036194456844e-28 6.112222366407997530e-04 0.000000000000000000e+00
9.993658660937086990e-01 2.291166965042694544e-05 3.453550951081376772e-27 1.487627036194456844e-28 6.112222366407997530e-04 0.000000000000000000e+00
9.993658660937086990e-01 2.291166965042694544e-05 3.453550951081376772e-27 1.487627036194456844e-28 6.112222366407997530e-04 0.000000000000000000e+00
9.993658660937086990e-01 2.291166965042694544e-05 3.453550951081376772e-27 1.487627036194456844e-28 6.112222366407997530e-04 0.000000000000000000e+00
9.993658660937086990e-01 2.291166965042694544e-05 3.453550951081376772e-27 1.487627036194456844e-28 6.112222366407997530e-04 0.000000000000000000e+00
9.993658660937086990e-01 2.291166965042694544e-05 3.453550951081376772e-27 1.487627036194456844e-28 6.112222366407997530e-04 0.000000000000000000e+00
9.993658660937086990e-01 2.291166965042694544e-05 3.453550951081376772e-27 1.487627036194456844e-28 6.112222366407997530e-04 0.000000000000000000e+00
9.993658660937086990e-01 2.291166965042694544e-05 3.453550951081376772e-27 1.487627036194456844e-28 6.112222366407997530e-04 0.000000000000000000e+00
9.993658660937086990e-01 2.291166965042694544e-05 3.453550951081376772e-27 1.487627036194456844e-28 6.112222366407997530e-04 0.000000000000000000e+00
9.993658660937086990e-01 2.291166965042694544e-05 3.453550951081376772e-27 1.487627036194456844e-28 6.112222366407997530e-04 0.000000000000000000e+00
9.993658660937086990e-01 2.291166965042694544e-05 3.453550951081376772e-27 1.487627036194456844e-28 6.112222366407997530e-04 0.000000000000000000e+00
9.993658660937086990e-01 2.291166965042694544e-05 3.453550951081376772e-27 1.487627036194456844e-28 6.112222366407997530e-04 0.000000000000000000e+00
9.993658660937086990e-01 2.291166965042694544e-05 3.453550951081376772e-27 1.487627036194456844e-28 6.112222366407997530e-04 0.000000000000000000e+00
9.993658660937086990e-01 2.291166965042694544e-05 3.453550951081376772e-27 1.487627036194456844e-28 6.112222366407997530e-04 0.000000000000000000e+00
9.993658660937086990e-01 2.291166965042694544e-05 3.453550951081376772e-27 1.487627036194456844e-28 6.112222366407997530e-04 0.000000000000000000e+00
9.993658660937086990e-01 2.291166965042694544e-05 3.453550951081376772e-27 1.487627036194456844e-28 6.112222366407997530e-04 0.000000000000000000e+00
9.993658660937086990e-01 2.291166965042694544e-05 3.453550951081376772e-27 1.487627036194456844e-28 6.112222366407997530e-04 0.000000000000000000e+00
9.993658660937086990e-01 2.291166965042694544e-05 3.453550951081376772e-27 1.487627036194456844e-28 6.112222366407997530e-04 0.000000000000000000e+00
9.993658660937086990e-01 2.291166965042694544e-05 3.453550951081376772e-27 1.487627036194456844e-28 6.112222366407997530e-04 0.000000000000000000e+00
9.993658660937086990e-01 2.291166965042694544e-05 3.453550951081376772e-27 1.487627036194456844e-28 6.112222366407997530e-04 0.000000000000000000e+00
9.993658660937086990e-01 2.291166965042694544e-05 3.453550951081376772e-27 1.487627036194456844e-28 6.112222366407997530e-04 0.000000000000000000e+00
9.993658660937086990e-01 2.291166965042694544e-05 3.453550951081376772e-27 1.487627036194456844e-28 6.112222366407997530e-04 0.000000000000000000e+00
9.993658660937086990e-01 2.291166965042694544e-05 3.453550951081376772e-27 1.487627036194456844e-28 6.112222366407997530e-04 0.000000000000000000e+00
9.993658660937086990e-01 2.291166965042694544e-05 3.453550951081376772e-27 1.487627036194456844e-28 6.112222366407997530e-04 0.000000000000000000e+00
9.993658660937086990e-01 2.291166965042694544e-05 3.453550951081376772e-27 1.487627036194456844e-28 6.112222366407997530e-04 0.000000000000000000e+00
9.993658660937086990e-01 2.291166965042694544e-05 3.453550951081376772e-27 1.487627036194456844e-28 6.112222366407997530e-04 0.000000000000000000e+00
9.993658660937086990e-01 2.291166965042694544e-05 3.453550951081376772e-27 1.487627036194456844e-28 6.112222366407997530e-04 0.000000000000000000e+00
9.993658660937086990e-01 2.291166965042694544e-05 3.453550951081376772e-27 1.487627036194456844e-28 6.112222366407997530e-04 0.000000000000000000e+00
9.993658660937086990e-01 2.291166965042694544e-05 3.453550951081376772e-27 1.487627036194456844e-28 6.112222366407997530e-04 0.000000000000000000e+00
9.993658660937086990e-01 2.291166965042694544e-05 3.453550951081376772e-27 1.487627036194456844e-28 6.112222366407997530e-04 0.000000000000000000e+00
9.993658660937086990e-01 2.291166965042694544e-05 3.453550951081376772e-27 1.487627036194456844e-28 6.112222366407997530e-04 0.000000000000000000e+00
9.993658660937086990e-01 2.291166965042694544e-05 3.453550951081376772e-27 1.487627036194456844e-28 6.112222366407997530e-04 0.000000000000000000e+00
9.993658660937086990e-01 2.291166965042694544e-05 3.453550951081376772e-27 1.487627036194456844e-28 6.112222366407997530e-04 0.000000000000000000e+00
9.993658660937086990e-01 2.291166965042694544e-05 3.453550951081376772e-27 1.487627036194456844e-28 6.112222366407997530e-04 0.000000000000000000e+00
9.993658660937086990e-01 2.291166965042694544e-05 3.453550951081376772e-27 1.487627036194456844e-28 6.112222366407997530e-04 0.000000000000000000e+00
9.993658660937086990e-01 2.291166965042694544e-05 3.453550951081376772e-27 1.487627036194456844e-28 6.112222366407997530e-04 0.000000000000000000e+00
9.993658660937086990e-01 2.291166965042694544e-05 3.453550951081376772e-27 1.487627036194456844e-28 6.112222366407997530e-04 0.000000000000000000e+00
9.993658660937086990e-01 2.291166965042694544e-05 3.453550951081376772e-27 1.487627036194456844e-28 6.112222366407997530e-04 0.000000000000000000e+00
9.993658660937086990e-01 2.291166965042694544e-05 3.453550951081376772e-27 1.487627036194456844e-28 6.112222366407997530e-04 0.000000000000000000e+00
9.993658660937086990e-01 2.291166965042694544e-05 3.453550951081376772e-27 1.487627036194456844e-28 6.112222366407997530e-04 0.000000000000000000e+00
9.993658660937086990e-01 2.291166965042694544e-05 3.453550951081376772e-27 1.487627036194456844e-28 6.112222366407997530e-04 0.000000000000000000e+00
9.993658660937086990e-01 2.291166965042694544e-05 3.453550951081376772e-27 1.487627036194456844e-28 6.112222366407997530e-04 0.000000000000000000e+00
9.993658660937086990e-01 2.291166965042694544e-05 3.453550951081376772e-27 1.487627036194456844e-28 6.112222366407997530e-04 0.000000000000000000e+00
9.993658660937086990e-01 2.291166965042694544e-05 3.453550951081376772e-27 1.487627036194456844e-28 6.112222366407997530e-04 0.000000000000000000e+00
9.993658660937086990e-01 2.291166965042694544e-05 3.453550951081376772e-27 1.487627036194456844e-28 6.112222366407997530e-04 0.000000000000000000e+00
9.993658660937086990e-01 2.291166965042694544e-05 3.453550951081376772e-27 1.487627036194456844e-28 6.112222366407997530e-04 0.000000000000000000e+00
9.993658660937086990e-01 2.291166965042694544e-05 3.453550951081376772e-27 1.487627036194456844e-28 6.112222366407997530e-04 0.000000000000000000e+00
9.993658660937086990e-01 2.291166965042694544e-05 3.453550951081376772e-27 1.487627036194456844e-28 6.112222366407997530e-04 0.000000000000000000e+00
9.993658660937086990e-01 2.291166965042694544e-05 3.453550951081376772e-27 1.487627036194456844e-28 6.112222366407997530e-04 0.000000000000000000e+00
9.993658660937086990e-01 2.291166965042694544e-05 3.453550951081376772e-27 1.487627036194456844e-28 6.112222366407997530e-04 0.000000000000000000e+00
9.993658660937086990e-01 2.291166965042694544e-05 3.453550951081376772e-27 1.487627036194456844e-28 6.112222366407997530e-04 0.000000000000000000e+00
9.993658660937086990e-01 2.291166965042694544e-05 3.453550951081376772e-27 1.487627036194456844e-28 6.112222366407997530e-04 0.000000000000000000e+00
9.993658660937086990e-01 2.291166965042694544e-05 3.453550951081376772e-27 1.487627036194456844e-28 6.112222366407997530e-04 0.000000000000000000e+00
9.993658660937086990e-01 2.291166965042694544e-05 3.453550951081376772e-27 1.487627036194456844e-28 6.112222366407997530e-04 0.000000000000000000e+00
9.993658660937086990e-01 2.291166965042694544e-05 3.453550951081376772e-27 1.487627036194456844e-28 6.112222366407997530e-04 0.000000000000000000e+00
9.993658660937086990e-01 2.291166965042694544e-05 3.453550951081376772e-27 1.487627036194456844e-28 6.112222366407997530e-04 0.000000000000000000e+00
9.993658660937086990e-01 2.291166965042694544e-05 3.453550951081376772e-27 1.487627036194456844e-28 6.112222366407997530e-04 0.000000000000000000e+00
9.993658660937086990e-01 2.291166965042694544e-05 3.453550951081376772e-27 1.487627036194456844e-28 6.112222366407997530e-04 0.000000000000000000e+00
9.993658660937086990e-01 2.291166965042694544e-05 3.453550951081376772e-27 1.487627036194456844e-28 6.112222366407997530e-04 0.000000000000000000e+00
9.993658660937086990e-01 2.291166965042694544e-05 3.453550951081376772e-27 1.487627036194456844e-28 6.112222366407997530e-04 0.000000000000000000e+00
9.993658660937086990e-01 2.291166965042694544e-05 3.453550951081376772e-27 1.487627036194456844e-28 6.112222366407997530e-04 0.000000000000000000e+00
9.993658660937086990e-01 2.291166965042694544e-05 3.453550951081376772e-27 1.487627036194456844e-28 6.112222366407997530e-04 0.000000000000000000e+00
9.993658660937086990e-01 2.291166965042694544e-05 3.453550951081376772e-27 1.487627036194456844e-28 6.112222366407997530e-04 0.000000000000000000e+00
9.993658660937086990e-01 2.291166965042694544e-05 3.453550951081376772e-27 1.487627036194456844e-28 6.112222366407997530e-04 0.000000000000000000e+00
9.993658660937086990e-01 2.291166965042694544e-05 3.453550951081376772e-27 1.487627036194456844e-28 6.112222366407997530e-04 0.000000000000000000e+00
9.993658660937086990e-01 2.291166965042694544e-05 3.453550951081376772e-27 1.487627036194456844e-28 6.112222366407997530e-04 0.000000000000000000e+00
9.993658660937086990e-01 2.291166965042694544e-05 3.453550951081376772e-27 1.487627036194456844e-28 6.112222366407997530e-04 0.000000000000000000e+00
9.993658660937086990e-01 2.291166965042694544e-05 3.453550951081376772e-27 1.487627036194456844e-28 6.112222366407997530e-04 0.000000000000000000e+00
9.993658660937086990e-01 2.291166965042694544e-05 3.453550951081376772e-27 1.487627036194456844e-28 6.112222366407997530e-04 0.000000000000000000e+00
9.993658660937086990e-01 2.291166965042694544e-05 3.453550951081376772e-27 1.487627036194456844e-28 6.112222366407997530e-04 0.000000000000000000e+00
9.993658660937086990e-01 2.291166965042694544e-05 3.453550951081376772e-27 1.487627036194456844e-28 6.112222366407997530e-04 0.000000000000000000e+00
9.993658660937086990e-01 2.291166965042694544e-05 3.453550951081376772e-27 1.487627036194456844e-28 6.112222366407997530e-04 0.000000000000000000e+00
9.993658660937086990e-01 2.291166965042694544e-05 3.453550951081376772e-27 1.487627036194456844e-28 6.112222366407997530e-04 0.000000000000000000e+00
9.993658660937086990e-01 2.291166965042694544e-05 3.453550951081376772e-27 1.487627036194456844e-28 6.112222366407997530e-04 0.000000000000000000e+00
9.993658660937086990e-01 2.291166965042694544e-05 3.453550951081376772e-27 1.487627036194456844e-28 6.112222366407997530e-04 0.000000000000000000e+00
9.993658660937086990e-01 2.291166965042694544e-05 3.453550951081376772e-27 1.487627036194456844e-28 6.112222366407997530e-04 0.000000000000000000e+00
9.993658660937086990e-01 2.291166965042694544e-05 3.453550951081376772e-27 1.487627036194456844e-28 6.112222366407997530e-04 0.000000000000000000e+00
9.993658660937086990e-01 2.291166965042694544e-05 3.453550951081376772e-27 1.487627036194456844e-28 6.112222366407997530e-04 0.000000000000000000e+00
9.993658660937086990e-01 2.291166965042694544e-05 3.453550951081376772e-27 1.487627036194456844e-28 6.112222366407997530e-04 0.000000000000000000e+00
9.993658660937086990e-01 2.291166965042694544e-05 3.453550951081376772e-27 1.487627036194456844e-28 6.112222366407997530e-04 0.000000000000000000e+00
9.993658660937086990e-01 2.291166965042694544e-05 3.453550951081376772e-27 1.487627036194456844e-28 6.112222366407997530e-04 0.000000000000000000e+00
9.993658660937086990e-01 2.291166965042694544e-05 3.453550951081376772e-27 1.487627036194456844e-28 6.112222366407997530e-04 0.000000000000000000e+00
9.993658660937086990e-01 2.291166965042694544e-05 3.453550951081376772e-27 1.487627036194456844e-28 6.112222366407997530e-04 0.000000000000000000e+00
9.993658660937086990e-01 2.291166965042694544e-05 3.453550951081376772e-27 1.487627036194456844e-28 6.112222366407997530e-04 0.000000000000000000e+00
9.993658660937086990e-01 2.291166965042694544e-05 3.453550951081376772e-27 1.487627036194456844e-28 6.112222366407997530e-04 0.000000000000000000e+00
9.993658660937086990e-01 2.291166965042694544e-05 3.453550951081376772e-27 1.487627036194456844e-28 6.112222366407997530e-04 0.000000000000000000e+00
9.993658660937086990e-01 2.291166965042694544e-05 3.453550951081376772e-27 1.487627036194456844e-28 6.112222366407997530e-04 0.000000000000000000e+00
9.993658660937086990e-01 2.291166965042694544e-05 3.453550951081376772e-27 1.487627036194456844e-28 6.112222366407997530e-04 0.000000000000000000e+00
9.993658660937086990e-01 2.291166965042694544e-05 3.453550951081376772e-27 1.487627036194456844e-28 6.112222366407997530e-04 0.000000000000000000e+00
9.993658660937086990e-01 2.291166965042694544e-05 3.453550951081376772e-27 1.487627036194456844e-28 6.112222366407997530e-04 0.000000000000000000e+00
9.993658660937086990e-01 2.291166965042694544e-05 3.453550951081376772e-27 1.487627036194456844e-28 6.112222366407997530e-04 0.000000000000000000e+00
9.993658660937086990e-01 2.291166965042694544e-05 3.453550951081376772e-27 1.487627036194456844e-28 6.112222366407997530e-04 0.000000000000000000e+00
9.993658660937086990e-01 2.291166965042694544e-05 3.453550951081376772e-27 1.487627036194456844e-28 6.112222366407997530e-04 0.000000000000000000e+00
9.993658660937086990e-01 2.291166965042694544e-05 3.453550951081376772e-27 1.487627036194456844e-28 6.112222366407997530e-04 0.000000000000000000e+00
9.993658660937086990e-01 2.291166965042694544e-05 3.453550951081376772e-27 1.487627036194456844e-28 6.112222366407997530e-04 0.000000000000000000e+00
9.993658660937086990e-01 2.291166965042694544e-05 3.453550951081376772e-27 1.487627036194456844e-28 6.112222366407997530e-04 0.000000000000000000e+00
9.993658660937086990e-01 2.291166965042694544e-05 3.453550951081376772e-27 1.487627036194456844e-28 6.112222366407997530e-04 0.000000000000000000e+00
9.993658660937086990e-01 2.291166965042694544e-05 3.453550951081376772e-27 1.487627036194456844e-28 6.112222366407997530e-04 0.000000000000000000e+00
9.993658660937086990e-01 2.291166965042694544e-05 3.453550951081376772e-27 1.487627036194456844e-28 6.112222366407997530e-04 0.000000000000000000e+00
9.993658660937086990e-01 2.291166965042694544e-05 3.453550951081376772e-27 1.487627036194456844e-28 6.112222366407997530e-04 0.000000000000000000e+00
9.993658660937086990e-01 2.291166965042694544e-05 3.453550951081376772e-27 1.487627036194456844e-28 6.112222366407997530e-04 0.000000000000000000e+00
9.993658660937086990e-01 2.291166965042694544e-05 3.453550951081376772e-27 1.487627036194456844e-28 6.112222366407997530e-04 0.000000000000000000e+00
9.993658660937086990e-01 2.291166965042694544e-05 3.453550951081376772e-27 1.487627036194456844e-28 6.112222366407997530e-04 0.000000000000000000e+00
9.993658660937086990e-01 2.291166965042694544e-05 3.453550951081376772e-27 1.487627036194456844e-28 6.112222366407997530e-04 0.000000000000000000e+00
9.993658660937086990e-01 2.291166965042694544e-05 3.453550951081376772e-27 1.487627036194456844e-28 6.112222366407997530e-04 0.000000000000000000e+00
9.993658660937086990e-01 2.291166965042694544e-05 3.453550951081376772e-27 1.487627036194456844e-28 6.112222366407997530e-04 0.000000000000000000e+00
9.993658660937086990e-01 2.291166965042694544e-05 3.453550951081376772e-27 1.487627036194456844e-28 6.112222366407997530e-04 0.000000000000000000e+00
9.993658660937086990e-01 2.291166965042694544e-05 3.453550951081376772e-27 1.487627036194456844e-28 6.112222366407997530e-04 0.000000000000000000e+00
9.993658660937086990e-01 2.291166965042694544e-05 3.453550951081376772e-27 1.487627036194456844e-28 6.112222366407997530e-04 0.000000000000000000e+00
9.993658660937086990e-01 2.291166965042694544e-05 3.453550951081376772e-27 1.487627036194456844e-28 6.112222366407997530e-04 0.000000000000000000e+00
9.993658660937086990e-01 2.291166965042694544e-05 3.453550951081376772e-27 1.487627036194456844e-28 6.112222366407997530e-04 0.000000000000000000e+00
9.993658660937086990e-01 2.291166965042694544e-05 3.453550951081376772e-27 1.487627036194456844e-28 6.112222366407997530e-04 0.000000000000000000e+00
9.993658660937086990e-01 2.291166965042694544e-05 3.453550951081376772e-27 1.487627036194456844e-28 6.112222366407997530e-04 0.000000000000000000e+00
9.993658660937086990e-01 2.291166965042694544e-05 3.453550951081376772e-27 1.487627036194456844e-28 6.112222366407997530e-04 0.000000000000000000e+00
9.993658660937086990e-01 2.291166965042694544e-05 3.453550951081376772e-27 1.487627036194456844e-28 6.112222366407997530e-04 0.000000000000000000e+00
9.993658660937086990e-01 2.291166965042694544e-05 3.453550951081376772e-27 1.487627036194456844e-28 6.112222366407997530e-04 0.000000000000000000e+00
9.993658660937086990e-01 2.291166965042694544e-05 3.453550951081376772e-27 1.487627036194456844e-28 6.112222366407997530e-04 0.000000000000000000e+00
9.993658660937086990e-01 2.291166965042694544e-05 3.453550951081376772e-27 1.487627036194456844e-28 6.112222366407997530e-04 0.000000000000000000e+00
9.993658660937086990e-01 2.291166965042694544e-05 3.453550951081376772e-27 1.487627036194456844e-28 6.112222366407997530e-04 0.000000000000000000e+00
9.993658660937086990e-01 2.291166965042694544e-05 3.453550951081376772e-27 1.487627036194456844e-28 6.112222366407997530e-04 0.000000000000000000e+00
9.993658660937086990e-01 2.291166965042694544e-05 3.453550951081376772e-27 1.487627036194456844e-28 6.112222366407997530e-04 0.000000000000000000e+00
9.993658660937086990e-01 2.291166965042694544e-05 3.453550951081376772e-27 1.487627036194456844e-28 6.112222366407997530e-04 0.000000000000000000e+00
9.993658660937086990e-01 2.291166965042694544e-05 3.453550951081376772e-27 1.487627036194456844e-28 6.112222366407997530e-04 0.000000000000000000e+00
9.993658660937086990e-01 2.291166965042694544e-05 3.453550951081376772e-27 1.487627036194456844e-28 6.112222366407997530e-04 0.000000000000000000e+00
9.993658660937086990e-01 2.291166965042694544e-05 3.453550951081376772e-27 1.487627036194456844e-28 6.112222366407997530e-04 0.000000000000000000e+00
9.993658660937086990e-01 2.291166965042694544e-05 3.453550951081376772e-27 1.487627036194456844e-28 6.112222366407997530e-04 0.000000000000000000e+00
9.993658660937086990e-01 2.291166965042694544e-05 3.453550951081376772e-27 1.487627036194456844e-28 6.112222366407997530e-04 0.000000000000000000e+00
9.993658660937086990e-01 2.291166965042694544e-05 3.453550951081376772e-27 1.487627036194456844e-28 6.112222366407997530e-04 0.000000000000000000e+00
9.993658660937086990e-01 2.291166965042694544e-05 3.453550951081376772e-27 1.487627036194456844e-28 6.112222366407997530e-04 0.000000000000000000e+00
9.993658660937086990e-01 2.291166965042694544e-05 3.453550951081376772e-27 1.487627036194456844e-28 6.112222366407997530e-04 0.000000000000000000e+00
9.993658660937086990e-01 2.291166965042694544e-05 3.453550951081376772e-27 1.487627036194456844e-28 6.112222366407997530e-04 0.000000000000000000e+00
9.993658660937086990e-01 2.291166965042694544e-05 3.453550951081376772e-27 1.487627036194456844e-28 6.112222366407997530e-04 0.000000000000000000e+00
9.993658660937086990e-01 2.291166965042694544e-05 3.453550951081376772e-27 1.487627036194456844e-28 6.112222366407997530e-04 0.000000000000000000e+00
9.993658660937086990e-01 2.291166965042694544e-05 3.453550951081376772e-27 1.487627036194456844e-28 6.112222366407997530e-04 0.000000000000000000e+00
9.993658660937086990e-01 2.291166965042694544e-05 3.453550951081376772e-27 1.487627036194456844e-28 6.112222366407997530e-04 0.000000000000000000e+00
9.993658660937086990e-01 2.291166965042694544e-05 3.453550951081376772e-27 1.487627036194456844e-28 6.112222366407997530e-04 0.000000000000000000e+00
9.993658660937086990e-01 2.291166965042694544e-05 3.453550951081376772e-27 1.487627036194456844e-28 6.112222366407997530e-04 0.000000000000000000e+00
9.993658660937086990e-01 2.291166965042694544e-05 3.453550951081376772e-27 1.487627036194456844e-28 6.112222366407997530e-04 0.000000000000000000e+00
9.993658660937086990e-01 2.291166965042694544e-05 3.453550951081376772e-27 1.487627036194456844e-28 6.112222366407997530e-04 0.000000000000000000e+00
9.993658660937086990e-01 2.291166965042694544e-05 3.453550951081376772e-27 1.487627036194456844e-28 6.112222366407997530e-04 0.000000000000000000e+00
9.993658660937086990e-01 2.291166965042694544e-05 3.453550951081376772e-27 1.487627036194456844e-28 6.112222366407997530e-04 0.000000000000000000e+00
9.993658660937086990e-01 2.291166965042694544e-05 3.453550951081376772e-27 1.487627036194456844e-28 6.112222366407997530e-04 0.000000000000000000e+00
9.993658660937086990e-01 2.291166965042694544e-05 3.453550951081376772e-27 1.487627036194456844e-28 6.112222366407997530e-04 0.000000000000000000e+00
9.993658660937086990e-01 2.291166965042694544e-05 3.453550951081376772e-27 1.487627036194456844e-28 6.112222366407997530e-04 0.000000000000000000e+00
9.993658660937086990e-01 2.291166965042694544e-05 3.453550951081376772e-27 1.487627036194456844e-28 6.112222366407997530e-04 0.000000000000000000e+00
9.993658660937086990e-01 2.291166965042694544e-05 3.453550951081376772e-27 1.487627036194456844e-28 6.112222366407997530e-04 0.000000000000000000e+00
9.993658660937086990e-01 2.291166965042694544e-05 3.453550951081376772e-27 1.487627036194456844e-28 6.112222366407997530e-04 0.000000000000000000e+00
9.993658660937086990e-01 2.291166965042694544e-05 3.453550951081376772e-27 1.487627036194456844e-28 6.112222366407997530e-04 0.000000000000000000e+00
9.993658660937086990e-01 2.291166965042694544e-05 3.453550951081376772e-27 1.487627036194456844e-28 6.112222366407997530e-04 0.000000000000000000e+00
9.993658660937086990e-01 2.291166965042694544e-05 3.453550951081376772e-27 1.487627036194456844e-28 6.112222366407997530e-04 0.000000000000000000e+00
9.993658660937086990e-01 2.291166965042694544e-05 3.453550951081376772e-27 1.487627036194456844e-28 6.112222366407997530e-04 0.000000000000000000e+00
9.993658660937086990e-01 2.291166965042694544e-05 3.453550951081376772e-27 1.487627036194456844e-28 6.112222366407997530e-04 0.000000000000000000e+00
9.993658660937086990e-01 2.291166965042694544e-05 3.453550951081376772e-27 1.487627036194456844e-28 6.112222366407997530e-04 0.000000000000000000e+00
9.993658660937086990e-01 2.291166965042694544e-05 3.453550951081376772e-27 1.487627036194456844e-28 6.112222366407997530e-04 0.000000000000000000e+00
9.993658660937086990e-01 2.291166965042694544e-05 3.453550951081376772e-27 1.487627036194456844e-28 6.112222366407997530e-04 0.000000000000000000e+00
9.993658660937086990e-01 2.291166965042694544e-05 3.453550951081376772e-27 1.487627036194456844e-28 6.112222366407997530e-04 0.000000000000000000e+00
9.993658660937086990e-01 2.291166965042694544e-05 3.453550951081376772e-27 1.487627036194456844e-28 6.112222366407997530e-04 0.000000000000000000e+00
9.993658660937086990e-01 2.291166965042694544e-05 3.453550951081376772e-27 1.487627036194456844e-28 6.112222366407997530e-04 0.000000000000000000e+00
9.993658660937086990e-01 2.291166965042694544e-05 3.453550951081376772e-27 1.487627036194456844e-28 6.112222366407997530e-04 0.000000000000000000e+00
9.993658660937086990e-01 2.291166965042694544e-05 3.453550951081376772e-27 1.487627036194456844e-28 6.112222366407997530e-04 0.000000000000000000e+00
9.993658660937086990e-01 2.291166965042694544e-05 3.453550951081376772e-27 1.487627036194456844e-28 6.112222366407997530e-04 0.000000000000000000e+00
9.993658660937086990e-01 2.291166965042694544e-05 3.453550951081376772e-27 1.487627036194456844e-28 6.112222366407997530e-04 0.000000000000000000e+00
9.993658660937086990e-01 2.291166965042694544e-05 3.453550951081376772e-27 1.487627036194456844e-28 6.112222366407997530e-04 0.000000000000000000e+00
9.993658660937086990e-01 2.291166965042694544e-05 3.453550951081376772e-27 1.487627036194456844e-28 6.112222366407997530e-04 0.000000000000000000e+00
9.993658660937086990e-01 2.291166965042694544e-05 3.453550951081376772e-27 1.487627036194456844e-28 6.112222366407997530e-04 0.000000000000000000e+00
9.993658660937086990e-01 2.291166965042694544e-05 3.453550951081376772e-27 1.487627036194456844e-28 6.112222366407997530e-04 0.000000000000000000e+00
9.993658660937086990e-01 2.291166965042694544e-05 3.453550951081376772e-27 1.487627036194456844e-28 6.112222366407997530e-04 0.000000000000000000e+00
9.993658660937086990e-01 2.291166965042694544e-05 3.453550951081376772e-27 1.487627036194456844e-28 6.112222366407997530e-04 0.000000000000000000e+00
9.993658660937086990e-01 2.291166965042694544e-05 3.453550951081376772e-27 1.487627036194456844e-28 6.112222366407997530e-04 0.000000000000000000e+00
9.993658660937086990e-01 2.291166965042694544e-05 3.453550951081376772e-27 1.487627036194456844e-28 6.112222366407997530e-04 0.000000000000000000e+00
9.993658660937086990e-01 2.291166965042694544e-05 3.453550951081376772e-27 1.487627036194456844e-28 6.112222366407997530e-04 0.000000000000000000e+00
9.993658660937086990e-01 2.291166965042694544e-05 3.453550951081376772e-27 1.487627036194456844e-28 6.112222366407997530e-04 0.000000000000000000e+00
9.993658660937086990e-01 2.291166965042694544e-05 3.453550951081376772e-27 1.487627036194456844e-28 6.112222366407997530e-04 0.000000000000000000e+00
9.993658660937086990e-01 2.291166965042694544e-05 3.453550951081376772e-27 1.487627036194456844e-28 6.112222366407997530e-04 0.000000000000000000e+00
9.993658660937086990e-01 2.291166965042694544e-05 3.453550951081376772e-27 1.487627036194456844e-28 6.112222366407997530e-04 0.000000000000000000e+00
9.993658660937086990e-01 2.291166965042694544e-05 3.453550951081376772e-27 1.487627036194456844e-28 6.112222366407997530e-04 0.000000000000000000e+00
9.993658660937086990e-01 2.291166965042694544e-05 3.453550951081376772e-27 1.487627036194456844e-28 6.112222366407997530e-04 0.000000000000000000e+00
9.993658660937086990e-01 2.291166965042694544e-05 3.453550951081376772e-27 1.487627036194456844e-28 6.112222366407997530e-04 0.000000000000000000e+00
9.993658660937086990e-01 2.291166965042694544e-05 3.453550951081376772e-27 1.487627036194456844e-28 6.112222366407997530e-04 0.000000000000000000e+00
9.993658660937086990e-01 2.291166965042694544e-05 3.453550951081376772e-27 1.487627036194456844e-28 6.112222366407997530e-04 0.000000000000000000e+00
9.993658660937086990e-01 2.291166965042694544e-05 3.453550951081376772e-27 1.487627036194456844e-28 6.112222366407997530e-04 0.000000000000000000e+00
9.993658660937086990e-01 2.291166965042694544e-05 3.453550951081376772e-27 1.487627036194456844e-28 6.112222366407997530e-04 0.000000000000000000e+00
9.993658660937086990e-01 2.291166965042694544e-05 3.453550951081376772e-27 1.487627036194456844e-28 6.112222366407997530e-04 0.000000000000000000e+00
9.993658660937086990e-01 2.291166965042694544e-05 3.453550951081376772e-27 1.487627036194456844e-28 6.112222366407997530e-04 0.000000000000000000e+00
9.993658660937086990e-01 2.291166965042694544e-05 3.453550951081376772e-27 1.487627036194456844e-28 6.112222366407997530e-04 0.000000000000000000e+00
9.993658660937086990e-01 2.291166965042694544e-05 3.453550951081376772e-27 1.487627036194456844e-28 6.112222366407997530e-04 0.000000000000000000e+00
9.993658660937086990e-01 2.291166965042694544e-05 3.453550951081376772e-27 1.487627036194456844e-28 6.112222366407997530e-04 0.000000000000000000e+00
9.993658660937086990e-01 2.291166965042694544e-05 3.453550951081376772e-27 1.487627036194456844e-28 6.112222366407997530e-04 0.000000000000000000e+00
9.993658660937086990e-01 2.291166965042694544e-05 3.453550951081376772e-27 1.487627036194456844e-28 6.112222366407997530e-04 0.000000000000000000e+00
9.993658660937086990e-01 2.291166965042694544e-05 3.453550951081376772e-27 1.487627036194456844e-28 6.112222366407997530e-04 0.000000000000000000e+00
9.993658660937086990e-01 2.291166965042694544e-05 3.453550951081376772e-27 1.487627036194456844e-28 6.112222366407997530e-04 0.000000000000000000e+00
9.993658660937086990e-01 2.291166965042694544e-05 3.453550951081376772e-27 1.487627036194456844e-28 6.112222366407997530e-04 0.000000000000000000e+00
9.993658660937086990e-01 2.291166965042694544e-05 3.453550951081376772e-27 1.487627036194456844e-28 6.112222366407997530e-04 0.000000000000000000e+00
9.993658660937086990e-01 2.291166965042694544e-05 3.453550951081376772e-27 1.487627036194456844e-28 6.112222366407997530e-04 0.000000000000000000e+00
9.993658660937086990e-01 2.291166965042694544e-05 3.453550951081376772e-27 1.487627036194456844e-28 6.112222366407997530e-04 0.000000000000000000e+00
9.993658660937086990e-01 2.291166965042694544e-05 3.453550951081376772e-27 1.487627036194456844e-28 6.112222366407997530e-04 0.000000000000000000e+00
9.993658660937086990e-01 2.291166965042694544e-05 3.453550951081376772e-27 1.487627036194456844e-28 6.112222366407997530e-04 0.000000000000000000e+00
9.993658660937086990e-01 2.291166965042694544e-05 3.453550951081376772e-27 1.487627036194456844e-28 6.112222366407997530e-04 0.000000000000000000e+00
9.993658660937086990e-01 2.291166965042694544e-05 3.453550951081376772e-27 1.487627036194456844e-28 6.112222366407997530e-04 0.000000000000000000e+00
9.993658660937086990e-01 2.291166965042694544e-05 3.453550951081376772e-27 1.487627036194456844e-28 6.112222366407997530e-04 0.000000000000000000e+00
9.993658660937086990e-01 2.291166965042694544e-05 3.453550951081376772e-27 1.487627036194456844e-28 6.112222366407997530e-04 0.000000000000000000e+00
9.993658660937086990e-01 2.291166965042694544e-05 3.453550951081376772e-27 1.487627036194456844e-28 6.112222366407997530e-04 0.000000000000000000e+00
9.993658660937086990e-01 2.291166965042694544e-05 3.453550951081376772e-27 1.487627036194456844e-28 6.112222366407997530e-04 0.000000000000000000e+00
9.993658660937086990e-01 2.291166965042694544e-05 3.453550951081376772e-27 1.487627036194456844e-28 6.112222366407997530e-04 0.000000000000000000e+00
9.993658660937086990e-01 2.291166965042694544e-05 3.453550951081376772e-27 1.487627036194456844e-28 6.112222366407997530e-04 0.000000000000000000e+00
9.993658660937086990e-01 2.291166965042694544e-05 3.453550951081376772e-27 1.487627036194456844e-28 6.112222366407997530e-04 0.000000000000000000e+00
9.993658660937086990e-01 2.291166965042694544e-05 3.453550951081376772e-27 1.487627036194456844e-28 6.112222366407997530e-04 0.000000000000000000e+00
9.993658660937086990e-01 2.291166965042694544e-05 3.453550951081376772e-27 1.487627036194456844e-28 6.112222366407997530e-04 0.000000000000000000e+00
9.993658660937086990e-01 2.291166965042694544e-05 3.453550951081376772e-27 1.487627036194456844e-28 6.112222366407997530e-04 0.000000000000000000e+00
9.993658660937086990e-01 2.291166965042694544e-05 3.453550951081376772e-27 1.487627036194456844e-28 6.112222366407997530e-04 0.000000000000000000e+00
9.993658660937086990e-01 2.291166965042694544e-05 3.453550951081376772e-27 1.487627036194456844e-28 6.112222366407997530e-04 0.000000000000000000e+00
9.993658660937086990e-01 2.291166965042694544e-05 3.453550951081376772e-27 1.487627036194456844e-28 6.112222366407997530e-04 0.000000000000000000e+00
9.993658660937086990e-01 2.291166965042694544e-05 3.453550951081376772e-27 1.487627036194456844e-28 6.112222366407997530e-04 0.000000000000000000e+00
9.993658660937086990e-01 2.291166965042694544e-05 3.453550951081376772e-27 1.487627036194456844e-28 6.112222366407997530e-04 0.000000000000000000e+00
9.993658660937086990e-01 2.291166965042694544e-05 3.453550951081376772e-27 1.487627036194456844e-28 6.112222366407997530e-04 0.000000000000000000e+00
9.993658660937086990e-01 2.291166965042694544e-05 3.453550951081376772e-27 1.487627036194456844e-28 6.112222366407997530e-04 0.000000000000000000e+00
9.993658660937086990e-01 2.291166965042694544e-05 3.453550951081376772e-27 1.487627036194456844e-28 6.112222366407997530e-04 0.000000000000000000e+00
9.993658660937086990e-01 2.291166965042694544e-05 3.453550951081376772e-27 1.487627036194456844e-28 6.112222366407997530e-04 0.000000000000000000e+00
9.993658660937086990e-01 2.291166965042694544e-05 3.453550951081376772e-27 1.487627036194456844e-28 6.112222366407997530e-04 0.000000000000000000e+00
9.993658660937086990e-01 2.291166965042694544e-05 3.453550951081376772e-27 1.487627036194456844e-28 6.112222366407997530e-04 0.000000000000000000e+00
9.993658660937086990e-01 2.291166965042694544e-05 3.453550951081376772e-27 1.487627036194456844e-28 6.112222366407997530e-04 0.000000000000000000e+00
9.993658660937086990e-01 2.291166965042694544e-05 3.453550951081376772e-27 1.487627036194456844e-28 6.112222366407997530e-04 0.000000000000000000e+00
9.993658660937086990e-01 2.291166965042694544e-05 3.453550951081376772e-27 1.487627036194456844e-28 6.112222366407997530e-04 0.000000000000000000e+00
9.993658660937086990e-01 2.291166965042694544e-05 3.453550951081376772e-27 1.487627036194456844e-28 6.112222366407997530e-04 0.000000000000000000e+00
9.993658660937086990e-01 2.291166965042694544e-05 3.453550951081376772e-27 1.487627036194456844e-28 6.112222366407997530e-04 0.000000000000000000e+00
9.993658660937086990e-01 2.291166965042694544e-05 3.453550951081376772e-27 1.487627036194456844e-28 6.112222366407997530e-04 0.000000000000000000e+00
9.993658660937086990e-01 2.291166965042694544e-05 3.453550951081376772e-27 1.487627036194456844e-28 6.112222366407997530e-04 0.000000000000000000e+00
9.993658660937086990e-01 2.291166965042694544e-05 3.453550951081376772e-27 1.487627036194456844e-28 6.112222366407997530e-04 0.000000000000000000e+00
9.993658660937086990e-01 2.291166965042694544e-05 3.453550951081376772e-27 1.487627036194456844e-28 6.112222366407997530e-04 0.000000000000000000e+00
9.993658660937086990e-01 2.291166965042694544e-05 3.453550951081376772e-27 1.487627036194456844e-28 6.112222366407997530e-04 0.000000000000000000e+00
9.993658660937086990e-01 2.291166965042694544e-05 3.453550951081376772e-27 1.487627036194456844e-28 6.112222366407997530e-04 0.000000000000000000e+00
9.993658660937086990e-01 2.291166965042694544e-05 3.453550951081376772e-27 1.487627036194456844e-28 6.112222366407997530e-04 0.000000000000000000e+00
9.993658660937086990e-01 2.291166965042694544e-05 3.453550951081376772e-27 1.487627036194456844e-28 6.112222366407997530e-04 0.000000000000000000e+00
9.993658660937086990e-01 2.291166965042694544e-05 3.453550951081376772e-27 1.487627036194456844e-28 6.112222366407997530e-04 0.000000000000000000e+00
9.993658660937086990e-01 2.291166965042694544e-05 3.453550951081376772e-27 1.487627036194456844e-28 6.112222366407997530e-04 0.000000000000000000e+00
9.993658660937086990e-01 2.291166965042694544e-05 3.453550951081376772e-27 1.487627036194456844e-28 6.112222366407997530e-04 0.000000000000000000e+00
9.993658660937086990e-01 2.291166965042694544e-05 3.453550951081376772e-27 1.487627036194456844e-28 6.112222366407997530e-04 0.000000000000000000e+00
9.993658660937086990e-01 2.291166965042694544e-05 3.453550951081376772e-27 1.487627036194456844e-28 6.112222366407997530e-04 0.000000000000000000e+00
9.993658660937086990e-01 2.291166965042694544e-05 3.453550951081376772e-27 1.487627036194456844e-28 6.112222366407997530e-04 0.000000000000000000e+00
9.993658660937086990e-01 2.291166965042694544e-05 3.453550951081376772e-27 1.487627036194456844e-28 6.112222366407997530e-04 0.000000000000000000e+00
9.993658660937086990e-01 2.291166965042694544e-05 3.453550951081376772e-27 1.487627036194456844e-28 6.112222366407997530e-04 0.000000000000000000e+00
9.993658660937086990e-01 2.291166965042694544e-05 3.453550951081376772e-27 1.487627036194456844e-28 6.112222366407997530e-04 0.000000000000000000e+00
9.993658660937086990e-01 2.291166965042694544e-05 3.453550951081376772e-27 1.487627036194456844e-28 6.112222366407997530e-04 0.000000000000000000e+00
9.993658660937086990e-01 2.291166965042694544e-05 3.453550951081376772e-27 1.487627036194456844e-28 6.112222366407997530e-04 0.000000000000000000e+00
9.993658660937086990e-01 2.291166965042694544e-05 3.453550951081376772e-27 1.487627036194456844e-28 6.112222366407997530e-04 0.000000000000000000e+00
9.993658660937086990e-01 2.291166965042694544e-05 3.453550951081376772e-27 1.487627036194456844e-28 6.112222366407997530e-04 0.000000000000000000e+00
9.993658660937086990e-01 2.291166965042694544e-05 3.453550951081376772e-27 1.487627036194456844e-28 6.112222366407997530e-04 0.000000000000000000e+00
9.993658660937086990e-01 2.291166965042694544e-05 3.453550951081376772e-27 1.487627036194456844e-28 6.112222366407997530e-04 0.000000000000000000e+00
9.993658660937086990e-01 2.291166965042694544e-05 3.453550951081376772e-27 1.487627036194456844e-28 6.112222366407997530e-04 0.000000000000000000e+00
9.993658660937086990e-01 2.291166965042694544e-05 3.453550951081376772e-27 1.487627036194456844e-28 6.112222366407997530e-04 0.000000000000000000e+00
9.993658660937086990e-01 2.291166965042694544e-05 3.453550951081376772e-27 1.487627036194456844e-28 6.112222366407997530e-04 0.000000000000000000e+00
9.993658660937086990e-01 2.291166965042694544e-05 3.453550951081376772e-27 1.487627036194456844e-28 6.112222366407997530e-04 0.000000000000000000e+00
9.993658660937086990e-01 2.291166965042694544e-05 3.453550951081376772e-27 1.487627036194456844e-28 6.112222366407997530e-04 0.000000000000000000e+00
9.993658660937086990e-01 2.291166965042694544e-05 3.453550951081376772e-27 1.487627036194456844e-28 6.112222366407997530e-04 0.000000000000000000e+00
9.993658660937086990e-01 2.291166965042694544e-05 3.453550951081376772e-27 1.487627036194456844e-28 6.112222366407997530e-04 0.000000000000000000e+00
9.993658660937086990e-01 2.291166965042694544e-05 3.453550951081376772e-27 1.487627036194456844e-28 6.112222366407997530e-04 0.000000000000000000e+00
9.993658660937086990e-01 2.291166965042694544e-05 3.453550951081376772e-27 1.487627036194456844e-28 6.112222366407997530e-04 0.000000000000000000e+00
9.993658660937086990e-01 2.291166965042694544e-05 3.453550951081376772e-27 1.487627036194456844e-28 6.112222366407997530e-04 0.000000000000000000e+00
9.993658660937086990e-01 2.291166965042694544e-05 3.453550951081376772e-27 1.487627036194456844e-28 6.112222366407997530e-04 0.000000000000000000e+00
9.993658660937086990e-01 2.291166965042694544e-05 3.453550951081376772e-27 1.487627036194456844e-28 6.112222366407997530e-04 0.000000000000000000e+00
9.993658660937086990e-01 2.291166965042694544e-05 3.453550951081376772e-27 1.487627036194456844e-28 6.112222366407997530e-04 0.000000000000000000e+00
9.993658660937086990e-01 2.291166965042694544e-05 3.453550951081376772e-27 1.487627036194456844e-28 6.112222366407997530e-04 0.000000000000000000e+00
9.993658660937086990e-01 2.291166965042694544e-05 3.453550951081376772e-27 1.487627036194456844e-28 6.112222366407997530e-04 0.000000000000000000e+00
9.993658660937086990e-01 2.291166965042694544e-05 3.453550951081376772e-27 1.487627036194456844e-28 6.112222366407997530e-04 0.000000000000000000e+00
9.993658660937086990e-01 2.291166965042694544e-05 3.453550951081376772e-27 1.487627036194456844e-28 6.112222366407997530e-04 0.000000000000000000e+00
9.993658660937086990e-01 2.291166965042694544e-05 3.453550951081376772e-27 1.487627036194456844e-28 6.112222366407997530e-04 0.000000000000000000e+00
9.993658660937086990e-01 2.291166965042694544e-05 3.453550951081376772e-27 1.487627036194456844e-28 6.112222366407997530e-04 0.000000000000000000e+00
9.993658660937086990e-01 2.291166965042694544e-05 3.453550951081376772e-27 1.487627036194456844e-28 6.112222366407997530e-04 0.000000000000000000e+00
9.993658660937086990e-01 2.291166965042694544e-05 3.453550951081376772e-27 1.487627036194456844e-28 6.112222366407997530e-04 0.000000000000000000e+00
9.993658660937086990e-01 2.291166965042694544e-05 3.453550951081376772e-27 1.487627036194456844e-28 6.112222366407997530e-04 0.000000000000000000e+00
9.993658660937086990e-01 2.291166965042694544e-05 3.453550951081376772e-27 1.487627036194456844e-28 6.112222366407997530e-04 0.000000000000000000e+00
9.993658660937086990e-01 2.291166965042694544e-05 3.453550951081376772e-27 1.487627036194456844e-28 6.112222366407997530e-04 0.000000000000000000e+00
9.993658660937086990e-01 2.291166965042694544e-05 3.453550951081376772e-27 1.487627036194456844e-28 6.112222366407997530e-04 0.000000000000000000e+00
9.993658660937086990e-01 2.291166965042694544e-05 3.453550951081376772e-27 1.487627036194456844e-28 6.112222366407997530e-04 0.000000000000000000e+00
9.993658660937086990e-01 2.291166965042694544e-05 3.453550951081376772e-27 1.487627036194456844e-28 6.112222366407997530e-04 0.000000000000000000e+00
9.993658660937086990e-01 2.291166965042694544e-05 3.453550951081376772e-27 1.487627036194456844e-28 6.112222366407997530e-04 0.000000000000000000e+00
9.993658660937086990e-01 2.291166965042694544e-05 3.453550951081376772e-27 1.487627036194456844e-28 6.112222366407997530e-04 0.000000000000000000e+00
9.993658660937086990e-01 2.291166965042694544e-05 3.453550951081376772e-27 1.487627036194456844e-28 6.112222366407997530e-04 0.000000000000000000e+00
9.993658660937086990e-01 2.291166965042694544e-05 3.453550951081376772e-27 1.487627036194456844e-28 6.112222366407997530e-04 0.000000000000000000e+00
9.993658660937086990e-01 2.291166965042694544e-05 3.453550951081376772e-27 1.487627036194456844e-28 6.112222366407997530e-04 0.000000000000000000e+00
9.993658660937086990e-01 2.291166965042694544e-05 3.453550951081376772e-27 1.487627036194456844e-28 6.112222366407997530e-04 0.000000000000000000e+00
9.993658660937086990e-01 2.291166965042694544e-05 3.453550951081376772e-27 1.487627036194456844e-28 6.112222366407997530e-04 0.000000000000000000e+00
9.993658660937086990e-01 2.291166965042694544e-05 3.453550951081376772e-27 1.487627036194456844e-28 6.112222366407997530e-04 0.000000000000000000e+00
9.993658660937086990e-01 2.291166965042694544e-05 3.453550951081376772e-27 1.487627036194456844e-28 6.112222366407997530e-04 0.000000000000000000e+00
9.993658660937086990e-01 2.291166965042694544e-05 3.453550951081376772e-27 1.487627036194456844e-28 6.112222366407997530e-04 0.000000000000000000e+00
9.993658660937086990e-01 2.291166965042694544e-05 3.453550951081376772e-27 1.487627036194456844e-28 6.112222366407997530e-04 0.000000000000000000e+00
9.993658660937086990e-01 2.291166965042694544e-05 3.453550951081376772e-27 1.487627036194456844e-28 6.112222366407997530e-04 0.000000000000000000e+00
9.993658660937086990e-01 2.291166965042694544e-05 3.453550951081376772e-27 1.487627036194456844e-28 6.112222366407997530e-04 0.000000000000000000e+00
9.993658660937086990e-01 2.291166965042694544e-05 3.453550951081376772e-27 1.487627036194456844e-28 6.112222366407997530e-04 0.000000000000000000e+00
9.993658660937086990e-01 2.291166965042694544e-05 3.453550951081376772e-27 1.487627036194456844e-28 6.112222366407997530e-04 0.000000000000000000e+00
9.993658660937086990e-01 2.291166965042694544e-05 3.453550951081376772e-27 1.487627036194456844e-28 6.112222366407997530e-04 0.000000000000000000e+00
9.993658660937086990e-01 2.291166965042694544e-05 3.453550951081376772e-27 1.487627036194456844e-28 6.112222366407997530e-04 0.000000000000000000e+00
9.993658660937086990e-01 2.291166965042694544e-05 3.453550951081376772e-27 1.487627036194456844e-28 6.112222366407997530e-04 0.000000000000000000e+00
9.993658660937086990e-01 2.291166965042694544e-05 3.453550951081376772e-27 1.487627036194456844e-28 6.112222366407997530e-04 0.000000000000000000e+00
9.993658660937086990e-01 2.291166965042694544e-05 3.453550951081376772e-27 1.487627036194456844e-28 6.112222366407997530e-04 0.000000000000000000e+00
9.993658660937086990e-01 2.291166965042694544e-05 3.453550951081376772e-27 1.487627036194456844e-28 6.112222366407997530e-04 0.000000000000000000e+00
9.993658660937086990e-01 2.291166965042694544e-05 3.453550951081376772e-27 1.487627036194456844e-28 6.112222366407997530e-04 0.000000000000000000e+00
9.993658660937086990e-01 2.291166965042694544e-05 3.453550951081376772e-27 1.487627036194456844e-28 6.112222366407997530e-04 0.000000000000000000e+00
9.993658660937086990e-01 2.291166965042694544e-05 3.453550951081376772e-27 1.487627036194456844e-28 6.112222366407997530e-04 0.000000000000000000e+00
9.993658660937086990e-01 2.291166965042694544e-05 3.453550951081376772e-27 1.487627036194456844e-28 6.112222366407997530e-04 0.000000000000000000e+00
9.993658660937086990e-01 2.291166965042694544e-05 3.453550951081376772e-27 1.487627036194456844e-28 6.112222366407997530e-04 0.000000000000000000e+00
9.993658660937086990e-01 2.291166965042694544e-05 3.453550951081376772e-27 1.487627036194456844e-28 6.112222366407997530e-04 0.000000000000000000e+00
9.993658660937086990e-01 2.291166965042694544e-05 3.453550951081376772e-27 1.487627036194456844e-28 6.112222366407997530e-04 0.000000000000000000e+00
9.993658660937086990e-01 2.291166965042694544e-05 3.453550951081376772e-27 1.487627036194456844e-28 6.112222366407997530e-04 0.000000000000000000e+00
9.993658660937086990e-01 2.291166965042694544e-05 3.453550951081376772e-27 1.487627036194456844e-28 6.112222366407997530e-04 0.000000000000000000e+00
9.993658660937086990e-01 2.291166965042694544e-05 3.453550951081376772e-27 1.487627036194456844e-28 6.112222366407997530e-04 0.000000000000000000e+00
