9.993447753318784876e-01 6.335618285731171146e-05 5.291209525843921876e-17 5.403270015789632537e-20 5.918684852641811116e-04 0.000000000000000000e+00
9.993447753318785987e-01 6.335618285731171146e-05 3.501728363231916222e-17 3.893553401964181873e-20 5.918684852641992178e-04 0.000000000000000000e+00
9.993447753318783766e-01 6.335618285731171146e-05 2.216861191825863780e-17 2.708304951155870333e-20 5.918684852642120114e-04 0.000000000000000000e+00
9.993447753318785987e-01 6.335618285731171146e-05 1.393082604870066336e-17 1.872629944714306015e-20 5.918684852642204682e-04 0.000000000000000000e+00
9.993447753318784876e-01 6.335618285731171146e-05 8.688666658998498467e-18 1.286984297531459076e-20 5.918684852642253471e-04 0.000000000000000000e+00
9.993447753318785987e-01 6.335618285731171146e-05 5.378029943931350814e-18 8.790743278272576607e-21 5.918684852642289249e-04 0.000000000000000000e+00
9.993447753318783766e-01 6.335618285731171146e-05 3.303265670932810956e-18 5.967240926844051971e-21 5.918684852642307681e-04 0.000000000000000000e+00
9.993447753318785987e-01 6.335618285731171146e-05 2.013194834050496383e-18 4.025264908105810457e-21 5.918684852642319607e-04 0.000000000000000000e+00
9.993447753318785987e-01 6.335618285731171146e-05 1.217378720744323480e-18 2.698165947788576120e-21 5.918684852642326112e-04 0.000000000000000000e+00
9.993447753318784876e-01 6.335618285731171146e-05 7.303367295794323474e-19 1.797064030209923406e-21 5.918684852642338038e-04 0.000000000000000000e+00
9.993447753318784876e-01 6.335618285731171146e-05 4.346491707749307031e-19 1.189178903966590474e-21 5.918684852642338038e-04 0.000000000000000000e+00
9.993447753318784876e-01 6.335618285731171146e-05 2.565437729577555102e-19 7.816807223952848988e-22 5.918684852642338038e-04 0.000000000000000000e+00
9.993447753318784876e-01 6.335618285731171146e-05 1.501803645549387937e-19 5.104201216057371292e-22 5.918684852642343459e-04 0.000000000000000000e+00
9.993447753318784876e-01 6.335618285731171146e-05 8.718837111714822676e-20 3.310652283566753421e-22 5.918684852642343459e-04 0.000000000000000000e+00
9.993447753318785987e-01 6.335618285731171146e-05 5.018347714701665776e-20 2.132435312012289642e-22 5.918684852642343459e-04 0.000000000000000000e+00
9.993447753318784876e-01 6.335618285731171146e-05 2.863926848669276754e-20 1.364107210029440791e-22 5.918684852642343459e-04 0.000000000000000000e+00
9.993447753318784876e-01 6.335618285731171146e-05 1.620178143133759426e-20 8.664649509501634870e-23 5.918684852642343459e-04 0.000000000000000000e+00
9.993447753318784876e-01 6.335618285731171146e-05 9.085143222867243988e-21 5.464590509999537303e-23 5.918684852642343459e-04 0.000000000000000000e+00
9.993447753318784876e-01 6.335618285731171146e-05 5.048982574032558978e-21 3.421492013164291924e-23 5.918684852642343459e-04 0.000000000000000000e+00
9.993447753318784876e-01 6.335618285731171146e-05 2.780742253524011708e-21 2.126716778145956638e-23 5.918684852642343459e-04 0.000000000000000000e+00
9.993447753318785987e-01 6.335618285731171146e-05 1.517320580042587045e-21 1.312014712138138645e-23 5.918684852642343459e-04 0.000000000000000000e+00
9.993447753318784876e-01 6.335618285731171146e-05 8.203453396982872728e-22 8.034099235241586086e-24 5.918684852642343459e-04 0.000000000000000000e+00
9.993447753318785987e-01 6.335618285731171146e-05 4.393377514355382090e-22 4.882110846915212580e-24 5.918684852642343459e-04 0.000000000000000000e+00
9.993447753318785987e-01 6.335618285731171146e-05 2.330369487486269520e-22 2.943763358035353561e-24 5.918684852642343459e-04 0.000000000000000000e+00
9.993447753318783766e-01 6.335618285731171146e-05 1.224251802202679131e-22 1.761241304463732891e-24 5.918684852642343459e-04 0.000000000000000000e+00
9.993447753318784876e-01 6.335618285731171146e-05 6.369017082602222162e-23 1.045450621974544768e-24 5.918684852642343459e-04 0.000000000000000000e+00
9.993447753318785987e-01 6.335618285731171146e-05 3.280513653917249406e-23 6.155814659357075695e-25 5.918684852642343459e-04 0.000000000000000000e+00
9.993447753318783766e-01 6.335618285731171146e-05 1.672622038767093884e-23 3.595000294352898205e-25 5.918684852642343459e-04 0.000000000000000000e+00
9.993447753318784876e-01 6.335618285731171146e-05 8.441651555454186796e-24 2.082250695832399966e-25 5.918684852642343459e-04 0.000000000000000000e+00
9.993447753318784876e-01 6.335618285731171146e-05 4.216531043680337610e-24 1.195986874861261813e-25 5.918684852642343459e-04 0.000000000000000000e+00
9.993447753318784876e-01 6.335618285731171146e-05 2.084043901523489647e-24 6.811117668527178701e-26 5.918684852642338038e-04 0.000000000000000000e+00
9.993447753318785987e-01 6.335618285731171146e-05 1.019105221540084127e-24 3.845542764485645455e-26 5.918684852642343459e-04 0.000000000000000000e+00
9.993447753318785987e-01 6.335618285731171146e-05 4.929801473243260734e-25 2.152253868575781872e-26 5.918684852642343459e-04 0.000000000000000000e+00
9.993447753318784876e-01 6.335618285731171146e-05 2.358721494323617371e-25 1.193922134384161690e-26 5.918684852642343459e-04 0.000000000000000000e+00
9.993447753318783766e-01 6.335618285731171146e-05 1.116093398836127412e-25 6.563813215358607624e-27 5.918684852642343459e-04 0.000000000000000000e+00
9.993447753318784876e-01 6.335618285731171146e-05 5.222066316124625835e-26 3.575908545219948850e-27 5.918684852642343459e-04 0.000000000000000000e+00
9.993447753318785987e-01 6.335618285731171146e-05 2.415553051349793179e-26 1.930176587497173539e-27 5.918684852642343459e-04 0.000000000000000000e+00
9.993447753318785987e-01 6.335618285731171146e-05 1.104340273032590177e-26 1.032025895306910325e-27 5.918684852642343459e-04 0.000000000000000000e+00
9.993447753318785987e-01 6.335618285731171146e-05 4.989657165824585574e-27 5.465645878710002640e-28 5.918684852642343459e-04 0.000000000000000000e+00
9.993447753318784876e-01 6.335618285731171146e-05 2.227600971201476501e-27 2.866700531764783511e-28 5.918684852642343459e-04 0.000000000000000000e+00
9.993447753318784876e-01 6.335618285731171146e-05 9.825457208705866002e-28 1.488922965560123029e-28 5.918684852642343459e-04 0.000000000000000000e+00
9.993447753318785987e-01 6.335618285731171146e-05 4.279066209723428474e-28 7.654100488150082452e-29 5.918684852642343459e-04 0.000000000000000000e+00
9.993447753318784876e-01 6.335618285731171146e-05 1.840553302905665970e-28 3.895353557303824644e-29 5.918684852642343459e-04 0.000000000000000000e+00
9.993447753318785987e-01 6.335618285731171146e-05 7.818536294011476634e-29 1.962499426916431082e-29 5.918684852642343459e-04 0.000000000000000000e+00
9.993447753318785987e-01 6.335618285731171146e-05 3.277215928341213133e-29 9.780885546460679232e-30 5.918684852642343459e-04 0.000000000000000000e+00
9.993447753318785987e-01 6.335618285731171146e-05 1.356267466107489618e-29 4.824602963441630050e-30 5.918684852642343459e-04 0.000000000000000000e+00
9.993447753318785987e-01 6.335618285731171146e-05 5.538081745257797530e-30 2.354112239077836395e-30 5.918684852642343459e-04 0.000000000000000000e+00
9.993447753318785987e-01 6.335618285731171146e-05 2.231393182455335814e-30 1.136313502502070961e-30 5.918684852642343459e-04 0.000000000000000000e+00
9.993447753318784876e-01 6.335618285731171146e-05 8.866777437281172605e-31 5.423598026638673403e-31 5.918684852642343459e-04 0.000000000000000000e+00
9.993447753318787097e-01 6.335618285731171146e-05 3.473898016688691898e-31 2.559197231087321791e-31 5.918684852642343459e-04 0.000000000000000000e+00
9.993447753318784876e-01 6.335618285731171146e-05 1.700230532146409984e-31 1.443260503915185206e-31 5.918684852642343459e-04 0.000000000000000000e+00
9.993447753318784876e-01 6.335618285731171146e-05 1.700230532146409984e-31 1.443260503915185206e-31 5.918684852642343459e-04 0.000000000000000000e+00
9.993447753318784876e-01 6.335618285731171146e-05 1.700230532146409984e-31 1.443260503915185206e-31 5.918684852642343459e-04 0.000000000000000000e+00
9.993447753318784876e-01 6.335618285731171146e-05 1.700230532146409984e-31 1.443260503915185206e-31 5.918684852642343459e-04 0.000000000000000000e+00
9.993447753318784876e-01 6.335618285731171146e-05 1.700230532146409984e-31 1.443260503915185206e-31 5.918684852642343459e-04 0.000000000000000000e+00
9.993447753318784876e-01 6.335618285731171146e-05 1.700230532146409984e-31 1.443260503915185206e-31 5.918684852642343459e-04 0.000000000000000000e+00
9.993447753318784876e-01 6.335618285731171146e-05 1.700230532146409984e-31 1.443260503915185206e-31 5.918684852642343459e-04 0.000000000000000000e+00
9.993447753318784876e-01 6.335618285731171146e-05 1.700230532146409984e-31 1.443260503915185206e-31 5.918684852642343459e-04 0.000000000000000000e+00
9.993447753318784876e-01 6.335618285731171146e-05 1.700230532146409984e-31 1.443260503915185206e-31 5.918684852642343459e-04 0.000000000000000000e+00
9.993447753318784876e-01 6.335618285731171146e-05 1.700230532146409984e-31 1.443260503915185206e-31 5.918684852642343459e-04 0.000000000000000000e+00
9.993447753318784876e-01 6.335618285731171146e-05 1.700230532146409984e-31 1.443260503915185206e-31 5.918684852642343459e-04 0.000000000000000000e+00
9.993447753318784876e-01 6.335618285731171146e-05 1.700230532146409984e-31 1.443260503915185206e-31 5.918684852642343459e-04 0.000000000000000000e+00
9.993447753318784876e-01 6.335618285731171146e-05 1.700230532146409984e-31 1.443260503915185206e-31 5.918684852642343459e-04 0.000000000000000000e+00
9.993447753318784876e-01 6.335618285731171146e-05 1.700230532146409984e-31 1.443260503915185206e-31 5.918684852642343459e-04 0.000000000000000000e+00
9.993447753318784876e-01 6.335618285731171146e-05 1.700230532146409984e-31 1.443260503915185206e-31 5.918684852642343459e-04 0.000000000000000000e+00
9.993447753318784876e-01 6.335618285731171146e-05 1.700230532146409984e-31 1.443260503915185206e-31 5.918684852642343459e-04 0.000000000000000000e+00
9.993447753318784876e-01 6.335618285731171146e-05 1.700230532146409984e-31 1.443260503915185206e-31 5.918684852642343459e-04 0.000000000000000000e+00
9.993447753318784876e-01 6.335618285731171146e-05 1.700230532146409984e-31 1.443260503915185206e-31 5.918684852642343459e-04 0.000000000000000000e+00
9.993447753318784876e-01 6.335618285731171146e-05 1.700230532146409984e-31 1.443260503915185206e-31 5.918684852642343459e-04 0.000000000000000000e+00
9.993447753318784876e-01 6.335618285731171146e-05 1.700230532146409984e-31 1.443260503915185206e-31 5.918684852642343459e-04 0.000000000000000000e+00
9.993447753318784876e-01 6.335618285731171146e-05 1.700230532146409984e-31 1.443260503915185206e-31 5.918684852642343459e-04 0.000000000000000000e+00
9.993447753318784876e-01 6.335618285731171146e-05 1.700230532146409984e-31 1.443260503915185206e-31 5.918684852642343459e-04 0.000000000000000000e+00
9.993447753318784876e-01 6.335618285731171146e-05 1.700230532146409984e-31 1.443260503915185206e-31 5.918684852642343459e-04 0.000000000000000000e+00
9.993447753318784876e-01 6.335618285731171146e-05 1.700230532146409984e-31 1.443260503915185206e-31 5.918684852642343459e-04 0.000000000000000000e+00
9.993447753318784876e-01 6.335618285731171146e-05 1.700230532146409984e-31 1.443260503915185206e-31 5.918684852642343459e-04 0.000000000000000000e+00
9.993447753318784876e-01 6.335618285731171146e-05 1.700230532146409984e-31 1.443260503915185206e-31 5.918684852642343459e-04 0.000000000000000000e+00
9.993447753318784876e-01 6.335618285731171146e-05 1.700230532146409984e-31 1.443260503915185206e-31 5.918684852642343459e-04 0.000000000000000000e+00
9.993447753318784876e-01 6.335618285731171146e-05 1.700230532146409984e-31 1.443260503915185206e-31 5.918684852642343459e-04 0.000000000000000000e+00
9.993447753318784876e-01 6.335618285731171146e-05 1.700230532146409984e-31 1.443260503915185206e-31 5.918684852642343459e-04 0.000000000000000000e+00
9.993447753318784876e-01 6.335618285731171146e-05 1.700230532146409984e-31 1.443260503915185206e-31 5.918684852642343459e-04 0.000000000000000000e+00
9.993447753318784876e-01 6.335618285731171146e-05 1.700230532146409984e-31 1.443260503915185206e-31 5.918684852642343459e-04 0.000000000000000000e+00
9.993447753318784876e-01 6.335618285731171146e-05 1.700230532146409984e-31 1.443260503915185206e-31 5.918684852642343459e-04 0.000000000000000000e+00
9.993447753318784876e-01 6.335618285731171146e-05 1.700230532146409984e-31 1.443260503915185206e-31 5.918684852642343459e-04 0.000000000000000000e+00
9.993447753318784876e-01 6.335618285731171146e-05 1.700230532146409984e-31 1.443260503915185206e-31 5.918684852642343459e-04 0.000000000000000000e+00
9.993447753318784876e-01 6.335618285731171146e-05 1.700230532146409984e-31 1.443260503915185206e-31 5.918684852642343459e-04 0.000000000000000000e+00
9.993447753318784876e-01 6.335618285731171146e-05 1.700230532146409984e-31 1.443260503915185206e-31 5.918684852642343459e-04 0.000000000000000000e+00
9.993447753318784876e-01 6.335618285731171146e-05 1.700230532146409984e-31 1.443260503915185206e-31 5.918684852642343459e-04 0.000000000000000000e+00
9.993447753318784876e-01 6.335618285731171146e-05 1.700230532146409984e-31 1.443260503915185206e-31 5.918684852642343459e-04 0.000000000000000000e+00
9.993447753318784876e-01 6.335618285731171146e-05 1.700230532146409984e-31 1.443260503915185206e-31 5.918684852642343459e-04 0.000000000000000000e+00
9.993447753318784876e-01 6.335618285731171146e-05 1.700230532146409984e-31 1.443260503915185206e-31 5.918684852642343459e-04 0.000000000000000000e+00
9.993447753318784876e-01 6.335618285731171146e-05 1.700230532146409984e-31 1.443260503915185206e-31 5.918684852642343459e-04 0.000000000000000000e+00
9.993447753318784876e-01 6.335618285731171146e-05 1.700230532146409984e-31 1.443260503915185206e-31 5.918684852642343459e-04 0.000000000000000000e+00
9.993447753318784876e-01 6.335618285731171146e-05 1.700230532146409984e-31 1.443260503915185206e-31 5.918684852642343459e-04 0.000000000000000000e+00
9.993447753318784876e-01 6.335618285731171146e-05 1.700230532146409984e-31 1.443260503915185206e-31 5.918684852642343459e-04 0.000000000000000000e+00
9.993447753318784876e-01 6.335618285731171146e-05 1.700230532146409984e-31 1.443260503915185206e-31 5.918684852642343459e-04 0.000000000000000000e+00
9.993447753318784876e-01 6.335618285731171146e-05 1.700230532146409984e-31 1.443260503915185206e-31 5.918684852642343459e-04 0.000000000000000000e+00
9.993447753318784876e-01 6.335618285731171146e-05 1.700230532146409984e-31 1.443260503915185206e-31 5.918684852642343459e-04 0.000000000000000000e+00
9.993447753318784876e-01 6.335618285731171146e-05 1.700230532146409984e-31 1.443260503915185206e-31 5.918684852642343459e-04 0.000000000000000000e+00
9.993447753318784876e-01 6.335618285731171146e-05 1.700230532146409984e-31 1.443260503915185206e-31 5.918684852642343459e-04 0.000000000000000000e+00
9.993447753318784876e-01 6.335618285731171146e-05 1.700230532146409984e-31 1.443260503915185206e-31 5.918684852642343459e-04 0.000000000000000000e+00
9.993447753318784876e-01 6.335618285731171146e-05 1.700230532146409984e-31 1.443260503915185206e-31 5.918684852642343459e-04 0.000000000000000000e+00
9.993447753318784876e-01 6.335618285731171146e-05 1.700230532146409984e-31 1.443260503915185206e-31 5.918684852642343459e-04 0.000000000000000000e+00
9.993447753318784876e-01 6.335618285731171146e-05 1.700230532146409984e-31 1.443260503915185206e-31 5.918684852642343459e-04 0.000000000000000000e+00
9.993447753318784876e-01 6.335618285731171146e-05 1.700230532146409984e-31 1.443260503915185206e-31 5.918684852642343459e-04 0.000000000000000000e+00
9.993447753318784876e-01 6.335618285731171146e-05 1.700230532146409984e-31 1.443260503915185206e-31 5.918684852642343459e-04 0.000000000000000000e+00
9.993447753318784876e-01 6.335618285731171146e-05 1.700230532146409984e-31 1.443260503915185206e-31 5.918684852642343459e-04 0.000000000000000000e+00
9.993447753318784876e-01 6.335618285731171146e-05 1.700230532146409984e-31 1.443260503915185206e-31 5.918684852642343459e-04 0.000000000000000000e+00
9.993447753318784876e-01 6.335618285731171146e-05 1.700230532146409984e-31 1.443260503915185206e-31 5.918684852642343459e-04 0.000000000000000000e+00
9.993447753318784876e-01 6.335618285731171146e-05 1.700230532146409984e-31 1.443260503915185206e-31 5.918684852642343459e-04 0.000000000000000000e+00
9.993447753318784876e-01 6.335618285731171146e-05 1.700230532146409984e-31 1.443260503915185206e-31 5.918684852642343459e-04 0.000000000000000000e+00
9.993447753318784876e-01 6.335618285731171146e-05 1.700230532146409984e-31 1.443260503915185206e-31 5.918684852642343459e-04 0.000000000000000000e+00
9.993447753318784876e-01 6.335618285731171146e-05 1.700230532146409984e-31 1.443260503915185206e-31 5.918684852642343459e-04 0.000000000000000000e+00
9.993447753318784876e-01 6.335618285731171146e-05 1.700230532146409984e-31 1.443260503915185206e-31 5.918684852642343459e-04 0.000000000000000000e+00
9.993447753318784876e-01 6.335618285731171146e-05 1.700230532146409984e-31 1.443260503915185206e-31 5.918684852642343459e-04 0.000000000000000000e+00
9.993447753318784876e-01 6.335618285731171146e-05 1.700230532146409984e-31 1.443260503915185206e-31 5.918684852642343459e-04 0.000000000000000000e+00
9.993447753318784876e-01 6.335618285731171146e-05 1.700230532146409984e-31 1.443260503915185206e-31 5.918684852642343459e-04 0.000000000000000000e+00
9.993447753318784876e-01 6.335618285731171146e-05 1.700230532146409984e-31 1.443260503915185206e-31 5.918684852642343459e-04 0.000000000000000000e+00
9.993447753318784876e-01 6.335618285731171146e-05 1.700230532146409984e-31 1.443260503915185206e-31 5.918684852642343459e-04 0.000000000000000000e+00
9.993447753318784876e-01 6.335618285731171146e-05 1.700230532146409984e-31 1.443260503915185206e-31 5.918684852642343459e-04 0.000000000000000000e+00
9.993447753318784876e-01 6.335618285731171146e-05 1.700230532146409984e-31 1.443260503915185206e-31 5.918684852642343459e-04 0.000000000000000000e+00
9.993447753318784876e-01 6.335618285731171146e-05 1.700230532146409984e-31 1.443260503915185206e-31 5.918684852642343459e-04 0.000000000000000000e+00
9.993447753318784876e-01 6.335618285731171146e-05 1.700230532146409984e-31 1.443260503915185206e-31 5.918684852642343459e-04 0.000000000000000000e+00
9.993447753318784876e-01 6.335618285731171146e-05 1.700230532146409984e-31 1.443260503915185206e-31 5.918684852642343459e-04 0.000000000000000000e+00
9.993447753318784876e-01 6.335618285731171146e-05 1.700230532146409984e-31 1.443260503915185206e-31 5.918684852642343459e-04 0.000000000000000000e+00
9.993447753318784876e-01 6.335618285731171146e-05 1.700230532146409984e-31 1.443260503915185206e-31 5.918684852642343459e-04 0.000000000000000000e+00
9.993447753318784876e-01 6.335618285731171146e-05 1.700230532146409984e-31 1.443260503915185206e-31 5.918684852642343459e-04 0.000000000000000000e+00
9.993447753318784876e-01 6.335618285731171146e-05 1.700230532146409984e-31 1.443260503915185206e-31 5.918684852642343459e-04 0.000000000000000000e+00
9.993447753318784876e-01 6.335618285731171146e-05 1.700230532146409984e-31 1.443260503915185206e-31 5.918684852642343459e-04 0.000000000000000000e+00
9.993447753318784876e-01 6.335618285731171146e-05 1.700230532146409984e-31 1.443260503915185206e-31 5.918684852642343459e-04 0.000000000000000000e+00
9.993447753318784876e-01 6.335618285731171146e-05 1.700230532146409984e-31 1.443260503915185206e-31 5.918684852642343459e-04 0.000000000000000000e+00
9.993447753318784876e-01 6.335618285731171146e-05 1.700230532146409984e-31 1.443260503915185206e-31 5.918684852642343459e-04 0.000000000000000000e+00
9.993447753318784876e-01 6.335618285731171146e-05 1.700230532146409984e-31 1.443260503915185206e-31 5.918684852642343459e-04 0.000000000000000000e+00
9.993447753318784876e-01 6.335618285731171146e-05 1.700230532146409984e-31 1.443260503915185206e-31 5.918684852642343459e-04 0.000000000000000000e+00
9.993447753318784876e-01 6.335618285731171146e-05 1.700230532146409984e-31 1.443260503915185206e-31 5.918684852642343459e-04 0.000000000000000000e+00
9.993447753318784876e-01 6.335618285731171146e-05 1.700230532146409984e-31 1.443260503915185206e-31 5.918684852642343459e-04 0.000000000000000000e+00
9.993447753318784876e-01 6.335618285731171146e-05 1.700230532146409984e-31 1.443260503915185206e-31 5.918684852642343459e-04 0.000000000000000000e+00
9.993447753318784876e-01 6.335618285731171146e-05 1.700230532146409984e-31 1.443260503915185206e-31 5.918684852642343459e-04 0.000000000000000000e+00
9.993447753318784876e-01 6.335618285731171146e-05 1.700230532146409984e-31 1.443260503915185206e-31 5.918684852642343459e-04 0.000000000000000000e+00
9.993447753318784876e-01 6.335618285731171146e-05 1.700230532146409984e-31 1.443260503915185206e-31 5.918684852642343459e-04 0.000000000000000000e+00
9.993447753318784876e-01 6.335618285731171146e-05 1.700230532146409984e-31 1.443260503915185206e-31 5.918684852642343459e-04 0.000000000000000000e+00
9.993447753318784876e-01 6.335618285731171146e-05 1.700230532146409984e-31 1.443260503915185206e-31 5.918684852642343459e-04 0.000000000000000000e+00
9.993447753318784876e-01 6.335618285731171146e-05 1.700230532146409984e-31 1.443260503915185206e-31 5.918684852642343459e-04 0.000000000000000000e+00
9.993447753318784876e-01 6.335618285731171146e-05 1.700230532146409984e-31 1.443260503915185206e-31 5.918684852642343459e-04 0.000000000000000000e+00
9.993447753318784876e-01 6.335618285731171146e-05 1.700230532146409984e-31 1.443260503915185206e-31 5.918684852642343459e-04 0.000000000000000000e+00
9.993447753318784876e-01 6.335618285731171146e-05 1.700230532146409984e-31 1.443260503915185206e-31 5.918684852642343459e-04 0.000000000000000000e+00
9.993447753318784876e-01 6.335618285731171146e-05 1.700230532146409984e-31 1.443260503915185206e-31 5.918684852642343459e-04 0.000000000000000000e+00
9.993447753318784876e-01 6.335618285731171146e-05 1.700230532146409984e-31 1.443260503915185206e-31 5.918684852642343459e-04 0.000000000000000000e+00
9.993447753318784876e-01 6.335618285731171146e-05 1.700230532146409984e-31 1.443260503915185206e-31 5.918684852642343459e-04 0.000000000000000000e+00
9.993447753318784876e-01 6.335618285731171146e-05 1.700230532146409984e-31 1.443260503915185206e-31 5.918684852642343459e-04 0.000000000000000000e+00
9.993447753318784876e-01 6.335618285731171146e-05 1.700230532146409984e-31 1.443260503915185206e-31 5.918684852642343459e-04 0.000000000000000000e+00
9.993447753318784876e-01 6.335618285731171146e-05 1.700230532146409984e-31 1.443260503915185206e-31 5.918684852642343459e-04 0.000000000000000000e+00
9.993447753318784876e-01 6.335618285731171146e-05 1.700230532146409984e-31 1.443260503915185206e-31 5.918684852642343459e-04 0.000000000000000000e+00
9.993447753318784876e-01 6.335618285731171146e-05 1.700230532146409984e-31 1.443260503915185206e-31 5.918684852642343459e-04 0.000000000000000000e+00
9.993447753318784876e-01 6.335618285731171146e-05 1.700230532146409984e-31 1.443260503915185206e-31 5.918684852642343459e-04 0.000000000000000000e+00
9.993447753318784876e-01 6.335618285731171146e-05 1.700230532146409984e-31 1.443260503915185206e-31 5.918684852642343459e-04 0.000000000000000000e+00
9.993447753318784876e-01 6.335618285731171146e-05 1.700230532146409984e-31 1.443260503915185206e-31 5.918684852642343459e-04 0.000000000000000000e+00
9.993447753318784876e-01 6.335618285731171146e-05 1.700230532146409984e-31 1.443260503915185206e-31 5.918684852642343459e-04 0.000000000000000000e+00
9.993447753318784876e-01 6.335618285731171146e-05 1.700230532146409984e-31 1.443260503915185206e-31 5.918684852642343459e-04 0.000000000000000000e+00
9.993447753318784876e-01 6.335618285731171146e-05 1.700230532146409984e-31 1.443260503915185206e-31 5.918684852642343459e-04 0.000000000000000000e+00
9.993447753318784876e-01 6.335618285731171146e-05 1.700230532146409984e-31 1.443260503915185206e-31 5.918684852642343459e-04 0.000000000000000000e+00
9.993447753318784876e-01 6.335618285731171146e-05 1.700230532146409984e-31 1.443260503915185206e-31 5.918684852642343459e-04 0.000000000000000000e+00
9.993447753318784876e-01 6.335618285731171146e-05 1.700230532146409984e-31 1.443260503915185206e-31 5.918684852642343459e-04 0.000000000000000000e+00
9.993447753318784876e-01 6.335618285731171146e-05 1.700230532146409984e-31 1.443260503915185206e-31 5.918684852642343459e-04 0.000000000000000000e+00
9.993447753318784876e-01 6.335618285731171146e-05 1.700230532146409984e-31 1.443260503915185206e-31 5.918684852642343459e-04 0.000000000000000000e+00
9.993447753318784876e-01 6.335618285731171146e-05 1.700230532146409984e-31 1.443260503915185206e-31 5.918684852642343459e-04 0.000000000000000000e+00
9.993447753318784876e-01 6.335618285731171146e-05 1.700230532146409984e-31 1.443260503915185206e-31 5.918684852642343459e-04 0.000000000000000000e+00
9.993447753318784876e-01 6.335618285731171146e-05 1.700230532146409984e-31 1.443260503915185206e-31 5.918684852642343459e-04 0.000000000000000000e+00
9.993447753318784876e-01 6.335618285731171146e-05 1.700230532146409984e-31 1.443260503915185206e-31 5.918684852642343459e-04 0.000000000000000000e+00
9.993447753318784876e-01 6.335618285731171146e-05 1.700230532146409984e-31 1.443260503915185206e-31 5.918684852642343459e-04 0.000000000000000000e+00
9.993447753318784876e-01 6.335618285731171146e-05 1.700230532146409984e-31 1.443260503915185206e-31 5.918684852642343459e-04 0.000000000000000000e+00
9.993447753318784876e-01 6.335618285731171146e-05 1.700230532146409984e-31 1.443260503915185206e-31 5.918684852642343459e-04 0.000000000000000000e+00
9.993447753318784876e-01 6.335618285731171146e-05 1.700230532146409984e-31 1.443260503915185206e-31 5.918684852642343459e-04 0.000000000000000000e+00
9.993447753318784876e-01 6.335618285731171146e-05 1.700230532146409984e-31 1.443260503915185206e-31 5.918684852642343459e-04 0.000000000000000000e+00
9.993447753318784876e-01 6.335618285731171146e-05 1.700230532146409984e-31 1.443260503915185206e-31 5.918684852642343459e-04 0.000000000000000000e+00
9.993447753318784876e-01 6.335618285731171146e-05 1.700230532146409984e-31 1.443260503915185206e-31 5.918684852642343459e-04 0.000000000000000000e+00
9.993447753318784876e-01 6.335618285731171146e-05 1.700230532146409984e-31 1.443260503915185206e-31 5.918684852642343459e-04 0.000000000000000000e+00
9.993447753318784876e-01 6.335618285731171146e-05 1.700230532146409984e-31 1.443260503915185206e-31 5.918684852642343459e-04 0.000000000000000000e+00
9.993447753318784876e-01 6.335618285731171146e-05 1.700230532146409984e-31 1.443260503915185206e-31 5.918684852642343459e-04 0.000000000000000000e+00
9.993447753318784876e-01 6.335618285731171146e-05 1.700230532146409984e-31 1.443260503915185206e-31 5.918684852642343459e-04 0.000000000000000000e+00
9.993447753318784876e-01 6.335618285731171146e-05 1.700230532146409984e-31 1.443260503915185206e-31 5.918684852642343459e-04 0.000000000000000000e+00
9.993447753318784876e-01 6.335618285731171146e-05 1.700230532146409984e-31 1.443260503915185206e-31 5.918684852642343459e-04 0.000000000000000000e+00
9.993447753318784876e-01 6.335618285731171146e-05 1.700230532146409984e-31 1.443260503915185206e-31 5.918684852642343459e-04 0.000000000000000000e+00
9.993447753318784876e-01 6.335618285731171146e-05 1.700230532146409984e-31 1.443260503915185206e-31 5.918684852642343459e-04 0.000000000000000000e+00
9.993447753318784876e-01 6.335618285731171146e-05 1.700230532146409984e-31 1.443260503915185206e-31 5.918684852642343459e-04 0.000000000000000000e+00
9.993447753318784876e-01 6.335618285731171146e-05 1.700230532146409984e-31 1.443260503915185206e-31 5.918684852642343459e-04 0.000000000000000000e+00
9.993447753318784876e-01 6.335618285731171146e-05 1.700230532146409984e-31 1.443260503915185206e-31 5.918684852642343459e-04 0.000000000000000000e+00
9.993447753318784876e-01 6.335618285731171146e-05 1.700230532146409984e-31 1.443260503915185206e-31 5.918684852642343459e-04 0.000000000000000000e+00
9.993447753318784876e-01 6.335618285731171146e-05 1.700230532146409984e-31 1.443260503915185206e-31 5.918684852642343459e-04 0.000000000000000000e+00
9.993447753318784876e-01 6.335618285731171146e-05 1.700230532146409984e-31 1.443260503915185206e-31 5.918684852642343459e-04 0.000000000000000000e+00
9.993447753318784876e-01 6.335618285731171146e-05 1.700230532146409984e-31 1.443260503915185206e-31 5.918684852642343459e-04 0.000000000000000000e+00
9.993447753318784876e-01 6.335618285731171146e-05 1.700230532146409984e-31 1.443260503915185206e-31 5.918684852642343459e-04 0.000000000000000000e+00
9.993447753318784876e-01 6.335618285731171146e-05 1.700230532146409984e-31 1.443260503915185206e-31 5.918684852642343459e-04 0.000000000000000000e+00
9.993447753318784876e-01 6.335618285731171146e-05 1.700230532146409984e-31 1.443260503915185206e-31 5.918684852642343459e-04 0.000000000000000000e+00
9.993447753318784876e-01 6.335618285731171146e-05 1.700230532146409984e-31 1.443260503915185206e-31 5.918684852642343459e-04 0.000000000000000000e+00
9.993447753318784876e-01 6.335618285731171146e-05 1.700230532146409984e-31 1.443260503915185206e-31 5.918684852642343459e-04 0.000000000000000000e+00
9.993447753318784876e-01 6.335618285731171146e-05 1.700230532146409984e-31 1.443260503915185206e-31 5.918684852642343459e-04 0.000000000000000000e+00
9.993447753318784876e-01 6.335618285731171146e-05 1.700230532146409984e-31 1.443260503915185206e-31 5.918684852642343459e-04 0.000000000000000000e+00
9.993447753318784876e-01 6.335618285731171146e-05 1.700230532146409984e-31 1.443260503915185206e-31 5.918684852642343459e-04 0.000000000000000000e+00
9.993447753318784876e-01 6.335618285731171146e-05 1.700230532146409984e-31 1.443260503915185206e-31 5.918684852642343459e-04 0.000000000000000000e+00
9.993447753318784876e-01 6.335618285731171146e-05 1.700230532146409984e-31 1.443260503915185206e-31 5.918684852642343459e-04 0.000000000000000000e+00
9.993447753318784876e-01 6.335618285731171146e-05 1.700230532146409984e-31 1.443260503915185206e-31 5.918684852642343459e-04 0.000000000000000000e+00
9.993447753318784876e-01 6.335618285731171146e-05 1.700230532146409984e-31 1.443260503915185206e-31 5.918684852642343459e-04 0.000000000000000000e+00
9.993447753318784876e-01 6.335618285731171146e-05 1.700230532146409984e-31 1.443260503915185206e-31 5.918684852642343459e-04 0.000000000000000000e+00
9.993447753318784876e-01 6.335618285731171146e-05 1.700230532146409984e-31 1.443260503915185206e-31 5.918684852642343459e-04 0.000000000000000000e+00
9.993447753318784876e-01 6.335618285731171146e-05 1.700230532146409984e-31 1.443260503915185206e-31 5.918684852642343459e-04 0.000000000000000000e+00
9.993447753318784876e-01 6.335618285731171146e-05 1.700230532146409984e-31 1.443260503915185206e-31 5.918684852642343459e-04 0.000000000000000000e+00
9.993447753318784876e-01 6.335618285731171146e-05 1.700230532146409984e-31 1.443260503915185206e-31 5.918684852642343459e-04 0.000000000000000000e+00
9.993447753318784876e-01 6.335618285731171146e-05 1.700230532146409984e-31 1.443260503915185206e-31 5.918684852642343459e-04 0.000000000000000000e+00
9.993447753318784876e-01 6.335618285731171146e-05 1.700230532146409984e-31 1.443260503915185206e-31 5.918684852642343459e-04 0.000000000000000000e+00
9.993447753318784876e-01 6.335618285731171146e-05 1.700230532146409984e-31 1.443260503915185206e-31 5.918684852642343459e-04 0.000000000000000000e+00
9.993447753318784876e-01 6.335618285731171146e-05 1.700230532146409984e-31 1.443260503915185206e-31 5.918684852642343459e-04 0.000000000000000000e+00
9.993447753318784876e-01 6.335618285731171146e-05 1.700230532146409984e-31 1.443260503915185206e-31 5.918684852642343459e-04 0.000000000000000000e+00
9.993447753318784876e-01 6.335618285731171146e-05 1.700230532146409984e-31 1.443260503915185206e-31 5.918684852642343459e-04 0.000000000000000000e+00
9.993447753318784876e-01 6.335618285731171146e-05 1.700230532146409984e-31 1.443260503915185206e-31 5.918684852642343459e-04 0.000000000000000000e+00
9.993447753318784876e-01 6.335618285731171146e-05 1.700230532146409984e-31 1.443260503915185206e-31 5.918684852642343459e-04 0.000000000000000000e+00
9.993447753318784876e-01 6.335618285731171146e-05 1.700230532146409984e-31 1.443260503915185206e-31 5.918684852642343459e-04 0.000000000000000000e+00
9.993447753318784876e-01 6.335618285731171146e-05 1.700230532146409984e-31 1.443260503915185206e-31 5.918684852642343459e-04 0.000000000000000000e+00
9.993447753318784876e-01 6.335618285731171146e-05 1.700230532146409984e-31 1.443260503915185206e-31 5.918684852642343459e-04 0.000000000000000000e+00
9.993447753318784876e-01 6.335618285731171146e-05 1.700230532146409984e-31 1.443260503915185206e-31 5.918684852642343459e-04 0.000000000000000000e+00
9.993447753318784876e-01 6.335618285731171146e-05 1.700230532146409984e-31 1.443260503915185206e-31 5.918684852642343459e-04 0.000000000000000000e+00
9.993447753318784876e-01 6.335618285731171146e-05 1.700230532146409984e-31 1.443260503915185206e-31 5.918684852642343459e-04 0.000000000000000000e+00
9.993447753318784876e-01 6.335618285731171146e-05 1.700230532146409984e-31 1.443260503915185206e-31 5.918684852642343459e-04 0.000000000000000000e+00
9.993447753318784876e-01 6.335618285731171146e-05 1.700230532146409984e-31 1.443260503915185206e-31 5.918684852642343459e-04 0.000000000000000000e+00
9.993447753318784876e-01 6.335618285731171146e-05 1.700230532146409984e-31 1.443260503915185206e-31 5.918684852642343459e-04 0.000000000000000000e+00
9.993447753318784876e-01 6.335618285731171146e-05 1.700230532146409984e-31 1.443260503915185206e-31 5.918684852642343459e-04 0.000000000000000000e+00
9.993447753318784876e-01 6.335618285731171146e-05 1.700230532146409984e-31 1.443260503915185206e-31 5.918684852642343459e-04 0.000000000000000000e+00
9.993447753318784876e-01 6.335618285731171146e-05 1.700230532146409984e-31 1.443260503915185206e-31 5.918684852642343459e-04 0.000000000000000000e+00
9.993447753318784876e-01 6.335618285731171146e-05 1.700230532146409984e-31 1.443260503915185206e-31 5.918684852642343459e-04 0.000000000000000000e+00
9.993447753318784876e-01 6.335618285731171146e-05 1.700230532146409984e-31 1.443260503915185206e-31 5.918684852642343459e-04 0.000000000000000000e+00
9.993447753318784876e-01 6.335618285731171146e-05 1.700230532146409984e-31 1.443260503915185206e-31 5.918684852642343459e-04 0.000000000000000000e+00
9.993447753318784876e-01 6.335618285731171146e-05 1.700230532146409984e-31 1.443260503915185206e-31 5.918684852642343459e-04 0.000000000000000000e+00
9.993447753318784876e-01 6.335618285731171146e-05 1.700230532146409984e-31 1.443260503915185206e-31 5.918684852642343459e-04 0.000000000000000000e+00
9.993447753318784876e-01 6.335618285731171146e-05 1.700230532146409984e-31 1.443260503915185206e-31 5.918684852642343459e-04 0.000000000000000000e+00
9.993447753318784876e-01 6.335618285731171146e-05 1.700230532146409984e-31 1.443260503915185206e-31 5.918684852642343459e-04 0.000000000000000000e+00
9.993447753318784876e-01 6.335618285731171146e-05 1.700230532146409984e-31 1.443260503915185206e-31 5.918684852642343459e-04 0.000000000000000000e+00
9.993447753318784876e-01 6.335618285731171146e-05 1.700230532146409984e-31 1.443260503915185206e-31 5.918684852642343459e-04 0.000000000000000000e+00
9.993447753318784876e-01 6.335618285731171146e-05 1.700230532146409984e-31 1.443260503915185206e-31 5.918684852642343459e-04 0.000000000000000000e+00
9.993447753318784876e-01 6.335618285731171146e-05 1.700230532146409984e-31 1.443260503915185206e-31 5.918684852642343459e-04 0.000000000000000000e+00
9.993447753318784876e-01 6.335618285731171146e-05 1.700230532146409984e-31 1.443260503915185206e-31 5.918684852642343459e-04 0.000000000000000000e+00
9.993447753318784876e-01 6.335618285731171146e-05 1.700230532146409984e-31 1.443260503915185206e-31 5.918684852642343459e-04 0.000000000000000000e+00
9.993447753318784876e-01 6.335618285731171146e-05 1.700230532146409984e-31 1.443260503915185206e-31 5.918684852642343459e-04 0.000000000000000000e+00
9.993447753318784876e-01 6.335618285731171146e-05 1.700230532146409984e-31 1.443260503915185206e-31 5.918684852642343459e-04 0.000000000000000000e+00
9.993447753318784876e-01 6.335618285731171146e-05 1.700230532146409984e-31 1.443260503915185206e-31 5.918684852642343459e-04 0.000000000000000000e+00
9.993447753318784876e-01 6.335618285731171146e-05 1.700230532146409984e-31 1.443260503915185206e-31 5.918684852642343459e-04 0.000000000000000000e+00
9.993447753318784876e-01 6.335618285731171146e-05 1.700230532146409984e-31 1.443260503915185206e-31 5.918684852642343459e-04 0.000000000000000000e+00
9.993447753318784876e-01 6.335618285731171146e-05 1.700230532146409984e-31 1.443260503915185206e-31 5.918684852642343459e-04 0.000000000000000000e+00
9.993447753318784876e-01 6.335618285731171146e-05 1.700230532146409984e-31 1.443260503915185206e-31 5.918684852642343459e-04 0.000000000000000000e+00
9.993447753318784876e-01 6.335618285731171146e-05 1.700230532146409984e-31 1.443260503915185206e-31 5.918684852642343459e-04 0.000000000000000000e+00
9.993447753318784876e-01 6.335618285731171146e-05 1.700230532146409984e-31 1.443260503915185206e-31 5.918684852642343459e-04 0.000000000000000000e+00
9.993447753318784876e-01 6.335618285731171146e-05 1.700230532146409984e-31 1.443260503915185206e-31 5.918684852642343459e-04 0.000000000000000000e+00
9.993447753318784876e-01 6.335618285731171146e-05 1.700230532146409984e-31 1.443260503915185206e-31 5.918684852642343459e-04 0.000000000000000000e+00
9.993447753318784876e-01 6.335618285731171146e-05 1.700230532146409984e-31 1.443260503915185206e-31 5.918684852642343459e-04 0.000000000000000000e+00
9.993447753318784876e-01 6.335618285731171146e-05 1.700230532146409984e-31 1.443260503915185206e-31 5.918684852642343459e-04 0.000000000000000000e+00
9.993447753318784876e-01 6.335618285731171146e-05 1.700230532146409984e-31 1.443260503915185206e-31 5.918684852642343459e-04 0.000000000000000000e+00
9.993447753318784876e-01 6.335618285731171146e-05 1.700230532146409984e-31 1.443260503915185206e-31 5.918684852642343459e-04 0.000000000000000000e+00
9.993447753318784876e-01 6.335618285731171146e-05 1.700230532146409984e-31 1.443260503915185206e-31 5.918684852642343459e-04 0.000000000000000000e+00
9.993447753318784876e-01 6.335618285731171146e-05 1.700230532146409984e-31 1.443260503915185206e-31 5.918684852642343459e-04 0.000000000000000000e+00
9.993447753318784876e-01 6.335618285731171146e-05 1.700230532146409984e-31 1.443260503915185206e-31 5.918684852642343459e-04 0.000000000000000000e+00
9.993447753318784876e-01 6.335618285731171146e-05 1.700230532146409984e-31 1.443260503915185206e-31 5.918684852642343459e-04 0.000000000000000000e+00
9.993447753318784876e-01 6.335618285731171146e-05 1.700230532146409984e-31 1.443260503915185206e-31 5.918684852642343459e-04 0.000000000000000000e+00
9.993447753318784876e-01 6.335618285731171146e-05 1.700230532146409984e-31 1.443260503915185206e-31 5.918684852642343459e-04 0.000000000000000000e+00
9.993447753318784876e-01 6.335618285731171146e-05 1.700230532146409984e-31 1.443260503915185206e-31 5.918684852642343459e-04 0.000000000000000000e+00
9.993447753318784876e-01 6.335618285731171146e-05 1.700230532146409984e-31 1.443260503915185206e-31 5.918684852642343459e-04 0.000000000000000000e+00
9.993447753318784876e-01 6.335618285731171146e-05 1.700230532146409984e-31 1.443260503915185206e-31 5.918684852642343459e-04 0.000000000000000000e+00
9.993447753318784876e-01 6.335618285731171146e-05 1.700230532146409984e-31 1.443260503915185206e-31 5.918684852642343459e-04 0.000000000000000000e+00
9.993447753318784876e-01 6.335618285731171146e-05 1.700230532146409984e-31 1.443260503915185206e-31 5.918684852642343459e-04 0.000000000000000000e+00
9.993447753318784876e-01 6.335618285731171146e-05 1.700230532146409984e-31 1.443260503915185206e-31 5.918684852642343459e-04 0.000000000000000000e+00
9.993447753318784876e-01 6.335618285731171146e-05 1.700230532146409984e-31 1.443260503915185206e-31 5.918684852642343459e-04 0.000000000000000000e+00
9.993447753318784876e-01 6.335618285731171146e-05 1.700230532146409984e-31 1.443260503915185206e-31 5.918684852642343459e-04 0.000000000000000000e+00
9.993447753318784876e-01 6.335618285731171146e-05 1.700230532146409984e-31 1.443260503915185206e-31 5.918684852642343459e-04 0.000000000000000000e+00
9.993447753318784876e-01 6.335618285731171146e-05 1.700230532146409984e-31 1.443260503915185206e-31 5.918684852642343459e-04 0.000000000000000000e+00
9.993447753318784876e-01 6.335618285731171146e-05 1.700230532146409984e-31 1.443260503915185206e-31 5.918684852642343459e-04 0.000000000000000000e+00
9.993447753318784876e-01 6.335618285731171146e-05 1.700230532146409984e-31 1.443260503915185206e-31 5.918684852642343459e-04 0.000000000000000000e+00
9.993447753318784876e-01 6.335618285731171146e-05 1.700230532146409984e-31 1.443260503915185206e-31 5.918684852642343459e-04 0.000000000000000000e+00
9.993447753318784876e-01 6.335618285731171146e-05 1.700230532146409984e-31 1.443260503915185206e-31 5.918684852642343459e-04 0.000000000000000000e+00
9.993447753318784876e-01 6.335618285731171146e-05 1.700230532146409984e-31 1.443260503915185206e-31 5.918684852642343459e-04 0.000000000000000000e+00
9.993447753318784876e-01 6.335618285731171146e-05 1.700230532146409984e-31 1.443260503915185206e-31 5.918684852642343459e-04 0.000000000000000000e+00
9.993447753318784876e-01 6.335618285731171146e-05 1.700230532146409984e-31 1.443260503915185206e-31 5.918684852642343459e-04 0.000000000000000000e+00
9.993447753318784876e-01 6.335618285731171146e-05 1.700230532146409984e-31 1.443260503915185206e-31 5.918684852642343459e-04 0.000000000000000000e+00
9.993447753318784876e-01 6.335618285731171146e-05 1.700230532146409984e-31 1.443260503915185206e-31 5.918684852642343459e-04 0.000000000000000000e+00
9.993447753318784876e-01 6.335618285731171146e-05 1.700230532146409984e-31 1.443260503915185206e-31 5.918684852642343459e-04 0.000000000000000000e+00
9.993447753318784876e-01 6.335618285731171146e-05 1.700230532146409984e-31 1.443260503915185206e-31 5.918684852642343459e-04 0.000000000000000000e+00
9.993447753318784876e-01 6.335618285731171146e-05 1.700230532146409984e-31 1.443260503915185206e-31 5.918684852642343459e-04 0.000000000000000000e+00
9.993447753318784876e-01 6.335618285731171146e-05 1.700230532146409984e-31 1.443260503915185206e-31 5.918684852642343459e-04 0.000000000000000000e+00
9.993447753318784876e-01 6.335618285731171146e-05 1.700230532146409984e-31 1.443260503915185206e-31 5.918684852642343459e-04 0.000000000000000000e+00
9.993447753318784876e-01 6.335618285731171146e-05 1.700230532146409984e-31 1.443260503915185206e-31 5.918684852642343459e-04 0.000000000000000000e+00
9.993447753318784876e-01 6.335618285731171146e-05 1.700230532146409984e-31 1.443260503915185206e-31 5.918684852642343459e-04 0.000000000000000000e+00
9.993447753318784876e-01 6.335618285731171146e-05 1.700230532146409984e-31 1.443260503915185206e-31 5.918684852642343459e-04 0.000000000000000000e+00
9.993447753318784876e-01 6.335618285731171146e-05 1.700230532146409984e-31 1.443260503915185206e-31 5.918684852642343459e-04 0.000000000000000000e+00
9.993447753318784876e-01 6.335618285731171146e-05 1.700230532146409984e-31 1.443260503915185206e-31 5.918684852642343459e-04 0.000000000000000000e+00
9.993447753318784876e-01 6.335618285731171146e-05 1.700230532146409984e-31 1.443260503915185206e-31 5.918684852642343459e-04 0.000000000000000000e+00
9.993447753318784876e-01 6.335618285731171146e-05 1.700230532146409984e-31 1.443260503915185206e-31 5.918684852642343459e-04 0.000000000000000000e+00
9.993447753318784876e-01 6.335618285731171146e-05 1.700230532146409984e-31 1.443260503915185206e-31 5.918684852642343459e-04 0.000000000000000000e+00
9.993447753318784876e-01 6.335618285731171146e-05 1.700230532146409984e-31 1.443260503915185206e-31 5.918684852642343459e-04 0.000000000000000000e+00
9.993447753318784876e-01 6.335618285731171146e-05 1.700230532146409984e-31 1.443260503915185206e-31 5.918684852642343459e-04 0.000000000000000000e+00
9.993447753318784876e-01 6.335618285731171146e-05 1.700230532146409984e-31 1.443260503915185206e-31 5.918684852642343459e-04 0.000000000000000000e+00
9.993447753318784876e-01 6.335618285731171146e-05 1.700230532146409984e-31 1.443260503915185206e-31 5.918684852642343459e-04 0.000000000000000000e+00
9.993447753318784876e-01 6.335618285731171146e-05 1.700230532146409984e-31 1.443260503915185206e-31 5.918684852642343459e-04 0.000000000000000000e+00
9.993447753318784876e-01 6.335618285731171146e-05 1.700230532146409984e-31 1.443260503915185206e-31 5.918684852642343459e-04 0.000000000000000000e+00
9.993447753318784876e-01 6.335618285731171146e-05 1.700230532146409984e-31 1.443260503915185206e-31 5.918684852642343459e-04 0.000000000000000000e+00
9.993447753318784876e-01 6.335618285731171146e-05 1.700230532146409984e-31 1.443260503915185206e-31 5.918684852642343459e-04 0.000000000000000000e+00
9.993447753318784876e-01 6.335618285731171146e-05 1.700230532146409984e-31 1.443260503915185206e-31 5.918684852642343459e-04 0.000000000000000000e+00
9.993447753318784876e-01 6.335618285731171146e-05 1.700230532146409984e-31 1.443260503915185206e-31 5.918684852642343459e-04 0.000000000000000000e+00
9.993447753318784876e-01 6.335618285731171146e-05 1.700230532146409984e-31 1.443260503915185206e-31 5.918684852642343459e-04 0.000000000000000000e+00
9.993447753318784876e-01 6.335618285731171146e-05 1.700230532146409984e-31 1.443260503915185206e-31 5.918684852642343459e-04 0.000000000000000000e+00
9.993447753318784876e-01 6.335618285731171146e-05 1.700230532146409984e-31 1.443260503915185206e-31 5.918684852642343459e-04 0.000000000000000000e+00
9.993447753318784876e-01 6.335618285731171146e-05 1.700230532146409984e-31 1.443260503915185206e-31 5.918684852642343459e-04 0.000000000000000000e+00
9.993447753318784876e-01 6.335618285731171146e-05 1.700230532146409984e-31 1.443260503915185206e-31 5.918684852642343459e-04 0.000000000000000000e+00
9.993447753318784876e-01 6.335618285731171146e-05 1.700230532146409984e-31 1.443260503915185206e-31 5.918684852642343459e-04 0.000000000000000000e+00
9.993447753318784876e-01 6.335618285731171146e-05 1.700230532146409984e-31 1.443260503915185206e-31 5.918684852642343459e-04 0.000000000000000000e+00
9.993447753318784876e-01 6.335618285731171146e-05 1.700230532146409984e-31 1.443260503915185206e-31 5.918684852642343459e-04 0.000000000000000000e+00
9.993447753318784876e-01 6.335618285731171146e-05 1.700230532146409984e-31 1.443260503915185206e-31 5.918684852642343459e-04 0.000000000000000000e+00
9.993447753318784876e-01 6.335618285731171146e-05 1.700230532146409984e-31 1.443260503915185206e-31 5.918684852642343459e-04 0.000000000000000000e+00
9.993447753318784876e-01 6.335618285731171146e-05 1.700230532146409984e-31 1.443260503915185206e-31 5.918684852642343459e-04 0.000000000000000000e+00
9.993447753318784876e-01 6.335618285731171146e-05 1.700230532146409984e-31 1.443260503915185206e-31 5.918684852642343459e-04 0.000000000000000000e+00
9.993447753318784876e-01 6.335618285731171146e-05 1.700230532146409984e-31 1.443260503915185206e-31 5.918684852642343459e-04 0.000000000000000000e+00
9.993447753318784876e-01 6.335618285731171146e-05 1.700230532146409984e-31 1.443260503915185206e-31 5.918684852642343459e-04 0.000000000000000000e+00
9.993447753318784876e-01 6.335618285731171146e-05 1.700230532146409984e-31 1.443260503915185206e-31 5.918684852642343459e-04 0.000000000000000000e+00
9.993447753318784876e-01 6.335618285731171146e-05 1.700230532146409984e-31 1.443260503915185206e-31 5.918684852642343459e-04 0.000000000000000000e+00
9.993447753318784876e-01 6.335618285731171146e-05 1.700230532146409984e-31 1.443260503915185206e-31 5.918684852642343459e-04 0.000000000000000000e+00
9.993447753318784876e-01 6.335618285731171146e-05 1.700230532146409984e-31 1.443260503915185206e-31 5.918684852642343459e-04 0.000000000000000000e+00
9.993447753318784876e-01 6.335618285731171146e-05 1.700230532146409984e-31 1.443260503915185206e-31 5.918684852642343459e-04 0.000000000000000000e+00
9.993447753318784876e-01 6.335618285731171146e-05 1.700230532146409984e-31 1.443260503915185206e-31 5.918684852642343459e-04 0.000000000000000000e+00
9.993447753318784876e-01 6.335618285731171146e-05 1.700230532146409984e-31 1.443260503915185206e-31 5.918684852642343459e-04 0.000000000000000000e+00
9.993447753318784876e-01 6.335618285731171146e-05 1.700230532146409984e-31 1.443260503915185206e-31 5.918684852642343459e-04 0.000000000000000000e+00
9.993447753318784876e-01 6.335618285731171146e-05 1.700230532146409984e-31 1.443260503915185206e-31 5.918684852642343459e-04 0.000000000000000000e+00
9.993447753318784876e-01 6.335618285731171146e-05 1.700230532146409984e-31 1.443260503915185206e-31 5.918684852642343459e-04 0.000000000000000000e+00
9.993447753318784876e-01 6.335618285731171146e-05 1.700230532146409984e-31 1.443260503915185206e-31 5.918684852642343459e-04 0.000000000000000000e+00
9.993447753318784876e-01 6.335618285731171146e-05 1.700230532146409984e-31 1.443260503915185206e-31 5.918684852642343459e-04 0.000000000000000000e+00
9.993447753318784876e-01 6.335618285731171146e-05 1.700230532146409984e-31 1.443260503915185206e-31 5.918684852642343459e-04 0.000000000000000000e+00
9.993447753318784876e-01 6.335618285731171146e-05 1.700230532146409984e-31 1.443260503915185206e-31 5.918684852642343459e-04 0.000000000000000000e+00
9.993447753318784876e-01 6.335618285731171146e-05 1.700230532146409984e-31 1.443260503915185206e-31 5.918684852642343459e-04 0.000000000000000000e+00
9.993447753318784876e-01 6.335618285731171146e-05 1.700230532146409984e-31 1.443260503915185206e-31 5.918684852642343459e-04 0.000000000000000000e+00
9.993447753318784876e-01 6.335618285731171146e-05 1.700230532146409984e-31 1.443260503915185206e-31 5.918684852642343459e-04 0.000000000000000000e+00
9.993447753318784876e-01 6.335618285731171146e-05 1.700230532146409984e-31 1.443260503915185206e-31 5.918684852642343459e-04 0.000000000000000000e+00
9.993447753318784876e-01 6.335618285731171146e-05 1.700230532146409984e-31 1.443260503915185206e-31 5.918684852642343459e-04 0.000000000000000000e+00
9.993447753318784876e-01 6.335618285731171146e-05 1.700230532146409984e-31 1.443260503915185206e-31 5.918684852642343459e-04 0.000000000000000000e+00
9.993447753318784876e-01 6.335618285731171146e-05 1.700230532146409984e-31 1.443260503915185206e-31 5.918684852642343459e-04 0.000000000000000000e+00
9.993447753318784876e-01 6.335618285731171146e-05 1.700230532146409984e-31 1.443260503915185206e-31 5.918684852642343459e-04 0.000000000000000000e+00
9.993447753318784876e-01 6.335618285731171146e-05 1.700230532146409984e-31 1.443260503915185206e-31 5.918684852642343459e-04 0.000000000000000000e+00
9.993447753318784876e-01 6.335618285731171146e-05 1.700230532146409984e-31 1.443260503915185206e-31 5.918684852642343459e-04 0.000000000000000000e+00
9.993447753318784876e-01 6.335618285731171146e-05 1.700230532146409984e-31 1.443260503915185206e-31 5.918684852642343459e-04 0.000000000000000000e+00
9.993447753318784876e-01 6.335618285731171146e-05 1.700230532146409984e-31 1.443260503915185206e-31 5.918684852642343459e-04 0.000000000000000000e+00
9.993447753318784876e-01 6.335618285731171146e-05 1.700230532146409984e-31 1.443260503915185206e-31 5.918684852642343459e-04 0.000000000000000000e+00
9.993447753318784876e-01 6.335618285731171146e-05 1.700230532146409984e-31 1.443260503915185206e-31 5.918684852642343459e-04 0.000000000000000000e+00
9.993447753318784876e-01 6.335618285731171146e-05 1.700230532146409984e-31 1.443260503915185206e-31 5.918684852642343459e-04 0.000000000000000000e+00
9.993447753318784876e-01 6.335618285731171146e-05 1.700230532146409984e-31 1.443260503915185206e-31 5.918684852642343459e-04 0.000000000000000000e+00
9.993447753318784876e-01 6.335618285731171146e-05 1.700230532146409984e-31 1.443260503915185206e-31 5.918684852642343459e-04 0.000000000000000000e+00
9.993447753318784876e-01 6.335618285731171146e-05 1.700230532146409984e-31 1.443260503915185206e-31 5.918684852642343459e-04 0.000000000000000000e+00
9.993447753318784876e-01 6.335618285731171146e-05 1.700230532146409984e-31 1.443260503915185206e-31 5.918684852642343459e-04 0.000000000000000000e+00
9.993447753318784876e-01 6.335618285731171146e-05 1.700230532146409984e-31 1.443260503915185206e-31 5.918684852642343459e-04 0.000000000000000000e+00
9.993447753318784876e-01 6.335618285731171146e-05 1.700230532146409984e-31 1.443260503915185206e-31 5.918684852642343459e-04 0.000000000000000000e+00
9.993447753318784876e-01 6.335618285731171146e-05 1.700230532146409984e-31 1.443260503915185206e-31 5.918684852642343459e-04 0.000000000000000000e+00
9.993447753318784876e-01 6.335618285731171146e-05 1.700230532146409984e-31 1.443260503915185206e-31 5.918684852642343459e-04 0.000000000000000000e+00
9.993447753318784876e-01 6.335618285731171146e-05 1.700230532146409984e-31 1.443260503915185206e-31 5.918684852642343459e-04 0.000000000000000000e+00
9.993447753318784876e-01 6.335618285731171146e-05 1.700230532146409984e-31 1.443260503915185206e-31 5.918684852642343459e-04 0.000000000000000000e+00
9.993447753318784876e-01 6.335618285731171146e-05 1.700230532146409984e-31 1.443260503915185206e-31 5.918684852642343459e-04 0.000000000000000000e+00
9.993447753318784876e-01 6.335618285731171146e-05 1.700230532146409984e-31 1.443260503915185206e-31 5.918684852642343459e-04 0.000000000000000000e+00
9.993447753318784876e-01 6.335618285731171146e-05 1.700230532146409984e-31 1.443260503915185206e-31 5.918684852642343459e-04 0.000000000000000000e+00
9.993447753318784876e-01 6.335618285731171146e-05 1.700230532146409984e-31 1.443260503915185206e-31 5.918684852642343459e-04 0.000000000000000000e+00
9.993447753318784876e-01 6.335618285731171146e-05 1.700230532146409984e-31 1.443260503915185206e-31 5.918684852642343459e-04 0.000000000000000000e+00
9.993447753318784876e-01 6.335618285731171146e-05 1.700230532146409984e-31 1.443260503915185206e-31 5.918684852642343459e-04 0.000000000000000000e+00
9.993447753318784876e-01 6.335618285731171146e-05 1.700230532146409984e-31 1.443260503915185206e-31 5.918684852642343459e-04 0.000000000000000000e+00
9.993447753318784876e-01 6.335618285731171146e-05 1.700230532146409984e-31 1.443260503915185206e-31 5.918684852642343459e-04 0.000000000000000000e+00
9.993447753318784876e-01 6.335618285731171146e-05 1.700230532146409984e-31 1.443260503915185206e-31 5.918684852642343459e-04 0.000000000000000000e+00
9.993447753318784876e-01 6.335618285731171146e-05 1.700230532146409984e-31 1.443260503915185206e-31 5.918684852642343459e-04 0.000000000000000000e+00
9.993447753318784876e-01 6.335618285731171146e-05 1.700230532146409984e-31 1.443260503915185206e-31 5.918684852642343459e-04 0.000000000000000000e+00
9.993447753318784876e-01 6.335618285731171146e-05 1.700230532146409984e-31 1.443260503915185206e-31 5.918684852642343459e-04 0.000000000000000000e+00
9.993447753318784876e-01 6.335618285731171146e-05 1.700230532146409984e-31 1.443260503915185206e-31 5.918684852642343459e-04 0.000000000000000000e+00
9.993447753318784876e-01 6.335618285731171146e-05 1.700230532146409984e-31 1.443260503915185206e-31 5.918684852642343459e-04 0.000000000000000000e+00
9.993447753318784876e-01 6.335618285731171146e-05 1.700230532146409984e-31 1.443260503915185206e-31 5.918684852642343459e-04 0.000000000000000000e+00
9.993447753318784876e-01 6.335618285731171146e-05 1.700230532146409984e-31 1.443260503915185206e-31 5.918684852642343459e-04 0.000000000000000000e+00
9.993447753318784876e-01 6.335618285731171146e-05 1.700230532146409984e-31 1.443260503915185206e-31 5.918684852642343459e-04 0.000000000000000000e+00
9.993447753318784876e-01 6.335618285731171146e-05 1.700230532146409984e-31 1.443260503915185206e-31 5.918684852642343459e-04 0.000000000000000000e+00
9.993447753318784876e-01 6.335618285731171146e-05 1.700230532146409984e-31 1.443260503915185206e-31 5.918684852642343459e-04 0.000000000000000000e+00
9.993447753318784876e-01 6.335618285731171146e-05 1.700230532146409984e-31 1.443260503915185206e-31 5.918684852642343459e-04 0.000000000000000000e+00
9.993447753318784876e-01 6.335618285731171146e-05 1.700230532146409984e-31 1.443260503915185206e-31 5.918684852642343459e-04 0.000000000000000000e+00
9.993447753318784876e-01 6.335618285731171146e-05 1.700230532146409984e-31 1.443260503915185206e-31 5.918684852642343459e-04 0.000000000000000000e+00
9.993447753318784876e-01 6.335618285731171146e-05 1.700230532146409984e-31 1.443260503915185206e-31 5.918684852642343459e-04 0.000000000000000000e+00
9.993447753318784876e-01 6.335618285731171146e-05 1.700230532146409984e-31 1.443260503915185206e-31 5.918684852642343459e-04 0.000000000000000000e+00
9.993447753318784876e-01 6.335618285731171146e-05 1.700230532146409984e-31 1.443260503915185206e-31 5.918684852642343459e-04 0.000000000000000000e+00
9.993447753318784876e-01 6.335618285731171146e-05 1.700230532146409984e-31 1.443260503915185206e-31 5.918684852642343459e-04 0.000000000000000000e+00
9.993447753318784876e-01 6.335618285731171146e-05 1.700230532146409984e-31 1.443260503915185206e-31 5.918684852642343459e-04 0.000000000000000000e+00
9.993447753318784876e-01 6.335618285731171146e-05 1.700230532146409984e-31 1.443260503915185206e-31 5.918684852642343459e-04 0.000000000000000000e+00
9.993447753318784876e-01 6.335618285731171146e-05 1.700230532146409984e-31 1.443260503915185206e-31 5.918684852642343459e-04 0.000000000000000000e+00
9.993447753318784876e-01 6.335618285731171146e-05 1.700230532146409984e-31 1.443260503915185206e-31 5.918684852642343459e-04 0.000000000000000000e+00
9.993447753318784876e-01 6.335618285731171146e-05 1.700230532146409984e-31 1.443260503915185206e-31 5.918684852642343459e-04 0.000000000000000000e+00
9.993447753318784876e-01 6.335618285731171146e-05 1.700230532146409984e-31 1.443260503915185206e-31 5.918684852642343459e-04 0.000000000000000000e+00
9.993447753318784876e-01 6.335618285731171146e-05 1.700230532146409984e-31 1.443260503915185206e-31 5.918684852642343459e-04 0.000000000000000000e+00
9.993447753318784876e-01 6.335618285731171146e-05 1.700230532146409984e-31 1.443260503915185206e-31 5.918684852642343459e-04 0.000000000000000000e+00
9.993447753318784876e-01 6.335618285731171146e-05 1.700230532146409984e-31 1.443260503915185206e-31 5.918684852642343459e-04 0.000000000000000000e+00
9.993447753318784876e-01 6.335618285731171146e-05 1.700230532146409984e-31 1.443260503915185206e-31 5.918684852642343459e-04 0.000000000000000000e+00
9.993447753318784876e-01 6.335618285731171146e-05 1.700230532146409984e-31 1.443260503915185206e-31 5.918684852642343459e-04 0.000000000000000000e+00
9.993447753318784876e-01 6.335618285731171146e-05 1.700230532146409984e-31 1.443260503915185206e-31 5.918684852642343459e-04 0.000000000000000000e+00
9.993447753318784876e-01 6.335618285731171146e-05 1.700230532146409984e-31 1.443260503915185206e-31 5.918684852642343459e-04 0.000000000000000000e+00
9.993447753318784876e-01 6.335618285731171146e-05 1.700230532146409984e-31 1.443260503915185206e-31 5.918684852642343459e-04 0.000000000000000000e+00
9.993447753318784876e-01 6.335618285731171146e-05 1.700230532146409984e-31 1.443260503915185206e-31 5.918684852642343459e-04 0.000000000000000000e+00
9.993447753318784876e-01 6.335618285731171146e-05 1.700230532146409984e-31 1.443260503915185206e-31 5.918684852642343459e-04 0.000000000000000000e+00
9.993447753318784876e-01 6.335618285731171146e-05 1.700230532146409984e-31 1.443260503915185206e-31 5.918684852642343459e-04 0.000000000000000000e+00
9.993447753318784876e-01 6.335618285731171146e-05 1.700230532146409984e-31 1.443260503915185206e-31 5.918684852642343459e-04 0.000000000000000000e+00
9.993447753318784876e-01 6.335618285731171146e-05 1.700230532146409984e-31 1.443260503915185206e-31 5.918684852642343459e-04 0.000000000000000000e+00
9.993447753318784876e-01 6.335618285731171146e-05 1.700230532146409984e-31 1.443260503915185206e-31 5.918684852642343459e-04 0.000000000000000000e+00
9.993447753318784876e-01 6.335618285731171146e-05 1.700230532146409984e-31 1.443260503915185206e-31 5.918684852642343459e-04 0.000000000000000000e+00
9.993447753318784876e-01 6.335618285731171146e-05 1.700230532146409984e-31 1.443260503915185206e-31 5.918684852642343459e-04 0.000000000000000000e+00
9.993447753318784876e-01 6.335618285731171146e-05 1.700230532146409984e-31 1.443260503915185206e-31 5.918684852642343459e-04 0.000000000000000000e+00
9.993447753318784876e-01 6.335618285731171146e-05 1.700230532146409984e-31 1.443260503915185206e-31 5.918684852642343459e-04 0.000000000000000000e+00
9.993447753318784876e-01 6.335618285731171146e-05 1.700230532146409984e-31 1.443260503915185206e-31 5.918684852642343459e-04 0.000000000000000000e+00
9.993447753318784876e-01 6.335618285731171146e-05 1.700230532146409984e-31 1.443260503915185206e-31 5.918684852642343459e-04 0.000000000000000000e+00
9.993447753318784876e-01 6.335618285731171146e-05 1.700230532146409984e-31 1.443260503915185206e-31 5.918684852642343459e-04 0.000000000000000000e+00
9.993447753318784876e-01 6.335618285731171146e-05 1.700230532146409984e-31 1.443260503915185206e-31 5.918684852642343459e-04 0.000000000000000000e+00
9.993447753318784876e-01 6.335618285731171146e-05 1.700230532146409984e-31 1.443260503915185206e-31 5.918684852642343459e-04 0.000000000000000000e+00
9.993447753318784876e-01 6.335618285731171146e-05 1.700230532146409984e-31 1.443260503915185206e-31 5.918684852642343459e-04 0.000000000000000000e+00
9.993447753318784876e-01 6.335618285731171146e-05 1.700230532146409984e-31 1.443260503915185206e-31 5.918684852642343459e-04 0.000000000000000000e+00
9.993447753318784876e-01 6.335618285731171146e-05 1.700230532146409984e-31 1.443260503915185206e-31 5.918684852642343459e-04 0.000000000000000000e+00
9.993447753318784876e-01 6.335618285731171146e-05 1.700230532146409984e-31 1.443260503915185206e-31 5.918684852642343459e-04 0.000000000000000000e+00
9.993447753318784876e-01 6.335618285731171146e-05 1.700230532146409984e-31 1.443260503915185206e-31 5.918684852642343459e-04 0.000000000000000000e+00
9.993447753318784876e-01 6.335618285731171146e-05 1.700230532146409984e-31 1.443260503915185206e-31 5.918684852642343459e-04 0.000000000000000000e+00
9.993447753318784876e-01 6.335618285731171146e-05 1.700230532146409984e-31 1.443260503915185206e-31 5.918684852642343459e-04 0.000000000000000000e+00
9.993447753318784876e-01 6.335618285731171146e-05 1.700230532146409984e-31 1.443260503915185206e-31 5.918684852642343459e-04 0.000000000000000000e+00
9.993447753318784876e-01 6.335618285731171146e-05 1.700230532146409984e-31 1.443260503915185206e-31 5.918684852642343459e-04 0.000000000000000000e+00
9.993447753318784876e-01 6.335618285731171146e-05 1.700230532146409984e-31 1.443260503915185206e-31 5.918684852642343459e-04 0.000000000000000000e+00
9.993447753318784876e-01 6.335618285731171146e-05 1.700230532146409984e-31 1.443260503915185206e-31 5.918684852642343459e-04 0.000000000000000000e+00
9.993447753318784876e-01 6.335618285731171146e-05 1.700230532146409984e-31 1.443260503915185206e-31 5.918684852642343459e-04 0.000000000000000000e+00
9.993447753318784876e-01 6.335618285731171146e-05 1.700230532146409984e-31 1.443260503915185206e-31 5.918684852642343459e-04 0.000000000000000000e+00
9.993447753318784876e-01 6.335618285731171146e-05 1.700230532146409984e-31 1.443260503915185206e-31 5.918684852642343459e-04 0.000000000000000000e+00
9.993447753318784876e-01 6.335618285731171146e-05 1.700230532146409984e-31 1.443260503915185206e-31 5.918684852642343459e-04 0.000000000000000000e+00
9.993447753318784876e-01 6.335618285731171146e-05 1.700230532146409984e-31 1.443260503915185206e-31 5.918684852642343459e-04 0.000000000000000000e+00
9.993447753318784876e-01 6.335618285731171146e-05 1.700230532146409984e-31 1.443260503915185206e-31 5.918684852642343459e-04 0.000000000000000000e+00
9.993447753318784876e-01 6.335618285731171146e-05 1.700230532146409984e-31 1.443260503915185206e-31 5.918684852642343459e-04 0.000000000000000000e+00
9.993447753318784876e-01 6.335618285731171146e-05 1.700230532146409984e-31 1.443260503915185206e-31 5.918684852642343459e-04 0.000000000000000000e+00
9.993447753318784876e-01 6.335618285731171146e-05 1.700230532146409984e-31 1.443260503915185206e-31 5.918684852642343459e-04 0.000000000000000000e+00
9.993447753318784876e-01 6.335618285731171146e-05 1.700230532146409984e-31 1.443260503915185206e-31 5.918684852642343459e-04 0.000000000000000000e+00
9.993447753318784876e-01 6.335618285731171146e-05 1.700230532146409984e-31 1.443260503915185206e-31 5.918684852642343459e-04 0.000000000000000000e+00
9.993447753318784876e-01 6.335618285731171146e-05 1.700230532146409984e-31 1.443260503915185206e-31 5.918684852642343459e-04 0.000000000000000000e+00
9.993447753318784876e-01 6.335618285731171146e-05 1.700230532146409984e-31 1.443260503915185206e-31 5.918684852642343459e-04 0.000000000000000000e+00
9.993447753318784876e-01 6.335618285731171146e-05 1.700230532146409984e-31 1.443260503915185206e-31 5.918684852642343459e-04 0.000000000000000000e+00
9.993447753318784876e-01 6.335618285731171146e-05 1.700230532146409984e-31 1.443260503915185206e-31 5.918684852642343459e-04 0.000000000000000000e+00
9.993447753318784876e-01 6.335618285731171146e-05 1.700230532146409984e-31 1.443260503915185206e-31 5.918684852642343459e-04 0.000000000000000000e+00
9.993447753318784876e-01 6.335618285731171146e-05 1.700230532146409984e-31 1.443260503915185206e-31 5.918684852642343459e-04 0.000000000000000000e+00
9.993447753318784876e-01 6.335618285731171146e-05 1.700230532146409984e-31 1.443260503915185206e-31 5.918684852642343459e-04 0.000000000000000000e+00
9.993447753318784876e-01 6.335618285731171146e-05 1.700230532146409984e-31 1.443260503915185206e-31 5.918684852642343459e-04 0.000000000000000000e+00
9.993447753318784876e-01 6.335618285731171146e-05 1.700230532146409984e-31 1.443260503915185206e-31 5.918684852642343459e-04 0.000000000000000000e+00
9.993447753318784876e-01 6.335618285731171146e-05 1.700230532146409984e-31 1.443260503915185206e-31 5.918684852642343459e-04 0.000000000000000000e+00
9.993447753318784876e-01 6.335618285731171146e-05 1.700230532146409984e-31 1.443260503915185206e-31 5.918684852642343459e-04 0.000000000000000000e+00
9.993447753318784876e-01 6.335618285731171146e-05 1.700230532146409984e-31 1.443260503915185206e-31 5.918684852642343459e-04 0.000000000000000000e+00
9.993447753318784876e-01 6.335618285731171146e-05 1.700230532146409984e-31 1.443260503915185206e-31 5.918684852642343459e-04 0.000000000000000000e+00
9.993447753318784876e-01 6.335618285731171146e-05 1.700230532146409984e-31 1.443260503915185206e-31 5.918684852642343459e-04 0.000000000000000000e+00
9.993447753318784876e-01 6.335618285731171146e-05 1.700230532146409984e-31 1.443260503915185206e-31 5.918684852642343459e-04 0.000000000000000000e+00
9.993447753318784876e-01 6.335618285731171146e-05 1.700230532146409984e-31 1.443260503915185206e-31 5.918684852642343459e-04 0.000000000000000000e+00
9.993447753318784876e-01 6.335618285731171146e-05 1.700230532146409984e-31 1.443260503915185206e-31 5.918684852642343459e-04 0.000000000000000000e+00
9.993447753318784876e-01 6.335618285731171146e-05 1.700230532146409984e-31 1.443260503915185206e-31 5.918684852642343459e-04 0.000000000000000000e+00
9.993447753318784876e-01 6.335618285731171146e-05 1.700230532146409984e-31 1.443260503915185206e-31 5.918684852642343459e-04 0.000000000000000000e+00
9.993447753318784876e-01 6.335618285731171146e-05 1.700230532146409984e-31 1.443260503915185206e-31 5.918684852642343459e-04 0.000000000000000000e+00
9.993447753318784876e-01 6.335618285731171146e-05 1.700230532146409984e-31 1.443260503915185206e-31 5.918684852642343459e-04 0.000000000000000000e+00
9.993447753318784876e-01 6.335618285731171146e-05 1.700230532146409984e-31 1.443260503915185206e-31 5.918684852642343459e-04 0.000000000000000000e+00
9.993447753318784876e-01 6.335618285731171146e-05 1.700230532146409984e-31 1.443260503915185206e-31 5.918684852642343459e-04 0.000000000000000000e+00
9.993447753318784876e-01 6.335618285731171146e-05 1.700230532146409984e-31 1.443260503915185206e-31 5.918684852642343459e-04 0.000000000000000000e+00
9.993447753318784876e-01 6.335618285731171146e-05 1.700230532146409984e-31 1.443260503915185206e-31 5.918684852642343459e-04 0.000000000000000000e+00
9.993447753318784876e-01 6.335618285731171146e-05 1.700230532146409984e-31 1.443260503915185206e-31 5.918684852642343459e-04 0.000000000000000000e+00
9.993447753318784876e-01 6.335618285731171146e-05 1.700230532146409984e-31 1.443260503915185206e-31 5.918684852642343459e-04 0.000000000000000000e+00
9.993447753318784876e-01 6.335618285731171146e-05 1.700230532146409984e-31 1.443260503915185206e-31 5.918684852642343459e-04 0.000000000000000000e+00
9.993447753318784876e-01 6.335618285731171146e-05 1.700230532146409984e-31 1.443260503915185206e-31 5.918684852642343459e-04 0.000000000000000000e+00
9.993447753318784876e-01 6.335618285731171146e-05 1.700230532146409984e-31 1.443260503915185206e-31 5.918684852642343459e-04 0.000000000000000000e+00
9.993447753318784876e-01 6.335618285731171146e-05 1.700230532146409984e-31 1.443260503915185206e-31 5.918684852642343459e-04 0.000000000000000000e+00
9.993447753318784876e-01 6.335618285731171146e-05 1.700230532146409984e-31 1.443260503915185206e-31 5.918684852642343459e-04 0.000000000000000000e+00
9.993447753318784876e-01 6.335618285731171146e-05 1.700230532146409984e-31 1.443260503915185206e-31 5.918684852642343459e-04 0.000000000000000000e+00
9.993447753318784876e-01 6.335618285731171146e-05 1.700230532146409984e-31 1.443260503915185206e-31 5.918684852642343459e-04 0.000000000000000000e+00
9.993447753318784876e-01 6.335618285731171146e-05 1.700230532146409984e-31 1.443260503915185206e-31 5.918684852642343459e-04 0.000000000000000000e+00
9.993447753318784876e-01 6.335618285731171146e-05 1.700230532146409984e-31 1.443260503915185206e-31 5.918684852642343459e-04 0.000000000000000000e+00
9.993447753318784876e-01 6.335618285731171146e-05 1.700230532146409984e-31 1.443260503915185206e-31 5.918684852642343459e-04 0.000000000000000000e+00
9.993447753318784876e-01 6.335618285731171146e-05 1.700230532146409984e-31 1.443260503915185206e-31 5.918684852642343459e-04 0.000000000000000000e+00
9.993447753318784876e-01 6.335618285731171146e-05 1.700230532146409984e-31 1.443260503915185206e-31 5.918684852642343459e-04 0.000000000000000000e+00
9.993447753318784876e-01 6.335618285731171146e-05 1.700230532146409984e-31 1.443260503915185206e-31 5.918684852642343459e-04 0.000000000000000000e+00
9.993447753318784876e-01 6.335618285731171146e-05 1.700230532146409984e-31 1.443260503915185206e-31 5.918684852642343459e-04 0.000000000000000000e+00
9.993447753318784876e-01 6.335618285731171146e-05 1.700230532146409984e-31 1.443260503915185206e-31 5.918684852642343459e-04 0.000000000000000000e+00
9.993447753318784876e-01 6.335618285731171146e-05 1.700230532146409984e-31 1.443260503915185206e-31 5.918684852642343459e-04 0.000000000000000000e+00
9.993447753318784876e-01 6.335618285731171146e-05 1.700230532146409984e-31 1.443260503915185206e-31 5.918684852642343459e-04 0.000000000000000000e+00
9.993447753318784876e-01 6.335618285731171146e-05 1.700230532146409984e-31 1.443260503915185206e-31 5.918684852642343459e-04 0.000000000000000000e+00
9.993447753318784876e-01 6.335618285731171146e-05 1.700230532146409984e-31 1.443260503915185206e-31 5.918684852642343459e-04 0.000000000000000000e+00
9.993447753318784876e-01 6.335618285731171146e-05 1.700230532146409984e-31 1.443260503915185206e-31 5.918684852642343459e-04 0.000000000000000000e+00
9.993447753318784876e-01 6.335618285731171146e-05 1.700230532146409984e-31 1.443260503915185206e-31 5.918684852642343459e-04 0.000000000000000000e+00
9.993447753318784876e-01 6.335618285731171146e-05 1.700230532146409984e-31 1.443260503915185206e-31 5.918684852642343459e-04 0.000000000000000000e+00
9.993447753318784876e-01 6.335618285731171146e-05 1.700230532146409984e-31 1.443260503915185206e-31 5.918684852642343459e-04 0.000000000000000000e+00
9.993447753318784876e-01 6.335618285731171146e-05 1.700230532146409984e-31 1.443260503915185206e-31 5.918684852642343459e-04 0.000000000000000000e+00
9.993447753318784876e-01 6.335618285731171146e-05 1.700230532146409984e-31 1.443260503915185206e-31 5.918684852642343459e-04 0.000000000000000000e+00
9.993447753318784876e-01 6.335618285731171146e-05 1.700230532146409984e-31 1.443260503915185206e-31 5.918684852642343459e-04 0.000000000000000000e+00
9.993447753318784876e-01 6.335618285731171146e-05 1.700230532146409984e-31 1.443260503915185206e-31 5.918684852642343459e-04 0.000000000000000000e+00
9.993447753318784876e-01 6.335618285731171146e-05 1.700230532146409984e-31 1.443260503915185206e-31 5.918684852642343459e-04 0.000000000000000000e+00
9.993447753318784876e-01 6.335618285731171146e-05 1.700230532146409984e-31 1.443260503915185206e-31 5.918684852642343459e-04 0.000000000000000000e+00
9.993447753318784876e-01 6.335618285731171146e-05 1.700230532146409984e-31 1.443260503915185206e-31 5.918684852642343459e-04 0.000000000000000000e+00
9.993447753318784876e-01 6.335618285731171146e-05 1.700230532146409984e-31 1.443260503915185206e-31 5.918684852642343459e-04 0.000000000000000000e+00
9.993447753318784876e-01 6.335618285731171146e-05 1.700230532146409984e-31 1.443260503915185206e-31 5.918684852642343459e-04 0.000000000000000000e+00
9.993447753318784876e-01 6.335618285731171146e-05 1.700230532146409984e-31 1.443260503915185206e-31 5.918684852642343459e-04 0.000000000000000000e+00
9.993447753318784876e-01 6.335618285731171146e-05 1.700230532146409984e-31 1.443260503915185206e-31 5.918684852642343459e-04 0.000000000000000000e+00
9.993447753318784876e-01 6.335618285731171146e-05 1.700230532146409984e-31 1.443260503915185206e-31 5.918684852642343459e-04 0.000000000000000000e+00
9.993447753318784876e-01 6.335618285731171146e-05 1.700230532146409984e-31 1.443260503915185206e-31 5.918684852642343459e-04 0.000000000000000000e+00
9.993447753318784876e-01 6.335618285731171146e-05 1.700230532146409984e-31 1.443260503915185206e-31 5.918684852642343459e-04 0.000000000000000000e+00
9.993447753318784876e-01 6.335618285731171146e-05 1.700230532146409984e-31 1.443260503915185206e-31 5.918684852642343459e-04 0.000000000000000000e+00
9.993447753318784876e-01 6.335618285731171146e-05 1.700230532146409984e-31 1.443260503915185206e-31 5.918684852642343459e-04 0.000000000000000000e+00
9.993447753318784876e-01 6.335618285731171146e-05 1.700230532146409984e-31 1.443260503915185206e-31 5.918684852642343459e-04 0.000000000000000000e+00
